TABLE NO.  2
 ID          ALPH        BETA        ETA1        ETA2
  1.0000E+00  6.3787E-01  6.4228E-02 -1.0757E-01 -1.5244E-01
  1.0000E+00  6.3787E-01  6.4228E-02 -1.0757E-01 -1.5244E-01
  1.0000E+00  6.3787E-01  6.4228E-02 -1.0757E-01 -1.5244E-01
  1.0000E+00  6.3787E-01  6.4228E-02 -1.0757E-01 -1.5244E-01
  1.0000E+00  6.3787E-01  6.4228E-02 -1.0757E-01 -1.5244E-01
  1.0000E+00  6.3787E-01  6.4228E-02 -1.0757E-01 -1.5244E-01
  1.0000E+00  6.3787E-01  6.4228E-02 -1.0757E-01 -1.5244E-01
  1.0000E+00  6.3787E-01  6.4228E-02 -1.0757E-01 -1.5244E-01
  2.0000E+00  8.6067E-01  9.2953E-02  1.9201E-01  2.1721E-01
  2.0000E+00  8.6067E-01  9.2953E-02  1.9201E-01  2.1721E-01
  2.0000E+00  8.6067E-01  9.2953E-02  1.9201E-01  2.1721E-01
  2.0000E+00  8.6067E-01  9.2953E-02  1.9201E-01  2.1721E-01
  2.0000E+00  8.6067E-01  9.2953E-02  1.9201E-01  2.1721E-01
  2.0000E+00  8.6067E-01  9.2953E-02  1.9201E-01  2.1721E-01
  2.0000E+00  8.6067E-01  9.2953E-02  1.9201E-01  2.1721E-01
  2.0000E+00  8.6067E-01  9.2953E-02  1.9201E-01  2.1721E-01
  3.0000E+00  1.0023E+00  1.2127E-01  3.4432E-01  4.8316E-01
  3.0000E+00  1.0023E+00  1.2127E-01  3.4432E-01  4.8316E-01
  3.0000E+00  1.0023E+00  1.2127E-01  3.4432E-01  4.8316E-01
  3.0000E+00  1.0023E+00  1.2127E-01  3.4432E-01  4.8316E-01
  3.0000E+00  1.0023E+00  1.2127E-01  3.4432E-01  4.8316E-01
  3.0000E+00  1.0023E+00  1.2127E-01  3.4432E-01  4.8316E-01
  3.0000E+00  1.0023E+00  1.2127E-01  3.4432E-01  4.8316E-01
  3.0000E+00  1.0023E+00  1.2127E-01  3.4432E-01  4.8316E-01
  4.0000E+00  7.6240E-01  8.1738E-02  7.0766E-02  8.8634E-02
  4.0000E+00  7.6240E-01  8.1738E-02  7.0766E-02  8.8634E-02
  4.0000E+00  7.6240E-01  8.1738E-02  7.0766E-02  8.8634E-02
  4.0000E+00  7.6240E-01  8.1738E-02  7.0766E-02  8.8634E-02
  4.0000E+00  7.6240E-01  8.1738E-02  7.0766E-02  8.8634E-02
  4.0000E+00  7.6240E-01  8.1738E-02  7.0766E-02  8.8634E-02
  4.0000E+00  7.6240E-01  8.1738E-02  7.0766E-02  8.8634E-02
  4.0000E+00  7.6240E-01  8.1738E-02  7.0766E-02  8.8634E-02
  5.0000E+00  6.7551E-01  7.3393E-02 -5.0236E-02 -1.9054E-02
  5.0000E+00  6.7551E-01  7.3393E-02 -5.0236E-02 -1.9054E-02
  5.0000E+00  6.7551E-01  7.3393E-02 -5.0236E-02 -1.9054E-02
  5.0000E+00  6.7551E-01  7.3393E-02 -5.0236E-02 -1.9054E-02
  5.0000E+00  6.7551E-01  7.3393E-02 -5.0236E-02 -1.9054E-02
  5.0000E+00  6.7551E-01  7.3393E-02 -5.0236E-02 -1.9054E-02
  5.0000E+00  6.7551E-01  7.3393E-02 -5.0236E-02 -1.9054E-02
  5.0000E+00  6.7551E-01  7.3393E-02 -5.0236E-02 -1.9054E-02
  6.0000E+00  4.1190E-01  3.5722E-02 -5.4492E-01 -7.3910E-01
  6.0000E+00  4.1190E-01  3.5722E-02 -5.4492E-01 -7.3910E-01
  6.0000E+00  4.1190E-01  3.5722E-02 -5.4492E-01 -7.3910E-01
  6.0000E+00  4.1190E-01  3.5722E-02 -5.4492E-01 -7.3910E-01
  6.0000E+00  4.1190E-01  3.5722E-02 -5.4492E-01 -7.3910E-01
  6.0000E+00  4.1190E-01  3.5722E-02 -5.4492E-01 -7.3910E-01
  6.0000E+00  4.1190E-01  3.5722E-02 -5.4492E-01 -7.3910E-01
  6.0000E+00  4.1190E-01  3.5722E-02 -5.4492E-01 -7.3910E-01
  7.0000E+00  5.9711E-01  5.9032E-02 -1.7361E-01 -2.3680E-01
  7.0000E+00  5.9711E-01  5.9032E-02 -1.7361E-01 -2.3680E-01
  7.0000E+00  5.9711E-01  5.9032E-02 -1.7361E-01 -2.3680E-01
  7.0000E+00  5.9711E-01  5.9032E-02 -1.7361E-01 -2.3680E-01
  7.0000E+00  5.9711E-01  5.9032E-02 -1.7361E-01 -2.3680E-01
  7.0000E+00  5.9711E-01  5.9032E-02 -1.7361E-01 -2.3680E-01
  7.0000E+00  5.9711E-01  5.9032E-02 -1.7361E-01 -2.3680E-01
  7.0000E+00  5.9711E-01  5.9032E-02 -1.7361E-01 -2.3680E-01
  8.0000E+00  7.6778E-01  8.3371E-02  7.7803E-02  1.0843E-01
  8.0000E+00  7.6778E-01  8.3371E-02  7.7803E-02  1.0843E-01
  8.0000E+00  7.6778E-01  8.3371E-02  7.7803E-02  1.0843E-01
  8.0000E+00  7.6778E-01  8.3371E-02  7.7803E-02  1.0843E-01
  8.0000E+00  7.6778E-01  8.3371E-02  7.7803E-02  1.0843E-01
  8.0000E+00  7.6778E-01  8.3371E-02  7.7803E-02  1.0843E-01
  8.0000E+00  7.6778E-01  8.3371E-02  7.7803E-02  1.0843E-01
  8.0000E+00  7.6778E-01  8.3371E-02  7.7803E-02  1.0843E-01
  9.0000E+00  8.1755E-01  9.0843E-02  1.4061E-01  1.9425E-01
  9.0000E+00  8.1755E-01  9.0843E-02  1.4061E-01  1.9425E-01
  9.0000E+00  8.1755E-01  9.0843E-02  1.4061E-01  1.9425E-01
  9.0000E+00  8.1755E-01  9.0843E-02  1.4061E-01  1.9425E-01
  9.0000E+00  8.1755E-01  9.0843E-02  1.4061E-01  1.9425E-01
  9.0000E+00  8.1755E-01  9.0843E-02  1.4061E-01  1.9425E-01
  9.0000E+00  8.1755E-01  9.0843E-02  1.4061E-01  1.9425E-01
  9.0000E+00  8.1755E-01  9.0843E-02  1.4061E-01  1.9425E-01
  1.0000E+01  4.8343E-01  4.4339E-02 -3.8480E-01 -5.2301E-01
  1.0000E+01  4.8343E-01  4.4339E-02 -3.8480E-01 -5.2301E-01
  1.0000E+01  4.8343E-01  4.4339E-02 -3.8480E-01 -5.2301E-01
  1.0000E+01  4.8343E-01  4.4339E-02 -3.8480E-01 -5.2301E-01
  1.0000E+01  4.8343E-01  4.4339E-02 -3.8480E-01 -5.2301E-01
  1.0000E+01  4.8343E-01  4.4339E-02 -3.8480E-01 -5.2301E-01
  1.0000E+01  4.8343E-01  4.4339E-02 -3.8480E-01 -5.2301E-01
  1.0000E+01  4.8343E-01  4.4339E-02 -3.8480E-01 -5.2301E-01
  1.1000E+01  6.7157E-01  6.9011E-02 -5.6085E-02 -8.0607E-02
  1.1000E+01  6.7157E-01  6.9011E-02 -5.6085E-02 -8.0607E-02
  1.1000E+01  6.7157E-01  6.9011E-02 -5.6085E-02 -8.0607E-02
  1.1000E+01  6.7157E-01  6.9011E-02 -5.6085E-02 -8.0607E-02
  1.1000E+01  6.7157E-01  6.9011E-02 -5.6085E-02 -8.0607E-02
  1.1000E+01  6.7157E-01  6.9011E-02 -5.6085E-02 -8.0607E-02
  1.1000E+01  6.7157E-01  6.9011E-02 -5.6085E-02 -8.0607E-02
  1.1000E+01  6.7157E-01  6.9011E-02 -5.6085E-02 -8.0607E-02
  1.2000E+01  4.5349E-01  4.0145E-02 -4.4873E-01 -6.2238E-01
  1.2000E+01  4.5349E-01  4.0145E-02 -4.4873E-01 -6.2238E-01
  1.2000E+01  4.5349E-01  4.0145E-02 -4.4873E-01 -6.2238E-01
  1.2000E+01  4.5349E-01  4.0145E-02 -4.4873E-01 -6.2238E-01
  1.2000E+01  4.5349E-01  4.0145E-02 -4.4873E-01 -6.2238E-01
  1.2000E+01  4.5349E-01  4.0145E-02 -4.4873E-01 -6.2238E-01
  1.2000E+01  4.5349E-01  4.0145E-02 -4.4873E-01 -6.2238E-01
  1.2000E+01  4.5349E-01  4.0145E-02 -4.4873E-01 -6.2238E-01
  1.3000E+01  6.5168E-01  6.2049E-02 -8.6150E-02 -1.8696E-01
  1.3000E+01  6.5168E-01  6.2049E-02 -8.6150E-02 -1.8696E-01
  1.3000E+01  6.5168E-01  6.2049E-02 -8.6150E-02 -1.8696E-01
  1.3000E+01  6.5168E-01  6.2049E-02 -8.6150E-02 -1.8696E-01
  1.3000E+01  6.5168E-01  6.2049E-02 -8.6150E-02 -1.8696E-01
  1.3000E+01  6.5168E-01  6.2049E-02 -8.6150E-02 -1.8696E-01
  1.3000E+01  6.5168E-01  6.2049E-02 -8.6150E-02 -1.8696E-01
  1.3000E+01  6.5168E-01  6.2049E-02 -8.6150E-02 -1.8696E-01
  1.4000E+01  8.6817E-01  1.0338E-01  2.0069E-01  3.2351E-01
  1.4000E+01  8.6817E-01  1.0338E-01  2.0069E-01  3.2351E-01
  1.4000E+01  8.6817E-01  1.0338E-01  2.0069E-01  3.2351E-01
  1.4000E+01  8.6817E-01  1.0338E-01  2.0069E-01  3.2351E-01
  1.4000E+01  8.6817E-01  1.0338E-01  2.0069E-01  3.2351E-01
  1.4000E+01  8.6817E-01  1.0338E-01  2.0069E-01  3.2351E-01
  1.4000E+01  8.6817E-01  1.0338E-01  2.0069E-01  3.2351E-01
  1.4000E+01  8.6817E-01  1.0338E-01  2.0069E-01  3.2351E-01
  1.5000E+01  7.5356E-01  7.8841E-02  5.9110E-02  5.2560E-02
  1.5000E+01  7.5356E-01  7.8841E-02  5.9110E-02  5.2560E-02
  1.5000E+01  7.5356E-01  7.8841E-02  5.9110E-02  5.2560E-02
  1.5000E+01  7.5356E-01  7.8841E-02  5.9110E-02  5.2560E-02
  1.5000E+01  7.5356E-01  7.8841E-02  5.9110E-02  5.2560E-02
  1.5000E+01  7.5356E-01  7.8841E-02  5.9110E-02  5.2560E-02
  1.5000E+01  7.5356E-01  7.8841E-02  5.9110E-02  5.2560E-02
  1.5000E+01  7.5356E-01  7.8841E-02  5.9110E-02  5.2560E-02
  1.6000E+01  7.6390E-01  8.4784E-02  7.2735E-02  1.2522E-01
  1.6000E+01  7.6390E-01  8.4784E-02  7.2735E-02  1.2522E-01
  1.6000E+01  7.6390E-01  8.4784E-02  7.2735E-02  1.2522E-01
  1.6000E+01  7.6390E-01  8.4784E-02  7.2735E-02  1.2522E-01
  1.6000E+01  7.6390E-01  8.4784E-02  7.2735E-02  1.2522E-01
  1.6000E+01  7.6390E-01  8.4784E-02  7.2735E-02  1.2522E-01
  1.6000E+01  7.6390E-01  8.4784E-02  7.2735E-02  1.2522E-01
  1.6000E+01  7.6390E-01  8.4784E-02  7.2735E-02  1.2522E-01
  1.7000E+01  8.3981E-01  9.0922E-02  1.6747E-01  1.9513E-01
  1.7000E+01  8.3981E-01  9.0922E-02  1.6747E-01  1.9513E-01
  1.7000E+01  8.3981E-01  9.0922E-02  1.6747E-01  1.9513E-01
  1.7000E+01  8.3981E-01  9.0922E-02  1.6747E-01  1.9513E-01
  1.7000E+01  8.3981E-01  9.0922E-02  1.6747E-01  1.9513E-01
  1.7000E+01  8.3981E-01  9.0922E-02  1.6747E-01  1.9513E-01
  1.7000E+01  8.3981E-01  9.0922E-02  1.6747E-01  1.9513E-01
  1.7000E+01  8.3981E-01  9.0922E-02  1.6747E-01  1.9513E-01
  1.8000E+01  9.6740E-01  1.1193E-01  3.0891E-01  4.0295E-01
  1.8000E+01  9.6740E-01  1.1193E-01  3.0891E-01  4.0295E-01
  1.8000E+01  9.6740E-01  1.1193E-01  3.0891E-01  4.0295E-01
  1.8000E+01  9.6740E-01  1.1193E-01  3.0891E-01  4.0295E-01
  1.8000E+01  9.6740E-01  1.1193E-01  3.0891E-01  4.0295E-01
  1.8000E+01  9.6740E-01  1.1193E-01  3.0891E-01  4.0295E-01
  1.8000E+01  9.6740E-01  1.1193E-01  3.0891E-01  4.0295E-01
  1.8000E+01  9.6740E-01  1.1193E-01  3.0891E-01  4.0295E-01
  1.9000E+01  9.0354E-01  1.0983E-01  2.4062E-01  3.8406E-01
  1.9000E+01  9.0354E-01  1.0983E-01  2.4062E-01  3.8406E-01
  1.9000E+01  9.0354E-01  1.0983E-01  2.4062E-01  3.8406E-01
  1.9000E+01  9.0354E-01  1.0983E-01  2.4062E-01  3.8406E-01
  1.9000E+01  9.0354E-01  1.0983E-01  2.4062E-01  3.8406E-01
  1.9000E+01  9.0354E-01  1.0983E-01  2.4062E-01  3.8406E-01
  1.9000E+01  9.0354E-01  1.0983E-01  2.4062E-01  3.8406E-01
  1.9000E+01  9.0354E-01  1.0983E-01  2.4062E-01  3.8406E-01
  2.0000E+01  6.1511E-01  6.2732E-02 -1.4390E-01 -1.7601E-01
  2.0000E+01  6.1511E-01  6.2732E-02 -1.4390E-01 -1.7601E-01
  2.0000E+01  6.1511E-01  6.2732E-02 -1.4390E-01 -1.7601E-01
  2.0000E+01  6.1511E-01  6.2732E-02 -1.4390E-01 -1.7601E-01
  2.0000E+01  6.1511E-01  6.2732E-02 -1.4390E-01 -1.7601E-01
  2.0000E+01  6.1511E-01  6.2732E-02 -1.4390E-01 -1.7601E-01
  2.0000E+01  6.1511E-01  6.2732E-02 -1.4390E-01 -1.7601E-01
  2.0000E+01  6.1511E-01  6.2732E-02 -1.4390E-01 -1.7601E-01
  2.1000E+01  1.0481E+00  1.2805E-01  3.8904E-01  5.3751E-01
  2.1000E+01  1.0481E+00  1.2805E-01  3.8904E-01  5.3751E-01
  2.1000E+01  1.0481E+00  1.2805E-01  3.8904E-01  5.3751E-01
  2.1000E+01  1.0481E+00  1.2805E-01  3.8904E-01  5.3751E-01
  2.1000E+01  1.0481E+00  1.2805E-01  3.8904E-01  5.3751E-01
  2.1000E+01  1.0481E+00  1.2805E-01  3.8904E-01  5.3751E-01
  2.1000E+01  1.0481E+00  1.2805E-01  3.8904E-01  5.3751E-01
  2.1000E+01  1.0481E+00  1.2805E-01  3.8904E-01  5.3751E-01
  2.2000E+01  8.3957E-01  9.3156E-02  1.6719E-01  2.1940E-01
  2.2000E+01  8.3957E-01  9.3156E-02  1.6719E-01  2.1940E-01
  2.2000E+01  8.3957E-01  9.3156E-02  1.6719E-01  2.1940E-01
  2.2000E+01  8.3957E-01  9.3156E-02  1.6719E-01  2.1940E-01
  2.2000E+01  8.3957E-01  9.3156E-02  1.6719E-01  2.1940E-01
  2.2000E+01  8.3957E-01  9.3156E-02  1.6719E-01  2.1940E-01
  2.2000E+01  8.3957E-01  9.3156E-02  1.6719E-01  2.1940E-01
  2.2000E+01  8.3957E-01  9.3156E-02  1.6719E-01  2.1940E-01
  2.3000E+01  8.3974E-01  9.8768E-02  1.6740E-01  2.7789E-01
  2.3000E+01  8.3974E-01  9.8768E-02  1.6740E-01  2.7789E-01
  2.3000E+01  8.3974E-01  9.8768E-02  1.6740E-01  2.7789E-01
  2.3000E+01  8.3974E-01  9.8768E-02  1.6740E-01  2.7789E-01
  2.3000E+01  8.3974E-01  9.8768E-02  1.6740E-01  2.7789E-01
  2.3000E+01  8.3974E-01  9.8768E-02  1.6740E-01  2.7789E-01
  2.3000E+01  8.3974E-01  9.8768E-02  1.6740E-01  2.7789E-01
  2.3000E+01  8.3974E-01  9.8768E-02  1.6740E-01  2.7789E-01
  2.4000E+01  6.1037E-01  6.1092E-02 -1.5163E-01 -2.0249E-01
  2.4000E+01  6.1037E-01  6.1092E-02 -1.5163E-01 -2.0249E-01
  2.4000E+01  6.1037E-01  6.1092E-02 -1.5163E-01 -2.0249E-01
  2.4000E+01  6.1037E-01  6.1092E-02 -1.5163E-01 -2.0249E-01
  2.4000E+01  6.1037E-01  6.1092E-02 -1.5163E-01 -2.0249E-01
  2.4000E+01  6.1037E-01  6.1092E-02 -1.5163E-01 -2.0249E-01
  2.4000E+01  6.1037E-01  6.1092E-02 -1.5163E-01 -2.0249E-01
  2.4000E+01  6.1037E-01  6.1092E-02 -1.5163E-01 -2.0249E-01
  2.5000E+01  6.4458E-01  6.4822E-02 -9.7097E-02 -1.4324E-01
  2.5000E+01  6.4458E-01  6.4822E-02 -9.7097E-02 -1.4324E-01
  2.5000E+01  6.4458E-01  6.4822E-02 -9.7097E-02 -1.4324E-01
  2.5000E+01  6.4458E-01  6.4822E-02 -9.7097E-02 -1.4324E-01
  2.5000E+01  6.4458E-01  6.4822E-02 -9.7097E-02 -1.4324E-01
  2.5000E+01  6.4458E-01  6.4822E-02 -9.7097E-02 -1.4324E-01
  2.5000E+01  6.4458E-01  6.4822E-02 -9.7097E-02 -1.4324E-01
  2.5000E+01  6.4458E-01  6.4822E-02 -9.7097E-02 -1.4324E-01
  2.6000E+01  7.0665E-01  7.3769E-02 -5.1703E-03 -1.3937E-02
  2.6000E+01  7.0665E-01  7.3769E-02 -5.1703E-03 -1.3937E-02
  2.6000E+01  7.0665E-01  7.3769E-02 -5.1703E-03 -1.3937E-02
  2.6000E+01  7.0665E-01  7.3769E-02 -5.1703E-03 -1.3937E-02
  2.6000E+01  7.0665E-01  7.3769E-02 -5.1703E-03 -1.3937E-02
  2.6000E+01  7.0665E-01  7.3769E-02 -5.1703E-03 -1.3937E-02
  2.6000E+01  7.0665E-01  7.3769E-02 -5.1703E-03 -1.3937E-02
  2.6000E+01  7.0665E-01  7.3769E-02 -5.1703E-03 -1.3937E-02
  2.7000E+01  8.6454E-01  9.3763E-02  1.9650E-01  2.2590E-01
  2.7000E+01  8.6454E-01  9.3763E-02  1.9650E-01  2.2590E-01
  2.7000E+01  8.6454E-01  9.3763E-02  1.9650E-01  2.2590E-01
  2.7000E+01  8.6454E-01  9.3763E-02  1.9650E-01  2.2590E-01
  2.7000E+01  8.6454E-01  9.3763E-02  1.9650E-01  2.2590E-01
  2.7000E+01  8.6454E-01  9.3763E-02  1.9650E-01  2.2590E-01
  2.7000E+01  8.6454E-01  9.3763E-02  1.9650E-01  2.2590E-01
  2.7000E+01  8.6454E-01  9.3763E-02  1.9650E-01  2.2590E-01
  2.8000E+01  7.4230E-01  7.8581E-02  4.4051E-02  4.9245E-02
  2.8000E+01  7.4230E-01  7.8581E-02  4.4051E-02  4.9245E-02
  2.8000E+01  7.4230E-01  7.8581E-02  4.4051E-02  4.9245E-02
  2.8000E+01  7.4230E-01  7.8581E-02  4.4051E-02  4.9245E-02
  2.8000E+01  7.4230E-01  7.8581E-02  4.4051E-02  4.9245E-02
  2.8000E+01  7.4230E-01  7.8581E-02  4.4051E-02  4.9245E-02
  2.8000E+01  7.4230E-01  7.8581E-02  4.4051E-02  4.9245E-02
  2.8000E+01  7.4230E-01  7.8581E-02  4.4051E-02  4.9245E-02
  2.9000E+01  6.6693E-01  6.9485E-02 -6.3017E-02 -7.3772E-02
  2.9000E+01  6.6693E-01  6.9485E-02 -6.3017E-02 -7.3772E-02
  2.9000E+01  6.6693E-01  6.9485E-02 -6.3017E-02 -7.3772E-02
  2.9000E+01  6.6693E-01  6.9485E-02 -6.3017E-02 -7.3772E-02
  2.9000E+01  6.6693E-01  6.9485E-02 -6.3017E-02 -7.3772E-02
  2.9000E+01  6.6693E-01  6.9485E-02 -6.3017E-02 -7.3772E-02
  2.9000E+01  6.6693E-01  6.9485E-02 -6.3017E-02 -7.3772E-02
  2.9000E+01  6.6693E-01  6.9485E-02 -6.3017E-02 -7.3772E-02
  3.0000E+01  6.0431E-01  6.0611E-02 -1.6160E-01 -2.1040E-01
  3.0000E+01  6.0431E-01  6.0611E-02 -1.6160E-01 -2.1040E-01
  3.0000E+01  6.0431E-01  6.0611E-02 -1.6160E-01 -2.1040E-01
  3.0000E+01  6.0431E-01  6.0611E-02 -1.6160E-01 -2.1040E-01
  3.0000E+01  6.0431E-01  6.0611E-02 -1.6160E-01 -2.1040E-01
  3.0000E+01  6.0431E-01  6.0611E-02 -1.6160E-01 -2.1040E-01
  3.0000E+01  6.0431E-01  6.0611E-02 -1.6160E-01 -2.1040E-01
  3.0000E+01  6.0431E-01  6.0611E-02 -1.6160E-01 -2.1040E-01
  3.1000E+01  7.6170E-01  8.1754E-02  6.9854E-02  8.8832E-02
  3.1000E+01  7.6170E-01  8.1754E-02  6.9854E-02  8.8832E-02
  3.1000E+01  7.6170E-01  8.1754E-02  6.9854E-02  8.8832E-02
  3.1000E+01  7.6170E-01  8.1754E-02  6.9854E-02  8.8832E-02
  3.1000E+01  7.6170E-01  8.1754E-02  6.9854E-02  8.8832E-02
  3.1000E+01  7.6170E-01  8.1754E-02  6.9854E-02  8.8832E-02
  3.1000E+01  7.6170E-01  8.1754E-02  6.9854E-02  8.8832E-02
  3.1000E+01  7.6170E-01  8.1754E-02  6.9854E-02  8.8832E-02
  3.2000E+01  8.6119E-01  9.3468E-02  1.9261E-01  2.2274E-01
  3.2000E+01  8.6119E-01  9.3468E-02  1.9261E-01  2.2274E-01
  3.2000E+01  8.6119E-01  9.3468E-02  1.9261E-01  2.2274E-01
  3.2000E+01  8.6119E-01  9.3468E-02  1.9261E-01  2.2274E-01
  3.2000E+01  8.6119E-01  9.3468E-02  1.9261E-01  2.2274E-01
  3.2000E+01  8.6119E-01  9.3468E-02  1.9261E-01  2.2274E-01
  3.2000E+01  8.6119E-01  9.3468E-02  1.9261E-01  2.2274E-01
  3.2000E+01  8.6119E-01  9.3468E-02  1.9261E-01  2.2274E-01
  3.3000E+01  7.1992E-01  7.7113E-02  1.3438E-02  3.0388E-02
  3.3000E+01  7.1992E-01  7.7113E-02  1.3438E-02  3.0388E-02
  3.3000E+01  7.1992E-01  7.7113E-02  1.3438E-02  3.0388E-02
  3.3000E+01  7.1992E-01  7.7113E-02  1.3438E-02  3.0388E-02
  3.3000E+01  7.1992E-01  7.7113E-02  1.3438E-02  3.0388E-02
  3.3000E+01  7.1992E-01  7.7113E-02  1.3438E-02  3.0388E-02
  3.3000E+01  7.1992E-01  7.7113E-02  1.3438E-02  3.0388E-02
  3.3000E+01  7.1992E-01  7.7113E-02  1.3438E-02  3.0388E-02
  3.4000E+01  8.2453E-01  9.1092E-02  1.4911E-01  1.9699E-01
  3.4000E+01  8.2453E-01  9.1092E-02  1.4911E-01  1.9699E-01
  3.4000E+01  8.2453E-01  9.1092E-02  1.4911E-01  1.9699E-01
  3.4000E+01  8.2453E-01  9.1092E-02  1.4911E-01  1.9699E-01
  3.4000E+01  8.2453E-01  9.1092E-02  1.4911E-01  1.9699E-01
  3.4000E+01  8.2453E-01  9.1092E-02  1.4911E-01  1.9699E-01
  3.4000E+01  8.2453E-01  9.1092E-02  1.4911E-01  1.9699E-01
  3.4000E+01  8.2453E-01  9.1092E-02  1.4911E-01  1.9699E-01
  3.5000E+01  5.7663E-01  5.6464E-02 -2.0850E-01 -2.8127E-01
  3.5000E+01  5.7663E-01  5.6464E-02 -2.0850E-01 -2.8127E-01
  3.5000E+01  5.7663E-01  5.6464E-02 -2.0850E-01 -2.8127E-01
  3.5000E+01  5.7663E-01  5.6464E-02 -2.0850E-01 -2.8127E-01
  3.5000E+01  5.7663E-01  5.6464E-02 -2.0850E-01 -2.8127E-01
  3.5000E+01  5.7663E-01  5.6464E-02 -2.0850E-01 -2.8127E-01
  3.5000E+01  5.7663E-01  5.6464E-02 -2.0850E-01 -2.8127E-01
  3.5000E+01  5.7663E-01  5.6464E-02 -2.0850E-01 -2.8127E-01
  3.6000E+01  6.8752E-01  7.1791E-02 -3.2608E-02 -4.1115E-02
  3.6000E+01  6.8752E-01  7.1791E-02 -3.2608E-02 -4.1115E-02
  3.6000E+01  6.8752E-01  7.1791E-02 -3.2608E-02 -4.1115E-02
  3.6000E+01  6.8752E-01  7.1791E-02 -3.2608E-02 -4.1115E-02
  3.6000E+01  6.8752E-01  7.1791E-02 -3.2608E-02 -4.1115E-02
  3.6000E+01  6.8752E-01  7.1791E-02 -3.2608E-02 -4.1115E-02
  3.6000E+01  6.8752E-01  7.1791E-02 -3.2608E-02 -4.1115E-02
  3.6000E+01  6.8752E-01  7.1791E-02 -3.2608E-02 -4.1115E-02
  3.7000E+01  6.3071E-01  6.3518E-02 -1.1886E-01 -1.6356E-01
  3.7000E+01  6.3071E-01  6.3518E-02 -1.1886E-01 -1.6356E-01
  3.7000E+01  6.3071E-01  6.3518E-02 -1.1886E-01 -1.6356E-01
  3.7000E+01  6.3071E-01  6.3518E-02 -1.1886E-01 -1.6356E-01
  3.7000E+01  6.3071E-01  6.3518E-02 -1.1886E-01 -1.6356E-01
  3.7000E+01  6.3071E-01  6.3518E-02 -1.1886E-01 -1.6356E-01
  3.7000E+01  6.3071E-01  6.3518E-02 -1.1886E-01 -1.6356E-01
  3.7000E+01  6.3071E-01  6.3518E-02 -1.1886E-01 -1.6356E-01
  3.8000E+01  5.7196E-01  5.5579E-02 -2.1663E-01 -2.9707E-01
  3.8000E+01  5.7196E-01  5.5579E-02 -2.1663E-01 -2.9707E-01
  3.8000E+01  5.7196E-01  5.5579E-02 -2.1663E-01 -2.9707E-01
  3.8000E+01  5.7196E-01  5.5579E-02 -2.1663E-01 -2.9707E-01
  3.8000E+01  5.7196E-01  5.5579E-02 -2.1663E-01 -2.9707E-01
  3.8000E+01  5.7196E-01  5.5579E-02 -2.1663E-01 -2.9707E-01
  3.8000E+01  5.7196E-01  5.5579E-02 -2.1663E-01 -2.9707E-01
  3.8000E+01  5.7196E-01  5.5579E-02 -2.1663E-01 -2.9707E-01
  3.9000E+01  5.0781E-01  4.7688E-02 -3.3559E-01 -4.5020E-01
  3.9000E+01  5.0781E-01  4.7688E-02 -3.3559E-01 -4.5020E-01
  3.9000E+01  5.0781E-01  4.7688E-02 -3.3559E-01 -4.5020E-01
  3.9000E+01  5.0781E-01  4.7688E-02 -3.3559E-01 -4.5020E-01
  3.9000E+01  5.0781E-01  4.7688E-02 -3.3559E-01 -4.5020E-01
  3.9000E+01  5.0781E-01  4.7688E-02 -3.3559E-01 -4.5020E-01
  3.9000E+01  5.0781E-01  4.7688E-02 -3.3559E-01 -4.5020E-01
  3.9000E+01  5.0781E-01  4.7688E-02 -3.3559E-01 -4.5020E-01
  4.0000E+01  8.0610E-01  8.7381E-02  1.2650E-01  1.5540E-01
  4.0000E+01  8.0610E-01  8.7381E-02  1.2650E-01  1.5540E-01
  4.0000E+01  8.0610E-01  8.7381E-02  1.2650E-01  1.5540E-01
  4.0000E+01  8.0610E-01  8.7381E-02  1.2650E-01  1.5540E-01
  4.0000E+01  8.0610E-01  8.7381E-02  1.2650E-01  1.5540E-01
  4.0000E+01  8.0610E-01  8.7381E-02  1.2650E-01  1.5540E-01
  4.0000E+01  8.0610E-01  8.7381E-02  1.2650E-01  1.5540E-01
  4.0000E+01  8.0610E-01  8.7381E-02  1.2650E-01  1.5540E-01
