TABLE NO.  1
 ID          TIME        DV          MDV         GRP         IPRE        IWRE        CWRES       DV          PRED        RES         WRES
  1.0000E+00  7.0000E+00  2.2300E+01  0.0000E+00  0.0000E+00  3.6462E+01 -4.0709E-01 -4.1992E-01  2.2300E+01  4.7976E+01 -2.5676E+01 -3.9705E-01
  1.0000E+00  9.0000E+00  4.8200E+01  0.0000E+00  0.0000E+00  7.8253E+01 -8.5352E-01 -8.8269E-01  4.8200E+01  1.0483E+02 -5.6626E+01 -8.2314E-01
  1.0000E+00  1.1000E+01  1.4510E+02  0.0000E+00  0.0000E+00  1.5317E+02 -2.1999E-01 -2.7684E-01  1.4510E+02  2.0547E+02 -6.0370E+01 -1.8842E-01
  1.0000E+00  1.3000E+01  2.8090E+02  0.0000E+00  0.0000E+00  2.7650E+02  1.0747E-01  1.0022E-02  2.8090E+02  3.6678E+02 -8.5884E+01  8.4332E-02
  1.0000E+00  1.5000E+01  5.3570E+02  0.0000E+00  0.0000E+00  4.6483E+02  1.4077E+00  1.2583E+00  5.3570E+02  6.0409E+02 -6.8393E+01  1.0578E+00
  1.0000E+00  1.7000E+01  6.7540E+02  0.0000E+00  0.0000E+00  7.3400E+02 -8.7122E-01 -1.0771E+00  6.7540E+02  9.2830E+02 -2.5290E+02 -8.5957E-01
  1.0000E+00  1.9000E+01  9.8580E+02  0.0000E+00  0.0000E+00  1.0969E+03 -1.1969E+00 -1.4519E+00  9.8580E+02  1.3438E+03 -3.5802E+02 -1.2060E+00
  1.0000E+00  2.1000E+01  1.6906E+03  0.0000E+00  0.0000E+00  1.5618E+03  1.0103E+00  7.2746E-01  1.6906E+03  1.8479E+03 -1.5728E+02  4.9862E-01
  2.0000E+00  7.0000E+00  7.0400E+01  0.0000E+00  0.0000E+00  8.3822E+01 -3.8033E-01 -3.7108E-01  7.0400E+01  4.7976E+01  2.2424E+01 -3.9289E-01
  2.0000E+00  9.0000E+00  1.9730E+02  0.0000E+00  0.0000E+00  1.9022E+02  1.8757E-01  2.1552E-01  1.9730E+02  1.0483E+02  9.2474E+01  2.2883E-01
  2.0000E+00  1.1000E+01  3.7470E+02  0.0000E+00  0.0000E+00  3.7564E+02 -2.0666E-02  5.4094E-02  3.7470E+02  2.0547E+02  1.6923E+02  6.7495E-02
  2.0000E+00  1.3000E+01  6.6480E+02  0.0000E+00  0.0000E+00  6.6093E+02  6.1953E-02  2.2968E-01  6.6480E+02  3.6678E+02  2.9802E+02  2.4044E-01
  2.0000E+00  1.5000E+01  1.0844E+03  0.0000E+00  0.0000E+00  1.0566E+03  3.0907E-01  6.1430E-01  1.0844E+03  6.0409E+02  4.8031E+02  6.7801E-01
  2.0000E+00  1.7000E+01  1.5561E+03  0.0000E+00  0.0000E+00  1.5599E+03 -3.0000E-02  4.3690E-01  1.5561E+03  9.2830E+02  6.2780E+02  2.9240E-01
  2.0000E+00  1.9000E+01  2.1693E+03  0.0000E+00  0.0000E+00  2.1557E+03  7.8697E-02  7.0570E-01  2.1693E+03  1.3438E+03  8.2548E+02  6.0529E-01
  2.0000E+00  2.1000E+01  2.9279E+03  0.0000E+00  0.0000E+00  2.8200E+03  4.8159E-01  1.2446E+00  2.9279E+03  1.8479E+03  1.0800E+03  1.3715E+00
  3.0000E+00  7.0000E+00  1.0000E+02  0.0000E+00  0.0000E+00  1.1310E+02 -3.6612E-01 -1.4559E-01  1.0000E+02  4.7976E+01  5.2024E+01  3.9343E-01
  3.0000E+00  9.0000E+00  2.5660E+02  0.0000E+00  0.0000E+00  2.4224E+02  3.6323E-01  7.7907E-01  2.5660E+02  1.0483E+02  1.5177E+02  1.8749E+00
  3.0000E+00  1.1000E+01  4.8990E+02  0.0000E+00  0.0000E+00  4.4031E+02  1.0126E+00  1.6065E+00  4.8990E+02  2.0547E+02  2.8443E+02  3.3270E+00
  3.0000E+00  1.3000E+01  6.3380E+02  0.0000E+00  0.0000E+00  7.0371E+02 -1.0716E+00 -4.1841E-01  6.3380E+02  3.6678E+02  2.6702E+02  4.9985E-01
  3.0000E+00  1.5000E+01  1.0285E+03  0.0000E+00  0.0000E+00  1.0166E+03  1.3624E-01  6.6541E-01  1.0285E+03  6.0409E+02  4.2441E+02  1.6036E+00
  3.0000E+00  1.7000E+01  1.4798E+03  0.0000E+00  0.0000E+00  1.3568E+03  1.0973E+00  1.3140E+00  1.4798E+03  9.2830E+02  5.5150E+02  2.0386E+00
  3.0000E+00  1.9000E+01  1.5153E+03  0.0000E+00  0.0000E+00  1.7017E+03 -1.3504E+00 -1.5962E+00  1.5153E+03  1.3438E+03  1.7148E+02 -1.7452E+00
  3.0000E+00  2.1000E+01  2.0947E+03  0.0000E+00  0.0000E+00  2.0327E+03  3.7955E-01 -4.2309E-01  2.0947E+03  1.8479E+03  2.4682E+02 -4.7648E-01
  4.0000E+00  7.0000E+00  3.9200E+01  0.0000E+00  0.0000E+00  5.8201E+01 -5.4333E-01 -5.1163E-01  3.9200E+01  4.7976E+01 -8.7763E+00 -5.1139E-01
  4.0000E+00  9.0000E+00  1.6490E+02  0.0000E+00  0.0000E+00  1.2873E+02  1.0016E+00  1.0712E+00  1.6490E+02  1.0483E+02  6.0074E+01  1.0907E+00
  4.0000E+00  1.1000E+01  2.2210E+02  0.0000E+00  0.0000E+00  2.5259E+02 -7.6336E-01 -6.4004E-01  2.2210E+02  2.0547E+02  1.6630E+01 -6.5804E-01
  4.0000E+00  1.3000E+01  4.5560E+02  0.0000E+00  0.0000E+00  4.4773E+02  1.5934E-01  3.3781E-01  4.5560E+02  3.6678E+02  8.8816E+01  3.5966E-01
  4.0000E+00  1.5000E+01  8.2670E+02  0.0000E+00  0.0000E+00  7.2799E+02  1.4763E+00  1.6905E+00  8.2670E+02  6.0409E+02  2.2261E+02  1.8088E+00
  4.0000E+00  1.7000E+01  9.6120E+02  0.0000E+00  0.0000E+00  1.1000E+03 -1.4913E+00 -1.2709E+00  9.6120E+02  9.2830E+02  3.2904E+01 -1.3966E+00
  4.0000E+00  1.9000E+01  1.4524E+03  0.0000E+00  0.0000E+00  1.5618E+03 -8.5846E-01 -6.5778E-01  1.4524E+03  1.3438E+03  1.0858E+02 -7.3666E-01
  4.0000E+00  2.1000E+01  2.2814E+03  0.0000E+00  0.0000E+00  2.1033E+03  1.0551E+00  1.2186E+00  2.2814E+03  1.8479E+03  4.3352E+02  1.2883E+00
  5.0000E+00  7.0000E+00  1.1700E+01  0.0000E+00  0.0000E+00  4.0355E+01 -8.2307E-01 -7.6604E-01  1.1700E+01  4.7976E+01 -3.6276E+01 -7.8851E-01
  5.0000E+00  9.0000E+00  3.5200E+01  0.0000E+00  0.0000E+00  8.5579E+01 -1.4265E+00 -1.3125E+00  3.5200E+01  1.0483E+02 -6.9626E+01 -1.3436E+00
  5.0000E+00  1.1000E+01  1.8230E+02  0.0000E+00  0.0000E+00  1.6378E+02  5.0074E-01  6.8330E-01  1.8230E+02  2.0547E+02 -2.3170E+01  5.9640E-01
  5.0000E+00  1.3000E+01  3.8670E+02  0.0000E+00  0.0000E+00  2.8687E+02  2.4145E+00  2.6416E+00  3.8670E+02  3.6678E+02  1.9916E+01  2.3038E+00
  5.0000E+00  1.5000E+01  4.2920E+02  0.0000E+00  0.0000E+00  4.6544E+02 -7.1937E-01 -5.2617E-01  4.2920E+02  6.0409E+02 -1.7489E+02 -4.7128E-01
  5.0000E+00  1.7000E+01  7.0560E+02  0.0000E+00  0.0000E+00  7.0689E+02 -1.9748E-02  1.9440E-02  7.0560E+02  9.2830E+02 -2.2270E+02 -2.9587E-02
  5.0000E+00  1.9000E+01  9.3250E+02  0.0000E+00  0.0000E+00  1.0141E+03 -9.3907E-01 -1.1781E+00  9.3250E+02  1.3438E+03 -4.1132E+02 -9.3646E-01
  5.0000E+00  2.1000E+01  1.3693E+03  0.0000E+00  0.0000E+00  1.3848E+03 -1.3565E-01 -7.4968E-01  1.3693E+03  1.8479E+03 -4.7858E+02 -6.6213E-01
  6.0000E+00  7.0000E+00  1.3500E+01  0.0000E+00  0.0000E+00  1.2821E+01  1.9587E-02 -1.2815E-02  1.3500E+01  4.7976E+01 -3.4476E+01  8.5606E-02
  6.0000E+00  9.0000E+00  1.0000E+00  0.0000E+00  0.0000E+00  2.3812E+01 -6.5702E-01 -7.2799E-01  1.0000E+00  1.0483E+02 -1.0383E+02 -4.2176E-01
  6.0000E+00  1.1000E+01  1.0900E+01  0.0000E+00  0.0000E+00  4.2380E+01 -9.0382E-01 -1.0452E+00  1.0900E+01  2.0547E+02 -1.9457E+02 -4.0811E-01
  6.0000E+00  1.3000E+01  4.0000E+01  0.0000E+00  0.0000E+00  7.2486E+01 -9.2460E-01 -1.1860E+00  4.0000E+01  3.6678E+02 -3.2678E+02 -2.4156E-01
  6.0000E+00  1.5000E+01  1.7250E+02  0.0000E+00  0.0000E+00  1.1947E+02  1.4763E+00  1.0226E+00  1.7250E+02  6.0409E+02 -4.3159E+02  1.0504E+00
  6.0000E+00  1.7000E+01  2.0860E+02  0.0000E+00  0.0000E+00  1.9025E+02  4.8601E-01 -2.5853E-01  2.0860E+02  9.2830E+02 -7.1970E+02 -1.6382E-01
  6.0000E+00  1.9000E+01  2.9140E+02  0.0000E+00  0.0000E+00  2.9339E+02 -4.7920E-02 -1.2077E+00  2.9140E+02  1.3438E+03 -1.0524E+03 -1.1765E+00
  6.0000E+00  2.1000E+01  4.0210E+02  0.0000E+00  0.0000E+00  4.3914E+02 -7.5748E-01 -2.4762E+00  4.0210E+02  1.8479E+03 -1.4458E+03 -2.2937E+00
  7.0000E+00  7.0000E+00  5.5000E+00  0.0000E+00  0.0000E+00  3.0685E+01 -7.2465E-01 -7.4808E-01  5.5000E+00  4.7976E+01 -4.2476E+01 -7.0198E-01
  7.0000E+00  9.0000E+00  1.0000E+00  0.0000E+00  0.0000E+00  6.4644E+01 -1.8163E+00 -1.8693E+00  1.0000E+00  1.0483E+02 -1.0383E+02 -1.7354E+00
  7.0000E+00  1.1000E+01  1.5610E+02  0.0000E+00  0.0000E+00  1.2534E+02  8.5340E-01  7.5028E-01  1.5610E+02  2.0547E+02 -4.9370E+01  8.6908E-01
  7.0000E+00  1.3000E+01  1.9500E+02  0.0000E+00  0.0000E+00  2.2576E+02 -7.8990E-01 -9.6551E-01  1.9500E+02  3.6678E+02 -1.7178E+02 -6.4013E-01
  7.0000E+00  1.5000E+01  3.8190E+02  0.0000E+00  0.0000E+00  3.8083E+02  2.3320E-02 -2.3998E-01  3.8190E+02  6.0409E+02 -2.2219E+02 -8.7121E-02
  7.0000E+00  1.7000E+01  6.5020E+02  0.0000E+00  0.0000E+00  6.0608E+02  7.4919E-01  3.9605E-01  6.5020E+02  9.2830E+02 -2.7810E+02  2.3115E-01
  7.0000E+00  1.9000E+01  9.3560E+02  0.0000E+00  0.0000E+00  9.1592E+02  2.4641E-01 -1.8949E-01  9.3560E+02  1.3438E+03 -4.0822E+02 -2.9193E-01
  7.0000E+00  2.1000E+01  1.2788E+03  0.0000E+00  0.0000E+00  1.3220E+03 -3.9428E-01 -9.0131E-01  1.2788E+03  1.8479E+03 -5.6908E+02 -8.8300E-01
  8.0000E+00  7.0000E+00  2.9800E+01  0.0000E+00  0.0000E+00  5.8644E+01 -8.2471E-01 -7.6354E-01  2.9800E+01  4.7976E+01 -1.8176E+01 -7.5728E-01
  8.0000E+00  9.0000E+00  1.3300E+02  0.0000E+00  0.0000E+00  1.2909E+02  1.0812E-01  2.3698E-01  1.3300E+02  1.0483E+02  2.8174E+01  2.5817E-01
  8.0000E+00  1.1000E+01  2.7430E+02  0.0000E+00  0.0000E+00  2.5174E+02  5.6516E-01  7.8078E-01  2.7430E+02  2.0547E+02  6.8830E+01  8.3376E-01
  8.0000E+00  1.3000E+01  4.9450E+02  0.0000E+00  0.0000E+00  4.4306E+02  1.0472E+00  1.3335E+00  4.9450E+02  3.6678E+02  1.2772E+02  1.4307E+00
  8.0000E+00  1.5000E+01  7.1660E+02  0.0000E+00  0.0000E+00  7.1493E+02  2.5281E-02  3.2526E-01  7.1660E+02  6.0409E+02  1.1251E+02  3.4339E-01
  8.0000E+00  1.7000E+01  8.8980E+02  0.0000E+00  0.0000E+00  1.0719E+03 -2.0002E+00 -1.7579E+00  8.8980E+02  9.2830E+02 -3.8496E+01 -1.8680E+00
  8.0000E+00  1.9000E+01  1.5322E+03  0.0000E+00  0.0000E+00  1.5102E+03  1.7839E-01  3.0446E-01  1.5322E+03  1.3438E+03  1.8838E+02  3.0685E-01
  8.0000E+00  2.1000E+01  2.1407E+03  0.0000E+00  0.0000E+00  2.0185E+03  7.5304E-01  7.2516E-01  2.1407E+03  1.8479E+03  2.9282E+02  7.4973E-01
  9.0000E+00  7.0000E+00  1.2550E+02  0.0000E+00  0.0000E+00  6.9039E+01  1.6089E+00  1.6825E+00  1.2550E+02  4.7976E+01  7.7524E+01  1.7410E+00
  9.0000E+00  9.0000E+00  1.1960E+02  0.0000E+00  0.0000E+00  1.5237E+02 -8.9344E-01 -7.4144E-01  1.1960E+02  1.0483E+02  1.4774E+01 -6.6256E-01
  9.0000E+00  1.1000E+01  3.3990E+02  0.0000E+00  0.0000E+00  2.9483E+02  1.0809E+00  1.3289E+00  3.3990E+02  2.0547E+02  1.3443E+02  1.5785E+00
  9.0000E+00  1.3000E+01  4.9500E+02  0.0000E+00  0.0000E+00  5.1125E+02 -3.0630E-01  1.8032E-02  4.9500E+02  3.6678E+02  1.2822E+02  1.3219E-01
  9.0000E+00  1.5000E+01  8.2640E+02  0.0000E+00  0.0000E+00  8.0904E+02  2.3985E-01  5.8159E-01  8.2640E+02  6.0409E+02  2.2231E+02  7.2005E-01
  9.0000E+00  1.7000E+01  1.1017E+03  0.0000E+00  0.0000E+00  1.1863E+03 -8.5099E-01 -5.6985E-01  1.1017E+03  9.2830E+02  1.7340E+02 -6.7526E-01
  9.0000E+00  1.9000E+01  1.6616E+03  0.0000E+00  0.0000E+00  1.6323E+03  2.2075E-01  3.6518E-01  1.6616E+03  1.3438E+03  3.1778E+02  3.6725E-01
  9.0000E+00  2.1000E+01  2.1998E+03  0.0000E+00  0.0000E+00  2.1300E+03  4.0875E-01  3.5334E-01  2.1998E+03  1.8479E+03  3.5192E+02  3.5176E-01
  1.0000E+01  7.0000E+00  2.4700E+01  0.0000E+00  0.0000E+00  1.8342E+01  1.8323E-01  1.5653E-01  2.4700E+01  4.7976E+01 -2.3276E+01  2.1714E-01
  1.0000E+01  9.0000E+00  5.2000E+00  0.0000E+00  0.0000E+00  3.6145E+01 -8.8957E-01 -9.5008E-01  5.2000E+00  1.0483E+02 -9.9626E+01 -7.4753E-01
  1.0000E+01  1.1000E+01  6.6600E+01  0.0000E+00  0.0000E+00  6.7243E+01 -1.8347E-02 -1.4115E-01  6.6600E+01  2.0547E+02 -1.3887E+02  2.0424E-01
  1.0000E+01  1.3000E+01  1.4310E+02  0.0000E+00  0.0000E+00  1.1868E+02  6.8023E-01  4.5252E-01  1.4310E+02  3.6678E+02 -2.2368E+02  7.4888E-01
  1.0000E+01  1.5000E+01  2.1580E+02  0.0000E+00  0.0000E+00  1.9960E+02  4.2578E-01  3.5466E-02  2.1580E+02  6.0409E+02 -3.8829E+02  2.7267E-01
  1.0000E+01  1.7000E+01  3.0630E+02  0.0000E+00  0.0000E+00  3.2121E+02 -3.4769E-01 -9.7016E-01  3.0630E+02  9.2830E+02 -6.2200E+02 -5.7101E-01
  1.0000E+01  1.9000E+01  4.5150E+02  0.0000E+00  0.0000E+00  4.9645E+02 -8.6160E-01 -1.7896E+00  4.5150E+02  1.3438E+03 -8.9232E+02 -1.3191E+00
  1.0000E+01  2.1000E+01  7.7490E+02  0.0000E+00  0.0000E+00  7.3947E+02  5.2381E-01 -7.7653E-01  7.7490E+02  1.8479E+03 -1.0730E+03 -1.3063E+00
  1.1000E+01  7.0000E+00  1.9300E+01  0.0000E+00  0.0000E+00  4.1606E+01 -6.4052E-01 -6.6192E-01  1.9300E+01  4.7976E+01 -2.8676E+01 -6.4925E-01
  1.1000E+01  9.0000E+00  5.6400E+01  0.0000E+00  0.0000E+00  9.0211E+01 -9.5546E-01 -1.0019E+00  5.6400E+01  1.0483E+02 -4.8426E+01 -9.6940E-01
  1.1000E+01  1.1000E+01  2.0350E+02  0.0000E+00  0.0000E+00  1.7703E+02  7.0876E-01  6.2551E-01  2.0350E+02  2.0547E+02 -1.9695E+00  6.4616E-01
  1.1000E+01  1.3000E+01  2.8010E+02  0.0000E+00  0.0000E+00  3.1847E+02 -8.9751E-01 -1.0213E+00  2.8010E+02  3.6678E+02 -8.6684E+01 -9.0669E-01
  1.1000E+01  1.5000E+01  4.9790E+02  0.0000E+00  0.0000E+00  5.3115E+02 -6.1305E-01 -7.6337E-01  4.9790E+02  6.0409E+02 -1.0619E+02 -6.4814E-01
  1.1000E+01  1.7000E+01  9.6530E+02  0.0000E+00  0.0000E+00  8.2934E+02  1.8428E+00  1.6950E+00  9.6530E+02  9.2830E+02  3.7004E+01  1.4493E+00
  1.1000E+01  1.9000E+01  1.1818E+03  0.0000E+00  0.0000E+00  1.2226E+03 -3.9997E-01 -5.1497E-01  1.1818E+03  1.3438E+03 -1.6202E+02 -4.5902E-01
  1.1000E+01  2.1000E+01  1.6712E+03  0.0000E+00  0.0000E+00  1.7145E+03 -3.1117E-01 -3.7060E-01  1.6712E+03  1.8479E+03 -1.7668E+02 -3.4903E-01
  1.2000E+01  7.0000E+00  3.2300E+01  0.0000E+00  0.0000E+00  1.5917E+01  4.7223E-01  4.3859E-01  3.2300E+01  4.7976E+01 -1.5676E+01  5.7504E-01
  1.2000E+01  9.0000E+00  5.1300E+01  0.0000E+00  0.0000E+00  3.0735E+01  5.9173E-01  5.1689E-01  5.1300E+01  1.0483E+02 -5.3526E+01  8.5784E-01
  1.2000E+01  1.1000E+01  6.0600E+01  0.0000E+00  0.0000E+00  5.6410E+01  1.1989E-01 -3.0093E-02  6.0600E+01  2.0547E+02 -1.4487E+02  6.0345E-01
  1.2000E+01  1.3000E+01  4.3100E+01  0.0000E+00  0.0000E+00  9.8794E+01 -1.5676E+00 -1.8437E+00  4.3100E+01  3.6678E+02 -3.2368E+02 -6.5177E-01
  1.2000E+01  1.5000E+01  1.4590E+02  0.0000E+00  0.0000E+00  1.6570E+02 -5.3475E-01 -1.0066E+00  1.4590E+02  6.0409E+02 -4.5819E+02 -3.3571E-02
  1.2000E+01  1.7000E+01  2.5110E+02  0.0000E+00  0.0000E+00  2.6706E+02 -3.9378E-01 -1.1468E+00  2.5110E+02  9.2830E+02 -6.7720E+02 -4.5310E-01
  1.2000E+01  1.9000E+01  3.9510E+02  0.0000E+00  0.0000E+00  4.1484E+02 -4.1497E-01 -1.5407E+00  3.9510E+02  1.3438E+03 -9.4872E+02 -1.1567E+00
  1.2000E+01  2.1000E+01  6.7930E+02  0.0000E+00  0.0000E+00  6.2288E+02  9.4099E-01 -6.4307E-01  6.7930E+02  1.8479E+03 -1.1686E+03 -1.4111E+00
  1.3000E+01  7.0000E+00  4.2300E+01  0.0000E+00  0.0000E+00  4.0455E+01  5.3000E-02 -9.2261E-03  4.2300E+01  4.7976E+01 -5.6763E+00  5.4230E-02
  1.3000E+01  9.0000E+00  1.1710E+02  0.0000E+00  0.0000E+00  8.9486E+01  7.8061E-01  6.4180E-01  1.1710E+02  1.0483E+02  1.2274E+01  7.5835E-01
  1.3000E+01  1.1000E+01  2.0210E+02  0.0000E+00  0.0000E+00  1.8043E+02  5.7869E-01  3.1935E-01  2.0210E+02  2.0547E+02 -3.3695E+00  4.8311E-01
  1.3000E+01  1.3000E+01  3.3020E+02  0.0000E+00  0.0000E+00  3.3520E+02 -1.1482E-01 -5.2293E-01  3.3020E+02  3.6678E+02 -3.6584E+01 -3.2403E-01
  1.3000E+01  1.5000E+01  4.5740E+02  0.0000E+00  0.0000E+00  5.7931E+02 -2.1313E+00 -2.6620E+00  4.5740E+02  6.0409E+02 -1.4669E+02 -2.3322E+00
  1.3000E+01  1.7000E+01  8.6150E+02  0.0000E+00  0.0000E+00  9.3927E+02 -9.5415E-01 -1.4972E+00  8.6150E+02  9.2830E+02 -6.6796E+01 -1.3042E+00
  1.3000E+01  1.9000E+01  1.5150E+03  0.0000E+00  0.0000E+00  1.4394E+03  6.3966E-01  2.6271E-01  1.5150E+03  1.3438E+03  1.7118E+02  4.0200E-01
  1.3000E+01  2.1000E+01  2.4081E+03  0.0000E+00  0.0000E+00  2.0986E+03  1.8380E+00  1.8234E+00  2.4081E+03  1.8479E+03  5.6022E+02  2.1292E+00
  1.4000E+01  7.0000E+00  1.2090E+02  0.0000E+00  0.0000E+00  7.5577E+01  1.2885E+00  1.3987E+00  1.2090E+02  4.7976E+01  7.2924E+01  1.6584E+00
  1.4000E+01  9.0000E+00  1.6740E+02  0.0000E+00  0.0000E+00  1.6173E+02  1.5369E-01  3.6400E-01  1.6740E+02  1.0483E+02  6.2574E+01  8.4828E-01
  1.4000E+01  1.1000E+01  2.7920E+02  0.0000E+00  0.0000E+00  3.0023E+02 -5.0158E-01 -1.9195E-01  2.7920E+02  2.0547E+02  7.3730E+01  4.4521E-01
  1.4000E+01  1.3000E+01  5.2270E+02  0.0000E+00  0.0000E+00  4.9653E+02  5.0153E-01  8.4943E-01  5.2270E+02  3.6678E+02  1.5592E+02  1.6187E+00
  1.4000E+01  1.5000E+01  7.4690E+02  0.0000E+00  0.0000E+00  7.4753E+02 -9.2604E-03  2.5474E-01  7.4690E+02  6.0409E+02  1.4281E+02  7.9866E-01
  1.4000E+01  1.7000E+01  9.9000E+02  0.0000E+00  0.0000E+00  1.0426E+03 -5.9175E-01 -5.6460E-01  9.9000E+02  9.2830E+02  6.1704E+01 -2.3617E-01
  1.4000E+01  1.9000E+01  1.4700E+03  0.0000E+00  0.0000E+00  1.3666E+03  9.1716E-01  5.6223E-01  1.4700E+03  1.3438E+03  1.2618E+02  7.1107E-01
  1.4000E+01  2.1000E+01  1.5833E+03  0.0000E+00  0.0000E+00  1.7029E+03 -8.6569E-01 -1.7145E+00  1.5833E+03  1.8479E+03 -2.6458E+02 -1.5177E+00
  1.5000E+01  7.0000E+00  1.2360E+02  0.0000E+00  0.0000E+00  5.7621E+01  1.8870E+00  1.8637E+00  1.2360E+02  4.7976E+01  7.5624E+01  1.8532E+00
  1.5000E+01  9.0000E+00  1.4280E+02  0.0000E+00  0.0000E+00  1.2861E+02  3.9283E-01  3.4310E-01  1.4280E+02  1.0483E+02  3.7974E+01  3.2204E-01
  1.5000E+01  1.1000E+01  2.5000E+02  0.0000E+00  0.0000E+00  2.5534E+02 -1.3343E-01 -2.1663E-01  2.5000E+02  2.0547E+02  4.4530E+01 -2.5866E-01
  1.5000E+01  1.3000E+01  4.1730E+02  0.0000E+00  0.0000E+00  4.5868E+02 -8.2778E-01 -9.3205E-01  4.1730E+02  3.6678E+02  5.0516E+01 -1.0403E+00
  1.5000E+01  1.5000E+01  7.6720E+02  0.0000E+00  0.0000E+00  7.5647E+02  1.5597E-01  7.3565E-02  7.6720E+02  6.0409E+02  1.6311E+02  5.5075E-02
  1.5000E+01  1.7000E+01  1.1223E+03  0.0000E+00  0.0000E+00  1.1598E+03 -3.8457E-01 -3.7923E-01  1.1223E+03  9.2830E+02  1.9400E+02 -4.5439E-01
  1.5000E+01  1.9000E+01  1.8023E+03  0.0000E+00  0.0000E+00  1.6706E+03  9.7020E-01  1.1313E+00  1.8023E+03  1.3438E+03  4.5848E+02  1.2610E+00
  1.5000E+01  2.1000E+01  2.3064E+03  0.0000E+00  0.0000E+00  2.2818E+03  1.3501E-01  5.0309E-01  2.3064E+03  1.8479E+03  4.5852E+02  5.2607E-01
  1.6000E+01  7.0000E+00  5.7900E+01  0.0000E+00  0.0000E+00  5.6423E+01  4.2259E-02  6.2472E-02  5.7900E+01  4.7976E+01  9.9237E+00  1.0555E-01
  1.6000E+01  9.0000E+00  1.4650E+02  0.0000E+00  0.0000E+00  1.2263E+02  6.6343E-01  7.0604E-01  1.4650E+02  1.0483E+02  4.1674E+01  7.9616E-01
  1.6000E+01  1.1000E+01  2.1940E+02  0.0000E+00  0.0000E+00  2.3612E+02 -4.2534E-01 -3.5051E-01  2.1940E+02  2.0547E+02  1.3930E+01 -2.3779E-01
  1.6000E+01  1.3000E+01  4.1270E+02  0.0000E+00  0.0000E+00  4.1050E+02  4.6565E-02  1.5712E-01  4.1270E+02  3.6678E+02  4.5916E+01  2.8746E-01
  1.6000E+01  1.5000E+01  6.5640E+02  0.0000E+00  0.0000E+00  6.5466E+02  2.7998E-02  1.5663E-01  6.5640E+02  6.0409E+02  5.2307E+01  2.5661E-01
  1.6000E+01  1.7000E+01  9.6900E+02  0.0000E+00  0.0000E+00  9.7076E+02 -2.1008E-02  7.7103E-02  9.6900E+02  9.2830E+02  4.0704E+01  1.3703E-01
  1.6000E+01  1.9000E+01  1.4869E+03  0.0000E+00  0.0000E+00  1.3537E+03  1.1913E+00  1.1891E+00  1.4869E+03  1.3438E+03  1.4308E+02  1.1505E+00
  1.6000E+01  2.1000E+01  1.6064E+03  0.0000E+00  0.0000E+00  1.7923E+03 -1.2823E+00 -1.4571E+00  1.6064E+03  1.8479E+03 -2.4148E+02 -1.3518E+00
  1.7000E+01  7.0000E+00  8.4800E+01  0.0000E+00  0.0000E+00  7.7393E+01  2.1043E-01  1.8930E-01  8.4800E+01  4.7976E+01  3.6824E+01  1.8806E-01
  1.7000E+01  9.0000E+00  1.6700E+02  0.0000E+00  0.0000E+00  1.7444E+02 -1.9949E-01 -2.3658E-01  1.6700E+02  1.0483E+02  6.2174E+01 -2.2754E-01
  1.7000E+01  1.1000E+01  3.1890E+02  0.0000E+00  0.0000E+00  3.4347E+02 -5.5939E-01 -5.9387E-01  3.1890E+02  2.0547E+02  1.1343E+02 -6.4114E-01
  1.7000E+01  1.3000E+01  6.1330E+02  0.0000E+00  0.0000E+00  6.0425E+02  1.5391E-01  1.7714E-01  6.1330E+02  3.6678E+02  2.4652E+02  2.2831E-01
  1.7000E+01  1.5000E+01  9.9640E+02  0.0000E+00  0.0000E+00  9.6774E+02  3.4312E-01  4.9439E-01  9.9640E+02  6.0409E+02  3.9231E+02  5.7159E-01
  1.7000E+01  1.7000E+01  1.4709E+03  0.0000E+00  0.0000E+00  1.4331E+03  3.2067E-01  6.4911E-01  1.4709E+03  9.2830E+02  5.4260E+02  6.7730E-01
  1.7000E+01  1.9000E+01  2.0844E+03  0.0000E+00  0.0000E+00  1.9882E+03  6.0139E-01  1.1191E+00  2.0844E+03  1.3438E+03  7.4058E+02  1.2255E+00
  1.7000E+01  2.1000E+01  2.5538E+03  0.0000E+00  0.0000E+00  2.6122E+03 -2.8052E-01  4.0568E-01  2.5538E+03  1.8479E+03  7.0592E+02  2.3487E-01
  1.8000E+01  7.0000E+00  1.2610E+02  0.0000E+00  0.0000E+00  1.0939E+02  4.6787E-01  6.9277E-01  1.2610E+02  4.7976E+01  7.8124E+01  9.6968E-01
  1.8000E+01  9.0000E+00  2.9510E+02  0.0000E+00  0.0000E+00  2.4149E+02  1.3567E+00  1.8039E+00  2.9510E+02  1.0483E+02  1.9027E+02  2.5141E+00
  1.8000E+01  1.1000E+01  4.4280E+02  0.0000E+00  0.0000E+00  4.5481E+02 -2.4135E-01  4.3813E-01  4.4280E+02  2.0547E+02  2.3733E+02  1.1826E+00
  1.8000E+01  1.3000E+01  7.0910E+02  0.0000E+00  0.0000E+00  7.5445E+02 -6.6067E-01  1.5607E-01  7.0910E+02  3.6678E+02  3.4232E+02  6.0324E-01
  1.8000E+01  1.5000E+01  1.1977E+03  0.0000E+00  0.0000E+00  1.1307E+03  7.0291E-01  1.4908E+00  1.1977E+03  6.0409E+02  5.9361E+02  2.3025E+00
  1.8000E+01  1.7000E+01  1.4647E+03  0.0000E+00  0.0000E+00  1.5625E+03 -7.6696E-01 -1.8914E-01  1.4647E+03  9.2830E+02  5.3640E+02 -4.6326E-01
  1.8000E+01  1.9000E+01  2.0507E+03  0.0000E+00  0.0000E+00  2.0236E+03  1.6686E-01  3.7827E-01  2.0507E+03  1.3438E+03  7.0688E+02  3.5081E-01
  1.8000E+01  2.1000E+01  2.6011E+03  0.0000E+00  0.0000E+00  2.4882E+03  5.6872E-01  3.0188E-01  2.6011E+03  1.8479E+03  7.5322E+02  3.6354E-01
  1.9000E+01  7.0000E+00  3.0400E+01  0.0000E+00  0.0000E+00  8.2523E+01 -1.4778E+00 -1.2860E+00  3.0400E+01  4.7976E+01 -1.7576E+01 -9.6150E-01
  1.9000E+01  9.0000E+00  2.1880E+02  0.0000E+00  0.0000E+00  1.7506E+02  1.1727E+00  1.5324E+00  2.1880E+02  1.0483E+02  1.1397E+02  2.2445E+00
  1.9000E+01  1.1000E+01  3.8150E+02  0.0000E+00  0.0000E+00  3.2019E+02  1.4316E+00  1.9432E+00  3.8150E+02  2.0547E+02  1.7603E+02  3.0516E+00
  1.9000E+01  1.3000E+01  4.4080E+02  0.0000E+00  0.0000E+00  5.1987E+02 -1.4763E+00 -9.3090E-01  4.4080E+02  3.6678E+02  7.4016E+01 -1.7392E-01
  1.9000E+01  1.5000E+01  8.1080E+02  0.0000E+00  0.0000E+00  7.6715E+02  6.2791E-01  1.0159E+00  8.1080E+02  6.0409E+02  2.0671E+02  1.8809E+00
  1.9000E+01  1.7000E+01  1.0582E+03  0.0000E+00  0.0000E+00  1.0484E+03  1.0929E-01  1.3803E-01  1.0582E+03  9.2830E+02  1.2990E+02  6.7089E-01
  1.9000E+01  1.9000E+01  1.1162E+03  0.0000E+00  0.0000E+00  1.3472E+03 -2.0753E+00 -2.5706E+00  1.1162E+03  1.3438E+03 -2.2762E+02 -2.1302E+00
  1.9000E+01  2.1000E+01  1.7641E+03  0.0000E+00  0.0000E+00  1.6477E+03  8.6897E-01 -2.5873E-01  1.7641E+03  1.8479E+03 -8.3781E+01 -2.1166E-01
  2.0000E+01  7.0000E+00  3.9100E+01  0.0000E+00  0.0000E+00  3.2616E+01  1.8650E-01  1.9112E-01  3.9100E+01  4.7976E+01 -8.8763E+00  1.9015E-01
  2.0000E+01  9.0000E+00  3.9200E+01  0.0000E+00  0.0000E+00  6.8723E+01 -8.4140E-01 -8.3473E-01  3.9200E+01  1.0483E+02 -6.5626E+01 -8.1071E-01
  2.0000E+01  1.1000E+01  1.0010E+02  0.0000E+00  0.0000E+00  1.3262E+02 -8.9830E-01 -8.9484E-01  1.0010E+02  2.0547E+02 -1.0537E+02 -8.1766E-01
  2.0000E+01  1.3000E+01  3.1480E+02  0.0000E+00  0.0000E+00  2.3683E+02  1.9816E+00  1.9656E+00  3.1480E+02  3.6678E+02 -5.1984E+01  1.6963E+00
  2.0000E+01  1.5000E+01  3.7250E+02  0.0000E+00  0.0000E+00  3.9499E+02 -4.8349E-01 -5.5285E-01  3.7250E+02  6.0409E+02 -2.3159E+02 -4.2851E-01
  2.0000E+01  1.7000E+01  6.6100E+02  0.0000E+00  0.0000E+00  6.2021E+02  6.8226E-01  5.1040E-01  6.6100E+02  9.2830E+02 -2.6730E+02  2.6952E-01
  2.0000E+01  1.9000E+01  8.1920E+02  0.0000E+00  0.0000E+00  9.2339E+02 -1.2963E+00 -1.6213E+00  8.1920E+02  1.3438E+03 -5.2462E+02 -1.2704E+00
  2.0000E+01  2.1000E+01  1.3329E+03  0.0000E+00  0.0000E+00  1.3117E+03  1.9461E-01 -3.1923E-01  1.3329E+03  1.8479E+03 -5.1498E+02 -4.6416E-01
  2.1000E+01  7.0000E+00  1.6880E+02  0.0000E+00  1.0000E+00  1.2713E+02  1.1550E+00  1.5770E+00  1.6880E+02  4.7976E+01  1.2082E+02  2.1615E+00
  2.1000E+01  9.0000E+00  1.8370E+02  0.0000E+00  1.0000E+00  1.9859E+02 -3.9166E-01  1.9179E-01  1.8370E+02  7.6149E+01  1.0755E+02  9.5217E-01
  2.1000E+01  1.1000E+01  3.0610E+02  0.0000E+00  1.0000E+00  2.8048E+02  6.2364E-01  1.3058E+00  3.0610E+02  1.1335E+02  1.9275E+02  2.3379E+00
  2.1000E+01  1.3000E+01  3.7810E+02  0.0000E+00  1.0000E+00  3.6642E+02  2.5922E-01  9.5128E-01  3.7810E+02  1.5965E+02  2.1845E+02  1.9196E+00
  2.1000E+01  1.5000E+01  4.1210E+02  0.0000E+00  1.0000E+00  4.5064E+02 -7.7789E-01 -1.6403E-01  4.1210E+02  2.1441E+02  1.9769E+02  3.0479E-01
  2.1000E+01  1.7000E+01  5.2810E+02  0.0000E+00  1.0000E+00  5.2890E+02 -1.4860E-02  4.5136E-01  5.2810E+02  2.7640E+02  2.5170E+02  7.6371E-01
  2.1000E+01  1.9000E+01  6.5170E+02  0.0000E+00  1.0000E+00  5.9870E+02  9.0719E-01  1.1812E+00  6.5170E+02  3.4395E+02  3.0775E+02  1.3598E+00
  2.1000E+01  2.1000E+01  6.2240E+02  0.0000E+00  1.0000E+00  6.5900E+02 -5.8755E-01 -5.2705E-01  6.2240E+02  4.1520E+02  2.0720E+02 -1.1809E+00
  2.2000E+01  7.0000E+00  5.6900E+01  0.0000E+00  1.0000E+00  7.4993E+01 -5.1448E-01 -4.1030E-01  5.6900E+01  4.7976E+01  8.9237E+00 -3.6313E-01
  2.2000E+01  9.0000E+00  1.4010E+02  0.0000E+00  1.0000E+00  1.2020E+02  5.5392E-01  7.1772E-01  1.4010E+02  7.6149E+01  6.3951E+01  8.1003E-01
  2.2000E+01  1.1000E+01  2.4430E+02  0.0000E+00  1.0000E+00  1.7780E+02  1.7791E+00  2.0061E+00  2.4430E+02  1.1335E+02  1.3095E+02  2.1851E+00
  2.2000E+01  1.3000E+01  1.2970E+02  0.0000E+00  1.0000E+00  2.4608E+02 -2.9321E+00 -2.6482E+00  1.2970E+02  1.5965E+02 -2.9951E+01 -2.7633E+00
  2.2000E+01  1.5000E+01  3.8970E+02  0.0000E+00  1.0000E+00  3.2227E+02  1.5708E+00  1.8977E+00  3.8970E+02  2.1441E+02  1.7529E+02  2.1463E+00
  2.2000E+01  1.7000E+01  3.6060E+02  0.0000E+00  1.0000E+00  4.0314E+02 -9.0616E-01 -5.5407E-01  3.6060E+02  2.7640E+02  8.4201E+01 -6.4610E-01
  2.2000E+01  1.9000E+01  4.8950E+02  0.0000E+00  1.0000E+00  4.8548E+02  7.8094E-02  4.3730E-01  4.8950E+02  3.4395E+02  1.4555E+02  4.2142E-01
  2.2000E+01  2.1000E+01  5.9570E+02  0.0000E+00  1.0000E+00  5.6644E+02  5.1879E-01  8.6877E-01  5.9570E+02  4.1520E+02  1.8050E+02  8.6486E-01
  2.3000E+01  7.0000E+00  1.3460E+02  0.0000E+00  1.0000E+00  6.9655E+01  1.8503E+00  2.0336E+00  1.3460E+02  4.7976E+01  8.6624E+01  2.1704E+00
  2.3000E+01  9.0000E+00  1.6440E+02  0.0000E+00  1.0000E+00  1.0937E+02  1.5406E+00  1.8000E+00  1.6440E+02  7.6149E+01  8.8251E+01  2.0105E+00
  2.3000E+01  1.1000E+01  1.6870E+02  0.0000E+00  1.0000E+00  1.5839E+02  2.7982E-01  5.9285E-01  1.6870E+02  1.1335E+02  5.5350E+01  8.4154E-01
  2.3000E+01  1.3000E+01  1.8690E+02  0.0000E+00  1.0000E+00  2.1465E+02 -7.1990E-01 -3.9655E-01  1.8690E+02  1.5965E+02  2.7249E+01 -1.6065E-01
  2.3000E+01  1.5000E+01  2.6050E+02  0.0000E+00  1.0000E+00  2.7547E+02 -3.6637E-01 -8.7648E-02  2.6050E+02  2.1441E+02  4.6086E+01  1.4681E-01
  2.3000E+01  1.7000E+01  3.6690E+02  0.0000E+00  1.0000E+00  3.3806E+02  6.6038E-01  8.3895E-01  3.6690E+02  2.7640E+02  9.0501E+01  1.0804E+00
  2.3000E+01  1.9000E+01  4.0690E+02  0.0000E+00  1.0000E+00  3.9993E+02  1.4910E-01  1.8030E-01  4.0690E+02  3.4395E+02  6.2949E+01  3.1468E-01
  2.3000E+01  2.1000E+01  3.8370E+02  0.0000E+00  1.0000E+00  4.5907E+02 -1.5069E+00 -1.6574E+00  3.8370E+02  4.1520E+02 -3.1503E+01 -1.6624E+00
  2.4000E+01  7.0000E+00  3.6000E+00  0.0000E+00  1.0000E+00  3.2345E+01 -8.2686E-01 -8.7071E-01  3.6000E+00  4.7976E+01 -4.4376E+01 -8.4338E-01
  2.4000E+01  9.0000E+00  8.0200E+01  0.0000E+00  1.0000E+00  5.0366E+01  8.5495E-01  7.8232E-01  8.0200E+01  7.6149E+01  4.0512E+00  8.1512E-01
  2.4000E+01  1.1000E+01  4.3000E+01  0.0000E+00  1.0000E+00  7.4534E+01 -8.9685E-01 -1.0076E+00  4.3000E+01  1.1335E+02 -7.0350E+01 -9.3892E-01
  2.4000E+01  1.3000E+01  1.3400E+02  0.0000E+00  1.0000E+00  1.0544E+02  8.0130E-01  6.4376E-01  1.3400E+02  1.5965E+02 -2.5651E+01  6.7143E-01
  2.4000E+01  1.5000E+01  1.7810E+02  0.0000E+00  1.0000E+00  1.4332E+02  9.5414E-01  7.4287E-01  1.7810E+02  2.1441E+02 -3.6314E+01  7.3326E-01
  2.4000E+01  1.7000E+01  1.4140E+02  0.0000E+00  1.0000E+00  1.8806E+02 -1.2381E+00 -1.5072E+00  1.4140E+02  2.7640E+02 -1.3500E+02 -1.3737E+00
  2.4000E+01  1.9000E+01  2.4950E+02  0.0000E+00  1.0000E+00  2.3916E+02  2.6211E-01 -6.5492E-02  2.4950E+02  3.4395E+02 -9.4451E+01 -1.0119E-01
  2.4000E+01  2.1000E+01  2.8860E+02  0.0000E+00  1.0000E+00  2.9587E+02 -1.7416E-01 -5.5722E-01  2.8860E+02  4.1520E+02 -1.2660E+02 -5.7139E-01
  2.5000E+01  7.0000E+00  5.0600E+01  0.0000E+00  1.0000E+00  3.7605E+01  3.7346E-01  3.3095E-01  5.0600E+01  4.7976E+01  2.6237E+00  3.6204E-01
  2.5000E+01  9.0000E+00  6.6200E+01  0.0000E+00  1.0000E+00  5.9212E+01  1.9976E-01  1.3126E-01  6.6200E+01  7.6149E+01 -9.9488E+00  1.7902E-01
  2.5000E+01  1.1000E+01  1.9400E+01  0.0000E+00  1.0000E+00  8.8227E+01 -1.9467E+00 -2.0469E+00  1.9400E+01  1.1335E+02 -9.3950E+01 -1.9578E+00
  2.5000E+01  1.3000E+01  1.2050E+02  0.0000E+00  1.0000E+00  1.2524E+02 -1.3142E-01 -2.6660E-01  1.2050E+02  1.5965E+02 -3.9151E+01 -1.9117E-01
  2.5000E+01  1.5000E+01  1.3000E+02  0.0000E+00  1.0000E+00  1.7036E+02 -1.0860E+00 -1.2554E+00  1.3000E+02  2.1441E+02 -8.4414E+01 -1.1415E+00
  2.5000E+01  1.7000E+01  2.5840E+02  0.0000E+00  1.0000E+00  2.2323E+02  9.0534E-01  7.0682E-01  2.5840E+02  2.7640E+02 -1.7999E+01  7.0879E-01
  2.5000E+01  1.9000E+01  3.0750E+02  0.0000E+00  1.0000E+00  2.8305E+02  5.9374E-01  3.7516E-01  3.0750E+02  3.4395E+02 -3.6451E+01  3.6268E-01
  2.5000E+01  2.1000E+01  3.5390E+02  0.0000E+00  1.0000E+00  3.4868E+02  1.1805E-01 -1.0865E-01  3.5390E+02  4.1520E+02 -6.1303E+01 -1.1326E-01
  2.6000E+01  7.0000E+00  1.0000E+00  0.0000E+00  1.0000E+00  4.7633E+01 -1.3373E+00 -1.3493E+00  1.0000E+00  4.7976E+01 -4.6976E+01 -1.3486E+00
  2.6000E+01  9.0000E+00  3.7900E+01  0.0000E+00  1.0000E+00  7.5711E+01 -1.0749E+00 -1.0930E+00  3.7900E+01  7.6149E+01 -3.8249E+01 -1.0917E+00
  2.6000E+01  1.1000E+01  1.0490E+02  0.0000E+00  1.0000E+00  1.1293E+02 -2.2439E-01 -2.4821E-01  1.0490E+02  1.1335E+02 -8.4496E+00 -2.4661E-01
  2.6000E+01  1.3000E+01  1.5680E+02  0.0000E+00  1.0000E+00  1.5946E+02 -7.2053E-02 -9.9432E-02  1.5680E+02  1.5965E+02 -2.8509E+00 -9.7440E-02
  2.6000E+01  1.5000E+01  2.6980E+02  0.0000E+00  1.0000E+00  2.1474E+02  1.4280E+00  1.4010E+00  2.6980E+02  2.1441E+02  5.5386E+01  1.3964E+00
  2.6000E+01  1.7000E+01  2.8670E+02  0.0000E+00  1.0000E+00  2.7763E+02  2.2149E-01  2.0015E-01  2.8670E+02  2.7640E+02  1.0301E+01  2.0071E-01
  2.6000E+01  1.9000E+01  2.9950E+02  0.0000E+00  1.0000E+00  3.4650E+02 -1.0665E+00 -1.0764E+00  2.9950E+02  3.4395E+02 -4.4451E+01 -1.0611E+00
  2.6000E+01  2.1000E+01  4.4580E+02  0.0000E+00  1.0000E+00  4.1952E+02  5.4952E-01  5.5656E-01  4.4580E+02  4.1520E+02  3.0597E+01  5.5096E-01
  2.7000E+01  7.0000E+00  8.6100E+01  0.0000E+00  1.0000E+00  8.4553E+01  4.3819E-02  5.7844E-02  8.6100E+01  4.7976E+01  3.8124E+01  1.0803E-01
  2.7000E+01  9.0000E+00  1.0510E+02  0.0000E+00  1.0000E+00  1.3711E+02 -8.8178E-01 -8.4108E-01  1.0510E+02  7.6149E+01  2.8951E+01 -7.8462E-01
  2.7000E+01  1.1000E+01  2.0620E+02  0.0000E+00  1.0000E+00  2.0470E+02  3.9182E-02  1.3034E-01  2.0620E+02  1.1335E+02  9.2850E+01  2.3779E-01
  2.7000E+01  1.3000E+01  3.0520E+02  0.0000E+00  1.0000E+00  2.8537E+02  4.8032E-01  6.5047E-01  3.0520E+02  1.5965E+02  1.4555E+02  8.0252E-01
  2.7000E+01  1.5000E+01  3.4380E+02  0.0000E+00  1.0000E+00  3.7586E+02 -7.0406E-01 -4.2789E-01  3.4380E+02  2.1441E+02  1.2939E+02 -4.9846E-01
  2.7000E+01  1.7000E+01  4.4360E+02  0.0000E+00  1.0000E+00  4.7226E+02 -5.6460E-01 -1.6298E-01  4.4360E+02  2.7640E+02  1.6720E+02 -3.0629E-01
  2.7000E+01  1.9000E+01  6.5630E+02  0.0000E+00  1.0000E+00  5.7068E+02  1.5112E+00  2.0471E+00  6.5630E+02  3.4395E+02  3.1235E+02  2.3676E+00
  2.7000E+01  2.1000E+01  6.8420E+02  0.0000E+00  1.0000E+00  6.6763E+02  2.6355E-01  9.3263E-01  6.8420E+02  4.1520E+02  2.6900E+02  8.5829E-01
  2.8000E+01  7.0000E+00  1.0000E+00  0.0000E+00  1.0000E+00  5.4414E+01 -1.5290E+00 -1.5337E+00  1.0000E+00  4.7976E+01 -4.6976E+01 -1.5361E+00
  2.8000E+01  9.0000E+00  1.0580E+02  0.0000E+00  1.0000E+00  8.6929E+01  5.3405E-01  5.2934E-01  1.0580E+02  7.6149E+01  2.9651E+01  5.3239E-01
  2.8000E+01  1.1000E+01  1.1800E+02  0.0000E+00  1.0000E+00  1.2973E+02 -3.2450E-01 -3.2596E-01  1.1800E+02  1.1335E+02  4.6504E+00 -3.2761E-01
  2.8000E+01  1.3000E+01  2.0310E+02  0.0000E+00  1.0000E+00  1.8264E+02  5.4519E-01  5.5241E-01  2.0310E+02  1.5965E+02  4.3449E+01  5.6193E-01
  2.8000E+01  1.5000E+01  2.2960E+02  0.0000E+00  1.0000E+00  2.4467E+02 -3.8012E-01 -3.5710E-01  2.2960E+02  2.1441E+02  1.5186E+01 -3.6601E-01
  2.8000E+01  1.7000E+01  3.0050E+02  0.0000E+00  1.0000E+00  3.1411E+02 -3.1983E-01 -2.7341E-01  3.0050E+02  2.7640E+02  2.4101E+01 -2.8490E-01
  2.8000E+01  1.9000E+01  4.2070E+02  0.0000E+00  1.0000E+00  3.8887E+02  6.8893E-01  7.6543E-01  4.2070E+02  3.4395E+02  7.6749E+01  7.8624E-01
  2.8000E+01  2.1000E+01  4.7340E+02  0.0000E+00  1.0000E+00  4.6671E+02  1.3268E-01  2.4389E-01  4.7340E+02  4.1520E+02  5.8197E+01  2.4364E-01
  2.9000E+01  7.0000E+00  1.4500E+02  0.0000E+00  1.0000E+00  4.0320E+01  3.0068E+00  2.9944E+00  1.4500E+02  4.7976E+01  9.7024E+01  2.9869E+00
  2.9000E+01  9.0000E+00  1.0000E+00  0.0000E+00  1.0000E+00  6.3397E+01 -1.7814E+00 -1.8039E+00  1.0000E+00  7.6149E+01 -7.5149E+01 -1.7984E+00
  2.9000E+01  1.1000E+01  1.4730E+02  0.0000E+00  1.0000E+00  9.3997E+01  1.5037E+00  1.4662E+00  1.4730E+02  1.1335E+02  3.3950E+01  1.4475E+00
  2.9000E+01  1.3000E+01  1.2570E+02  0.0000E+00  1.0000E+00  1.3242E+02 -1.8578E-01 -2.4398E-01  1.2570E+02  1.5965E+02 -3.3951E+01 -2.4465E-01
  2.9000E+01  1.5000E+01  1.8620E+02  0.0000E+00  1.0000E+00  1.7845E+02  2.0731E-01  1.2242E-01  1.8620E+02  2.1441E+02 -2.8214E+01  1.0908E-01
  2.9000E+01  1.7000E+01  1.9330E+02  0.0000E+00  1.0000E+00  2.3134E+02 -9.7177E-01 -1.0889E+00  1.9330E+02  2.7640E+02 -8.3099E+01 -1.0461E+00
  2.9000E+01  1.9000E+01  3.2130E+02  0.0000E+00  1.0000E+00  2.8997E+02  7.5532E-01  6.0140E-01  3.2130E+02  3.4395E+02 -2.2651E+01  5.3886E-01
  2.9000E+01  2.1000E+01  3.2510E+02  0.0000E+00  1.0000E+00  3.5296E+02 -6.2773E-01 -8.2118E-01  3.2510E+02  4.1520E+02 -9.0103E+01 -7.7800E-01
  3.0000E+01  7.0000E+00  1.8700E+01  0.0000E+00  1.0000E+00  3.1416E+01 -3.6585E-01 -4.0791E-01  1.8700E+01  4.7976E+01 -2.9276E+01 -3.9306E-01
  3.0000E+01  9.0000E+00  5.8000E+01  0.0000E+00  1.0000E+00  4.8789E+01  2.6407E-01  1.9389E-01  5.8000E+01  7.6149E+01 -1.8149E+01  2.1541E-01
  3.0000E+01  1.1000E+01  8.8000E+01  0.0000E+00  1.0000E+00  7.2054E+01  4.5393E-01  3.4586E-01  8.8000E+01  1.1335E+02 -2.5350E+01  3.6838E-01
  3.0000E+01  1.3000E+01  1.4960E+02  0.0000E+00  1.0000E+00  1.0178E+02  1.3440E+00  1.1884E+00  1.4960E+02  1.5965E+02 -1.0051E+01  1.1698E+00
  3.0000E+01  1.5000E+01  9.9200E+01  0.0000E+00  1.0000E+00  1.3821E+02 -1.0738E+00 -1.2856E+00  9.9200E+01  2.1441E+02 -1.1521E+02 -1.1985E+00
  3.0000E+01  1.7000E+01  2.1830E+02  0.0000E+00  1.0000E+00  1.8124E+02  9.8883E-01  7.1444E-01  2.1830E+02  2.7640E+02 -5.8099E+01  6.2230E-01
  3.0000E+01  1.9000E+01  2.0630E+02  0.0000E+00  1.0000E+00  2.3042E+02 -6.1685E-01 -9.5723E-01  2.0630E+02  3.4395E+02 -1.3765E+02 -9.0891E-01
  3.0000E+01  2.1000E+01  2.6330E+02  0.0000E+00  1.0000E+00  2.8503E+02 -5.2665E-01 -9.3298E-01  2.6330E+02  4.1520E+02 -1.5190E+02 -9.1032E-01
  3.1000E+01  7.0000E+00  5.5000E+01  0.0000E+00  1.0000E+00  5.7973E+01 -8.5033E-02 -6.7192E-02  5.5000E+01  4.7976E+01  7.0237E+00 -5.8500E-02
  3.1000E+01  9.0000E+00  1.2940E+02  0.0000E+00  1.0000E+00  9.2637E+01  1.0378E+00  1.0682E+00  1.2940E+02  7.6149E+01  5.3251E+01  1.0893E+00
  3.1000E+01  1.1000E+01  1.2570E+02  0.0000E+00  1.0000E+00  1.3792E+02 -3.3650E-01 -2.8945E-01  1.2570E+02  1.1335E+02  1.2350E+01 -2.7648E-01
  3.1000E+01  1.3000E+01  1.9700E+02  0.0000E+00  1.0000E+00  1.9338E+02  9.5612E-02  1.6286E-01  1.9700E+02  1.5965E+02  3.7349E+01  1.8303E-01
  3.1000E+01  1.5000E+01  2.6830E+02  0.0000E+00  1.0000E+00  2.5766E+02  2.6498E-01  3.5492E-01  2.6830E+02  2.1441E+02  5.3886E+01  3.7780E-01
  3.1000E+01  1.7000E+01  3.0880E+02  0.0000E+00  1.0000E+00  3.2877E+02 -4.6194E-01 -3.4839E-01  3.0880E+02  2.7640E+02  3.2401E+01 -3.6532E-01
  3.1000E+01  1.9000E+01  3.5950E+02  0.0000E+00  1.0000E+00  4.0436E+02 -9.5408E-01 -8.1784E-01  3.5950E+02  3.4395E+02  1.5549E+01 -8.7571E-01
  3.1000E+01  2.1000E+01  5.3910E+02  0.0000E+00  1.0000E+00  4.8204E+02  1.1116E+00  1.2680E+00  5.3910E+02  4.1520E+02  1.2390E+02  1.3149E+00
  3.2000E+01  7.0000E+00  1.1660E+02  0.0000E+00  1.0000E+00  8.3450E+01  9.3952E-01  9.6062E-01  1.1660E+02  4.7976E+01  6.8624E+01  1.0165E+00
  3.2000E+01  9.0000E+00  1.5930E+02  0.0000E+00  1.0000E+00  1.3522E+02  6.6401E-01  7.1319E-01  1.5930E+02  7.6149E+01  8.3151E+01  8.1009E-01
  3.2000E+01  1.1000E+01  1.4330E+02  0.0000E+00  1.0000E+00  2.0181E+02 -1.5347E+00 -1.4367E+00  1.4330E+02  1.1335E+02  2.9950E+01 -1.4404E+00
  3.2000E+01  1.3000E+01  2.8040E+02  0.0000E+00  1.0000E+00  2.8130E+02 -2.1876E-02  1.4933E-01  2.8040E+02  1.5965E+02  1.2075E+02  2.3241E-01
  3.2000E+01  1.5000E+01  3.7120E+02  0.0000E+00  1.0000E+00  3.7052E+02  1.5025E-02  2.8224E-01  3.7120E+02  2.1441E+02  1.5679E+02  3.2876E-01
  3.2000E+01  1.7000E+01  4.4080E+02  0.0000E+00  1.0000E+00  4.6565E+02 -4.9305E-01 -1.1350E-01  4.4080E+02  2.7640E+02  1.6440E+02 -2.4307E-01
  3.2000E+01  1.9000E+01  5.9820E+02  0.0000E+00  1.0000E+00  5.6283E+02  6.2965E-01  1.1288E+00  5.9820E+02  3.4395E+02  2.5425E+02  1.1986E+00
  3.2000E+01  2.1000E+01  7.1550E+02  0.0000E+00  1.0000E+00  6.5866E+02  9.1277E-01  1.5301E+00  7.1550E+02  4.1520E+02  3.0030E+02  1.6314E+00
  3.3000E+01  7.0000E+00  4.8700E+01  0.0000E+00  1.0000E+00  4.9121E+01 -1.2065E-02  6.6458E-03  4.8700E+01  4.7976E+01  7.2375E-01  8.6369E-03
  3.3000E+01  9.0000E+00  1.5950E+02  0.0000E+00  1.0000E+00  7.7787E+01  2.3211E+00  2.3478E+00  1.5950E+02  7.6149E+01  8.3351E+01  2.3520E+00
  3.3000E+01  1.1000E+01  1.4860E+02  0.0000E+00  1.0000E+00  1.1535E+02  9.2788E-01  9.6027E-01  1.4860E+02  1.1335E+02  3.5250E+01  9.6489E-01
  3.3000E+01  1.3000E+01  1.7110E+02  0.0000E+00  1.0000E+00  1.6169E+02  2.5497E-01  2.8774E-01  1.7110E+02  1.5965E+02  1.1449E+01  2.9263E-01
  3.3000E+01  1.5000E+01  1.4610E+02  0.0000E+00  1.0000E+00  2.1596E+02 -1.8099E+00 -1.7848E+00  1.4610E+02  2.1441E+02 -6.8314E+01 -1.7727E+00
  3.3000E+01  1.7000E+01  2.6960E+02  0.0000E+00  1.0000E+00  2.7676E+02 -1.7487E-01 -1.6685E-01  2.6960E+02  2.7640E+02 -6.7993E+00 -1.5993E-01
  3.3000E+01  1.9000E+01  3.4960E+02  0.0000E+00  1.0000E+00  3.4232E+02  1.6600E-01  1.4734E-01  3.4960E+02  3.4395E+02  5.6492E+00  1.4947E-01
  3.3000E+01  2.1000E+01  4.1500E+02  0.0000E+00  1.0000E+00  4.1074E+02  8.9983E-02  3.6381E-02  4.1500E+02  4.1520E+02 -2.0309E-01  3.8632E-02
  3.4000E+01  7.0000E+00  6.6400E+01  0.0000E+00  1.0000E+00  7.1344E+01 -1.4077E-01 -7.7835E-02  6.6400E+01  4.7976E+01  1.8424E+01 -2.9374E-02
  3.4000E+01  9.0000E+00  2.6500E+01  0.0000E+00  1.0000E+00  1.1426E+02 -2.4505E+00 -2.3475E+00  2.6500E+01  7.6149E+01 -4.9649E+01 -2.3153E+00
  3.4000E+01  1.1000E+01  2.1890E+02  0.0000E+00  1.0000E+00  1.6919E+02  1.3389E+00  1.4896E+00  2.1890E+02  1.1335E+02  1.0555E+02  1.6322E+00
  3.4000E+01  1.3000E+01  2.0480E+02  0.0000E+00  1.0000E+00  2.3467E+02 -7.6064E-01 -5.5951E-01  2.0480E+02  1.5965E+02  4.5149E+01 -5.1370E-01
  3.4000E+01  1.5000E+01  3.1390E+02  0.0000E+00  1.0000E+00  3.0822E+02  1.3424E-01  3.8307E-01  3.1390E+02  2.1441E+02  9.9486E+01  4.6703E-01
  3.4000E+01  1.7000E+01  4.6220E+02  0.0000E+00  1.0000E+00  3.8687E+02  1.6342E+00  1.9231E+00  4.6220E+02  2.7640E+02  1.8580E+02  2.1443E+00
  3.4000E+01  1.9000E+01  4.8810E+02  0.0000E+00  1.0000E+00  4.6754E+02  4.0717E-01  7.2506E-01  4.8810E+02  3.4395E+02  1.4415E+02  7.6097E-01
  3.4000E+01  2.1000E+01  4.8630E+02  0.0000E+00  1.0000E+00  5.4749E+02 -1.1078E+00 -7.7358E-01  4.8630E+02  4.1520E+02  7.1097E+01 -9.9326E-01
  3.5000E+01  7.0000E+00  3.5000E+01  0.0000E+00  1.0000E+00  2.8056E+01  1.9988E-01  1.4186E-01  3.5000E+01  4.7976E+01 -1.2976E+01  1.8917E-01
  3.5000E+01  9.0000E+00  1.0000E+00  0.0000E+00  1.0000E+00  4.3308E+01 -1.2145E+00 -1.3101E+00  1.0000E+00  7.6149E+01 -7.5149E+01 -1.2206E+00
  3.5000E+01  1.1000E+01  9.5500E+01  0.0000E+00  1.0000E+00  6.3823E+01  9.0427E-01  7.5832E-01  9.5500E+01  1.1335E+02 -1.7850E+01  8.4076E-01
  3.5000E+01  1.3000E+01  7.4800E+01  0.0000E+00  1.0000E+00  9.0240E+01 -4.3631E-01 -6.4481E-01  7.4800E+01  1.5965E+02 -8.4851E+01 -5.1455E-01
  3.5000E+01  1.5000E+01  1.4370E+02  0.0000E+00  1.0000E+00  1.2296E+02  5.7630E-01  2.9471E-01  1.4370E+02  2.1441E+02 -7.0714E+01  3.5225E-01
  3.5000E+01  1.7000E+01  1.5160E+02  0.0000E+00  1.0000E+00  1.6210E+02 -2.8421E-01 -6.4623E-01  1.5160E+02  2.7640E+02 -1.2480E+02 -5.5485E-01
  3.5000E+01  1.9000E+01  2.1530E+02  0.0000E+00  1.0000E+00  2.0748E+02  2.0418E-01 -2.4136E-01  2.1530E+02  3.4395E+02 -1.2865E+02 -2.6303E-01
  3.5000E+01  2.1000E+01  2.4380E+02  0.0000E+00  1.0000E+00  2.5866E+02 -3.6972E-01 -8.9701E-01  2.4380E+02  4.1520E+02 -1.7140E+02 -8.8741E-01
  3.6000E+01  7.0000E+00  5.9800E+01  0.0000E+00  1.0000E+00  4.3941E+01  4.5517E-01  4.6156E-01  5.9800E+01  4.7976E+01  1.1824E+01  4.6087E-01
  3.6000E+01  9.0000E+00  7.1500E+01  0.0000E+00  1.0000E+00  6.9469E+01  5.7857E-02  6.7451E-02  7.1500E+01  7.6149E+01 -4.6488E+00  6.7129E-02
  3.6000E+01  1.1000E+01  8.9400E+01  0.0000E+00  1.0000E+00  1.0330E+02 -3.9044E-01 -3.7796E-01  8.9400E+01  1.1335E+02 -2.3950E+01 -3.7601E-01
  3.6000E+01  1.3000E+01  1.6540E+02  0.0000E+00  1.0000E+00  1.4567E+02  5.4032E-01  5.5417E-01  1.6540E+02  1.5965E+02  5.7491E+00  5.4679E-01
  3.6000E+01  1.5000E+01  2.7790E+02  0.0000E+00  1.0000E+00  1.9619E+02  2.1536E+00  2.1659E+00  2.7790E+02  2.1441E+02  6.3486E+01  2.1191E+00
  3.6000E+01  1.7000E+01  1.7360E+02  0.0000E+00  1.0000E+00  2.5392E+02 -2.0082E+00 -2.0013E+00  1.7360E+02  2.7640E+02 -1.0280E+02 -1.9419E+00
  3.6000E+01  1.9000E+01  2.3480E+02  0.0000E+00  1.0000E+00  3.1749E+02 -1.9362E+00 -1.9391E+00  2.3480E+02  3.4395E+02 -1.0915E+02 -1.8624E+00
  3.6000E+01  2.1000E+01  4.4800E+02  0.0000E+00  1.0000E+00  3.8528E+02  1.3630E+00  1.3469E+00  4.4800E+02  4.1520E+02  3.2797E+01  1.2693E+00
  3.7000E+01  7.0000E+00  3.3000E+00  0.0000E+00  1.0000E+00  3.5307E+01 -9.2023E-01 -9.5807E-01  3.3000E+00  4.7976E+01 -4.4676E+01 -9.2579E-01
  3.7000E+01  9.0000E+00  3.4000E+00  0.0000E+00  1.0000E+00  5.5309E+01 -1.4856E+00 -1.5475E+00  3.4000E+00  7.6149E+01 -7.2749E+01 -1.4910E+00
  3.7000E+01  1.1000E+01  5.8400E+01  0.0000E+00  1.0000E+00  8.2125E+01 -6.7276E-01 -7.6553E-01  5.8400E+01  1.1335E+02 -5.4950E+01 -6.9544E-01
  3.7000E+01  1.3000E+01  9.4100E+01  0.0000E+00  1.0000E+00  1.1633E+02 -6.1988E-01 -7.4887E-01  9.4100E+01  1.5965E+02 -6.5551E+01 -6.6583E-01
  3.7000E+01  1.5000E+01  1.8000E+02  0.0000E+00  1.0000E+00  1.5806E+02  5.9565E-01  4.2744E-01  1.8000E+02  2.1441E+02 -3.4414E+01  4.5521E-01
  3.7000E+01  1.7000E+01  2.5250E+02  0.0000E+00  1.0000E+00  2.0707E+02  1.1864E+00  9.7902E-01  2.5250E+02  2.7640E+02 -2.3899E+01  9.2938E-01
  3.7000E+01  1.9000E+01  2.8840E+02  0.0000E+00  1.0000E+00  2.6266E+02  6.3803E-01  3.9469E-01  2.8840E+02  3.4395E+02 -5.5551E+01  3.4071E-01
  3.7000E+01  2.1000E+01  2.8140E+02  0.0000E+00  1.0000E+00  3.2386E+02 -9.8748E-01 -1.2606E+00  2.8140E+02  4.1520E+02 -1.3380E+02 -1.1750E+00
  3.8000E+01  7.0000E+00  1.0000E+00  0.0000E+00  1.0000E+00  2.7572E+01 -7.6492E-01 -8.2505E-01  1.0000E+00  4.7976E+01 -4.6976E+01 -7.5426E-01
  3.8000E+01  9.0000E+00  1.0000E+00  0.0000E+00  1.0000E+00  4.2541E+01 -1.1926E+00 -1.2915E+00  1.0000E+00  7.6149E+01 -7.5149E+01 -1.1720E+00
  3.8000E+01  1.1000E+01  6.7400E+01  0.0000E+00  1.0000E+00  6.2709E+01  1.3395E-01 -1.6340E-02  6.7400E+01  1.1335E+02 -4.5950E+01  1.2261E-01
  3.8000E+01  1.3000E+01  8.3500E+01  0.0000E+00  1.0000E+00  8.8742E+01 -1.4822E-01 -3.6225E-01  8.3500E+01  1.5965E+02 -7.6151E+01 -1.9831E-01
  3.8000E+01  1.5000E+01  1.4960E+02  0.0000E+00  1.0000E+00  1.2108E+02  7.9340E-01  5.0531E-01  1.4960E+02  2.1441E+02 -6.4814E+01  5.9241E-01
  3.8000E+01  1.7000E+01  1.6270E+02  0.0000E+00  1.0000E+00  1.5988E+02  7.6432E-02 -2.9263E-01  1.6270E+02  2.7640E+02 -1.1370E+02 -2.0052E-01
  3.8000E+01  1.9000E+01  1.5760E+02  0.0000E+00  1.0000E+00  2.0504E+02 -1.2410E+00 -1.6933E+00  1.5760E+02  3.4395E+02 -1.8635E+02 -1.4822E+00
  3.8000E+01  2.1000E+01  2.8310E+02  0.0000E+00  1.0000E+00  2.5616E+02  6.7220E-01  1.3926E-01  2.8310E+02  4.1520E+02 -1.3210E+02 -2.0895E-02
  3.9000E+01  7.0000E+00  1.0000E+00  0.0000E+00  1.0000E+00  2.0537E+01 -5.6290E-01 -6.4012E-01  1.0000E+00  4.7976E+01 -4.6976E+01 -5.8439E-01
  3.9000E+01  9.0000E+00  5.6300E+01  0.0000E+00  1.0000E+00  3.0948E+01  7.2944E-01  6.0309E-01  5.6300E+01  7.6149E+01 -1.9849E+01  6.8592E-01
  3.9000E+01  1.1000E+01  8.9000E+01  0.0000E+00  1.0000E+00  4.4928E+01  1.2646E+00  1.0713E+00  8.9000E+01  1.1335E+02 -2.4350E+01  1.1615E+00
  3.9000E+01  1.3000E+01  5.2500E+01  0.0000E+00  1.0000E+00  6.3050E+01 -3.0122E-01 -5.8079E-01  5.2500E+01  1.5965E+02 -1.0715E+02 -4.3071E-01
  3.9000E+01  1.5000E+01  1.1800E+02  0.0000E+00  1.0000E+00  8.5794E+01  9.1186E-01  5.2656E-01  1.1800E+02  2.1441E+02 -9.6414E+01  5.5600E-01
  3.9000E+01  1.7000E+01  1.3160E+02  0.0000E+00  1.0000E+00  1.1352E+02  5.0512E-01 -3.8737E-03  1.3160E+02  2.7640E+02 -1.4480E+02 -2.1775E-02
  3.9000E+01  1.9000E+01  1.3040E+02  0.0000E+00  1.0000E+00  1.4642E+02 -4.3863E-01 -1.0861E+00  1.3040E+02  3.4395E+02 -2.1355E+02 -1.0438E+00
  3.9000E+01  2.1000E+01  1.3600E+02  0.0000E+00  1.0000E+00  1.8454E+02 -1.2918E+00 -2.0878E+00  1.3600E+02  4.1520E+02 -2.7920E+02 -1.9299E+00
  4.0000E+01  7.0000E+00  1.1900E+02  0.0000E+00  1.0000E+00  6.8100E+01  1.4510E+00  1.4742E+00  1.1900E+02  4.7976E+01  7.1024E+01  1.5063E+00
  4.0000E+01  9.0000E+00  1.0470E+02  0.0000E+00  1.0000E+00  1.0942E+02 -1.3227E-01 -8.9634E-02  1.0470E+02  7.6149E+01  2.8551E+01 -5.3685E-02
  4.0000E+01  1.1000E+01  1.5490E+02  0.0000E+00  1.0000E+00  1.6295E+02 -2.1786E-01 -1.4708E-01  1.5490E+02  1.1335E+02  4.1550E+01 -1.0709E-01
  4.0000E+01  1.3000E+01  1.9500E+02  0.0000E+00  1.0000E+00  2.2765E+02 -8.3705E-01 -7.2877E-01  1.9500E+02  1.5965E+02  3.5349E+01 -7.3147E-01
  4.0000E+01  1.5000E+01  3.0180E+02  0.0000E+00  1.0000E+00  3.0144E+02  8.5777E-03  1.6263E-01  3.0180E+02  2.1441E+02  8.7386E+01  1.9020E-01
  4.0000E+01  1.7000E+01  3.9220E+02  0.0000E+00  1.0000E+00  3.8157E+02  2.3187E-01  4.3712E-01  3.9220E+02  2.7640E+02  1.1580E+02  4.6051E-01
  4.0000E+01  1.9000E+01  4.6910E+02  0.0000E+00  1.0000E+00  4.6510E+02  7.9513E-02  3.3745E-01  4.6910E+02  3.4395E+02  1.2515E+02  3.1170E-01
  4.0000E+01  2.1000E+01  5.8180E+02  0.0000E+00  1.0000E+00  5.4919E+02  5.8933E-01  8.9757E-01  5.8180E+02  4.1520E+02  1.6660E+02  9.1213E-01
