TABLE NO.  2
 ID          ALPH        BETA        ETA1        ETA2
  1.0000E+00  7.4429E-01  7.9769E-02  7.8826E-03  3.0333E-10
  1.0000E+00  7.4429E-01  7.9769E-02  7.8826E-03  3.0333E-10
  1.0000E+00  7.4429E-01  7.9769E-02  7.8826E-03  3.0333E-10
  1.0000E+00  7.4429E-01  7.9769E-02  7.8826E-03  3.0333E-10
  1.0000E+00  7.4429E-01  7.9769E-02  7.8826E-03  3.0333E-10
  1.0000E+00  7.4429E-01  7.9769E-02  7.8826E-03  3.0333E-10
  1.0000E+00  7.4429E-01  7.9769E-02  7.8826E-03  3.0333E-10
  1.0000E+00  7.4429E-01  7.9769E-02  7.8826E-03  3.0333E-10
  2.0000E+00  7.5040E-01  7.9769E-02  1.6067E-02  6.4418E-10
  2.0000E+00  7.5040E-01  7.9769E-02  1.6067E-02  6.4418E-10
  2.0000E+00  7.5040E-01  7.9769E-02  1.6067E-02  6.4418E-10
  2.0000E+00  7.5040E-01  7.9769E-02  1.6067E-02  6.4418E-10
  2.0000E+00  7.5040E-01  7.9769E-02  1.6067E-02  6.4418E-10
  2.0000E+00  7.5040E-01  7.9769E-02  1.6067E-02  6.4418E-10
  2.0000E+00  7.5040E-01  7.9769E-02  1.6067E-02  6.4418E-10
  2.0000E+00  7.5040E-01  7.9769E-02  1.6067E-02  6.4418E-10
  2.0000E+00  7.5040E-01  7.9769E-02  1.6067E-02  6.4418E-10
  2.0000E+00  7.5040E-01  7.9769E-02  1.6067E-02  6.4418E-10
  2.0000E+00  7.5040E-01  7.9769E-02  1.6067E-02  6.4418E-10
  3.0000E+00  7.5564E-01  7.9769E-02  2.3026E-02 -7.1139E-12
  3.0000E+00  7.5564E-01  7.9769E-02  2.3026E-02 -7.1139E-12
  3.0000E+00  7.5564E-01  7.9769E-02  2.3026E-02 -7.1139E-12
  3.0000E+00  7.5564E-01  7.9769E-02  2.3026E-02 -7.1139E-12
  3.0000E+00  7.5564E-01  7.9769E-02  2.3026E-02 -7.1139E-12
  3.0000E+00  7.5564E-01  7.9769E-02  2.3026E-02 -7.1139E-12
  3.0000E+00  7.5564E-01  7.9769E-02  2.3026E-02 -7.1139E-12
  3.0000E+00  7.5564E-01  7.9769E-02  2.3026E-02 -7.1139E-12
  4.0000E+00  6.7755E-01  7.9769E-02 -8.6054E-02 -1.5535E-10
  4.0000E+00  6.7755E-01  7.9769E-02 -8.6054E-02 -1.5535E-10
  4.0000E+00  6.7755E-01  7.9769E-02 -8.6054E-02 -1.5535E-10
  4.0000E+00  6.7755E-01  7.9769E-02 -8.6054E-02 -1.5535E-10
  4.0000E+00  6.7755E-01  7.9769E-02 -8.6054E-02 -1.5535E-10
  4.0000E+00  6.7755E-01  7.9769E-02 -8.6054E-02 -1.5535E-10
  4.0000E+00  6.7755E-01  7.9769E-02 -8.6054E-02 -1.5535E-10
  4.0000E+00  6.7755E-01  7.9769E-02 -8.6054E-02 -1.5535E-10
  4.0000E+00  6.7755E-01  7.9769E-02 -8.6054E-02 -1.5535E-10
  4.0000E+00  6.7755E-01  7.9769E-02 -8.6054E-02 -1.5535E-10
  4.0000E+00  6.7755E-01  7.9769E-02 -8.6054E-02 -1.5535E-10
  4.0000E+00  6.7755E-01  7.9769E-02 -8.6054E-02 -1.5535E-10
  5.0000E+00  7.2809E-01  7.9769E-02 -1.4123E-02  2.8473E-10
  5.0000E+00  7.2809E-01  7.9769E-02 -1.4123E-02  2.8473E-10
  5.0000E+00  7.2809E-01  7.9769E-02 -1.4123E-02  2.8473E-10
  5.0000E+00  7.2809E-01  7.9769E-02 -1.4123E-02  2.8473E-10
  5.0000E+00  7.2809E-01  7.9769E-02 -1.4123E-02  2.8473E-10
  5.0000E+00  7.2809E-01  7.9769E-02 -1.4123E-02  2.8473E-10
  5.0000E+00  7.2809E-01  7.9769E-02 -1.4123E-02  2.8473E-10
  5.0000E+00  7.2809E-01  7.9769E-02 -1.4123E-02  2.8473E-10
  5.0000E+00  7.2809E-01  7.9769E-02 -1.4123E-02  2.8473E-10
  5.0000E+00  7.2809E-01  7.9769E-02 -1.4123E-02  2.8473E-10
  5.0000E+00  7.2809E-01  7.9769E-02 -1.4123E-02  2.8473E-10
  6.0000E+00  7.6526E-01  7.9769E-02  3.5680E-02  2.7823E-11
  6.0000E+00  7.6526E-01  7.9769E-02  3.5680E-02  2.7823E-11
  6.0000E+00  7.6526E-01  7.9769E-02  3.5680E-02  2.7823E-11
  6.0000E+00  7.6526E-01  7.9769E-02  3.5680E-02  2.7823E-11
  6.0000E+00  7.6526E-01  7.9769E-02  3.5680E-02  2.7823E-11
  6.0000E+00  7.6526E-01  7.9769E-02  3.5680E-02  2.7823E-11
  6.0000E+00  7.6526E-01  7.9769E-02  3.5680E-02  2.7823E-11
  6.0000E+00  7.6526E-01  7.9769E-02  3.5680E-02  2.7823E-11
  7.0000E+00  7.9304E-01  7.9769E-02  7.1331E-02 -4.5563E-11
  7.0000E+00  7.9304E-01  7.9769E-02  7.1331E-02 -4.5563E-11
  7.0000E+00  7.9304E-01  7.9769E-02  7.1331E-02 -4.5563E-11
  7.0000E+00  7.9304E-01  7.9769E-02  7.1331E-02 -4.5563E-11
  7.0000E+00  7.9304E-01  7.9769E-02  7.1331E-02 -4.5563E-11
  7.0000E+00  7.9304E-01  7.9769E-02  7.1331E-02 -4.5563E-11
  7.0000E+00  7.9304E-01  7.9769E-02  7.1331E-02 -4.5563E-11
  8.0000E+00  7.2379E-01  7.9769E-02 -2.0042E-02  1.0763E-10
  8.0000E+00  7.2379E-01  7.9769E-02 -2.0042E-02  1.0763E-10
  8.0000E+00  7.2379E-01  7.9769E-02 -2.0042E-02  1.0763E-10
  8.0000E+00  7.2379E-01  7.9769E-02 -2.0042E-02  1.0763E-10
  8.0000E+00  7.2379E-01  7.9769E-02 -2.0042E-02  1.0763E-10
  8.0000E+00  7.2379E-01  7.9769E-02 -2.0042E-02  1.0763E-10
  8.0000E+00  7.2379E-01  7.9769E-02 -2.0042E-02  1.0763E-10
  9.0000E+00  7.0048E-01  7.9769E-02 -5.2777E-02 -1.9837E-10
  9.0000E+00  7.0048E-01  7.9769E-02 -5.2777E-02 -1.9837E-10
  9.0000E+00  7.0048E-01  7.9769E-02 -5.2777E-02 -1.9837E-10
  9.0000E+00  7.0048E-01  7.9769E-02 -5.2777E-02 -1.9837E-10
  9.0000E+00  7.0048E-01  7.9769E-02 -5.2777E-02 -1.9837E-10
  9.0000E+00  7.0048E-01  7.9769E-02 -5.2777E-02 -1.9837E-10
  9.0000E+00  7.0048E-01  7.9769E-02 -5.2777E-02 -1.9837E-10
  9.0000E+00  7.0048E-01  7.9769E-02 -5.2777E-02 -1.9837E-10
  9.0000E+00  7.0048E-01  7.9769E-02 -5.2777E-02 -1.9837E-10
  9.0000E+00  7.0048E-01  7.9769E-02 -5.2777E-02 -1.9837E-10
  1.0000E+01  6.9605E-01  7.9769E-02 -5.9122E-02 -1.0617E-10
  1.0000E+01  6.9605E-01  7.9769E-02 -5.9122E-02 -1.0617E-10
  1.0000E+01  6.9605E-01  7.9769E-02 -5.9122E-02 -1.0617E-10
  1.0000E+01  6.9605E-01  7.9769E-02 -5.9122E-02 -1.0617E-10
  1.0000E+01  6.9605E-01  7.9769E-02 -5.9122E-02 -1.0617E-10
  1.0000E+01  6.9605E-01  7.9769E-02 -5.9122E-02 -1.0617E-10
  1.0000E+01  6.9605E-01  7.9769E-02 -5.9122E-02 -1.0617E-10
  1.0000E+01  6.9605E-01  7.9769E-02 -5.9122E-02 -1.0617E-10
  1.0000E+01  6.9605E-01  7.9769E-02 -5.9122E-02 -1.0617E-10
  1.0000E+01  6.9605E-01  7.9769E-02 -5.9122E-02 -1.0617E-10
  1.1000E+01  6.8339E-01  7.9769E-02 -7.7474E-02  9.1858E-11
  1.1000E+01  6.8339E-01  7.9769E-02 -7.7474E-02  9.1858E-11
  1.1000E+01  6.8339E-01  7.9769E-02 -7.7474E-02  9.1858E-11
  1.1000E+01  6.8339E-01  7.9769E-02 -7.7474E-02  9.1858E-11
  1.1000E+01  6.8339E-01  7.9769E-02 -7.7474E-02  9.1858E-11
  1.1000E+01  6.8339E-01  7.9769E-02 -7.7474E-02  9.1858E-11
  1.1000E+01  6.8339E-01  7.9769E-02 -7.7474E-02  9.1858E-11
  1.1000E+01  6.8339E-01  7.9769E-02 -7.7474E-02  9.1858E-11
  1.1000E+01  6.8339E-01  7.9769E-02 -7.7474E-02  9.1858E-11
  1.2000E+01  6.9273E-01  7.9769E-02 -6.3896E-02 -2.8350E-11
  1.2000E+01  6.9273E-01  7.9769E-02 -6.3896E-02 -2.8350E-11
  1.2000E+01  6.9273E-01  7.9769E-02 -6.3896E-02 -2.8350E-11
  1.2000E+01  6.9273E-01  7.9769E-02 -6.3896E-02 -2.8350E-11
  1.2000E+01  6.9273E-01  7.9769E-02 -6.3896E-02 -2.8350E-11
  1.2000E+01  6.9273E-01  7.9769E-02 -6.3896E-02 -2.8350E-11
  1.2000E+01  6.9273E-01  7.9769E-02 -6.3896E-02 -2.8350E-11
  1.2000E+01  6.9273E-01  7.9769E-02 -6.3896E-02 -2.8350E-11
  1.3000E+01  7.7116E-01  7.9769E-02  4.3350E-02 -5.7318E-10
  1.3000E+01  7.7116E-01  7.9769E-02  4.3350E-02 -5.7318E-10
  1.3000E+01  7.7116E-01  7.9769E-02  4.3350E-02 -5.7318E-10
  1.3000E+01  7.7116E-01  7.9769E-02  4.3350E-02 -5.7318E-10
  1.3000E+01  7.7116E-01  7.9769E-02  4.3350E-02 -5.7318E-10
  1.3000E+01  7.7116E-01  7.9769E-02  4.3350E-02 -5.7318E-10
  1.3000E+01  7.7116E-01  7.9769E-02  4.3350E-02 -5.7318E-10
  1.3000E+01  7.7116E-01  7.9769E-02  4.3350E-02 -5.7318E-10
  1.3000E+01  7.7116E-01  7.9769E-02  4.3350E-02 -5.7318E-10
  1.4000E+01  6.7501E-01  7.9769E-02 -8.9821E-02  8.8498E-12
  1.4000E+01  6.7501E-01  7.9769E-02 -8.9821E-02  8.8498E-12
  1.4000E+01  6.7501E-01  7.9769E-02 -8.9821E-02  8.8498E-12
  1.4000E+01  6.7501E-01  7.9769E-02 -8.9821E-02  8.8498E-12
  1.4000E+01  6.7501E-01  7.9769E-02 -8.9821E-02  8.8498E-12
  1.4000E+01  6.7501E-01  7.9769E-02 -8.9821E-02  8.8498E-12
  1.4000E+01  6.7501E-01  7.9769E-02 -8.9821E-02  8.8498E-12
  1.5000E+01  8.5674E-01  7.9769E-02  1.4859E-01 -2.4101E-10
  1.5000E+01  8.5674E-01  7.9769E-02  1.4859E-01 -2.4101E-10
  1.5000E+01  8.5674E-01  7.9769E-02  1.4859E-01 -2.4101E-10
  1.5000E+01  8.5674E-01  7.9769E-02  1.4859E-01 -2.4101E-10
  1.5000E+01  8.5674E-01  7.9769E-02  1.4859E-01 -2.4101E-10
  1.5000E+01  8.5674E-01  7.9769E-02  1.4859E-01 -2.4101E-10
  1.6000E+01  7.6990E-01  7.9769E-02  4.1718E-02 -3.6657E-10
  1.6000E+01  7.6990E-01  7.9769E-02  4.1718E-02 -3.6657E-10
  1.6000E+01  7.6990E-01  7.9769E-02  4.1718E-02 -3.6657E-10
  1.6000E+01  7.6990E-01  7.9769E-02  4.1718E-02 -3.6657E-10
  1.6000E+01  7.6990E-01  7.9769E-02  4.1718E-02 -3.6657E-10
  1.6000E+01  7.6990E-01  7.9769E-02  4.1718E-02 -3.6657E-10
  1.6000E+01  7.6990E-01  7.9769E-02  4.1718E-02 -3.6657E-10
  1.6000E+01  7.6990E-01  7.9769E-02  4.1718E-02 -3.6657E-10
  1.6000E+01  7.6990E-01  7.9769E-02  4.1718E-02 -3.6657E-10
  1.7000E+01  7.7041E-01  7.9769E-02  4.2384E-02  1.0699E-10
  1.7000E+01  7.7041E-01  7.9769E-02  4.2384E-02  1.0699E-10
  1.7000E+01  7.7041E-01  7.9769E-02  4.2384E-02  1.0699E-10
  1.7000E+01  7.7041E-01  7.9769E-02  4.2384E-02  1.0699E-10
  1.7000E+01  7.7041E-01  7.9769E-02  4.2384E-02  1.0699E-10
  1.7000E+01  7.7041E-01  7.9769E-02  4.2384E-02  1.0699E-10
  1.7000E+01  7.7041E-01  7.9769E-02  4.2384E-02  1.0699E-10
  1.8000E+01  7.1612E-01  7.9769E-02 -3.0698E-02 -3.5088E-10
  1.8000E+01  7.1612E-01  7.9769E-02 -3.0698E-02 -3.5088E-10
  1.8000E+01  7.1612E-01  7.9769E-02 -3.0698E-02 -3.5088E-10
  1.8000E+01  7.1612E-01  7.9769E-02 -3.0698E-02 -3.5088E-10
  1.8000E+01  7.1612E-01  7.9769E-02 -3.0698E-02 -3.5088E-10
  1.8000E+01  7.1612E-01  7.9769E-02 -3.0698E-02 -3.5088E-10
  1.8000E+01  7.1612E-01  7.9769E-02 -3.0698E-02 -3.5088E-10
  1.8000E+01  7.1612E-01  7.9769E-02 -3.0698E-02 -3.5088E-10
  1.9000E+01  7.4850E-01  7.9769E-02  1.3526E-02  6.7751E-11
  1.9000E+01  7.4850E-01  7.9769E-02  1.3526E-02  6.7751E-11
  1.9000E+01  7.4850E-01  7.9769E-02  1.3526E-02  6.7751E-11
  1.9000E+01  7.4850E-01  7.9769E-02  1.3526E-02  6.7751E-11
  1.9000E+01  7.4850E-01  7.9769E-02  1.3526E-02  6.7751E-11
  1.9000E+01  7.4850E-01  7.9769E-02  1.3526E-02  6.7751E-11
  1.9000E+01  7.4850E-01  7.9769E-02  1.3526E-02  6.7751E-11
  1.9000E+01  7.4850E-01  7.9769E-02  1.3526E-02  6.7751E-11
  2.0000E+01  7.7975E-01  7.9769E-02  5.4434E-02  4.4409E-10
  2.0000E+01  7.7975E-01  7.9769E-02  5.4434E-02  4.4409E-10
  2.0000E+01  7.7975E-01  7.9769E-02  5.4434E-02  4.4409E-10
  2.0000E+01  7.7975E-01  7.9769E-02  5.4434E-02  4.4409E-10
  2.0000E+01  7.7975E-01  7.9769E-02  5.4434E-02  4.4409E-10
  2.0000E+01  7.7975E-01  7.9769E-02  5.4434E-02  4.4409E-10
  2.0000E+01  7.7975E-01  7.9769E-02  5.4434E-02  4.4409E-10
  2.0000E+01  7.7975E-01  7.9769E-02  5.4434E-02  4.4409E-10
  2.0000E+01  7.7975E-01  7.9769E-02  5.4434E-02  4.4409E-10
  2.0000E+01  7.7975E-01  7.9769E-02  5.4434E-02  4.4409E-10
