TABLE NO.  1
 ID          TIME        DV          MDV         IPRE        IWRE        CWRES       DV          PRED        RES         WRES
  1.0000E+00  7.0000E+00  5.0022E+01  0.0000E+00  5.4175E+01 -9.8819E-02 -9.1480E-02  5.0022E+01  5.2503E+01 -2.4813E+00 -9.3120E-02
  1.0000E+00  1.1000E+01  3.0952E+02  0.0000E+00  2.3288E+02  1.5241E+00  1.5687E+00  3.0952E+02  2.2313E+02  8.6392E+01  1.5751E+00
  1.0000E+00  1.2000E+01  3.2490E+02  0.0000E+00  3.1357E+02  2.0077E-01  2.6459E-01  3.2490E+02  2.9973E+02  2.5165E+01  2.5857E-01
  1.0000E+00  1.3000E+01  4.5084E+02  0.0000E+00  4.1269E+02  5.8505E-01  6.7242E-01  4.5084E+02  3.9363E+02  5.7216E+01  6.6777E-01
  1.0000E+00  1.4000E+01  5.7245E+02  0.0000E+00  5.3182E+02  5.2787E-01  6.4218E-01  5.7245E+02  5.0625E+02  6.6205E+01  6.3420E-01
  1.0000E+00  1.5000E+01  6.6434E+02  0.0000E+00  6.7214E+02 -8.4986E-02  5.8241E-02  6.6434E+02  6.3865E+02  2.5690E+01  4.9124E-02
  1.0000E+00  1.8000E+01  1.1517E+03  0.0000E+00  1.2249E+03 -4.7271E-01 -2.4352E-01  1.1517E+03  1.1584E+03 -6.7445E+00 -2.4555E-01
  1.0000E+00  1.9000E+01  1.3384E+03  0.0000E+00  1.4522E+03 -6.2615E-01 -3.7110E-01  1.3384E+03  1.3715E+03 -3.3157E+01 -3.6865E-01
  2.0000E+00  5.0000E+00  5.4886E+01  0.0000E+00  2.2067E+01  7.8909E-01  7.9670E-01  5.4886E+01  2.1005E+01  3.3881E+01  7.9636E-01
  2.0000E+00  6.0000E+00  5.9408E+01  0.0000E+00  3.5806E+01  5.6555E-01  5.7983E-01  5.9408E+01  3.3821E+01  2.5587E+01  5.7932E-01
  2.0000E+00  7.0000E+00  8.5662E+01  0.0000E+00  5.5982E+01  7.0564E-01  7.3068E-01  8.5662E+01  5.2503E+01  3.3159E+01  7.3047E-01
  2.0000E+00  1.1000E+01  2.6157E+02  0.0000E+00  2.4355E+02  3.5317E-01  4.9179E-01  2.6157E+02  2.2313E+02  3.8446E+01  4.9719E-01
  2.0000E+00  1.2000E+01  4.1227E+02  0.0000E+00  3.2873E+02  1.4479E+00  1.6358E+00  4.1227E+02  2.9973E+02  1.1254E+02  1.6798E+00
  2.0000E+00  1.3000E+01  4.8845E+02  0.0000E+00  4.3363E+02  8.1579E-01  1.0593E+00  4.8845E+02  3.9363E+02  9.4825E+01  1.0894E+00
  2.0000E+00  1.4000E+01  6.1886E+02  0.0000E+00  5.5997E+02  7.3714E-01  1.0400E+00  6.1886E+02  5.0625E+02  1.1261E+02  1.0707E+00
  2.0000E+00  1.5000E+01  7.9900E+02  0.0000E+00  7.0908E+02  9.3775E-01  1.3011E+00  7.9900E+02  6.3865E+02  1.6035E+02  1.3416E+00
  2.0000E+00  1.8000E+01  1.2187E+03  0.0000E+00  1.2987E+03 -4.8847E-01  4.6577E-02  1.2187E+03  1.1584E+03  6.0285E+01  3.4363E-02
  2.0000E+00  1.9000E+01  1.4155E+03  0.0000E+00  1.5418E+03 -6.5622E-01 -7.0527E-02  1.4155E+03  1.3715E+03  4.3933E+01 -8.7885E-02
  2.0000E+00  2.0000E+01  1.4102E+03  0.0000E+00  1.8065E+03 -1.7686E+00 -1.1362E+00  1.4102E+03  1.6030E+03 -1.9280E+02 -1.1891E+00
  3.0000E+00  6.0000E+00  8.9231E+01  0.0000E+00  3.6712E+01  1.2581E+00  1.2575E+00  8.9231E+01  3.3821E+01  5.5411E+01  1.2567E+00
  3.0000E+00  7.0000E+00  1.5735E+02  0.0000E+00  5.7578E+01  2.3703E+00  2.3693E+00  1.5735E+02  5.2503E+01  1.0485E+02  2.3722E+00
  3.0000E+00  1.1000E+01  2.2170E+02  0.0000E+00  2.5308E+02 -6.0680E-01 -6.0257E-01  2.2170E+02  2.2313E+02 -1.4275E+00 -6.2833E-01
  3.0000E+00  1.2000E+01  3.2749E+02  0.0000E+00  3.4231E+02 -2.5180E-01 -2.3834E-01  3.2749E+02  2.9973E+02  2.7761E+01 -2.5322E-01
  3.0000E+00  1.3000E+01  4.6144E+02  0.0000E+00  4.5241E+02  1.3083E-01  1.5997E-01  4.6144E+02  3.9363E+02  6.7812E+01  1.6957E-01
  3.0000E+00  1.4000E+01  6.4145E+02  0.0000E+00  5.8527E+02  6.8064E-01  7.3244E-01  6.4145E+02  5.0625E+02  1.3520E+02  7.8790E-01
  3.0000E+00  1.5000E+01  7.4687E+02  0.0000E+00  7.4234E+02  4.5461E-02  1.2656E-01  7.4687E+02  6.3865E+02  1.0822E+02  1.3934E-01
  3.0000E+00  1.8000E+01  1.3595E+03  0.0000E+00  1.3653E+03 -3.4233E-02  1.6581E-01  1.3595E+03  1.1584E+03  2.0103E+02  1.8574E-01
  4.0000E+00  6.0000E+00  5.5349E+01  0.0000E+00  2.5299E+01  7.2202E-01  7.0770E-01  5.5349E+01  3.3821E+01  2.1528E+01  6.9053E-01
  4.0000E+00  7.0000E+00  5.6176E+01  0.0000E+00  3.7875E+01  4.3824E-01  4.1415E-01  5.6176E+01  5.2503E+01  3.6727E+00  3.8981E-01
  4.0000E+00  1.1000E+01  1.0333E+02  0.0000E+00  1.4286E+02 -8.7816E-01 -9.9980E-01  1.0333E+02  2.2313E+02 -1.1980E+02 -9.3813E-01
  4.0000E+00  1.2000E+01  1.5532E+02  0.0000E+00  1.8729E+02 -6.7489E-01 -8.4077E-01  1.5532E+02  2.9973E+02 -1.4441E+02 -7.4474E-01
  4.0000E+00  1.3000E+01  1.6796E+02  0.0000E+00  2.4049E+02 -1.4275E+00 -1.6465E+00  1.6796E+02  3.9363E+02 -2.2567E+02 -1.3206E+00
  4.0000E+00  1.4000E+01  2.1938E+02  0.0000E+00  3.0295E+02 -1.5043E+00 -1.7848E+00  2.1938E+02  5.0625E+02 -2.8687E+02 -1.3181E+00
  4.0000E+00  1.5000E+01  4.1238E+02  0.0000E+00  3.7493E+02  6.0653E-01  2.5703E-01  4.1238E+02  6.3865E+02 -2.2627E+02  1.4391E-01
  4.0000E+00  1.8000E+01  5.8419E+02  0.0000E+00  6.4750E+02 -7.0993E-01 -1.3010E+00  5.8419E+02  1.1584E+03 -5.7424E+02 -7.8271E-01
  4.0000E+00  1.9000E+01  7.6207E+02  0.0000E+00  7.5601E+02  5.9965E-02 -6.1949E-01  7.6207E+02  1.3715E+03 -6.0946E+02 -3.9690E-01
  4.0000E+00  2.0000E+01  8.8033E+02  0.0000E+00  8.7229E+02  7.0427E-02 -6.9973E-01  8.8033E+02  1.6030E+03 -7.2263E+02 -4.4266E-01
  4.0000E+00  2.1000E+01  1.0401E+03  0.0000E+00  9.9547E+02  3.4781E-01 -5.1445E-01  1.0401E+03  1.8512E+03 -8.1108E+02 -3.5422E-01
  4.0000E+00  2.2000E+01  1.3351E+03  0.0000E+00  1.1246E+03  1.4700E+00  5.1508E-01  1.3351E+03  2.1143E+03 -7.7918E+02  1.4903E-01
  5.0000E+00  5.0000E+00  6.8809E+01  0.0000E+00  2.0127E+01  1.1709E+00  1.1702E+00  6.8809E+01  2.1005E+01  4.7804E+01  1.1689E+00
  5.0000E+00  6.0000E+00  5.9853E+01  0.0000E+00  3.2191E+01  6.6352E-01  6.6228E-01  5.9853E+01  3.3821E+01  2.6033E+01  6.6005E-01
  5.0000E+00  7.0000E+00  5.8989E+01  0.0000E+00  4.9666E+01  2.2225E-01  2.2013E-01  5.8989E+01  5.2503E+01  6.4854E+00  2.1671E-01
  5.0000E+00  1.1000E+01  1.7966E+02  0.0000E+00  2.0683E+02 -5.5941E-01 -5.6974E-01  1.7966E+02  2.2313E+02 -4.3462E+01 -5.6658E-01
  5.0000E+00  1.2000E+01  3.0979E+02  0.0000E+00  2.7669E+02  6.1881E-01  6.0550E-01  3.0979E+02  2.9973E+02  1.0057E+01  5.6568E-01
  5.0000E+00  1.3000E+01  4.7057E+02  0.0000E+00  3.6199E+02  1.7925E+00  1.7759E+00  4.7057E+02  3.9363E+02  7.6945E+01  1.6464E+00
  5.0000E+00  1.4000E+01  4.8093E+02  0.0000E+00  4.6391E+02  2.4259E-01  2.2224E-01  4.8093E+02  5.0625E+02 -2.5316E+01  1.8807E-01
  5.0000E+00  1.5000E+01  4.8878E+02  0.0000E+00  5.8334E+02 -1.1485E+00 -1.1736E+00  4.8878E+02  6.3865E+02 -1.4987E+02 -1.0631E+00
  5.0000E+00  1.8000E+01  1.0217E+03  0.0000E+00  1.0493E+03 -2.0520E-01 -2.5477E-01  1.0217E+03  1.1584E+03 -1.3671E+02 -2.3252E-01
  5.0000E+00  1.9000E+01  1.2785E+03  0.0000E+00  1.2394E+03  2.4972E-01  1.8813E-01  1.2785E+03  1.3715E+03 -9.3007E+01  1.4164E-01
  5.0000E+00  2.0000E+01  1.3774E+03  0.0000E+00  1.4454E+03 -3.7558E-01 -4.5096E-01  1.3774E+03  1.6030E+03 -2.2557E+02 -3.9396E-01
  6.0000E+00  6.0000E+00  4.6502E+01  0.0000E+00  3.8435E+01  1.9314E-01  2.1607E-01  4.6502E+01  3.3821E+01  1.2682E+01  2.1483E-01
  6.0000E+00  7.0000E+00  5.5155E+01  0.0000E+00  6.0627E+01 -1.2980E-01 -8.9304E-02  5.5155E+01  5.2503E+01  2.6521E+00 -9.1434E-02
  6.0000E+00  1.1000E+01  2.5122E+02  0.0000E+00  2.7156E+02 -3.8302E-01 -1.6223E-01  2.5122E+02  2.2313E+02  2.8095E+01 -1.7187E-01
  6.0000E+00  1.2000E+01  3.4118E+02  0.0000E+00  3.6872E+02 -4.5022E-01 -1.5525E-01  3.4118E+02  2.9973E+02  4.1444E+01 -1.6937E-01
  6.0000E+00  1.3000E+01  4.3833E+02  0.0000E+00  4.8904E+02 -6.9808E-01 -3.2100E-01  4.3833E+02  3.9363E+02  4.4709E+01 -3.6148E-01
  6.0000E+00  1.4000E+01  8.5995E+02  0.0000E+00  6.3474E+02  2.5650E+00  3.0300E+00  8.5995E+02  5.0625E+02  3.5371E+02  3.4583E+00
  6.0000E+00  1.5000E+01  8.5473E+02  0.0000E+00  8.0753E+02  4.4181E-01  9.9844E-01  8.5473E+02  6.3865E+02  2.1608E+02  1.1464E+00
  6.0000E+00  1.8000E+01  1.1433E+03  0.0000E+00  1.4968E+03 -1.8893E+00 -1.0502E+00  1.1433E+03  1.1584E+03 -1.5155E+01 -1.2800E+00
  7.0000E+00  6.0000E+00  9.4728E+01  0.0000E+00  4.3878E+01  1.2151E+00  1.2374E+00  9.4728E+01  3.3821E+01  6.0907E+01  1.2322E+00
  7.0000E+00  7.0000E+00  1.2609E+02  0.0000E+00  7.0367E+01  1.3149E+00  1.3550E+00  1.2609E+02  5.2503E+01  7.3591E+01  1.3571E+00
  7.0000E+00  1.1000E+01  3.3314E+02  0.0000E+00  3.3281E+02  5.6456E-03  2.5951E-01  3.3314E+02  2.2313E+02  1.1001E+02  3.1749E-01
  7.0000E+00  1.2000E+01  5.3868E+02  0.0000E+00  4.5693E+02  1.1769E+00  1.5364E+00  5.3868E+02  2.9973E+02  2.3895E+02  1.9267E+00
  7.0000E+00  1.3000E+01  6.6993E+02  0.0000E+00  6.1229E+02  6.7497E-01  1.1631E+00  6.6993E+02  3.9363E+02  2.7630E+02  1.5430E+00
  7.0000E+00  1.4000E+01  7.6253E+02  0.0000E+00  8.0226E+02 -3.7396E-01  2.6394E-01  7.6253E+02  5.0625E+02  2.5628E+02  3.5244E-01
  7.0000E+00  1.5000E+01  9.2372E+02  0.0000E+00  1.0296E+03 -8.0106E-01  4.7976E-03  9.2372E+02  6.3865E+02  2.8507E+02 -4.1824E-02
  8.0000E+00  1.1000E+01  2.0116E+02  0.0000E+00  2.0042E+02  1.5384E-02 -4.9289E-02  2.0116E+02  2.2313E+02 -2.1962E+01 -5.3540E-02
  8.0000E+00  1.2000E+01  3.1638E+02  0.0000E+00  2.6766E+02  9.2286E-01  8.3702E-01  3.1638E+02  2.9973E+02  1.6652E+01  7.8356E-01
  8.0000E+00  1.3000E+01  3.3824E+02  0.0000E+00  3.4962E+02 -1.9121E-01 -3.0028E-01  3.3824E+02  3.9363E+02 -5.5386E+01 -2.8337E-01
  8.0000E+00  1.4000E+01  4.1196E+02  0.0000E+00  4.4740E+02 -5.1719E-01 -6.5084E-01  4.1196E+02  5.0625E+02 -9.4287E+01 -5.8940E-01
  8.0000E+00  1.5000E+01  5.8667E+02  0.0000E+00  5.6182E+02  3.1027E-01  1.5093E-01  5.8667E+02  6.3865E+02 -5.1980E+01  1.2092E-01
  8.0000E+00  1.8000E+01  9.9188E+02  0.0000E+00  1.0071E+03 -1.1750E-01 -3.6065E-01  9.9188E+02  1.1584E+03 -1.6655E+02 -3.1332E-01
  8.0000E+00  1.9000E+01  1.2199E+03  0.0000E+00  1.1884E+03  2.0914E-01 -6.4140E-02  1.2199E+03  1.3715E+03 -1.5164E+02 -7.2885E-02
  9.0000E+00  6.0000E+00  1.8567E+01  0.0000E+00  2.8221E+01 -2.3179E-01 -2.4636E-01  1.8567E+01  3.3821E+01 -1.5253E+01 -2.4869E-01
  9.0000E+00  7.0000E+00  7.3294E+01  0.0000E+00  4.2830E+01  7.2823E-01  7.0340E-01  7.3294E+01  5.2503E+01  2.0791E+01  6.9792E-01
  9.0000E+00  1.1000E+01  1.2682E+02  0.0000E+00  1.6897E+02 -9.0971E-01 -1.0393E+00  1.2682E+02  2.2313E+02 -9.6306E+01 -9.5422E-01
  9.0000E+00  1.2000E+01  2.2266E+02  0.0000E+00  2.2357E+02 -1.8225E-02 -1.9506E-01  2.2266E+02  2.9973E+02 -7.7070E+01 -1.5663E-01
  9.0000E+00  1.3000E+01  2.4473E+02  0.0000E+00  2.8952E+02 -8.2212E-01 -1.0549E+00  2.4473E+02  3.9363E+02 -1.4890E+02 -8.6859E-01
  9.0000E+00  1.4000E+01  3.3363E+02  0.0000E+00  3.6756E+02 -5.5562E-01 -8.5206E-01  3.3363E+02  5.0625E+02 -1.7262E+02 -6.6074E-01
  9.0000E+00  1.5000E+01  3.6748E+02  0.0000E+00  4.5819E+02 -1.3037E+00 -1.6700E+00  3.6748E+02  6.3865E+02 -2.7117E+02 -1.2497E+00
  9.0000E+00  1.8000E+01  8.0578E+02  0.0000E+00  8.0605E+02 -2.5414E-03 -6.0196E-01  8.0578E+02  1.1584E+03 -3.5266E+02 -4.2859E-01
  9.0000E+00  1.9000E+01  1.0300E+03  0.0000E+00  9.4608E+02  6.8494E-01  4.0156E-03  1.0300E+03  1.3715E+03 -3.4151E+02 -3.3964E-02
  9.0000E+00  2.0000E+01  1.2728E+03  0.0000E+00  1.0969E+03  1.2567E+00  4.9395E-01  1.2728E+03  1.6030E+03 -3.3013E+02  2.6674E-01
  1.0000E+01  6.0000E+00  2.6880E+01  0.0000E+00  2.7631E+01 -1.8035E-02 -3.1431E-02  2.6880E+01  3.3821E+01 -6.9408E+00 -3.8236E-02
  1.0000E+01  1.1000E+01  1.4415E+02  0.0000E+00  1.6358E+02 -4.2191E-01 -5.3910E-01  1.4415E+02  2.2313E+02 -7.8976E+01 -5.0891E-01
  1.0000E+01  1.2000E+01  1.9340E+02  0.0000E+00  2.1605E+02 -4.6067E-01 -6.1987E-01  1.9340E+02  2.9973E+02 -1.0633E+02 -5.5368E-01
  1.0000E+01  1.3000E+01  2.8117E+02  0.0000E+00  2.7932E+02  3.4448E-02 -1.7408E-01  2.8117E+02  3.9363E+02 -1.1245E+02 -1.5162E-01
  1.0000E+01  1.4000E+01  2.9489E+02  0.0000E+00  3.5409E+02 -9.8865E-01 -1.2529E+00  2.9489E+02  5.0625E+02 -2.1136E+02 -9.8473E-01
  1.0000E+01  1.5000E+01  3.9188E+02  0.0000E+00  4.4077E+02 -7.2011E-01 -1.0453E+00  3.9188E+02  6.3865E+02 -2.4676E+02 -7.8100E-01
  1.0000E+01  1.8000E+01  7.4496E+02  0.0000E+00  7.7265E+02 -2.6905E-01 -7.9893E-01  7.4496E+02  1.1584E+03 -4.1348E+02 -5.5356E-01
  1.0000E+01  1.9000E+01  9.9033E+02  0.0000E+00  9.0596E+02  7.1521E-01  1.1246E-01  9.9033E+02  1.3715E+03 -3.8121E+02  2.7210E-02
  1.0000E+01  2.0000E+01  1.0853E+03  0.0000E+00  1.0494E+03  2.6717E-01 -4.0964E-01  1.0853E+03  1.6030E+03 -5.1764E+02 -3.0991E-01
  1.0000E+01  2.1000E+01  1.3312E+03  0.0000E+00  1.2019E+03  8.4912E-01  9.7680E-02  1.3312E+03  1.8512E+03 -5.1996E+02 -1.0008E-02
  1.1000E+01  9.0000E+00  1.3992E+01  0.0000E+00  8.0510E+01 -1.5597E+00 -1.6142E+00  1.3992E+01  1.1465E+02 -1.0066E+02 -1.5991E+00
  1.1000E+01  1.0000E+01  2.3745E+01  0.0000E+00  1.1092E+02 -1.9970E+00 -2.0771E+00  2.3745E+01  1.6208E+02 -1.3833E+02 -1.9995E+00
  1.1000E+01  1.1000E+01  4.2285E+01  0.0000E+00  1.4910E+02 -2.3574E+00 -2.4706E+00  4.2285E+01  2.2313E+02 -1.8084E+02 -2.2755E+00
  1.1000E+01  1.4000E+01  3.0702E+02  0.0000E+00  3.1824E+02 -1.9743E-01 -4.5878E-01  3.0702E+02  5.0625E+02 -1.9922E+02 -3.7029E-01
  1.1000E+01  1.5000E+01  4.3996E+02  0.0000E+00  3.9458E+02  7.1439E-01  3.8845E-01  4.3996E+02  6.3865E+02 -1.9869E+02  2.3182E-01
  1.1000E+01  1.6000E+01  5.4535E+02  0.0000E+00  4.8123E+02  8.9228E-01  4.9519E-01  5.4535E+02  7.9145E+02 -2.4611E+02  2.7707E-01
  1.1000E+01  1.7000E+01  6.0547E+02  0.0000E+00  5.7804E+02  3.3540E-01 -1.3868E-01  6.0547E+02  9.6482E+02 -3.5935E+02 -1.3980E-01
  1.1000E+01  1.8000E+01  7.4313E+02  0.0000E+00  6.8464E+02  6.2752E-01  7.1357E-02  7.4313E+02  1.1584E+03 -4.1530E+02 -2.5706E-02
  1.1000E+01  2.1000E+01  9.6310E+02  0.0000E+00  1.0565E+03 -6.9007E-01 -1.5149E+00  9.6310E+02  1.8512E+03 -8.8805E+02 -9.3983E-01
  1.2000E+01  1.1000E+01  1.0937E+02  0.0000E+00  1.5965E+02 -1.0970E+00 -1.1980E+00  1.0937E+02  2.2313E+02 -1.1376E+02 -1.1264E+00
  1.2000E+01  1.4000E+01  3.9051E+02  0.0000E+00  3.4432E+02  7.8242E-01  5.4796E-01  3.9051E+02  5.0625E+02 -1.1574E+02  3.9881E-01
  1.2000E+01  1.5000E+01  4.3064E+02  0.0000E+00  4.2818E+02  3.6927E-02 -2.5544E-01  4.3064E+02  6.3865E+02 -2.0801E+02 -2.0870E-01
  1.2000E+01  1.6000E+01  4.1365E+02  0.0000E+00  5.2362E+02 -1.4445E+00 -1.8002E+00  4.1365E+02  7.9145E+02 -3.7781E+02 -1.2635E+00
  1.2000E+01  1.7000E+01  5.4487E+02  0.0000E+00  6.3054E+02 -9.8085E-01 -1.4044E+00  5.4487E+02  9.6482E+02 -4.1995E+02 -9.5676E-01
  1.2000E+01  1.8000E+01  7.4950E+02  0.0000E+00  7.4856E+02  9.3587E-03 -4.8574E-01  7.4950E+02  1.1584E+03 -4.0894E+02 -3.4975E-01
  1.2000E+01  2.1000E+01  1.3128E+03  0.0000E+00  1.1620E+03  1.0221E+00  2.9931E-01  1.3128E+03  1.8512E+03 -5.3832E+02  1.0043E-01
  1.2000E+01  2.2000E+01  1.4148E+03  0.0000E+00  1.3163E+03  5.9417E-01 -2.0626E-01  1.4148E+03  2.1143E+03 -6.9956E+02 -2.0947E-01
  1.3000E+01  7.0000E+00  4.9278E+01  0.0000E+00  6.2574E+01 -3.1508E-01 -3.1970E-01  4.9278E+01  5.2503E+01 -3.2251E+00 -3.3924E-01
  1.3000E+01  8.0000E+00  7.6058E+01  0.0000E+00  9.5624E+01 -4.5384E-01 -4.6144E-01  7.6058E+01  7.8803E+01 -2.7446E+00 -4.9237E-01
  1.3000E+01  9.0000E+00  1.4878E+02  0.0000E+00  1.4145E+02  1.6303E-01  1.5143E-01  1.4878E+02  1.1465E+02  3.4130E+01  1.2195E-01
  1.3000E+01  1.0000E+01  1.1859E+02  0.0000E+00  2.0306E+02 -1.7479E+00 -1.7641E+00  1.1859E+02  1.6208E+02 -4.3488E+01 -1.8919E+00
  1.3000E+01  1.1000E+01  2.0243E+02  0.0000E+00  2.8353E+02 -1.5016E+00 -1.5216E+00  2.0243E+02  2.2313E+02 -2.0699E+01 -1.6921E+00
  1.3000E+01  1.4000E+01  5.6855E+02  0.0000E+00  6.6707E+02 -1.0792E+00 -1.0780E+00  5.6855E+02  5.0625E+02  6.2302E+01 -1.3102E+00
  1.3000E+01  1.5000E+01  1.0068E+03  0.0000E+00  8.5025E+02  1.4018E+00  1.4304E+00  1.0068E+03  6.3865E+02  3.6810E+02  1.7126E+00
  1.3000E+01  1.6000E+01  1.0851E+03  0.0000E+00  1.0637E+03  1.5681E-01  2.2562E-01  1.0851E+03  7.9145E+02  2.9364E+02  2.6495E-01
  1.3000E+01  1.7000E+01  1.4921E+03  0.0000E+00  1.3082E+03  1.1159E+00  1.2375E+00  1.4921E+03  9.6482E+02  5.2724E+02  1.5274E+00
  1.4000E+01  1.1000E+01  6.9900E+01  0.0000E+00  1.4022E+02 -1.5665E+00 -1.7272E+00  6.9900E+01  2.2313E+02 -1.5323E+02 -1.5776E+00
  1.4000E+01  1.4000E+01  2.4218E+02  0.0000E+00  2.9651E+02 -9.8713E-01 -1.3581E+00  2.4218E+02  5.0625E+02 -2.6406E+02 -9.8721E-01
  1.4000E+01  1.5000E+01  3.7053E+02  0.0000E+00  3.6667E+02  6.3345E-02 -3.9949E-01  3.7053E+02  6.3865E+02 -2.6811E+02 -2.8395E-01
  1.4000E+01  1.6000E+01  4.0819E+02  0.0000E+00  4.4610E+02 -5.5427E-01 -1.1178E+00  4.0819E+02  7.9145E+02 -3.8327E+02 -7.1973E-01
  1.4000E+01  1.7000E+01  5.2224E+02  0.0000E+00  5.3465E+02 -1.6063E-01 -8.3198E-01  5.2224E+02  9.6482E+02 -4.4258E+02 -5.2921E-01
  1.4000E+01  1.8000E+01  6.1625E+02  0.0000E+00  6.3193E+02 -1.7919E-01 -9.6400E-01  6.1625E+02  1.1584E+03 -5.4218E+02 -5.9842E-01
  1.4000E+01  2.1000E+01  1.1427E+03  0.0000E+00  9.6996E+02  1.3785E+00  2.3486E-01  1.1427E+03  1.8512E+03 -7.0846E+02 -2.2994E-02
  1.5000E+01  4.0000E+00  3.4157E+01  0.0000E+00  1.8803E+01  3.6937E-01  4.0251E-01  3.4157E+01  1.2540E+01  2.1618E+01  4.1031E-01
  1.5000E+01  7.0000E+00  1.5356E+02  0.0000E+00  9.9027E+01  1.2617E+00  1.5325E+00  1.5356E+02  5.2503E+01  1.0106E+02  1.6941E+00
  1.5000E+01  8.0000E+00  2.4071E+02  0.0000E+00  1.5862E+02  1.7928E+00  2.2643E+00  2.4071E+02  7.8803E+01  1.6191E+02  2.6432E+00
  1.5000E+01  9.0000E+00  2.7921E+02  0.0000E+00  2.4507E+02  6.6776E-01  1.4365E+00  2.7921E+02  1.1465E+02  1.6456E+02  1.9930E+00
  1.5000E+01  1.0000E+01  4.2300E+02  0.0000E+00  3.6620E+02  9.3185E-01  2.1065E+00  4.2300E+02  1.6208E+02  2.6092E+02  3.1600E+00
  1.5000E+01  1.1000E+01  4.2466E+02  0.0000E+00  5.3062E+02 -1.3787E+00  3.0835E-01  4.2466E+02  2.2313E+02  2.0154E+02  7.3851E-01
  1.6000E+01  7.0000E+00  6.7362E+01  0.0000E+00  6.2153E+01  1.2345E-01  1.1881E-01  6.7362E+01  5.2503E+01  1.4859E+01  1.0620E-01
  1.6000E+01  8.0000E+00  7.3277E+01  0.0000E+00  9.4915E+01 -5.0218E-01 -5.0955E-01  7.3277E+01  7.8803E+01 -5.5257E+00 -5.3329E-01
  1.6000E+01  9.0000E+00  8.1923E+01  0.0000E+00  1.4032E+02 -1.3008E+00 -1.3112E+00  8.1923E+01  1.1465E+02 -3.2728E+01 -1.3661E+00
  1.6000E+01  1.0000E+01  1.4119E+02  0.0000E+00  2.0131E+02 -1.2468E+00 -1.2594E+00  1.4119E+02  1.6208E+02 -2.0886E+01 -1.3450E+00
  1.6000E+01  1.1000E+01  2.9142E+02  0.0000E+00  2.8093E+02  1.9486E-01  1.8362E-01  2.9142E+02  2.2313E+02  6.8289E+01  1.7086E-01
  1.6000E+01  1.4000E+01  7.1939E+02  0.0000E+00  6.6004E+02  6.5563E-01  7.0004E-01  7.1939E+02  5.0625E+02  2.1314E+02  8.0914E-01
  1.6000E+01  1.5000E+01  8.9126E+02  0.0000E+00  8.4094E+02  4.5499E-01  5.4099E-01  8.9126E+02  6.3865E+02  2.5261E+02  6.3834E-01
  1.6000E+01  1.6000E+01  1.0261E+03  0.0000E+00  1.0517E+03 -1.8993E-01 -5.0717E-02  1.0261E+03  7.9145E+02  2.3467E+02 -6.8501E-02
  1.6000E+01  1.7000E+01  1.3878E+03  0.0000E+00  1.2930E+03  5.8176E-01  7.8472E-01  1.3878E+03  9.6482E+02  4.2295E+02  9.5684E-01
  1.7000E+01  9.0000E+00  9.5995E+01  0.0000E+00  1.4078E+02 -9.9714E-01 -9.3724E-01  9.5995E+01  1.1465E+02 -1.8656E+01 -9.6505E-01
  1.7000E+01  1.0000E+01  2.6843E+02  0.0000E+00  2.0202E+02  1.3761E+00  1.4670E+00  2.6843E+02  1.6208E+02  1.0635E+02  1.5354E+00
  1.7000E+01  1.1000E+01  3.7577E+02  0.0000E+00  2.8199E+02  1.7403E+00  1.8722E+00  3.7577E+02  2.2313E+02  1.5265E+02  2.0236E+00
  1.7000E+01  1.4000E+01  6.3909E+02  0.0000E+00  6.6290E+02 -2.6212E-01  4.9968E-02  6.3909E+02  5.0625E+02  1.3284E+02  6.0813E-02
  1.7000E+01  1.5000E+01  9.2436E+02  0.0000E+00  8.4473E+02  7.1726E-01  1.1049E+00  9.2436E+02  6.3865E+02  2.8571E+02  1.3295E+00
  1.7000E+01  1.6000E+01  8.8997E+02  0.0000E+00  1.0566E+03 -1.2314E+00 -7.6254E-01  8.8997E+02  7.9145E+02  9.8521E+01 -9.3649E-01
  1.7000E+01  1.7000E+01  1.2785E+03  0.0000E+00  1.2991E+03 -1.2587E-01  4.2876E-01  1.2785E+03  9.6482E+02  3.1372E+02  5.1485E-01
  1.8000E+01  9.0000E+00  7.0744E+01  0.0000E+00  9.9339E+01 -6.6136E-01 -7.1483E-01  7.0744E+01  1.1465E+02 -4.3906E+01 -6.9024E-01
  1.8000E+01  1.0000E+01  9.4620E+01  0.0000E+00  1.3897E+02 -9.8933E-01 -1.0690E+00  9.4620E+01  1.6208E+02 -6.7459E+01 -1.0183E+00
  1.8000E+01  1.1000E+01  1.1829E+02  0.0000E+00  1.8947E+02 -1.4987E+00 -1.6127E+00  1.1829E+02  2.2313E+02 -1.0484E+02 -1.5062E+00
  1.8000E+01  1.4000E+01  3.2642E+02  0.0000E+00  4.1938E+02 -1.4117E+00 -1.6778E+00  3.2642E+02  5.0625E+02 -1.7983E+02 -1.4044E+00
  1.8000E+01  1.5000E+01  4.7725E+02  0.0000E+00  5.2535E+02 -6.3038E-01 -9.5969E-01  4.7725E+02  6.3865E+02 -1.6140E+02 -7.6733E-01
  1.8000E+01  1.6000E+01  6.1731E+02  0.0000E+00  6.4684E+02 -3.3150E-01 -7.2727E-01  6.1731E+02  7.9145E+02 -1.7415E+02 -5.6635E-01
  1.8000E+01  1.7000E+01  8.4731E+02  0.0000E+00  7.8383E+02  6.0943E-01  1.4566E-01  8.4731E+02  9.6482E+02 -1.1751E+02  1.2161E-01
  1.8000E+01  1.8000E+01  1.1687E+03  0.0000E+00  9.3593E+02  1.9169E+00  1.3850E+00  1.1687E+03  1.1584E+03  1.0215E+01  1.0602E+00
  1.9000E+01  9.0000E+00  1.0573E+02  0.0000E+00  1.2230E+02 -3.7578E-01 -3.7373E-01  1.0573E+02  1.1465E+02 -8.9248E+00 -3.7830E-01
  1.9000E+01  1.0000E+01  1.9345E+02  0.0000E+00  1.7371E+02  4.2367E-01  4.2798E-01  1.9345E+02  1.6208E+02  3.1369E+01  4.3057E-01
  1.9000E+01  1.1000E+01  2.4754E+02  0.0000E+00  2.4018E+02  1.4489E-01  1.5365E-01  2.4754E+02  2.2313E+02  2.4410E+01  1.5367E-01
  1.9000E+01  1.4000E+01  6.6064E+02  0.0000E+00  5.5105E+02  1.3880E+00  1.4324E+00  6.6064E+02  5.0625E+02  1.5440E+02  1.4706E+00
  1.9000E+01  1.5000E+01  6.7733E+02  0.0000E+00  6.9737E+02 -2.1182E-01 -1.4798E-01  6.7733E+02  6.3865E+02  3.8683E+01 -1.5263E-01
  1.9000E+01  1.6000E+01  8.4411E+02  0.0000E+00  8.6675E+02 -1.9947E-01 -1.1331E-01  8.4411E+02  7.9145E+02  5.2655E+01 -1.1560E-01
  1.9000E+01  1.7000E+01  1.0202E+03  0.0000E+00  1.0595E+03 -2.8909E-01 -1.7856E-01  1.0202E+03  9.6482E+02  5.5431E+01 -1.8075E-01
  1.9000E+01  1.8000E+01  1.2579E+03  0.0000E+00  1.2752E+03 -1.0762E-01  2.8679E-02  1.2579E+03  1.1584E+03  9.9495E+01  3.1701E-02
  2.0000E+01  7.0000E+00  6.8877E+01  0.0000E+00  6.5526E+01  7.9282E-02  1.3663E-01  6.8877E+01  5.2503E+01  1.6374E+01  1.3595E-01
  2.0000E+01  8.0000E+00  1.1392E+02  0.0000E+00  1.0061E+02  3.0751E-01  4.0344E-01  1.1392E+02  7.8803E+01  3.5115E+01  4.1073E-01
  2.0000E+01  9.0000E+00  1.3339E+02  0.0000E+00  1.4948E+02 -3.5506E-01 -2.0385E-01  1.3339E+02  1.1465E+02  1.8735E+01 -2.0532E-01
  2.0000E+01  1.0000E+01  2.1320E+02  0.0000E+00  2.1545E+02 -4.5784E-02  1.7883E-01  2.1320E+02  1.6208E+02  5.1122E+01  2.0263E-01
  2.0000E+01  1.1000E+01  4.5050E+02  0.0000E+00  3.0195E+02  2.6778E+00  2.9926E+00  4.5050E+02  2.2313E+02  2.2737E+02  3.3471E+00
  2.0000E+01  1.4000E+01  8.4285E+02  0.0000E+00  7.1722E+02  1.2982E+00  1.9458E+00  8.4285E+02  5.0625E+02  3.3661E+02  2.4609E+00
  2.0000E+01  1.5000E+01  1.0696E+03  0.0000E+00  9.1663E+02  1.2836E+00  2.0524E+00  1.0696E+03  6.3865E+02  4.3098E+02  2.6504E+00
  2.0000E+01  1.6000E+01  1.0833E+03  0.0000E+00  1.1497E+03 -4.5371E-01  4.3803E-01  1.0833E+03  7.9145E+02  2.9190E+02  5.5720E-01
  2.0000E+01  1.7000E+01  1.1068E+03  0.0000E+00  1.4171E+03 -1.7469E+00 -7.3173E-01  1.1068E+03  9.6482E+02  1.4194E+02 -1.0186E+00
  2.0000E+01  1.8000E+01  1.2896E+03  0.0000E+00  1.7190E+03 -2.0101E+00 -8.7213E-01  1.2896E+03  1.1584E+03  1.3117E+02 -1.2429E+00
