TABLE NO.  2
 ID          KA          CL          V           ETA1        ETA2        ETA3
  1.0000E+00  7.9103E-01  4.3281E+00  5.4687E+01 -3.0685E-01  1.0384E-01  9.2442E-02
  1.0000E+00  7.9103E-01  4.3281E+00  5.4687E+01 -3.0685E-01  1.0384E-01  9.2442E-02
  1.0000E+00  7.9103E-01  4.3281E+00  5.4687E+01 -3.0685E-01  1.0384E-01  9.2442E-02
  1.0000E+00  7.9103E-01  4.3281E+00  5.4687E+01 -3.0685E-01  1.0384E-01  9.2442E-02
  1.0000E+00  7.9103E-01  4.3281E+00  5.4687E+01 -3.0685E-01  1.0384E-01  9.2442E-02
  1.0000E+00  7.9103E-01  4.3281E+00  5.4687E+01 -3.0685E-01  1.0384E-01  9.2442E-02
  1.0000E+00  7.9103E-01  4.3281E+00  5.4687E+01 -3.0685E-01  1.0384E-01  9.2442E-02
  1.0000E+00  7.9103E-01  4.3281E+00  5.4687E+01 -3.0685E-01  1.0384E-01  9.2442E-02
  1.0000E+00  7.9103E-01  4.3281E+00  5.4687E+01 -3.0685E-01  1.0384E-01  9.2442E-02
  1.0000E+00  7.9103E-01  4.3281E+00  5.4687E+01 -3.0685E-01  1.0384E-01  9.2442E-02
  1.0000E+00  7.9103E-01  4.3281E+00  5.4687E+01 -3.0685E-01  1.0384E-01  9.2442E-02
  1.0000E+00  7.9103E-01  4.3281E+00  5.4687E+01 -3.0685E-01  1.0384E-01  9.2442E-02
  1.0000E+00  7.9103E-01  4.3281E+00  5.4687E+01 -3.0685E-01  1.0384E-01  9.2442E-02
  1.0000E+00  7.9103E-01  4.3281E+00  5.4687E+01 -3.0685E-01  1.0384E-01  9.2442E-02
  1.0000E+00  7.9103E-01  4.3281E+00  5.4687E+01 -3.0685E-01  1.0384E-01  9.2442E-02
  1.0000E+00  7.9103E-01  4.3281E+00  5.4687E+01 -3.0685E-01  1.0384E-01  9.2442E-02
  1.0000E+00  7.9103E-01  4.3281E+00  5.4687E+01 -3.0685E-01  1.0384E-01  9.2442E-02
  1.0000E+00  7.9103E-01  4.3281E+00  5.4687E+01 -3.0685E-01  1.0384E-01  9.2442E-02
  1.0000E+00  7.9103E-01  4.3281E+00  5.4687E+01 -3.0685E-01  1.0384E-01  9.2442E-02
  1.0000E+00  7.9103E-01  4.3281E+00  5.4687E+01 -3.0685E-01  1.0384E-01  9.2442E-02
  1.0000E+00  7.9103E-01  4.3281E+00  5.4687E+01 -3.0685E-01  1.0384E-01  9.2442E-02
  1.0000E+00  7.9103E-01  4.3281E+00  5.4687E+01 -3.0685E-01  1.0384E-01  9.2442E-02
  1.0000E+00  7.9103E-01  4.3281E+00  5.4687E+01 -3.0685E-01  1.0384E-01  9.2442E-02
  2.0000E+00  8.6085E-01  4.4728E+00  5.0846E+01 -2.2227E-01  1.3675E-01  1.9622E-02
  2.0000E+00  8.6085E-01  4.4728E+00  5.0846E+01 -2.2227E-01  1.3675E-01  1.9622E-02
  2.0000E+00  8.6085E-01  4.4728E+00  5.0846E+01 -2.2227E-01  1.3675E-01  1.9622E-02
  2.0000E+00  8.6085E-01  4.4728E+00  5.0846E+01 -2.2227E-01  1.3675E-01  1.9622E-02
  2.0000E+00  8.6085E-01  4.4728E+00  5.0846E+01 -2.2227E-01  1.3675E-01  1.9622E-02
  2.0000E+00  8.6085E-01  4.4728E+00  5.0846E+01 -2.2227E-01  1.3675E-01  1.9622E-02
  2.0000E+00  8.6085E-01  4.4728E+00  5.0846E+01 -2.2227E-01  1.3675E-01  1.9622E-02
  2.0000E+00  8.6085E-01  4.4728E+00  5.0846E+01 -2.2227E-01  1.3675E-01  1.9622E-02
  2.0000E+00  8.6085E-01  4.4728E+00  5.0846E+01 -2.2227E-01  1.3675E-01  1.9622E-02
  2.0000E+00  8.6085E-01  4.4728E+00  5.0846E+01 -2.2227E-01  1.3675E-01  1.9622E-02
  2.0000E+00  8.6085E-01  4.4728E+00  5.0846E+01 -2.2227E-01  1.3675E-01  1.9622E-02
  2.0000E+00  8.6085E-01  4.4728E+00  5.0846E+01 -2.2227E-01  1.3675E-01  1.9622E-02
  2.0000E+00  8.6085E-01  4.4728E+00  5.0846E+01 -2.2227E-01  1.3675E-01  1.9622E-02
  2.0000E+00  8.6085E-01  4.4728E+00  5.0846E+01 -2.2227E-01  1.3675E-01  1.9622E-02
  2.0000E+00  8.6085E-01  4.4728E+00  5.0846E+01 -2.2227E-01  1.3675E-01  1.9622E-02
  2.0000E+00  8.6085E-01  4.4728E+00  5.0846E+01 -2.2227E-01  1.3675E-01  1.9622E-02
  2.0000E+00  8.6085E-01  4.4728E+00  5.0846E+01 -2.2227E-01  1.3675E-01  1.9622E-02
  2.0000E+00  8.6085E-01  4.4728E+00  5.0846E+01 -2.2227E-01  1.3675E-01  1.9622E-02
  2.0000E+00  8.6085E-01  4.4728E+00  5.0846E+01 -2.2227E-01  1.3675E-01  1.9622E-02
  2.0000E+00  8.6085E-01  4.4728E+00  5.0846E+01 -2.2227E-01  1.3675E-01  1.9622E-02
  2.0000E+00  8.6085E-01  4.4728E+00  5.0846E+01 -2.2227E-01  1.3675E-01  1.9622E-02
  2.0000E+00  8.6085E-01  4.4728E+00  5.0846E+01 -2.2227E-01  1.3675E-01  1.9622E-02
  2.0000E+00  8.6085E-01  4.4728E+00  5.0846E+01 -2.2227E-01  1.3675E-01  1.9622E-02
  3.0000E+00  1.0697E+00  2.0525E+00  4.3817E+01 -5.0955E-03 -6.4222E-01 -1.2915E-01
  3.0000E+00  1.0697E+00  2.0525E+00  4.3817E+01 -5.0955E-03 -6.4222E-01 -1.2915E-01
  3.0000E+00  1.0697E+00  2.0525E+00  4.3817E+01 -5.0955E-03 -6.4222E-01 -1.2915E-01
  3.0000E+00  1.0697E+00  2.0525E+00  4.3817E+01 -5.0955E-03 -6.4222E-01 -1.2915E-01
  3.0000E+00  1.0697E+00  2.0525E+00  4.3817E+01 -5.0955E-03 -6.4222E-01 -1.2915E-01
  3.0000E+00  1.0697E+00  2.0525E+00  4.3817E+01 -5.0955E-03 -6.4222E-01 -1.2915E-01
  3.0000E+00  1.0697E+00  2.0525E+00  4.3817E+01 -5.0955E-03 -6.4222E-01 -1.2915E-01
  3.0000E+00  1.0697E+00  2.0525E+00  4.3817E+01 -5.0955E-03 -6.4222E-01 -1.2915E-01
  3.0000E+00  1.0697E+00  2.0525E+00  4.3817E+01 -5.0955E-03 -6.4222E-01 -1.2915E-01
  3.0000E+00  1.0697E+00  2.0525E+00  4.3817E+01 -5.0955E-03 -6.4222E-01 -1.2915E-01
  3.0000E+00  1.0697E+00  2.0525E+00  4.3817E+01 -5.0955E-03 -6.4222E-01 -1.2915E-01
  3.0000E+00  1.0697E+00  2.0525E+00  4.3817E+01 -5.0955E-03 -6.4222E-01 -1.2915E-01
  3.0000E+00  1.0697E+00  2.0525E+00  4.3817E+01 -5.0955E-03 -6.4222E-01 -1.2915E-01
  3.0000E+00  1.0697E+00  2.0525E+00  4.3817E+01 -5.0955E-03 -6.4222E-01 -1.2915E-01
  3.0000E+00  1.0697E+00  2.0525E+00  4.3817E+01 -5.0955E-03 -6.4222E-01 -1.2915E-01
  3.0000E+00  1.0697E+00  2.0525E+00  4.3817E+01 -5.0955E-03 -6.4222E-01 -1.2915E-01
  3.0000E+00  1.0697E+00  2.0525E+00  4.3817E+01 -5.0955E-03 -6.4222E-01 -1.2915E-01
  3.0000E+00  1.0697E+00  2.0525E+00  4.3817E+01 -5.0955E-03 -6.4222E-01 -1.2915E-01
  3.0000E+00  1.0697E+00  2.0525E+00  4.3817E+01 -5.0955E-03 -6.4222E-01 -1.2915E-01
  3.0000E+00  1.0697E+00  2.0525E+00  4.3817E+01 -5.0955E-03 -6.4222E-01 -1.2915E-01
  3.0000E+00  1.0697E+00  2.0525E+00  4.3817E+01 -5.0955E-03 -6.4222E-01 -1.2915E-01
  3.0000E+00  1.0697E+00  2.0525E+00  4.3817E+01 -5.0955E-03 -6.4222E-01 -1.2915E-01
  3.0000E+00  1.0697E+00  2.0525E+00  4.3817E+01 -5.0955E-03 -6.4222E-01 -1.2915E-01
  4.0000E+00  7.9530E-01  3.4476E+00  5.9533E+01 -3.0147E-01 -1.2358E-01  1.7736E-01
  4.0000E+00  7.9530E-01  3.4476E+00  5.9533E+01 -3.0147E-01 -1.2358E-01  1.7736E-01
  4.0000E+00  7.9530E-01  3.4476E+00  5.9533E+01 -3.0147E-01 -1.2358E-01  1.7736E-01
  4.0000E+00  7.9530E-01  3.4476E+00  5.9533E+01 -3.0147E-01 -1.2358E-01  1.7736E-01
  4.0000E+00  7.9530E-01  3.4476E+00  5.9533E+01 -3.0147E-01 -1.2358E-01  1.7736E-01
  4.0000E+00  7.9530E-01  3.4476E+00  5.9533E+01 -3.0147E-01 -1.2358E-01  1.7736E-01
  4.0000E+00  7.9530E-01  3.4476E+00  5.9533E+01 -3.0147E-01 -1.2358E-01  1.7736E-01
  4.0000E+00  7.9530E-01  3.4476E+00  5.9533E+01 -3.0147E-01 -1.2358E-01  1.7736E-01
  4.0000E+00  7.9530E-01  3.4476E+00  5.9533E+01 -3.0147E-01 -1.2358E-01  1.7736E-01
  4.0000E+00  7.9530E-01  3.4476E+00  5.9533E+01 -3.0147E-01 -1.2358E-01  1.7736E-01
  4.0000E+00  7.9530E-01  3.4476E+00  5.9533E+01 -3.0147E-01 -1.2358E-01  1.7736E-01
  4.0000E+00  7.9530E-01  3.4476E+00  5.9533E+01 -3.0147E-01 -1.2358E-01  1.7736E-01
  4.0000E+00  7.9530E-01  3.4476E+00  5.9533E+01 -3.0147E-01 -1.2358E-01  1.7736E-01
  4.0000E+00  7.9530E-01  3.4476E+00  5.9533E+01 -3.0147E-01 -1.2358E-01  1.7736E-01
  4.0000E+00  7.9530E-01  3.4476E+00  5.9533E+01 -3.0147E-01 -1.2358E-01  1.7736E-01
  4.0000E+00  7.9530E-01  3.4476E+00  5.9533E+01 -3.0147E-01 -1.2358E-01  1.7736E-01
  4.0000E+00  7.9530E-01  3.4476E+00  5.9533E+01 -3.0147E-01 -1.2358E-01  1.7736E-01
  4.0000E+00  7.9530E-01  3.4476E+00  5.9533E+01 -3.0147E-01 -1.2358E-01  1.7736E-01
  4.0000E+00  7.9530E-01  3.4476E+00  5.9533E+01 -3.0147E-01 -1.2358E-01  1.7736E-01
  4.0000E+00  7.9530E-01  3.4476E+00  5.9533E+01 -3.0147E-01 -1.2358E-01  1.7736E-01
  4.0000E+00  7.9530E-01  3.4476E+00  5.9533E+01 -3.0147E-01 -1.2358E-01  1.7736E-01
  4.0000E+00  7.9530E-01  3.4476E+00  5.9533E+01 -3.0147E-01 -1.2358E-01  1.7736E-01
  4.0000E+00  7.9530E-01  3.4476E+00  5.9533E+01 -3.0147E-01 -1.2358E-01  1.7736E-01
  5.0000E+00  1.3514E+00  6.3074E+00  5.1761E+01  2.2871E-01  4.8045E-01  3.7454E-02
  5.0000E+00  1.3514E+00  6.3074E+00  5.1761E+01  2.2871E-01  4.8045E-01  3.7454E-02
  5.0000E+00  1.3514E+00  6.3074E+00  5.1761E+01  2.2871E-01  4.8045E-01  3.7454E-02
  5.0000E+00  1.3514E+00  6.3074E+00  5.1761E+01  2.2871E-01  4.8045E-01  3.7454E-02
  5.0000E+00  1.3514E+00  6.3074E+00  5.1761E+01  2.2871E-01  4.8045E-01  3.7454E-02
  5.0000E+00  1.3514E+00  6.3074E+00  5.1761E+01  2.2871E-01  4.8045E-01  3.7454E-02
  5.0000E+00  1.3514E+00  6.3074E+00  5.1761E+01  2.2871E-01  4.8045E-01  3.7454E-02
  5.0000E+00  1.3514E+00  6.3074E+00  5.1761E+01  2.2871E-01  4.8045E-01  3.7454E-02
  5.0000E+00  1.3514E+00  6.3074E+00  5.1761E+01  2.2871E-01  4.8045E-01  3.7454E-02
  5.0000E+00  1.3514E+00  6.3074E+00  5.1761E+01  2.2871E-01  4.8045E-01  3.7454E-02
  5.0000E+00  1.3514E+00  6.3074E+00  5.1761E+01  2.2871E-01  4.8045E-01  3.7454E-02
  5.0000E+00  1.3514E+00  6.3074E+00  5.1761E+01  2.2871E-01  4.8045E-01  3.7454E-02
  5.0000E+00  1.3514E+00  6.3074E+00  5.1761E+01  2.2871E-01  4.8045E-01  3.7454E-02
  5.0000E+00  1.3514E+00  6.3074E+00  5.1761E+01  2.2871E-01  4.8045E-01  3.7454E-02
  5.0000E+00  1.3514E+00  6.3074E+00  5.1761E+01  2.2871E-01  4.8045E-01  3.7454E-02
  5.0000E+00  1.3514E+00  6.3074E+00  5.1761E+01  2.2871E-01  4.8045E-01  3.7454E-02
  5.0000E+00  1.3514E+00  6.3074E+00  5.1761E+01  2.2871E-01  4.8045E-01  3.7454E-02
  5.0000E+00  1.3514E+00  6.3074E+00  5.1761E+01  2.2871E-01  4.8045E-01  3.7454E-02
  5.0000E+00  1.3514E+00  6.3074E+00  5.1761E+01  2.2871E-01  4.8045E-01  3.7454E-02
  5.0000E+00  1.3514E+00  6.3074E+00  5.1761E+01  2.2871E-01  4.8045E-01  3.7454E-02
  5.0000E+00  1.3514E+00  6.3074E+00  5.1761E+01  2.2871E-01  4.8045E-01  3.7454E-02
  5.0000E+00  1.3514E+00  6.3074E+00  5.1761E+01  2.2871E-01  4.8045E-01  3.7454E-02
  5.0000E+00  1.3514E+00  6.3074E+00  5.1761E+01  2.2871E-01  4.8045E-01  3.7454E-02
  6.0000E+00  1.2871E+00  4.4580E+00  3.5184E+01  1.8000E-01  1.3343E-01 -3.4859E-01
  6.0000E+00  1.2871E+00  4.4580E+00  3.5184E+01  1.8000E-01  1.3343E-01 -3.4859E-01
  6.0000E+00  1.2871E+00  4.4580E+00  3.5184E+01  1.8000E-01  1.3343E-01 -3.4859E-01
  6.0000E+00  1.2871E+00  4.4580E+00  3.5184E+01  1.8000E-01  1.3343E-01 -3.4859E-01
  6.0000E+00  1.2871E+00  4.4580E+00  3.5184E+01  1.8000E-01  1.3343E-01 -3.4859E-01
  6.0000E+00  1.2871E+00  4.4580E+00  3.5184E+01  1.8000E-01  1.3343E-01 -3.4859E-01
  6.0000E+00  1.2871E+00  4.4580E+00  3.5184E+01  1.8000E-01  1.3343E-01 -3.4859E-01
  6.0000E+00  1.2871E+00  4.4580E+00  3.5184E+01  1.8000E-01  1.3343E-01 -3.4859E-01
  6.0000E+00  1.2871E+00  4.4580E+00  3.5184E+01  1.8000E-01  1.3343E-01 -3.4859E-01
  6.0000E+00  1.2871E+00  4.4580E+00  3.5184E+01  1.8000E-01  1.3343E-01 -3.4859E-01
  6.0000E+00  1.2871E+00  4.4580E+00  3.5184E+01  1.8000E-01  1.3343E-01 -3.4859E-01
  6.0000E+00  1.2871E+00  4.4580E+00  3.5184E+01  1.8000E-01  1.3343E-01 -3.4859E-01
  6.0000E+00  1.2871E+00  4.4580E+00  3.5184E+01  1.8000E-01  1.3343E-01 -3.4859E-01
  6.0000E+00  1.2871E+00  4.4580E+00  3.5184E+01  1.8000E-01  1.3343E-01 -3.4859E-01
  6.0000E+00  1.2871E+00  4.4580E+00  3.5184E+01  1.8000E-01  1.3343E-01 -3.4859E-01
  6.0000E+00  1.2871E+00  4.4580E+00  3.5184E+01  1.8000E-01  1.3343E-01 -3.4859E-01
  6.0000E+00  1.2871E+00  4.4580E+00  3.5184E+01  1.8000E-01  1.3343E-01 -3.4859E-01
  6.0000E+00  1.2871E+00  4.4580E+00  3.5184E+01  1.8000E-01  1.3343E-01 -3.4859E-01
  6.0000E+00  1.2871E+00  4.4580E+00  3.5184E+01  1.8000E-01  1.3343E-01 -3.4859E-01
  6.0000E+00  1.2871E+00  4.4580E+00  3.5184E+01  1.8000E-01  1.3343E-01 -3.4859E-01
  6.0000E+00  1.2871E+00  4.4580E+00  3.5184E+01  1.8000E-01  1.3343E-01 -3.4859E-01
  6.0000E+00  1.2871E+00  4.4580E+00  3.5184E+01  1.8000E-01  1.3343E-01 -3.4859E-01
  6.0000E+00  1.2871E+00  4.4580E+00  3.5184E+01  1.8000E-01  1.3343E-01 -3.4859E-01
  7.0000E+00  9.5745E-01  3.9323E+00  5.7056E+01 -1.1591E-01  7.9387E-03  1.3485E-01
  7.0000E+00  9.5745E-01  3.9323E+00  5.7056E+01 -1.1591E-01  7.9387E-03  1.3485E-01
  7.0000E+00  9.5745E-01  3.9323E+00  5.7056E+01 -1.1591E-01  7.9387E-03  1.3485E-01
  7.0000E+00  9.5745E-01  3.9323E+00  5.7056E+01 -1.1591E-01  7.9387E-03  1.3485E-01
  7.0000E+00  9.5745E-01  3.9323E+00  5.7056E+01 -1.1591E-01  7.9387E-03  1.3485E-01
  7.0000E+00  9.5745E-01  3.9323E+00  5.7056E+01 -1.1591E-01  7.9387E-03  1.3485E-01
  7.0000E+00  9.5745E-01  3.9323E+00  5.7056E+01 -1.1591E-01  7.9387E-03  1.3485E-01
  7.0000E+00  9.5745E-01  3.9323E+00  5.7056E+01 -1.1591E-01  7.9387E-03  1.3485E-01
  7.0000E+00  9.5745E-01  3.9323E+00  5.7056E+01 -1.1591E-01  7.9387E-03  1.3485E-01
  7.0000E+00  9.5745E-01  3.9323E+00  5.7056E+01 -1.1591E-01  7.9387E-03  1.3485E-01
  7.0000E+00  9.5745E-01  3.9323E+00  5.7056E+01 -1.1591E-01  7.9387E-03  1.3485E-01
  7.0000E+00  9.5745E-01  3.9323E+00  5.7056E+01 -1.1591E-01  7.9387E-03  1.3485E-01
  7.0000E+00  9.5745E-01  3.9323E+00  5.7056E+01 -1.1591E-01  7.9387E-03  1.3485E-01
  7.0000E+00  9.5745E-01  3.9323E+00  5.7056E+01 -1.1591E-01  7.9387E-03  1.3485E-01
  7.0000E+00  9.5745E-01  3.9323E+00  5.7056E+01 -1.1591E-01  7.9387E-03  1.3485E-01
  7.0000E+00  9.5745E-01  3.9323E+00  5.7056E+01 -1.1591E-01  7.9387E-03  1.3485E-01
  7.0000E+00  9.5745E-01  3.9323E+00  5.7056E+01 -1.1591E-01  7.9387E-03  1.3485E-01
  7.0000E+00  9.5745E-01  3.9323E+00  5.7056E+01 -1.1591E-01  7.9387E-03  1.3485E-01
  7.0000E+00  9.5745E-01  3.9323E+00  5.7056E+01 -1.1591E-01  7.9387E-03  1.3485E-01
  7.0000E+00  9.5745E-01  3.9323E+00  5.7056E+01 -1.1591E-01  7.9387E-03  1.3485E-01
  7.0000E+00  9.5745E-01  3.9323E+00  5.7056E+01 -1.1591E-01  7.9387E-03  1.3485E-01
  7.0000E+00  9.5745E-01  3.9323E+00  5.7056E+01 -1.1591E-01  7.9387E-03  1.3485E-01
  7.0000E+00  9.5745E-01  3.9323E+00  5.7056E+01 -1.1591E-01  7.9387E-03  1.3485E-01
  8.0000E+00  8.9841E-01  3.6184E+00  6.2826E+01 -1.7956E-01 -7.5231E-02  2.3119E-01
  8.0000E+00  8.9841E-01  3.6184E+00  6.2826E+01 -1.7956E-01 -7.5231E-02  2.3119E-01
  8.0000E+00  8.9841E-01  3.6184E+00  6.2826E+01 -1.7956E-01 -7.5231E-02  2.3119E-01
  8.0000E+00  8.9841E-01  3.6184E+00  6.2826E+01 -1.7956E-01 -7.5231E-02  2.3119E-01
  8.0000E+00  8.9841E-01  3.6184E+00  6.2826E+01 -1.7956E-01 -7.5231E-02  2.3119E-01
  8.0000E+00  8.9841E-01  3.6184E+00  6.2826E+01 -1.7956E-01 -7.5231E-02  2.3119E-01
  8.0000E+00  8.9841E-01  3.6184E+00  6.2826E+01 -1.7956E-01 -7.5231E-02  2.3119E-01
  8.0000E+00  8.9841E-01  3.6184E+00  6.2826E+01 -1.7956E-01 -7.5231E-02  2.3119E-01
  8.0000E+00  8.9841E-01  3.6184E+00  6.2826E+01 -1.7956E-01 -7.5231E-02  2.3119E-01
  8.0000E+00  8.9841E-01  3.6184E+00  6.2826E+01 -1.7956E-01 -7.5231E-02  2.3119E-01
  8.0000E+00  8.9841E-01  3.6184E+00  6.2826E+01 -1.7956E-01 -7.5231E-02  2.3119E-01
  8.0000E+00  8.9841E-01  3.6184E+00  6.2826E+01 -1.7956E-01 -7.5231E-02  2.3119E-01
  8.0000E+00  8.9841E-01  3.6184E+00  6.2826E+01 -1.7956E-01 -7.5231E-02  2.3119E-01
  8.0000E+00  8.9841E-01  3.6184E+00  6.2826E+01 -1.7956E-01 -7.5231E-02  2.3119E-01
  8.0000E+00  8.9841E-01  3.6184E+00  6.2826E+01 -1.7956E-01 -7.5231E-02  2.3119E-01
  8.0000E+00  8.9841E-01  3.6184E+00  6.2826E+01 -1.7956E-01 -7.5231E-02  2.3119E-01
  8.0000E+00  8.9841E-01  3.6184E+00  6.2826E+01 -1.7956E-01 -7.5231E-02  2.3119E-01
  8.0000E+00  8.9841E-01  3.6184E+00  6.2826E+01 -1.7956E-01 -7.5231E-02  2.3119E-01
  8.0000E+00  8.9841E-01  3.6184E+00  6.2826E+01 -1.7956E-01 -7.5231E-02  2.3119E-01
  8.0000E+00  8.9841E-01  3.6184E+00  6.2826E+01 -1.7956E-01 -7.5231E-02  2.3119E-01
  8.0000E+00  8.9841E-01  3.6184E+00  6.2826E+01 -1.7956E-01 -7.5231E-02  2.3119E-01
  8.0000E+00  8.9841E-01  3.6184E+00  6.2826E+01 -1.7956E-01 -7.5231E-02  2.3119E-01
  8.0000E+00  8.9841E-01  3.6184E+00  6.2826E+01 -1.7956E-01 -7.5231E-02  2.3119E-01
  9.0000E+00  1.0356E+00  4.2265E+00  6.1940E+01 -3.7492E-02  8.0105E-02  2.1698E-01
  9.0000E+00  1.0356E+00  4.2265E+00  6.1940E+01 -3.7492E-02  8.0105E-02  2.1698E-01
  9.0000E+00  1.0356E+00  4.2265E+00  6.1940E+01 -3.7492E-02  8.0105E-02  2.1698E-01
  9.0000E+00  1.0356E+00  4.2265E+00  6.1940E+01 -3.7492E-02  8.0105E-02  2.1698E-01
  9.0000E+00  1.0356E+00  4.2265E+00  6.1940E+01 -3.7492E-02  8.0105E-02  2.1698E-01
  9.0000E+00  1.0356E+00  4.2265E+00  6.1940E+01 -3.7492E-02  8.0105E-02  2.1698E-01
  9.0000E+00  1.0356E+00  4.2265E+00  6.1940E+01 -3.7492E-02  8.0105E-02  2.1698E-01
  9.0000E+00  1.0356E+00  4.2265E+00  6.1940E+01 -3.7492E-02  8.0105E-02  2.1698E-01
  9.0000E+00  1.0356E+00  4.2265E+00  6.1940E+01 -3.7492E-02  8.0105E-02  2.1698E-01
  9.0000E+00  1.0356E+00  4.2265E+00  6.1940E+01 -3.7492E-02  8.0105E-02  2.1698E-01
  9.0000E+00  1.0356E+00  4.2265E+00  6.1940E+01 -3.7492E-02  8.0105E-02  2.1698E-01
  9.0000E+00  1.0356E+00  4.2265E+00  6.1940E+01 -3.7492E-02  8.0105E-02  2.1698E-01
  9.0000E+00  1.0356E+00  4.2265E+00  6.1940E+01 -3.7492E-02  8.0105E-02  2.1698E-01
  9.0000E+00  1.0356E+00  4.2265E+00  6.1940E+01 -3.7492E-02  8.0105E-02  2.1698E-01
  9.0000E+00  1.0356E+00  4.2265E+00  6.1940E+01 -3.7492E-02  8.0105E-02  2.1698E-01
  9.0000E+00  1.0356E+00  4.2265E+00  6.1940E+01 -3.7492E-02  8.0105E-02  2.1698E-01
  9.0000E+00  1.0356E+00  4.2265E+00  6.1940E+01 -3.7492E-02  8.0105E-02  2.1698E-01
  9.0000E+00  1.0356E+00  4.2265E+00  6.1940E+01 -3.7492E-02  8.0105E-02  2.1698E-01
  9.0000E+00  1.0356E+00  4.2265E+00  6.1940E+01 -3.7492E-02  8.0105E-02  2.1698E-01
  9.0000E+00  1.0356E+00  4.2265E+00  6.1940E+01 -3.7492E-02  8.0105E-02  2.1698E-01
  9.0000E+00  1.0356E+00  4.2265E+00  6.1940E+01 -3.7492E-02  8.0105E-02  2.1698E-01
  9.0000E+00  1.0356E+00  4.2265E+00  6.1940E+01 -3.7492E-02  8.0105E-02  2.1698E-01
  9.0000E+00  1.0356E+00  4.2265E+00  6.1940E+01 -3.7492E-02  8.0105E-02  2.1698E-01
  1.0000E+01  1.2059E+00  4.0690E+00  5.5172E+01  1.1481E-01  4.2134E-02  1.0127E-01
  1.0000E+01  1.2059E+00  4.0690E+00  5.5172E+01  1.1481E-01  4.2134E-02  1.0127E-01
  1.0000E+01  1.2059E+00  4.0690E+00  5.5172E+01  1.1481E-01  4.2134E-02  1.0127E-01
  1.0000E+01  1.2059E+00  4.0690E+00  5.5172E+01  1.1481E-01  4.2134E-02  1.0127E-01
  1.0000E+01  1.2059E+00  4.0690E+00  5.5172E+01  1.1481E-01  4.2134E-02  1.0127E-01
  1.0000E+01  1.2059E+00  4.0690E+00  5.5172E+01  1.1481E-01  4.2134E-02  1.0127E-01
  1.0000E+01  1.2059E+00  4.0690E+00  5.5172E+01  1.1481E-01  4.2134E-02  1.0127E-01
  1.0000E+01  1.2059E+00  4.0690E+00  5.5172E+01  1.1481E-01  4.2134E-02  1.0127E-01
  1.0000E+01  1.2059E+00  4.0690E+00  5.5172E+01  1.1481E-01  4.2134E-02  1.0127E-01
  1.0000E+01  1.2059E+00  4.0690E+00  5.5172E+01  1.1481E-01  4.2134E-02  1.0127E-01
  1.0000E+01  1.2059E+00  4.0690E+00  5.5172E+01  1.1481E-01  4.2134E-02  1.0127E-01
  1.0000E+01  1.2059E+00  4.0690E+00  5.5172E+01  1.1481E-01  4.2134E-02  1.0127E-01
  1.0000E+01  1.2059E+00  4.0690E+00  5.5172E+01  1.1481E-01  4.2134E-02  1.0127E-01
  1.0000E+01  1.2059E+00  4.0690E+00  5.5172E+01  1.1481E-01  4.2134E-02  1.0127E-01
  1.0000E+01  1.2059E+00  4.0690E+00  5.5172E+01  1.1481E-01  4.2134E-02  1.0127E-01
  1.0000E+01  1.2059E+00  4.0690E+00  5.5172E+01  1.1481E-01  4.2134E-02  1.0127E-01
  1.0000E+01  1.2059E+00  4.0690E+00  5.5172E+01  1.1481E-01  4.2134E-02  1.0127E-01
  1.0000E+01  1.2059E+00  4.0690E+00  5.5172E+01  1.1481E-01  4.2134E-02  1.0127E-01
  1.0000E+01  1.2059E+00  4.0690E+00  5.5172E+01  1.1481E-01  4.2134E-02  1.0127E-01
  1.0000E+01  1.2059E+00  4.0690E+00  5.5172E+01  1.1481E-01  4.2134E-02  1.0127E-01
  1.0000E+01  1.2059E+00  4.0690E+00  5.5172E+01  1.1481E-01  4.2134E-02  1.0127E-01
  1.0000E+01  1.2059E+00  4.0690E+00  5.5172E+01  1.1481E-01  4.2134E-02  1.0127E-01
  1.0000E+01  1.2059E+00  4.0690E+00  5.5172E+01  1.1481E-01  4.2134E-02  1.0127E-01
  1.1000E+01  1.1379E+00  6.9969E+00  4.5310E+01  5.6784E-02  5.8420E-01 -9.5643E-02
  1.1000E+01  1.1379E+00  6.9969E+00  4.5310E+01  5.6784E-02  5.8420E-01 -9.5643E-02
  1.1000E+01  1.1379E+00  6.9969E+00  4.5310E+01  5.6784E-02  5.8420E-01 -9.5643E-02
  1.1000E+01  1.1379E+00  6.9969E+00  4.5310E+01  5.6784E-02  5.8420E-01 -9.5643E-02
  1.1000E+01  1.1379E+00  6.9969E+00  4.5310E+01  5.6784E-02  5.8420E-01 -9.5643E-02
  1.1000E+01  1.1379E+00  6.9969E+00  4.5310E+01  5.6784E-02  5.8420E-01 -9.5643E-02
  1.1000E+01  1.1379E+00  6.9969E+00  4.5310E+01  5.6784E-02  5.8420E-01 -9.5643E-02
  1.1000E+01  1.1379E+00  6.9969E+00  4.5310E+01  5.6784E-02  5.8420E-01 -9.5643E-02
  1.1000E+01  1.1379E+00  6.9969E+00  4.5310E+01  5.6784E-02  5.8420E-01 -9.5643E-02
  1.1000E+01  1.1379E+00  6.9969E+00  4.5310E+01  5.6784E-02  5.8420E-01 -9.5643E-02
  1.1000E+01  1.1379E+00  6.9969E+00  4.5310E+01  5.6784E-02  5.8420E-01 -9.5643E-02
  1.1000E+01  1.1379E+00  6.9969E+00  4.5310E+01  5.6784E-02  5.8420E-01 -9.5643E-02
  1.1000E+01  1.1379E+00  6.9969E+00  4.5310E+01  5.6784E-02  5.8420E-01 -9.5643E-02
  1.1000E+01  1.1379E+00  6.9969E+00  4.5310E+01  5.6784E-02  5.8420E-01 -9.5643E-02
  1.1000E+01  1.1379E+00  6.9969E+00  4.5310E+01  5.6784E-02  5.8420E-01 -9.5643E-02
  1.1000E+01  1.1379E+00  6.9969E+00  4.5310E+01  5.6784E-02  5.8420E-01 -9.5643E-02
  1.1000E+01  1.1379E+00  6.9969E+00  4.5310E+01  5.6784E-02  5.8420E-01 -9.5643E-02
  1.1000E+01  1.1379E+00  6.9969E+00  4.5310E+01  5.6784E-02  5.8420E-01 -9.5643E-02
  1.1000E+01  1.1379E+00  6.9969E+00  4.5310E+01  5.6784E-02  5.8420E-01 -9.5643E-02
  1.1000E+01  1.1379E+00  6.9969E+00  4.5310E+01  5.6784E-02  5.8420E-01 -9.5643E-02
  1.1000E+01  1.1379E+00  6.9969E+00  4.5310E+01  5.6784E-02  5.8420E-01 -9.5643E-02
  1.1000E+01  1.1379E+00  6.9969E+00  4.5310E+01  5.6784E-02  5.8420E-01 -9.5643E-02
  1.1000E+01  1.1379E+00  6.9969E+00  4.5310E+01  5.6784E-02  5.8420E-01 -9.5643E-02
  1.2000E+01  9.9892E-01  2.1722E+00  8.1297E+01 -7.3507E-02 -5.8555E-01  4.8892E-01
  1.2000E+01  9.9892E-01  2.1722E+00  8.1297E+01 -7.3507E-02 -5.8555E-01  4.8892E-01
  1.2000E+01  9.9892E-01  2.1722E+00  8.1297E+01 -7.3507E-02 -5.8555E-01  4.8892E-01
  1.2000E+01  9.9892E-01  2.1722E+00  8.1297E+01 -7.3507E-02 -5.8555E-01  4.8892E-01
  1.2000E+01  9.9892E-01  2.1722E+00  8.1297E+01 -7.3507E-02 -5.8555E-01  4.8892E-01
  1.2000E+01  9.9892E-01  2.1722E+00  8.1297E+01 -7.3507E-02 -5.8555E-01  4.8892E-01
  1.2000E+01  9.9892E-01  2.1722E+00  8.1297E+01 -7.3507E-02 -5.8555E-01  4.8892E-01
  1.2000E+01  9.9892E-01  2.1722E+00  8.1297E+01 -7.3507E-02 -5.8555E-01  4.8892E-01
  1.2000E+01  9.9892E-01  2.1722E+00  8.1297E+01 -7.3507E-02 -5.8555E-01  4.8892E-01
  1.2000E+01  9.9892E-01  2.1722E+00  8.1297E+01 -7.3507E-02 -5.8555E-01  4.8892E-01
  1.2000E+01  9.9892E-01  2.1722E+00  8.1297E+01 -7.3507E-02 -5.8555E-01  4.8892E-01
  1.2000E+01  9.9892E-01  2.1722E+00  8.1297E+01 -7.3507E-02 -5.8555E-01  4.8892E-01
  1.2000E+01  9.9892E-01  2.1722E+00  8.1297E+01 -7.3507E-02 -5.8555E-01  4.8892E-01
  1.2000E+01  9.9892E-01  2.1722E+00  8.1297E+01 -7.3507E-02 -5.8555E-01  4.8892E-01
  1.2000E+01  9.9892E-01  2.1722E+00  8.1297E+01 -7.3507E-02 -5.8555E-01  4.8892E-01
  1.2000E+01  9.9892E-01  2.1722E+00  8.1297E+01 -7.3507E-02 -5.8555E-01  4.8892E-01
  1.2000E+01  9.9892E-01  2.1722E+00  8.1297E+01 -7.3507E-02 -5.8555E-01  4.8892E-01
  1.2000E+01  9.9892E-01  2.1722E+00  8.1297E+01 -7.3507E-02 -5.8555E-01  4.8892E-01
  1.2000E+01  9.9892E-01  2.1722E+00  8.1297E+01 -7.3507E-02 -5.8555E-01  4.8892E-01
  1.2000E+01  9.9892E-01  2.1722E+00  8.1297E+01 -7.3507E-02 -5.8555E-01  4.8892E-01
  1.2000E+01  9.9892E-01  2.1722E+00  8.1297E+01 -7.3507E-02 -5.8555E-01  4.8892E-01
  1.2000E+01  9.9892E-01  2.1722E+00  8.1297E+01 -7.3507E-02 -5.8555E-01  4.8892E-01
  1.2000E+01  9.9892E-01  2.1722E+00  8.1297E+01 -7.3507E-02 -5.8555E-01  4.8892E-01
  1.3000E+01  1.3374E+00  3.3181E+00  2.9704E+01  2.1833E-01 -1.6187E-01 -5.1789E-01
  1.3000E+01  1.3374E+00  3.3181E+00  2.9704E+01  2.1833E-01 -1.6187E-01 -5.1789E-01
  1.3000E+01  1.3374E+00  3.3181E+00  2.9704E+01  2.1833E-01 -1.6187E-01 -5.1789E-01
  1.3000E+01  1.3374E+00  3.3181E+00  2.9704E+01  2.1833E-01 -1.6187E-01 -5.1789E-01
  1.3000E+01  1.3374E+00  3.3181E+00  2.9704E+01  2.1833E-01 -1.6187E-01 -5.1789E-01
  1.3000E+01  1.3374E+00  3.3181E+00  2.9704E+01  2.1833E-01 -1.6187E-01 -5.1789E-01
  1.3000E+01  1.3374E+00  3.3181E+00  2.9704E+01  2.1833E-01 -1.6187E-01 -5.1789E-01
  1.3000E+01  1.3374E+00  3.3181E+00  2.9704E+01  2.1833E-01 -1.6187E-01 -5.1789E-01
  1.3000E+01  1.3374E+00  3.3181E+00  2.9704E+01  2.1833E-01 -1.6187E-01 -5.1789E-01
  1.3000E+01  1.3374E+00  3.3181E+00  2.9704E+01  2.1833E-01 -1.6187E-01 -5.1789E-01
  1.3000E+01  1.3374E+00  3.3181E+00  2.9704E+01  2.1833E-01 -1.6187E-01 -5.1789E-01
  1.3000E+01  1.3374E+00  3.3181E+00  2.9704E+01  2.1833E-01 -1.6187E-01 -5.1789E-01
  1.3000E+01  1.3374E+00  3.3181E+00  2.9704E+01  2.1833E-01 -1.6187E-01 -5.1789E-01
  1.3000E+01  1.3374E+00  3.3181E+00  2.9704E+01  2.1833E-01 -1.6187E-01 -5.1789E-01
  1.3000E+01  1.3374E+00  3.3181E+00  2.9704E+01  2.1833E-01 -1.6187E-01 -5.1789E-01
  1.3000E+01  1.3374E+00  3.3181E+00  2.9704E+01  2.1833E-01 -1.6187E-01 -5.1789E-01
  1.3000E+01  1.3374E+00  3.3181E+00  2.9704E+01  2.1833E-01 -1.6187E-01 -5.1789E-01
  1.3000E+01  1.3374E+00  3.3181E+00  2.9704E+01  2.1833E-01 -1.6187E-01 -5.1789E-01
  1.3000E+01  1.3374E+00  3.3181E+00  2.9704E+01  2.1833E-01 -1.6187E-01 -5.1789E-01
  1.3000E+01  1.3374E+00  3.3181E+00  2.9704E+01  2.1833E-01 -1.6187E-01 -5.1789E-01
  1.3000E+01  1.3374E+00  3.3181E+00  2.9704E+01  2.1833E-01 -1.6187E-01 -5.1789E-01
  1.3000E+01  1.3374E+00  3.3181E+00  2.9704E+01  2.1833E-01 -1.6187E-01 -5.1789E-01
  1.3000E+01  1.3374E+00  3.3181E+00  2.9704E+01  2.1833E-01 -1.6187E-01 -5.1789E-01
  1.4000E+01  1.4515E+00  3.9278E+00  3.3216E+01  3.0019E-01  6.7984E-03 -4.0614E-01
  1.4000E+01  1.4515E+00  3.9278E+00  3.3216E+01  3.0019E-01  6.7984E-03 -4.0614E-01
  1.4000E+01  1.4515E+00  3.9278E+00  3.3216E+01  3.0019E-01  6.7984E-03 -4.0614E-01
  1.4000E+01  1.4515E+00  3.9278E+00  3.3216E+01  3.0019E-01  6.7984E-03 -4.0614E-01
  1.4000E+01  1.4515E+00  3.9278E+00  3.3216E+01  3.0019E-01  6.7984E-03 -4.0614E-01
  1.4000E+01  1.4515E+00  3.9278E+00  3.3216E+01  3.0019E-01  6.7984E-03 -4.0614E-01
  1.4000E+01  1.4515E+00  3.9278E+00  3.3216E+01  3.0019E-01  6.7984E-03 -4.0614E-01
  1.4000E+01  1.4515E+00  3.9278E+00  3.3216E+01  3.0019E-01  6.7984E-03 -4.0614E-01
  1.4000E+01  1.4515E+00  3.9278E+00  3.3216E+01  3.0019E-01  6.7984E-03 -4.0614E-01
  1.4000E+01  1.4515E+00  3.9278E+00  3.3216E+01  3.0019E-01  6.7984E-03 -4.0614E-01
  1.4000E+01  1.4515E+00  3.9278E+00  3.3216E+01  3.0019E-01  6.7984E-03 -4.0614E-01
  1.4000E+01  1.4515E+00  3.9278E+00  3.3216E+01  3.0019E-01  6.7984E-03 -4.0614E-01
  1.4000E+01  1.4515E+00  3.9278E+00  3.3216E+01  3.0019E-01  6.7984E-03 -4.0614E-01
  1.4000E+01  1.4515E+00  3.9278E+00  3.3216E+01  3.0019E-01  6.7984E-03 -4.0614E-01
  1.4000E+01  1.4515E+00  3.9278E+00  3.3216E+01  3.0019E-01  6.7984E-03 -4.0614E-01
  1.4000E+01  1.4515E+00  3.9278E+00  3.3216E+01  3.0019E-01  6.7984E-03 -4.0614E-01
  1.4000E+01  1.4515E+00  3.9278E+00  3.3216E+01  3.0019E-01  6.7984E-03 -4.0614E-01
  1.4000E+01  1.4515E+00  3.9278E+00  3.3216E+01  3.0019E-01  6.7984E-03 -4.0614E-01
  1.4000E+01  1.4515E+00  3.9278E+00  3.3216E+01  3.0019E-01  6.7984E-03 -4.0614E-01
  1.4000E+01  1.4515E+00  3.9278E+00  3.3216E+01  3.0019E-01  6.7984E-03 -4.0614E-01
  1.4000E+01  1.4515E+00  3.9278E+00  3.3216E+01  3.0019E-01  6.7984E-03 -4.0614E-01
  1.4000E+01  1.4515E+00  3.9278E+00  3.3216E+01  3.0019E-01  6.7984E-03 -4.0614E-01
  1.4000E+01  1.4515E+00  3.9278E+00  3.3216E+01  3.0019E-01  6.7984E-03 -4.0614E-01
  1.5000E+01  1.0146E+00  3.3585E+00  7.1599E+01 -5.7934E-02 -1.4977E-01  3.6190E-01
  1.5000E+01  1.0146E+00  3.3585E+00  7.1599E+01 -5.7934E-02 -1.4977E-01  3.6190E-01
  1.5000E+01  1.0146E+00  3.3585E+00  7.1599E+01 -5.7934E-02 -1.4977E-01  3.6190E-01
  1.5000E+01  1.0146E+00  3.3585E+00  7.1599E+01 -5.7934E-02 -1.4977E-01  3.6190E-01
  1.5000E+01  1.0146E+00  3.3585E+00  7.1599E+01 -5.7934E-02 -1.4977E-01  3.6190E-01
  1.5000E+01  1.0146E+00  3.3585E+00  7.1599E+01 -5.7934E-02 -1.4977E-01  3.6190E-01
  1.5000E+01  1.0146E+00  3.3585E+00  7.1599E+01 -5.7934E-02 -1.4977E-01  3.6190E-01
  1.5000E+01  1.0146E+00  3.3585E+00  7.1599E+01 -5.7934E-02 -1.4977E-01  3.6190E-01
  1.5000E+01  1.0146E+00  3.3585E+00  7.1599E+01 -5.7934E-02 -1.4977E-01  3.6190E-01
  1.5000E+01  1.0146E+00  3.3585E+00  7.1599E+01 -5.7934E-02 -1.4977E-01  3.6190E-01
  1.5000E+01  1.0146E+00  3.3585E+00  7.1599E+01 -5.7934E-02 -1.4977E-01  3.6190E-01
  1.5000E+01  1.0146E+00  3.3585E+00  7.1599E+01 -5.7934E-02 -1.4977E-01  3.6190E-01
  1.5000E+01  1.0146E+00  3.3585E+00  7.1599E+01 -5.7934E-02 -1.4977E-01  3.6190E-01
  1.5000E+01  1.0146E+00  3.3585E+00  7.1599E+01 -5.7934E-02 -1.4977E-01  3.6190E-01
  1.5000E+01  1.0146E+00  3.3585E+00  7.1599E+01 -5.7934E-02 -1.4977E-01  3.6190E-01
  1.5000E+01  1.0146E+00  3.3585E+00  7.1599E+01 -5.7934E-02 -1.4977E-01  3.6190E-01
  1.5000E+01  1.0146E+00  3.3585E+00  7.1599E+01 -5.7934E-02 -1.4977E-01  3.6190E-01
  1.5000E+01  1.0146E+00  3.3585E+00  7.1599E+01 -5.7934E-02 -1.4977E-01  3.6190E-01
  1.5000E+01  1.0146E+00  3.3585E+00  7.1599E+01 -5.7934E-02 -1.4977E-01  3.6190E-01
  1.5000E+01  1.0146E+00  3.3585E+00  7.1599E+01 -5.7934E-02 -1.4977E-01  3.6190E-01
  1.5000E+01  1.0146E+00  3.3585E+00  7.1599E+01 -5.7934E-02 -1.4977E-01  3.6190E-01
  1.5000E+01  1.0146E+00  3.3585E+00  7.1599E+01 -5.7934E-02 -1.4977E-01  3.6190E-01
  1.5000E+01  1.0146E+00  3.3585E+00  7.1599E+01 -5.7934E-02 -1.4977E-01  3.6190E-01
  1.6000E+01  1.0414E+00  3.1819E+00  4.3910E+01 -3.1860E-02 -2.0379E-01 -1.2704E-01
  1.6000E+01  1.0414E+00  3.1819E+00  4.3910E+01 -3.1860E-02 -2.0379E-01 -1.2704E-01
  1.6000E+01  1.0414E+00  3.1819E+00  4.3910E+01 -3.1860E-02 -2.0379E-01 -1.2704E-01
  1.6000E+01  1.0414E+00  3.1819E+00  4.3910E+01 -3.1860E-02 -2.0379E-01 -1.2704E-01
  1.6000E+01  1.0414E+00  3.1819E+00  4.3910E+01 -3.1860E-02 -2.0379E-01 -1.2704E-01
  1.6000E+01  1.0414E+00  3.1819E+00  4.3910E+01 -3.1860E-02 -2.0379E-01 -1.2704E-01
  1.6000E+01  1.0414E+00  3.1819E+00  4.3910E+01 -3.1860E-02 -2.0379E-01 -1.2704E-01
  1.6000E+01  1.0414E+00  3.1819E+00  4.3910E+01 -3.1860E-02 -2.0379E-01 -1.2704E-01
  1.6000E+01  1.0414E+00  3.1819E+00  4.3910E+01 -3.1860E-02 -2.0379E-01 -1.2704E-01
  1.6000E+01  1.0414E+00  3.1819E+00  4.3910E+01 -3.1860E-02 -2.0379E-01 -1.2704E-01
  1.6000E+01  1.0414E+00  3.1819E+00  4.3910E+01 -3.1860E-02 -2.0379E-01 -1.2704E-01
  1.6000E+01  1.0414E+00  3.1819E+00  4.3910E+01 -3.1860E-02 -2.0379E-01 -1.2704E-01
  1.6000E+01  1.0414E+00  3.1819E+00  4.3910E+01 -3.1860E-02 -2.0379E-01 -1.2704E-01
  1.6000E+01  1.0414E+00  3.1819E+00  4.3910E+01 -3.1860E-02 -2.0379E-01 -1.2704E-01
  1.6000E+01  1.0414E+00  3.1819E+00  4.3910E+01 -3.1860E-02 -2.0379E-01 -1.2704E-01
  1.6000E+01  1.0414E+00  3.1819E+00  4.3910E+01 -3.1860E-02 -2.0379E-01 -1.2704E-01
  1.6000E+01  1.0414E+00  3.1819E+00  4.3910E+01 -3.1860E-02 -2.0379E-01 -1.2704E-01
  1.6000E+01  1.0414E+00  3.1819E+00  4.3910E+01 -3.1860E-02 -2.0379E-01 -1.2704E-01
  1.6000E+01  1.0414E+00  3.1819E+00  4.3910E+01 -3.1860E-02 -2.0379E-01 -1.2704E-01
  1.6000E+01  1.0414E+00  3.1819E+00  4.3910E+01 -3.1860E-02 -2.0379E-01 -1.2704E-01
  1.6000E+01  1.0414E+00  3.1819E+00  4.3910E+01 -3.1860E-02 -2.0379E-01 -1.2704E-01
  1.6000E+01  1.0414E+00  3.1819E+00  4.3910E+01 -3.1860E-02 -2.0379E-01 -1.2704E-01
  1.6000E+01  1.0414E+00  3.1819E+00  4.3910E+01 -3.1860E-02 -2.0379E-01 -1.2704E-01
  1.7000E+01  1.2917E+00  3.4802E+00  3.7104E+01  1.8351E-01 -1.1418E-01 -2.9546E-01
  1.7000E+01  1.2917E+00  3.4802E+00  3.7104E+01  1.8351E-01 -1.1418E-01 -2.9546E-01
  1.7000E+01  1.2917E+00  3.4802E+00  3.7104E+01  1.8351E-01 -1.1418E-01 -2.9546E-01
  1.7000E+01  1.2917E+00  3.4802E+00  3.7104E+01  1.8351E-01 -1.1418E-01 -2.9546E-01
  1.7000E+01  1.2917E+00  3.4802E+00  3.7104E+01  1.8351E-01 -1.1418E-01 -2.9546E-01
  1.7000E+01  1.2917E+00  3.4802E+00  3.7104E+01  1.8351E-01 -1.1418E-01 -2.9546E-01
  1.7000E+01  1.2917E+00  3.4802E+00  3.7104E+01  1.8351E-01 -1.1418E-01 -2.9546E-01
  1.7000E+01  1.2917E+00  3.4802E+00  3.7104E+01  1.8351E-01 -1.1418E-01 -2.9546E-01
  1.7000E+01  1.2917E+00  3.4802E+00  3.7104E+01  1.8351E-01 -1.1418E-01 -2.9546E-01
  1.7000E+01  1.2917E+00  3.4802E+00  3.7104E+01  1.8351E-01 -1.1418E-01 -2.9546E-01
  1.7000E+01  1.2917E+00  3.4802E+00  3.7104E+01  1.8351E-01 -1.1418E-01 -2.9546E-01
  1.7000E+01  1.2917E+00  3.4802E+00  3.7104E+01  1.8351E-01 -1.1418E-01 -2.9546E-01
  1.7000E+01  1.2917E+00  3.4802E+00  3.7104E+01  1.8351E-01 -1.1418E-01 -2.9546E-01
  1.7000E+01  1.2917E+00  3.4802E+00  3.7104E+01  1.8351E-01 -1.1418E-01 -2.9546E-01
  1.7000E+01  1.2917E+00  3.4802E+00  3.7104E+01  1.8351E-01 -1.1418E-01 -2.9546E-01
  1.7000E+01  1.2917E+00  3.4802E+00  3.7104E+01  1.8351E-01 -1.1418E-01 -2.9546E-01
  1.7000E+01  1.2917E+00  3.4802E+00  3.7104E+01  1.8351E-01 -1.1418E-01 -2.9546E-01
  1.7000E+01  1.2917E+00  3.4802E+00  3.7104E+01  1.8351E-01 -1.1418E-01 -2.9546E-01
  1.7000E+01  1.2917E+00  3.4802E+00  3.7104E+01  1.8351E-01 -1.1418E-01 -2.9546E-01
  1.7000E+01  1.2917E+00  3.4802E+00  3.7104E+01  1.8351E-01 -1.1418E-01 -2.9546E-01
  1.7000E+01  1.2917E+00  3.4802E+00  3.7104E+01  1.8351E-01 -1.1418E-01 -2.9546E-01
  1.7000E+01  1.2917E+00  3.4802E+00  3.7104E+01  1.8351E-01 -1.1418E-01 -2.9546E-01
  1.7000E+01  1.2917E+00  3.4802E+00  3.7104E+01  1.8351E-01 -1.1418E-01 -2.9546E-01
  1.8000E+01  9.6466E-01  8.4416E+00  3.9500E+01 -1.0841E-01  7.7189E-01 -2.3289E-01
  1.8000E+01  9.6466E-01  8.4416E+00  3.9500E+01 -1.0841E-01  7.7189E-01 -2.3289E-01
  1.8000E+01  9.6466E-01  8.4416E+00  3.9500E+01 -1.0841E-01  7.7189E-01 -2.3289E-01
  1.8000E+01  9.6466E-01  8.4416E+00  3.9500E+01 -1.0841E-01  7.7189E-01 -2.3289E-01
  1.8000E+01  9.6466E-01  8.4416E+00  3.9500E+01 -1.0841E-01  7.7189E-01 -2.3289E-01
  1.8000E+01  9.6466E-01  8.4416E+00  3.9500E+01 -1.0841E-01  7.7189E-01 -2.3289E-01
  1.8000E+01  9.6466E-01  8.4416E+00  3.9500E+01 -1.0841E-01  7.7189E-01 -2.3289E-01
  1.8000E+01  9.6466E-01  8.4416E+00  3.9500E+01 -1.0841E-01  7.7189E-01 -2.3289E-01
  1.8000E+01  9.6466E-01  8.4416E+00  3.9500E+01 -1.0841E-01  7.7189E-01 -2.3289E-01
  1.8000E+01  9.6466E-01  8.4416E+00  3.9500E+01 -1.0841E-01  7.7189E-01 -2.3289E-01
  1.8000E+01  9.6466E-01  8.4416E+00  3.9500E+01 -1.0841E-01  7.7189E-01 -2.3289E-01
  1.8000E+01  9.6466E-01  8.4416E+00  3.9500E+01 -1.0841E-01  7.7189E-01 -2.3289E-01
  1.8000E+01  9.6466E-01  8.4416E+00  3.9500E+01 -1.0841E-01  7.7189E-01 -2.3289E-01
  1.8000E+01  9.6466E-01  8.4416E+00  3.9500E+01 -1.0841E-01  7.7189E-01 -2.3289E-01
  1.8000E+01  9.6466E-01  8.4416E+00  3.9500E+01 -1.0841E-01  7.7189E-01 -2.3289E-01
  1.8000E+01  9.6466E-01  8.4416E+00  3.9500E+01 -1.0841E-01  7.7189E-01 -2.3289E-01
  1.8000E+01  9.6466E-01  8.4416E+00  3.9500E+01 -1.0841E-01  7.7189E-01 -2.3289E-01
  1.8000E+01  9.6466E-01  8.4416E+00  3.9500E+01 -1.0841E-01  7.7189E-01 -2.3289E-01
  1.8000E+01  9.6466E-01  8.4416E+00  3.9500E+01 -1.0841E-01  7.7189E-01 -2.3289E-01
  1.8000E+01  9.6466E-01  8.4416E+00  3.9500E+01 -1.0841E-01  7.7189E-01 -2.3289E-01
  1.8000E+01  9.6466E-01  8.4416E+00  3.9500E+01 -1.0841E-01  7.7189E-01 -2.3289E-01
  1.8000E+01  9.6466E-01  8.4416E+00  3.9500E+01 -1.0841E-01  7.7189E-01 -2.3289E-01
  1.8000E+01  9.6466E-01  8.4416E+00  3.9500E+01 -1.0841E-01  7.7189E-01 -2.3289E-01
  1.9000E+01  1.3533E+00  3.0294E+00  4.9553E+01  2.3012E-01 -2.5291E-01 -6.1337E-03
  1.9000E+01  1.3533E+00  3.0294E+00  4.9553E+01  2.3012E-01 -2.5291E-01 -6.1337E-03
  1.9000E+01  1.3533E+00  3.0294E+00  4.9553E+01  2.3012E-01 -2.5291E-01 -6.1337E-03
  1.9000E+01  1.3533E+00  3.0294E+00  4.9553E+01  2.3012E-01 -2.5291E-01 -6.1337E-03
  1.9000E+01  1.3533E+00  3.0294E+00  4.9553E+01  2.3012E-01 -2.5291E-01 -6.1337E-03
  1.9000E+01  1.3533E+00  3.0294E+00  4.9553E+01  2.3012E-01 -2.5291E-01 -6.1337E-03
  1.9000E+01  1.3533E+00  3.0294E+00  4.9553E+01  2.3012E-01 -2.5291E-01 -6.1337E-03
  1.9000E+01  1.3533E+00  3.0294E+00  4.9553E+01  2.3012E-01 -2.5291E-01 -6.1337E-03
  1.9000E+01  1.3533E+00  3.0294E+00  4.9553E+01  2.3012E-01 -2.5291E-01 -6.1337E-03
  1.9000E+01  1.3533E+00  3.0294E+00  4.9553E+01  2.3012E-01 -2.5291E-01 -6.1337E-03
  1.9000E+01  1.3533E+00  3.0294E+00  4.9553E+01  2.3012E-01 -2.5291E-01 -6.1337E-03
  1.9000E+01  1.3533E+00  3.0294E+00  4.9553E+01  2.3012E-01 -2.5291E-01 -6.1337E-03
  1.9000E+01  1.3533E+00  3.0294E+00  4.9553E+01  2.3012E-01 -2.5291E-01 -6.1337E-03
  1.9000E+01  1.3533E+00  3.0294E+00  4.9553E+01  2.3012E-01 -2.5291E-01 -6.1337E-03
  1.9000E+01  1.3533E+00  3.0294E+00  4.9553E+01  2.3012E-01 -2.5291E-01 -6.1337E-03
  1.9000E+01  1.3533E+00  3.0294E+00  4.9553E+01  2.3012E-01 -2.5291E-01 -6.1337E-03
  1.9000E+01  1.3533E+00  3.0294E+00  4.9553E+01  2.3012E-01 -2.5291E-01 -6.1337E-03
  1.9000E+01  1.3533E+00  3.0294E+00  4.9553E+01  2.3012E-01 -2.5291E-01 -6.1337E-03
  1.9000E+01  1.3533E+00  3.0294E+00  4.9553E+01  2.3012E-01 -2.5291E-01 -6.1337E-03
  1.9000E+01  1.3533E+00  3.0294E+00  4.9553E+01  2.3012E-01 -2.5291E-01 -6.1337E-03
  1.9000E+01  1.3533E+00  3.0294E+00  4.9553E+01  2.3012E-01 -2.5291E-01 -6.1337E-03
  1.9000E+01  1.3533E+00  3.0294E+00  4.9553E+01  2.3012E-01 -2.5291E-01 -6.1337E-03
  1.9000E+01  1.3533E+00  3.0294E+00  4.9553E+01  2.3012E-01 -2.5291E-01 -6.1337E-03
  2.0000E+01  9.0196E-01  3.8622E+00  6.8028E+01 -1.7561E-01 -1.0034E-02  3.1074E-01
  2.0000E+01  9.0196E-01  3.8622E+00  6.8028E+01 -1.7561E-01 -1.0034E-02  3.1074E-01
  2.0000E+01  9.0196E-01  3.8622E+00  6.8028E+01 -1.7561E-01 -1.0034E-02  3.1074E-01
  2.0000E+01  9.0196E-01  3.8622E+00  6.8028E+01 -1.7561E-01 -1.0034E-02  3.1074E-01
  2.0000E+01  9.0196E-01  3.8622E+00  6.8028E+01 -1.7561E-01 -1.0034E-02  3.1074E-01
  2.0000E+01  9.0196E-01  3.8622E+00  6.8028E+01 -1.7561E-01 -1.0034E-02  3.1074E-01
  2.0000E+01  9.0196E-01  3.8622E+00  6.8028E+01 -1.7561E-01 -1.0034E-02  3.1074E-01
  2.0000E+01  9.0196E-01  3.8622E+00  6.8028E+01 -1.7561E-01 -1.0034E-02  3.1074E-01
  2.0000E+01  9.0196E-01  3.8622E+00  6.8028E+01 -1.7561E-01 -1.0034E-02  3.1074E-01
  2.0000E+01  9.0196E-01  3.8622E+00  6.8028E+01 -1.7561E-01 -1.0034E-02  3.1074E-01
  2.0000E+01  9.0196E-01  3.8622E+00  6.8028E+01 -1.7561E-01 -1.0034E-02  3.1074E-01
  2.0000E+01  9.0196E-01  3.8622E+00  6.8028E+01 -1.7561E-01 -1.0034E-02  3.1074E-01
  2.0000E+01  9.0196E-01  3.8622E+00  6.8028E+01 -1.7561E-01 -1.0034E-02  3.1074E-01
  2.0000E+01  9.0196E-01  3.8622E+00  6.8028E+01 -1.7561E-01 -1.0034E-02  3.1074E-01
  2.0000E+01  9.0196E-01  3.8622E+00  6.8028E+01 -1.7561E-01 -1.0034E-02  3.1074E-01
  2.0000E+01  9.0196E-01  3.8622E+00  6.8028E+01 -1.7561E-01 -1.0034E-02  3.1074E-01
  2.0000E+01  9.0196E-01  3.8622E+00  6.8028E+01 -1.7561E-01 -1.0034E-02  3.1074E-01
  2.0000E+01  9.0196E-01  3.8622E+00  6.8028E+01 -1.7561E-01 -1.0034E-02  3.1074E-01
  2.0000E+01  9.0196E-01  3.8622E+00  6.8028E+01 -1.7561E-01 -1.0034E-02  3.1074E-01
  2.0000E+01  9.0196E-01  3.8622E+00  6.8028E+01 -1.7561E-01 -1.0034E-02  3.1074E-01
  2.0000E+01  9.0196E-01  3.8622E+00  6.8028E+01 -1.7561E-01 -1.0034E-02  3.1074E-01
  2.0000E+01  9.0196E-01  3.8622E+00  6.8028E+01 -1.7561E-01 -1.0034E-02  3.1074E-01
  2.0000E+01  9.0196E-01  3.8622E+00  6.8028E+01 -1.7561E-01 -1.0034E-02  3.1074E-01
  2.1000E+01  1.4550E+00  6.0452E+00  4.2402E+01  3.0255E-01  4.3799E-01 -1.6199E-01
  2.1000E+01  1.4550E+00  6.0452E+00  4.2402E+01  3.0255E-01  4.3799E-01 -1.6199E-01
  2.1000E+01  1.4550E+00  6.0452E+00  4.2402E+01  3.0255E-01  4.3799E-01 -1.6199E-01
  2.1000E+01  1.4550E+00  6.0452E+00  4.2402E+01  3.0255E-01  4.3799E-01 -1.6199E-01
  2.1000E+01  1.4550E+00  6.0452E+00  4.2402E+01  3.0255E-01  4.3799E-01 -1.6199E-01
  2.1000E+01  1.4550E+00  6.0452E+00  4.2402E+01  3.0255E-01  4.3799E-01 -1.6199E-01
  2.1000E+01  1.4550E+00  6.0452E+00  4.2402E+01  3.0255E-01  4.3799E-01 -1.6199E-01
  2.1000E+01  1.4550E+00  6.0452E+00  4.2402E+01  3.0255E-01  4.3799E-01 -1.6199E-01
  2.1000E+01  1.4550E+00  6.0452E+00  4.2402E+01  3.0255E-01  4.3799E-01 -1.6199E-01
  2.1000E+01  1.4550E+00  6.0452E+00  4.2402E+01  3.0255E-01  4.3799E-01 -1.6199E-01
  2.1000E+01  1.4550E+00  6.0452E+00  4.2402E+01  3.0255E-01  4.3799E-01 -1.6199E-01
  2.1000E+01  1.4550E+00  6.0452E+00  4.2402E+01  3.0255E-01  4.3799E-01 -1.6199E-01
  2.1000E+01  1.4550E+00  6.0452E+00  4.2402E+01  3.0255E-01  4.3799E-01 -1.6199E-01
  2.1000E+01  1.4550E+00  6.0452E+00  4.2402E+01  3.0255E-01  4.3799E-01 -1.6199E-01
  2.1000E+01  1.4550E+00  6.0452E+00  4.2402E+01  3.0255E-01  4.3799E-01 -1.6199E-01
  2.1000E+01  1.4550E+00  6.0452E+00  4.2402E+01  3.0255E-01  4.3799E-01 -1.6199E-01
  2.1000E+01  1.4550E+00  6.0452E+00  4.2402E+01  3.0255E-01  4.3799E-01 -1.6199E-01
  2.1000E+01  1.4550E+00  6.0452E+00  4.2402E+01  3.0255E-01  4.3799E-01 -1.6199E-01
  2.1000E+01  1.4550E+00  6.0452E+00  4.2402E+01  3.0255E-01  4.3799E-01 -1.6199E-01
  2.1000E+01  1.4550E+00  6.0452E+00  4.2402E+01  3.0255E-01  4.3799E-01 -1.6199E-01
  2.1000E+01  1.4550E+00  6.0452E+00  4.2402E+01  3.0255E-01  4.3799E-01 -1.6199E-01
  2.1000E+01  1.4550E+00  6.0452E+00  4.2402E+01  3.0255E-01  4.3799E-01 -1.6199E-01
  2.1000E+01  1.4550E+00  6.0452E+00  4.2402E+01  3.0255E-01  4.3799E-01 -1.6199E-01
  2.2000E+01  1.2089E+00  4.6882E+00  4.6957E+01  1.1725E-01  1.8377E-01 -5.9955E-02
  2.2000E+01  1.2089E+00  4.6882E+00  4.6957E+01  1.1725E-01  1.8377E-01 -5.9955E-02
  2.2000E+01  1.2089E+00  4.6882E+00  4.6957E+01  1.1725E-01  1.8377E-01 -5.9955E-02
  2.2000E+01  1.2089E+00  4.6882E+00  4.6957E+01  1.1725E-01  1.8377E-01 -5.9955E-02
  2.2000E+01  1.2089E+00  4.6882E+00  4.6957E+01  1.1725E-01  1.8377E-01 -5.9955E-02
  2.2000E+01  1.2089E+00  4.6882E+00  4.6957E+01  1.1725E-01  1.8377E-01 -5.9955E-02
  2.2000E+01  1.2089E+00  4.6882E+00  4.6957E+01  1.1725E-01  1.8377E-01 -5.9955E-02
  2.2000E+01  1.2089E+00  4.6882E+00  4.6957E+01  1.1725E-01  1.8377E-01 -5.9955E-02
  2.2000E+01  1.2089E+00  4.6882E+00  4.6957E+01  1.1725E-01  1.8377E-01 -5.9955E-02
  2.2000E+01  1.2089E+00  4.6882E+00  4.6957E+01  1.1725E-01  1.8377E-01 -5.9955E-02
  2.2000E+01  1.2089E+00  4.6882E+00  4.6957E+01  1.1725E-01  1.8377E-01 -5.9955E-02
  2.2000E+01  1.2089E+00  4.6882E+00  4.6957E+01  1.1725E-01  1.8377E-01 -5.9955E-02
  2.2000E+01  1.2089E+00  4.6882E+00  4.6957E+01  1.1725E-01  1.8377E-01 -5.9955E-02
  2.2000E+01  1.2089E+00  4.6882E+00  4.6957E+01  1.1725E-01  1.8377E-01 -5.9955E-02
  2.2000E+01  1.2089E+00  4.6882E+00  4.6957E+01  1.1725E-01  1.8377E-01 -5.9955E-02
  2.2000E+01  1.2089E+00  4.6882E+00  4.6957E+01  1.1725E-01  1.8377E-01 -5.9955E-02
  2.2000E+01  1.2089E+00  4.6882E+00  4.6957E+01  1.1725E-01  1.8377E-01 -5.9955E-02
  2.2000E+01  1.2089E+00  4.6882E+00  4.6957E+01  1.1725E-01  1.8377E-01 -5.9955E-02
  2.2000E+01  1.2089E+00  4.6882E+00  4.6957E+01  1.1725E-01  1.8377E-01 -5.9955E-02
  2.2000E+01  1.2089E+00  4.6882E+00  4.6957E+01  1.1725E-01  1.8377E-01 -5.9955E-02
  2.2000E+01  1.2089E+00  4.6882E+00  4.6957E+01  1.1725E-01  1.8377E-01 -5.9955E-02
  2.2000E+01  1.2089E+00  4.6882E+00  4.6957E+01  1.1725E-01  1.8377E-01 -5.9955E-02
  2.2000E+01  1.2089E+00  4.6882E+00  4.6957E+01  1.1725E-01  1.8377E-01 -5.9955E-02
  2.3000E+01  8.2929E-01  3.4644E+00  6.1378E+01 -2.5961E-01 -1.1873E-01  2.0787E-01
  2.3000E+01  8.2929E-01  3.4644E+00  6.1378E+01 -2.5961E-01 -1.1873E-01  2.0787E-01
  2.3000E+01  8.2929E-01  3.4644E+00  6.1378E+01 -2.5961E-01 -1.1873E-01  2.0787E-01
  2.3000E+01  8.2929E-01  3.4644E+00  6.1378E+01 -2.5961E-01 -1.1873E-01  2.0787E-01
  2.3000E+01  8.2929E-01  3.4644E+00  6.1378E+01 -2.5961E-01 -1.1873E-01  2.0787E-01
  2.3000E+01  8.2929E-01  3.4644E+00  6.1378E+01 -2.5961E-01 -1.1873E-01  2.0787E-01
  2.3000E+01  8.2929E-01  3.4644E+00  6.1378E+01 -2.5961E-01 -1.1873E-01  2.0787E-01
  2.3000E+01  8.2929E-01  3.4644E+00  6.1378E+01 -2.5961E-01 -1.1873E-01  2.0787E-01
  2.3000E+01  8.2929E-01  3.4644E+00  6.1378E+01 -2.5961E-01 -1.1873E-01  2.0787E-01
  2.3000E+01  8.2929E-01  3.4644E+00  6.1378E+01 -2.5961E-01 -1.1873E-01  2.0787E-01
  2.3000E+01  8.2929E-01  3.4644E+00  6.1378E+01 -2.5961E-01 -1.1873E-01  2.0787E-01
  2.3000E+01  8.2929E-01  3.4644E+00  6.1378E+01 -2.5961E-01 -1.1873E-01  2.0787E-01
  2.3000E+01  8.2929E-01  3.4644E+00  6.1378E+01 -2.5961E-01 -1.1873E-01  2.0787E-01
  2.3000E+01  8.2929E-01  3.4644E+00  6.1378E+01 -2.5961E-01 -1.1873E-01  2.0787E-01
  2.3000E+01  8.2929E-01  3.4644E+00  6.1378E+01 -2.5961E-01 -1.1873E-01  2.0787E-01
  2.3000E+01  8.2929E-01  3.4644E+00  6.1378E+01 -2.5961E-01 -1.1873E-01  2.0787E-01
  2.3000E+01  8.2929E-01  3.4644E+00  6.1378E+01 -2.5961E-01 -1.1873E-01  2.0787E-01
  2.3000E+01  8.2929E-01  3.4644E+00  6.1378E+01 -2.5961E-01 -1.1873E-01  2.0787E-01
  2.3000E+01  8.2929E-01  3.4644E+00  6.1378E+01 -2.5961E-01 -1.1873E-01  2.0787E-01
  2.3000E+01  8.2929E-01  3.4644E+00  6.1378E+01 -2.5961E-01 -1.1873E-01  2.0787E-01
  2.3000E+01  8.2929E-01  3.4644E+00  6.1378E+01 -2.5961E-01 -1.1873E-01  2.0787E-01
  2.3000E+01  8.2929E-01  3.4644E+00  6.1378E+01 -2.5961E-01 -1.1873E-01  2.0787E-01
  2.3000E+01  8.2929E-01  3.4644E+00  6.1378E+01 -2.5961E-01 -1.1873E-01  2.0787E-01
  2.4000E+01  1.1456E+00  3.9239E+00  4.8087E+01  6.3530E-02  5.8102E-03 -3.6166E-02
  2.4000E+01  1.1456E+00  3.9239E+00  4.8087E+01  6.3530E-02  5.8102E-03 -3.6166E-02
  2.4000E+01  1.1456E+00  3.9239E+00  4.8087E+01  6.3530E-02  5.8102E-03 -3.6166E-02
  2.4000E+01  1.1456E+00  3.9239E+00  4.8087E+01  6.3530E-02  5.8102E-03 -3.6166E-02
  2.4000E+01  1.1456E+00  3.9239E+00  4.8087E+01  6.3530E-02  5.8102E-03 -3.6166E-02
  2.4000E+01  1.1456E+00  3.9239E+00  4.8087E+01  6.3530E-02  5.8102E-03 -3.6166E-02
  2.4000E+01  1.1456E+00  3.9239E+00  4.8087E+01  6.3530E-02  5.8102E-03 -3.6166E-02
  2.4000E+01  1.1456E+00  3.9239E+00  4.8087E+01  6.3530E-02  5.8102E-03 -3.6166E-02
  2.4000E+01  1.1456E+00  3.9239E+00  4.8087E+01  6.3530E-02  5.8102E-03 -3.6166E-02
  2.4000E+01  1.1456E+00  3.9239E+00  4.8087E+01  6.3530E-02  5.8102E-03 -3.6166E-02
  2.4000E+01  1.1456E+00  3.9239E+00  4.8087E+01  6.3530E-02  5.8102E-03 -3.6166E-02
  2.4000E+01  1.1456E+00  3.9239E+00  4.8087E+01  6.3530E-02  5.8102E-03 -3.6166E-02
  2.4000E+01  1.1456E+00  3.9239E+00  4.8087E+01  6.3530E-02  5.8102E-03 -3.6166E-02
  2.4000E+01  1.1456E+00  3.9239E+00  4.8087E+01  6.3530E-02  5.8102E-03 -3.6166E-02
  2.4000E+01  1.1456E+00  3.9239E+00  4.8087E+01  6.3530E-02  5.8102E-03 -3.6166E-02
  2.4000E+01  1.1456E+00  3.9239E+00  4.8087E+01  6.3530E-02  5.8102E-03 -3.6166E-02
  2.4000E+01  1.1456E+00  3.9239E+00  4.8087E+01  6.3530E-02  5.8102E-03 -3.6166E-02
  2.4000E+01  1.1456E+00  3.9239E+00  4.8087E+01  6.3530E-02  5.8102E-03 -3.6166E-02
  2.4000E+01  1.1456E+00  3.9239E+00  4.8087E+01  6.3530E-02  5.8102E-03 -3.6166E-02
  2.4000E+01  1.1456E+00  3.9239E+00  4.8087E+01  6.3530E-02  5.8102E-03 -3.6166E-02
  2.4000E+01  1.1456E+00  3.9239E+00  4.8087E+01  6.3530E-02  5.8102E-03 -3.6166E-02
  2.4000E+01  1.1456E+00  3.9239E+00  4.8087E+01  6.3530E-02  5.8102E-03 -3.6166E-02
  2.4000E+01  1.1456E+00  3.9239E+00  4.8087E+01  6.3530E-02  5.8102E-03 -3.6166E-02
  2.5000E+01  1.4336E+00  2.8583E+00  3.7887E+01  2.8779E-01 -3.1103E-01 -2.7457E-01
  2.5000E+01  1.4336E+00  2.8583E+00  3.7887E+01  2.8779E-01 -3.1103E-01 -2.7457E-01
  2.5000E+01  1.4336E+00  2.8583E+00  3.7887E+01  2.8779E-01 -3.1103E-01 -2.7457E-01
  2.5000E+01  1.4336E+00  2.8583E+00  3.7887E+01  2.8779E-01 -3.1103E-01 -2.7457E-01
  2.5000E+01  1.4336E+00  2.8583E+00  3.7887E+01  2.8779E-01 -3.1103E-01 -2.7457E-01
  2.5000E+01  1.4336E+00  2.8583E+00  3.7887E+01  2.8779E-01 -3.1103E-01 -2.7457E-01
  2.5000E+01  1.4336E+00  2.8583E+00  3.7887E+01  2.8779E-01 -3.1103E-01 -2.7457E-01
  2.5000E+01  1.4336E+00  2.8583E+00  3.7887E+01  2.8779E-01 -3.1103E-01 -2.7457E-01
  2.5000E+01  1.4336E+00  2.8583E+00  3.7887E+01  2.8779E-01 -3.1103E-01 -2.7457E-01
  2.5000E+01  1.4336E+00  2.8583E+00  3.7887E+01  2.8779E-01 -3.1103E-01 -2.7457E-01
  2.5000E+01  1.4336E+00  2.8583E+00  3.7887E+01  2.8779E-01 -3.1103E-01 -2.7457E-01
  2.5000E+01  1.4336E+00  2.8583E+00  3.7887E+01  2.8779E-01 -3.1103E-01 -2.7457E-01
  2.5000E+01  1.4336E+00  2.8583E+00  3.7887E+01  2.8779E-01 -3.1103E-01 -2.7457E-01
  2.5000E+01  1.4336E+00  2.8583E+00  3.7887E+01  2.8779E-01 -3.1103E-01 -2.7457E-01
  2.5000E+01  1.4336E+00  2.8583E+00  3.7887E+01  2.8779E-01 -3.1103E-01 -2.7457E-01
  2.5000E+01  1.4336E+00  2.8583E+00  3.7887E+01  2.8779E-01 -3.1103E-01 -2.7457E-01
  2.5000E+01  1.4336E+00  2.8583E+00  3.7887E+01  2.8779E-01 -3.1103E-01 -2.7457E-01
  2.5000E+01  1.4336E+00  2.8583E+00  3.7887E+01  2.8779E-01 -3.1103E-01 -2.7457E-01
  2.5000E+01  1.4336E+00  2.8583E+00  3.7887E+01  2.8779E-01 -3.1103E-01 -2.7457E-01
  2.5000E+01  1.4336E+00  2.8583E+00  3.7887E+01  2.8779E-01 -3.1103E-01 -2.7457E-01
  2.5000E+01  1.4336E+00  2.8583E+00  3.7887E+01  2.8779E-01 -3.1103E-01 -2.7457E-01
  2.5000E+01  1.4336E+00  2.8583E+00  3.7887E+01  2.8779E-01 -3.1103E-01 -2.7457E-01
  2.5000E+01  1.4336E+00  2.8583E+00  3.7887E+01  2.8779E-01 -3.1103E-01 -2.7457E-01
  2.6000E+01  7.2823E-01  3.5139E+00  5.0068E+01 -3.8957E-01 -1.0456E-01  4.1921E-03
  2.6000E+01  7.2823E-01  3.5139E+00  5.0068E+01 -3.8957E-01 -1.0456E-01  4.1921E-03
  2.6000E+01  7.2823E-01  3.5139E+00  5.0068E+01 -3.8957E-01 -1.0456E-01  4.1921E-03
  2.6000E+01  7.2823E-01  3.5139E+00  5.0068E+01 -3.8957E-01 -1.0456E-01  4.1921E-03
  2.6000E+01  7.2823E-01  3.5139E+00  5.0068E+01 -3.8957E-01 -1.0456E-01  4.1921E-03
  2.6000E+01  7.2823E-01  3.5139E+00  5.0068E+01 -3.8957E-01 -1.0456E-01  4.1921E-03
  2.6000E+01  7.2823E-01  3.5139E+00  5.0068E+01 -3.8957E-01 -1.0456E-01  4.1921E-03
  2.6000E+01  7.2823E-01  3.5139E+00  5.0068E+01 -3.8957E-01 -1.0456E-01  4.1921E-03
  2.6000E+01  7.2823E-01  3.5139E+00  5.0068E+01 -3.8957E-01 -1.0456E-01  4.1921E-03
  2.6000E+01  7.2823E-01  3.5139E+00  5.0068E+01 -3.8957E-01 -1.0456E-01  4.1921E-03
  2.6000E+01  7.2823E-01  3.5139E+00  5.0068E+01 -3.8957E-01 -1.0456E-01  4.1921E-03
  2.6000E+01  7.2823E-01  3.5139E+00  5.0068E+01 -3.8957E-01 -1.0456E-01  4.1921E-03
  2.6000E+01  7.2823E-01  3.5139E+00  5.0068E+01 -3.8957E-01 -1.0456E-01  4.1921E-03
  2.6000E+01  7.2823E-01  3.5139E+00  5.0068E+01 -3.8957E-01 -1.0456E-01  4.1921E-03
  2.6000E+01  7.2823E-01  3.5139E+00  5.0068E+01 -3.8957E-01 -1.0456E-01  4.1921E-03
  2.6000E+01  7.2823E-01  3.5139E+00  5.0068E+01 -3.8957E-01 -1.0456E-01  4.1921E-03
  2.6000E+01  7.2823E-01  3.5139E+00  5.0068E+01 -3.8957E-01 -1.0456E-01  4.1921E-03
  2.6000E+01  7.2823E-01  3.5139E+00  5.0068E+01 -3.8957E-01 -1.0456E-01  4.1921E-03
  2.6000E+01  7.2823E-01  3.5139E+00  5.0068E+01 -3.8957E-01 -1.0456E-01  4.1921E-03
  2.6000E+01  7.2823E-01  3.5139E+00  5.0068E+01 -3.8957E-01 -1.0456E-01  4.1921E-03
  2.6000E+01  7.2823E-01  3.5139E+00  5.0068E+01 -3.8957E-01 -1.0456E-01  4.1921E-03
  2.6000E+01  7.2823E-01  3.5139E+00  5.0068E+01 -3.8957E-01 -1.0456E-01  4.1921E-03
  2.6000E+01  7.2823E-01  3.5139E+00  5.0068E+01 -3.8957E-01 -1.0456E-01  4.1921E-03
  2.7000E+01  1.1859E+00  5.2191E+00  4.9113E+01  9.8075E-02  2.9105E-01 -1.5056E-02
  2.7000E+01  1.1859E+00  5.2191E+00  4.9113E+01  9.8075E-02  2.9105E-01 -1.5056E-02
  2.7000E+01  1.1859E+00  5.2191E+00  4.9113E+01  9.8075E-02  2.9105E-01 -1.5056E-02
  2.7000E+01  1.1859E+00  5.2191E+00  4.9113E+01  9.8075E-02  2.9105E-01 -1.5056E-02
  2.7000E+01  1.1859E+00  5.2191E+00  4.9113E+01  9.8075E-02  2.9105E-01 -1.5056E-02
  2.7000E+01  1.1859E+00  5.2191E+00  4.9113E+01  9.8075E-02  2.9105E-01 -1.5056E-02
  2.7000E+01  1.1859E+00  5.2191E+00  4.9113E+01  9.8075E-02  2.9105E-01 -1.5056E-02
  2.7000E+01  1.1859E+00  5.2191E+00  4.9113E+01  9.8075E-02  2.9105E-01 -1.5056E-02
  2.7000E+01  1.1859E+00  5.2191E+00  4.9113E+01  9.8075E-02  2.9105E-01 -1.5056E-02
  2.7000E+01  1.1859E+00  5.2191E+00  4.9113E+01  9.8075E-02  2.9105E-01 -1.5056E-02
  2.7000E+01  1.1859E+00  5.2191E+00  4.9113E+01  9.8075E-02  2.9105E-01 -1.5056E-02
  2.7000E+01  1.1859E+00  5.2191E+00  4.9113E+01  9.8075E-02  2.9105E-01 -1.5056E-02
  2.7000E+01  1.1859E+00  5.2191E+00  4.9113E+01  9.8075E-02  2.9105E-01 -1.5056E-02
  2.7000E+01  1.1859E+00  5.2191E+00  4.9113E+01  9.8075E-02  2.9105E-01 -1.5056E-02
  2.7000E+01  1.1859E+00  5.2191E+00  4.9113E+01  9.8075E-02  2.9105E-01 -1.5056E-02
  2.7000E+01  1.1859E+00  5.2191E+00  4.9113E+01  9.8075E-02  2.9105E-01 -1.5056E-02
  2.7000E+01  1.1859E+00  5.2191E+00  4.9113E+01  9.8075E-02  2.9105E-01 -1.5056E-02
  2.7000E+01  1.1859E+00  5.2191E+00  4.9113E+01  9.8075E-02  2.9105E-01 -1.5056E-02
  2.7000E+01  1.1859E+00  5.2191E+00  4.9113E+01  9.8075E-02  2.9105E-01 -1.5056E-02
  2.7000E+01  1.1859E+00  5.2191E+00  4.9113E+01  9.8075E-02  2.9105E-01 -1.5056E-02
  2.7000E+01  1.1859E+00  5.2191E+00  4.9113E+01  9.8075E-02  2.9105E-01 -1.5056E-02
  2.7000E+01  1.1859E+00  5.2191E+00  4.9113E+01  9.8075E-02  2.9105E-01 -1.5056E-02
  2.7000E+01  1.1859E+00  5.2191E+00  4.9113E+01  9.8075E-02  2.9105E-01 -1.5056E-02
  2.8000E+01  7.3144E-01  3.1685E+00  4.3328E+01 -3.8517E-01 -2.0803E-01 -1.4037E-01
  2.8000E+01  7.3144E-01  3.1685E+00  4.3328E+01 -3.8517E-01 -2.0803E-01 -1.4037E-01
  2.8000E+01  7.3144E-01  3.1685E+00  4.3328E+01 -3.8517E-01 -2.0803E-01 -1.4037E-01
  2.8000E+01  7.3144E-01  3.1685E+00  4.3328E+01 -3.8517E-01 -2.0803E-01 -1.4037E-01
  2.8000E+01  7.3144E-01  3.1685E+00  4.3328E+01 -3.8517E-01 -2.0803E-01 -1.4037E-01
  2.8000E+01  7.3144E-01  3.1685E+00  4.3328E+01 -3.8517E-01 -2.0803E-01 -1.4037E-01
  2.8000E+01  7.3144E-01  3.1685E+00  4.3328E+01 -3.8517E-01 -2.0803E-01 -1.4037E-01
  2.8000E+01  7.3144E-01  3.1685E+00  4.3328E+01 -3.8517E-01 -2.0803E-01 -1.4037E-01
  2.8000E+01  7.3144E-01  3.1685E+00  4.3328E+01 -3.8517E-01 -2.0803E-01 -1.4037E-01
  2.8000E+01  7.3144E-01  3.1685E+00  4.3328E+01 -3.8517E-01 -2.0803E-01 -1.4037E-01
  2.8000E+01  7.3144E-01  3.1685E+00  4.3328E+01 -3.8517E-01 -2.0803E-01 -1.4037E-01
  2.8000E+01  7.3144E-01  3.1685E+00  4.3328E+01 -3.8517E-01 -2.0803E-01 -1.4037E-01
  2.8000E+01  7.3144E-01  3.1685E+00  4.3328E+01 -3.8517E-01 -2.0803E-01 -1.4037E-01
  2.8000E+01  7.3144E-01  3.1685E+00  4.3328E+01 -3.8517E-01 -2.0803E-01 -1.4037E-01
  2.8000E+01  7.3144E-01  3.1685E+00  4.3328E+01 -3.8517E-01 -2.0803E-01 -1.4037E-01
  2.8000E+01  7.3144E-01  3.1685E+00  4.3328E+01 -3.8517E-01 -2.0803E-01 -1.4037E-01
  2.8000E+01  7.3144E-01  3.1685E+00  4.3328E+01 -3.8517E-01 -2.0803E-01 -1.4037E-01
  2.8000E+01  7.3144E-01  3.1685E+00  4.3328E+01 -3.8517E-01 -2.0803E-01 -1.4037E-01
  2.8000E+01  7.3144E-01  3.1685E+00  4.3328E+01 -3.8517E-01 -2.0803E-01 -1.4037E-01
  2.8000E+01  7.3144E-01  3.1685E+00  4.3328E+01 -3.8517E-01 -2.0803E-01 -1.4037E-01
  2.8000E+01  7.3144E-01  3.1685E+00  4.3328E+01 -3.8517E-01 -2.0803E-01 -1.4037E-01
  2.8000E+01  7.3144E-01  3.1685E+00  4.3328E+01 -3.8517E-01 -2.0803E-01 -1.4037E-01
  2.8000E+01  7.3144E-01  3.1685E+00  4.3328E+01 -3.8517E-01 -2.0803E-01 -1.4037E-01
  2.9000E+01  1.2639E+00  2.9140E+00  4.3286E+01  1.6174E-01 -2.9175E-01 -1.4136E-01
  2.9000E+01  1.2639E+00  2.9140E+00  4.3286E+01  1.6174E-01 -2.9175E-01 -1.4136E-01
  2.9000E+01  1.2639E+00  2.9140E+00  4.3286E+01  1.6174E-01 -2.9175E-01 -1.4136E-01
  2.9000E+01  1.2639E+00  2.9140E+00  4.3286E+01  1.6174E-01 -2.9175E-01 -1.4136E-01
  2.9000E+01  1.2639E+00  2.9140E+00  4.3286E+01  1.6174E-01 -2.9175E-01 -1.4136E-01
  2.9000E+01  1.2639E+00  2.9140E+00  4.3286E+01  1.6174E-01 -2.9175E-01 -1.4136E-01
  2.9000E+01  1.2639E+00  2.9140E+00  4.3286E+01  1.6174E-01 -2.9175E-01 -1.4136E-01
  2.9000E+01  1.2639E+00  2.9140E+00  4.3286E+01  1.6174E-01 -2.9175E-01 -1.4136E-01
  2.9000E+01  1.2639E+00  2.9140E+00  4.3286E+01  1.6174E-01 -2.9175E-01 -1.4136E-01
  2.9000E+01  1.2639E+00  2.9140E+00  4.3286E+01  1.6174E-01 -2.9175E-01 -1.4136E-01
  2.9000E+01  1.2639E+00  2.9140E+00  4.3286E+01  1.6174E-01 -2.9175E-01 -1.4136E-01
  2.9000E+01  1.2639E+00  2.9140E+00  4.3286E+01  1.6174E-01 -2.9175E-01 -1.4136E-01
  2.9000E+01  1.2639E+00  2.9140E+00  4.3286E+01  1.6174E-01 -2.9175E-01 -1.4136E-01
  2.9000E+01  1.2639E+00  2.9140E+00  4.3286E+01  1.6174E-01 -2.9175E-01 -1.4136E-01
  2.9000E+01  1.2639E+00  2.9140E+00  4.3286E+01  1.6174E-01 -2.9175E-01 -1.4136E-01
  2.9000E+01  1.2639E+00  2.9140E+00  4.3286E+01  1.6174E-01 -2.9175E-01 -1.4136E-01
  2.9000E+01  1.2639E+00  2.9140E+00  4.3286E+01  1.6174E-01 -2.9175E-01 -1.4136E-01
  2.9000E+01  1.2639E+00  2.9140E+00  4.3286E+01  1.6174E-01 -2.9175E-01 -1.4136E-01
  2.9000E+01  1.2639E+00  2.9140E+00  4.3286E+01  1.6174E-01 -2.9175E-01 -1.4136E-01
  2.9000E+01  1.2639E+00  2.9140E+00  4.3286E+01  1.6174E-01 -2.9175E-01 -1.4136E-01
  2.9000E+01  1.2639E+00  2.9140E+00  4.3286E+01  1.6174E-01 -2.9175E-01 -1.4136E-01
  2.9000E+01  1.2639E+00  2.9140E+00  4.3286E+01  1.6174E-01 -2.9175E-01 -1.4136E-01
  2.9000E+01  1.2639E+00  2.9140E+00  4.3286E+01  1.6174E-01 -2.9175E-01 -1.4136E-01
  3.0000E+01  1.0075E+00  4.0688E+00  5.3679E+01 -6.4927E-02  4.2075E-02  7.3832E-02
  3.0000E+01  1.0075E+00  4.0688E+00  5.3679E+01 -6.4927E-02  4.2075E-02  7.3832E-02
  3.0000E+01  1.0075E+00  4.0688E+00  5.3679E+01 -6.4927E-02  4.2075E-02  7.3832E-02
  3.0000E+01  1.0075E+00  4.0688E+00  5.3679E+01 -6.4927E-02  4.2075E-02  7.3832E-02
  3.0000E+01  1.0075E+00  4.0688E+00  5.3679E+01 -6.4927E-02  4.2075E-02  7.3832E-02
  3.0000E+01  1.0075E+00  4.0688E+00  5.3679E+01 -6.4927E-02  4.2075E-02  7.3832E-02
  3.0000E+01  1.0075E+00  4.0688E+00  5.3679E+01 -6.4927E-02  4.2075E-02  7.3832E-02
  3.0000E+01  1.0075E+00  4.0688E+00  5.3679E+01 -6.4927E-02  4.2075E-02  7.3832E-02
  3.0000E+01  1.0075E+00  4.0688E+00  5.3679E+01 -6.4927E-02  4.2075E-02  7.3832E-02
  3.0000E+01  1.0075E+00  4.0688E+00  5.3679E+01 -6.4927E-02  4.2075E-02  7.3832E-02
  3.0000E+01  1.0075E+00  4.0688E+00  5.3679E+01 -6.4927E-02  4.2075E-02  7.3832E-02
  3.0000E+01  1.0075E+00  4.0688E+00  5.3679E+01 -6.4927E-02  4.2075E-02  7.3832E-02
  3.0000E+01  1.0075E+00  4.0688E+00  5.3679E+01 -6.4927E-02  4.2075E-02  7.3832E-02
  3.0000E+01  1.0075E+00  4.0688E+00  5.3679E+01 -6.4927E-02  4.2075E-02  7.3832E-02
  3.0000E+01  1.0075E+00  4.0688E+00  5.3679E+01 -6.4927E-02  4.2075E-02  7.3832E-02
  3.0000E+01  1.0075E+00  4.0688E+00  5.3679E+01 -6.4927E-02  4.2075E-02  7.3832E-02
  3.0000E+01  1.0075E+00  4.0688E+00  5.3679E+01 -6.4927E-02  4.2075E-02  7.3832E-02
  3.0000E+01  1.0075E+00  4.0688E+00  5.3679E+01 -6.4927E-02  4.2075E-02  7.3832E-02
  3.0000E+01  1.0075E+00  4.0688E+00  5.3679E+01 -6.4927E-02  4.2075E-02  7.3832E-02
  3.0000E+01  1.0075E+00  4.0688E+00  5.3679E+01 -6.4927E-02  4.2075E-02  7.3832E-02
  3.0000E+01  1.0075E+00  4.0688E+00  5.3679E+01 -6.4927E-02  4.2075E-02  7.3832E-02
  3.0000E+01  1.0075E+00  4.0688E+00  5.3679E+01 -6.4927E-02  4.2075E-02  7.3832E-02
  3.0000E+01  1.0075E+00  4.0688E+00  5.3679E+01 -6.4927E-02  4.2075E-02  7.3832E-02
