TABLE NO.  2
 ID          AG          B           ETA1        ETA2
  1.0000E+00  1.0168E+00  3.0267E-02  1.9614E-02  5.3323E-07
  1.0000E+00  1.0168E+00  3.0267E-02  1.9614E-02  5.3323E-07
  1.0000E+00  1.0168E+00  3.0267E-02  1.9614E-02  5.3323E-07
  1.0000E+00  1.0168E+00  3.0267E-02  1.9614E-02  5.3323E-07
  1.0000E+00  1.0168E+00  3.0267E-02  1.9614E-02  5.3323E-07
  1.0000E+00  1.0168E+00  3.0267E-02  1.9614E-02  5.3323E-07
  1.0000E+00  1.0168E+00  3.0267E-02  1.9614E-02  5.3323E-07
  1.0000E+00  1.0168E+00  3.0267E-02  1.9614E-02  5.3323E-07
  1.0000E+00  1.0168E+00  3.0267E-02  1.9614E-02  5.3323E-07
  2.0000E+00  1.0326E+00  3.0267E-02  3.4982E-02  1.2189E-06
  2.0000E+00  1.0326E+00  3.0267E-02  3.4982E-02  1.2189E-06
  2.0000E+00  1.0326E+00  3.0267E-02  3.4982E-02  1.2189E-06
  2.0000E+00  1.0326E+00  3.0267E-02  3.4982E-02  1.2189E-06
  2.0000E+00  1.0326E+00  3.0267E-02  3.4982E-02  1.2189E-06
  2.0000E+00  1.0326E+00  3.0267E-02  3.4982E-02  1.2189E-06
  2.0000E+00  1.0326E+00  3.0267E-02  3.4982E-02  1.2189E-06
  2.0000E+00  1.0326E+00  3.0267E-02  3.4982E-02  1.2189E-06
  2.0000E+00  1.0326E+00  3.0267E-02  3.4982E-02  1.2189E-06
  2.0000E+00  1.0326E+00  3.0267E-02  3.4982E-02  1.2189E-06
  2.0000E+00  1.0326E+00  3.0267E-02  3.4982E-02  1.2189E-06
  2.0000E+00  1.0326E+00  3.0267E-02  3.4982E-02  1.2189E-06
  3.0000E+00  1.0452E+00  3.0267E-02  4.7137E-02 -9.3047E-08
  3.0000E+00  1.0452E+00  3.0267E-02  4.7137E-02 -9.3047E-08
  3.0000E+00  1.0452E+00  3.0267E-02  4.7137E-02 -9.3047E-08
  3.0000E+00  1.0452E+00  3.0267E-02  4.7137E-02 -9.3047E-08
  3.0000E+00  1.0452E+00  3.0267E-02  4.7137E-02 -9.3047E-08
  3.0000E+00  1.0452E+00  3.0267E-02  4.7137E-02 -9.3047E-08
  3.0000E+00  1.0452E+00  3.0267E-02  4.7137E-02 -9.3047E-08
  3.0000E+00  1.0452E+00  3.0267E-02  4.7137E-02 -9.3047E-08
  3.0000E+00  1.0452E+00  3.0267E-02  4.7137E-02 -9.3047E-08
  4.0000E+00  8.4480E-01  3.0267E-02 -1.6571E-01  4.6287E-07
  4.0000E+00  8.4480E-01  3.0267E-02 -1.6571E-01  4.6287E-07
  4.0000E+00  8.4480E-01  3.0267E-02 -1.6571E-01  4.6287E-07
  4.0000E+00  8.4480E-01  3.0267E-02 -1.6571E-01  4.6287E-07
  4.0000E+00  8.4480E-01  3.0267E-02 -1.6571E-01  4.6287E-07
  4.0000E+00  8.4480E-01  3.0267E-02 -1.6571E-01  4.6287E-07
  4.0000E+00  8.4480E-01  3.0267E-02 -1.6571E-01  4.6287E-07
  4.0000E+00  8.4480E-01  3.0267E-02 -1.6571E-01  4.6287E-07
  4.0000E+00  8.4480E-01  3.0267E-02 -1.6571E-01  4.6287E-07
  4.0000E+00  8.4480E-01  3.0267E-02 -1.6571E-01  4.6287E-07
  4.0000E+00  8.4480E-01  3.0267E-02 -1.6571E-01  4.6287E-07
  4.0000E+00  8.4480E-01  3.0267E-02 -1.6571E-01  4.6287E-07
  4.0000E+00  8.4480E-01  3.0267E-02 -1.6571E-01  4.6287E-07
  5.0000E+00  9.7470E-01  3.0267E-02 -2.2674E-02  7.2614E-07
  5.0000E+00  9.7470E-01  3.0267E-02 -2.2674E-02  7.2614E-07
  5.0000E+00  9.7470E-01  3.0267E-02 -2.2674E-02  7.2614E-07
  5.0000E+00  9.7470E-01  3.0267E-02 -2.2674E-02  7.2614E-07
  5.0000E+00  9.7470E-01  3.0267E-02 -2.2674E-02  7.2614E-07
  5.0000E+00  9.7470E-01  3.0267E-02 -2.2674E-02  7.2614E-07
  5.0000E+00  9.7470E-01  3.0267E-02 -2.2674E-02  7.2614E-07
  5.0000E+00  9.7470E-01  3.0267E-02 -2.2674E-02  7.2614E-07
  5.0000E+00  9.7470E-01  3.0267E-02 -2.2674E-02  7.2614E-07
  5.0000E+00  9.7470E-01  3.0267E-02 -2.2674E-02  7.2614E-07
  5.0000E+00  9.7470E-01  3.0267E-02 -2.2674E-02  7.2614E-07
  5.0000E+00  9.7470E-01  3.0267E-02 -2.2674E-02  7.2614E-07
  6.0000E+00  1.0683E+00  3.0267E-02  6.9051E-02 -1.6621E-07
  6.0000E+00  1.0683E+00  3.0267E-02  6.9051E-02 -1.6621E-07
  6.0000E+00  1.0683E+00  3.0267E-02  6.9051E-02 -1.6621E-07
  6.0000E+00  1.0683E+00  3.0267E-02  6.9051E-02 -1.6621E-07
  6.0000E+00  1.0683E+00  3.0267E-02  6.9051E-02 -1.6621E-07
  6.0000E+00  1.0683E+00  3.0267E-02  6.9051E-02 -1.6621E-07
  6.0000E+00  1.0683E+00  3.0267E-02  6.9051E-02 -1.6621E-07
  6.0000E+00  1.0683E+00  3.0267E-02  6.9051E-02 -1.6621E-07
  6.0000E+00  1.0683E+00  3.0267E-02  6.9051E-02 -1.6621E-07
  7.0000E+00  1.1369E+00  3.0267E-02  1.3124E-01 -3.0576E-07
  7.0000E+00  1.1369E+00  3.0267E-02  1.3124E-01 -3.0576E-07
  7.0000E+00  1.1369E+00  3.0267E-02  1.3124E-01 -3.0576E-07
  7.0000E+00  1.1369E+00  3.0267E-02  1.3124E-01 -3.0576E-07
  7.0000E+00  1.1369E+00  3.0267E-02  1.3124E-01 -3.0576E-07
  7.0000E+00  1.1369E+00  3.0267E-02  1.3124E-01 -3.0576E-07
  7.0000E+00  1.1369E+00  3.0267E-02  1.3124E-01 -3.0576E-07
  7.0000E+00  1.1369E+00  3.0267E-02  1.3124E-01 -3.0576E-07
  8.0000E+00  9.6563E-01  3.0267E-02 -3.2032E-02  2.9531E-07
  8.0000E+00  9.6563E-01  3.0267E-02 -3.2032E-02  2.9531E-07
  8.0000E+00  9.6563E-01  3.0267E-02 -3.2032E-02  2.9531E-07
  8.0000E+00  9.6563E-01  3.0267E-02 -3.2032E-02  2.9531E-07
  8.0000E+00  9.6563E-01  3.0267E-02 -3.2032E-02  2.9531E-07
  8.0000E+00  9.6563E-01  3.0267E-02 -3.2032E-02  2.9531E-07
  8.0000E+00  9.6563E-01  3.0267E-02 -3.2032E-02  2.9531E-07
  8.0000E+00  9.6563E-01  3.0267E-02 -3.2032E-02  2.9531E-07
  9.0000E+00  9.0474E-01  3.0267E-02 -9.7159E-02 -1.0966E-07
  9.0000E+00  9.0474E-01  3.0267E-02 -9.7159E-02 -1.0966E-07
  9.0000E+00  9.0474E-01  3.0267E-02 -9.7159E-02 -1.0966E-07
  9.0000E+00  9.0474E-01  3.0267E-02 -9.7159E-02 -1.0966E-07
  9.0000E+00  9.0474E-01  3.0267E-02 -9.7159E-02 -1.0966E-07
  9.0000E+00  9.0474E-01  3.0267E-02 -9.7159E-02 -1.0966E-07
  9.0000E+00  9.0474E-01  3.0267E-02 -9.7159E-02 -1.0966E-07
  9.0000E+00  9.0474E-01  3.0267E-02 -9.7159E-02 -1.0966E-07
  9.0000E+00  9.0474E-01  3.0267E-02 -9.7159E-02 -1.0966E-07
  9.0000E+00  9.0474E-01  3.0267E-02 -9.7159E-02 -1.0966E-07
  9.0000E+00  9.0474E-01  3.0267E-02 -9.7159E-02 -1.0966E-07
  1.0000E+01  8.9199E-01  3.0267E-02 -1.1135E-01  2.5472E-07
  1.0000E+01  8.9199E-01  3.0267E-02 -1.1135E-01  2.5472E-07
  1.0000E+01  8.9199E-01  3.0267E-02 -1.1135E-01  2.5472E-07
  1.0000E+01  8.9199E-01  3.0267E-02 -1.1135E-01  2.5472E-07
  1.0000E+01  8.9199E-01  3.0267E-02 -1.1135E-01  2.5472E-07
  1.0000E+01  8.9199E-01  3.0267E-02 -1.1135E-01  2.5472E-07
  1.0000E+01  8.9199E-01  3.0267E-02 -1.1135E-01  2.5472E-07
  1.0000E+01  8.9199E-01  3.0267E-02 -1.1135E-01  2.5472E-07
  1.0000E+01  8.9199E-01  3.0267E-02 -1.1135E-01  2.5472E-07
  1.0000E+01  8.9199E-01  3.0267E-02 -1.1135E-01  2.5472E-07
  1.0000E+01  8.9199E-01  3.0267E-02 -1.1135E-01  2.5472E-07
  1.1000E+01  8.6905E-01  3.0267E-02 -1.3741E-01  4.8075E-07
  1.1000E+01  8.6905E-01  3.0267E-02 -1.3741E-01  4.8075E-07
  1.1000E+01  8.6905E-01  3.0267E-02 -1.3741E-01  4.8075E-07
  1.1000E+01  8.6905E-01  3.0267E-02 -1.3741E-01  4.8075E-07
  1.1000E+01  8.6905E-01  3.0267E-02 -1.3741E-01  4.8075E-07
  1.1000E+01  8.6905E-01  3.0267E-02 -1.3741E-01  4.8075E-07
  1.1000E+01  8.6905E-01  3.0267E-02 -1.3741E-01  4.8075E-07
  1.1000E+01  8.6905E-01  3.0267E-02 -1.3741E-01  4.8075E-07
  1.1000E+01  8.6905E-01  3.0267E-02 -1.3741E-01  4.8075E-07
  1.1000E+01  8.6905E-01  3.0267E-02 -1.3741E-01  4.8075E-07
  1.2000E+01  8.8271E-01  3.0267E-02 -1.2181E-01  6.1106E-07
  1.2000E+01  8.8271E-01  3.0267E-02 -1.2181E-01  6.1106E-07
  1.2000E+01  8.8271E-01  3.0267E-02 -1.2181E-01  6.1106E-07
  1.2000E+01  8.8271E-01  3.0267E-02 -1.2181E-01  6.1106E-07
  1.2000E+01  8.8271E-01  3.0267E-02 -1.2181E-01  6.1106E-07
  1.2000E+01  8.8271E-01  3.0267E-02 -1.2181E-01  6.1106E-07
  1.2000E+01  8.8271E-01  3.0267E-02 -1.2181E-01  6.1106E-07
  1.2000E+01  8.8271E-01  3.0267E-02 -1.2181E-01  6.1106E-07
  1.2000E+01  8.8271E-01  3.0267E-02 -1.2181E-01  6.1106E-07
  1.3000E+01  1.0810E+00  3.0267E-02  8.0804E-02 -1.5543E-06
  1.3000E+01  1.0810E+00  3.0267E-02  8.0804E-02 -1.5543E-06
  1.3000E+01  1.0810E+00  3.0267E-02  8.0804E-02 -1.5543E-06
  1.3000E+01  1.0810E+00  3.0267E-02  8.0804E-02 -1.5543E-06
  1.3000E+01  1.0810E+00  3.0267E-02  8.0804E-02 -1.5543E-06
  1.3000E+01  1.0810E+00  3.0267E-02  8.0804E-02 -1.5543E-06
  1.3000E+01  1.0810E+00  3.0267E-02  8.0804E-02 -1.5543E-06
  1.3000E+01  1.0810E+00  3.0267E-02  8.0804E-02 -1.5543E-06
  1.3000E+01  1.0810E+00  3.0267E-02  8.0804E-02 -1.5543E-06
  1.3000E+01  1.0810E+00  3.0267E-02  8.0804E-02 -1.5543E-06
  1.4000E+01  8.4636E-01  3.0267E-02 -1.6387E-01  4.7759E-07
  1.4000E+01  8.4636E-01  3.0267E-02 -1.6387E-01  4.7759E-07
  1.4000E+01  8.4636E-01  3.0267E-02 -1.6387E-01  4.7759E-07
  1.4000E+01  8.4636E-01  3.0267E-02 -1.6387E-01  4.7759E-07
  1.4000E+01  8.4636E-01  3.0267E-02 -1.6387E-01  4.7759E-07
  1.4000E+01  8.4636E-01  3.0267E-02 -1.6387E-01  4.7759E-07
  1.4000E+01  8.4636E-01  3.0267E-02 -1.6387E-01  4.7759E-07
  1.4000E+01  8.4636E-01  3.0267E-02 -1.6387E-01  4.7759E-07
  1.5000E+01  1.2591E+00  3.0267E-02  2.3335E-01 -6.3179E-07
  1.5000E+01  1.2591E+00  3.0267E-02  2.3335E-01 -6.3179E-07
  1.5000E+01  1.2591E+00  3.0267E-02  2.3335E-01 -6.3179E-07
  1.5000E+01  1.2591E+00  3.0267E-02  2.3335E-01 -6.3179E-07
  1.5000E+01  1.2591E+00  3.0267E-02  2.3335E-01 -6.3179E-07
  1.5000E+01  1.2591E+00  3.0267E-02  2.3335E-01 -6.3179E-07
  1.5000E+01  1.2591E+00  3.0267E-02  2.3335E-01 -6.3179E-07
  1.6000E+01  1.0777E+00  3.0267E-02  7.7799E-02 -1.1496E-06
  1.6000E+01  1.0777E+00  3.0267E-02  7.7799E-02 -1.1496E-06
  1.6000E+01  1.0777E+00  3.0267E-02  7.7799E-02 -1.1496E-06
  1.6000E+01  1.0777E+00  3.0267E-02  7.7799E-02 -1.1496E-06
  1.6000E+01  1.0777E+00  3.0267E-02  7.7799E-02 -1.1496E-06
  1.6000E+01  1.0777E+00  3.0267E-02  7.7799E-02 -1.1496E-06
  1.6000E+01  1.0777E+00  3.0267E-02  7.7799E-02 -1.1496E-06
  1.6000E+01  1.0777E+00  3.0267E-02  7.7799E-02 -1.1496E-06
  1.6000E+01  1.0777E+00  3.0267E-02  7.7799E-02 -1.1496E-06
  1.6000E+01  1.0777E+00  3.0267E-02  7.7799E-02 -1.1496E-06
  1.7000E+01  1.0823E+00  3.0267E-02  8.2004E-02 -1.1874E-07
  1.7000E+01  1.0823E+00  3.0267E-02  8.2004E-02 -1.1874E-07
  1.7000E+01  1.0823E+00  3.0267E-02  8.2004E-02 -1.1874E-07
  1.7000E+01  1.0823E+00  3.0267E-02  8.2004E-02 -1.1874E-07
  1.7000E+01  1.0823E+00  3.0267E-02  8.2004E-02 -1.1874E-07
  1.7000E+01  1.0823E+00  3.0267E-02  8.2004E-02 -1.1874E-07
  1.7000E+01  1.0823E+00  3.0267E-02  8.2004E-02 -1.1874E-07
  1.7000E+01  1.0823E+00  3.0267E-02  8.2004E-02 -1.1874E-07
  1.8000E+01  9.4599E-01  3.0267E-02 -5.2579E-02 -7.3456E-07
  1.8000E+01  9.4599E-01  3.0267E-02 -5.2579E-02 -7.3456E-07
  1.8000E+01  9.4599E-01  3.0267E-02 -5.2579E-02 -7.3456E-07
  1.8000E+01  9.4599E-01  3.0267E-02 -5.2579E-02 -7.3456E-07
  1.8000E+01  9.4599E-01  3.0267E-02 -5.2579E-02 -7.3456E-07
  1.8000E+01  9.4599E-01  3.0267E-02 -5.2579E-02 -7.3456E-07
  1.8000E+01  9.4599E-01  3.0267E-02 -5.2579E-02 -7.3456E-07
  1.8000E+01  9.4599E-01  3.0267E-02 -5.2579E-02 -7.3456E-07
  1.8000E+01  9.4599E-01  3.0267E-02 -5.2579E-02 -7.3456E-07
  1.9000E+01  1.0275E+00  3.0267E-02  3.0037E-02 -5.8951E-08
  1.9000E+01  1.0275E+00  3.0267E-02  3.0037E-02 -5.8951E-08
  1.9000E+01  1.0275E+00  3.0267E-02  3.0037E-02 -5.8951E-08
  1.9000E+01  1.0275E+00  3.0267E-02  3.0037E-02 -5.8951E-08
  1.9000E+01  1.0275E+00  3.0267E-02  3.0037E-02 -5.8951E-08
  1.9000E+01  1.0275E+00  3.0267E-02  3.0037E-02 -5.8951E-08
  1.9000E+01  1.0275E+00  3.0267E-02  3.0037E-02 -5.8951E-08
  1.9000E+01  1.0275E+00  3.0267E-02  3.0037E-02 -5.8951E-08
  1.9000E+01  1.0275E+00  3.0267E-02  3.0037E-02 -5.8951E-08
  2.0000E+01  1.1062E+00  3.0267E-02  1.0386E-01  3.3034E-07
  2.0000E+01  1.1062E+00  3.0267E-02  1.0386E-01  3.3034E-07
  2.0000E+01  1.1062E+00  3.0267E-02  1.0386E-01  3.3034E-07
  2.0000E+01  1.1062E+00  3.0267E-02  1.0386E-01  3.3034E-07
  2.0000E+01  1.1062E+00  3.0267E-02  1.0386E-01  3.3034E-07
  2.0000E+01  1.1062E+00  3.0267E-02  1.0386E-01  3.3034E-07
  2.0000E+01  1.1062E+00  3.0267E-02  1.0386E-01  3.3034E-07
  2.0000E+01  1.1062E+00  3.0267E-02  1.0386E-01  3.3034E-07
  2.0000E+01  1.1062E+00  3.0267E-02  1.0386E-01  3.3034E-07
  2.0000E+01  1.1062E+00  3.0267E-02  1.0386E-01  3.3034E-07
  2.0000E+01  1.1062E+00  3.0267E-02  1.0386E-01  3.3034E-07
