TABLE NO.  1
 ID          TIME        DV          MDV         EVID        IPRE        IWRE        CWRES       DV          PRED        RES         WRES
  1.0000E+00  0.0000E+00  0.0000E+00  1.0000E+00  2.0000E+00  1.0000E+00 -2.5607E-02  0.0000E+00  0.0000E+00  1.0000E+00  0.0000E+00  0.0000E+00
  1.0000E+00  7.0000E+00  5.0022E+01  0.0000E+00  0.0000E+00  6.5111E+01 -3.7900E-01 -3.6319E-01  5.0022E+01  6.1591E+01 -1.1569E+01 -3.6514E-01
  1.0000E+00  1.1000E+01  3.0952E+02  0.0000E+00  0.0000E+00  2.4306E+02  1.3674E+00  1.4372E+00  3.0952E+02  2.2774E+02  8.1775E+01  1.4553E+00
  1.0000E+00  1.2000E+01  3.2490E+02  0.0000E+00  0.0000E+00  3.1971E+02  9.5073E-02  1.8871E-01  3.2490E+02  2.9906E+02  2.5832E+01  1.8689E-01
  1.0000E+00  1.3000E+01  4.5084E+02  0.0000E+00  0.0000E+00  4.1351E+02  5.9413E-01  7.1566E-01  4.5084E+02  3.8624E+02  6.4607E+01  7.2289E-01
  1.0000E+00  1.4000E+01  5.7245E+02  0.0000E+00  0.0000E+00  5.2688E+02  6.1677E-01  7.6935E-01  5.7245E+02  4.9148E+02  8.0972E+01  7.7584E-01
  1.0000E+00  1.5000E+01  6.6434E+02  0.0000E+00  0.0000E+00  6.6240E+02  2.2051E-02  2.0758E-01  6.6434E+02  6.1715E+02  4.7183E+01  2.0467E-01
  1.0000E+00  1.8000E+01  1.1517E+03  0.0000E+00  0.0000E+00  1.2296E+03 -5.1458E-01 -2.3002E-01  1.1517E+03  1.1423E+03  9.3901E+00 -2.3554E-01
  1.0000E+00  1.9000E+01  1.3384E+03  0.0000E+00  0.0000E+00  1.4823E+03 -7.9623E-01 -4.8103E-01  1.3384E+03  1.3759E+03 -3.7479E+01 -4.8647E-01
  2.0000E+00  0.0000E+00  0.0000E+00  1.0000E+00  2.0000E+00  1.0000E+00 -2.5607E-02  0.0000E+00  0.0000E+00  1.0000E+00  0.0000E+00  0.0000E+00
  2.0000E+00  5.0000E+00  5.4886E+01  0.0000E+00  0.0000E+00  2.8947E+01  6.6166E-01  6.8036E-01  5.4886E+01  2.6569E+01  2.8318E+01  6.8098E-01
  2.0000E+00  6.0000E+00  5.9408E+01  0.0000E+00  0.0000E+00  4.5313E+01  3.5752E-01  3.8926E-01  5.9408E+01  4.1280E+01  1.8128E+01  3.9032E-01
  2.0000E+00  7.0000E+00  8.5662E+01  0.0000E+00  0.0000E+00  6.8030E+01  4.4210E-01  4.9267E-01  8.5662E+01  6.1591E+01  2.4071E+01  4.9529E-01
  2.0000E+00  1.1000E+01  2.6157E+02  0.0000E+00  0.0000E+00  2.5585E+02  1.1561E-01  3.1937E-01  2.6157E+02  2.2774E+02  3.3829E+01  3.3137E-01
  2.0000E+00  1.2000E+01  4.1227E+02  0.0000E+00  0.0000E+00  3.3696E+02  1.3452E+00  1.6063E+00  4.1227E+02  2.9906E+02  1.1320E+02  1.6786E+00
  2.0000E+00  1.3000E+01  4.8845E+02  0.0000E+00  0.0000E+00  4.3633E+02  8.0215E-01  1.1255E+00  4.8845E+02  3.8624E+02  1.0222E+02  1.1832E+00
  2.0000E+00  1.4000E+01  6.1886E+02  0.0000E+00  0.0000E+00  5.5652E+02  8.1058E-01  1.1986E+00  6.1886E+02  4.9148E+02  1.2738E+02  1.2640E+00
  2.0000E+00  1.5000E+01  7.9900E+02  0.0000E+00  0.0000E+00  7.0030E+02  1.0722E+00  1.5254E+00  7.9900E+02  6.1715E+02  1.8184E+02  1.6113E+00
  2.0000E+00  1.8000E+01  1.2187E+03  0.0000E+00  0.0000E+00  1.3030E+03 -5.2677E-01  1.1075E-01  1.2187E+03  1.1423E+03  7.6420E+01  1.0761E-01
  2.0000E+00  1.9000E+01  1.4155E+03  0.0000E+00  0.0000E+00  1.5716E+03 -8.1720E-01 -1.2497E-01  1.4155E+03  1.3759E+03  3.9611E+01 -1.4417E-01
  2.0000E+00  2.0000E+01  1.4102E+03  0.0000E+00  0.0000E+00  1.8799E+03 -2.0680E+00 -1.3251E+00  1.4102E+03  1.6435E+03 -2.3338E+02 -1.4174E+00
  3.0000E+00  0.0000E+00  0.0000E+00  1.0000E+00  2.0000E+00  1.0000E+00 -2.5607E-02  0.0000E+00  0.0000E+00  1.0000E+00  0.0000E+00  0.0000E+00
  3.0000E+00  6.0000E+00  8.9231E+01  0.0000E+00  0.0000E+00  4.6820E+01  1.0751E+00  1.0755E+00  8.9231E+01  4.1280E+01  4.7951E+01  1.0766E+00
  3.0000E+00  7.0000E+00  1.5735E+02  0.0000E+00  0.0000E+00  7.0444E+01  2.1758E+00  2.1767E+00  1.5735E+02  6.1591E+01  9.5761E+01  2.1867E+00
  3.0000E+00  1.1000E+01  2.2170E+02  0.0000E+00  0.0000E+00  2.6648E+02 -8.9003E-01 -8.7461E-01  2.2170E+02  2.2774E+02 -6.0453E+00 -9.1883E-01
  3.0000E+00  1.2000E+01  3.2749E+02  0.0000E+00  0.0000E+00  3.5132E+02 -4.1647E-01 -3.8851E-01  3.2749E+02  2.9906E+02  2.8428E+01 -4.1391E-01
  3.0000E+00  1.3000E+01  4.6144E+02  0.0000E+00  0.0000E+00  4.5533E+02  9.1463E-02  1.3791E-01  4.6144E+02  3.8624E+02  7.5203E+01  1.5071E-01
  3.0000E+00  1.4000E+01  6.4145E+02  0.0000E+00  0.0000E+00  5.8123E+02  7.5800E-01  8.2929E-01  6.4145E+02  4.9148E+02  1.4997E+02  9.0751E-01
  3.0000E+00  1.5000E+01  7.4687E+02  0.0000E+00  0.0000E+00  7.3192E+02  1.5660E-01  2.5900E-01  7.4687E+02  6.1715E+02  1.2971E+02  2.8596E-01
  3.0000E+00  1.8000E+01  1.3595E+03  0.0000E+00  0.0000E+00  1.3642E+03 -2.8469E-02  2.0057E-01  1.3595E+03  1.1423E+03  2.1716E+02  2.2036E-01
  4.0000E+00  0.0000E+00  0.0000E+00  1.0000E+00  2.0000E+00  1.0000E+00 -2.5607E-02  0.0000E+00  0.0000E+00  1.0000E+00  0.0000E+00  0.0000E+00
  4.0000E+00  6.0000E+00  5.5349E+01  0.0000E+00  0.0000E+00  2.7058E+01  7.2197E-01  7.0118E-01  5.5349E+01  4.1280E+01  1.4068E+01  6.8531E-01
  4.0000E+00  7.0000E+00  5.6176E+01  0.0000E+00  0.0000E+00  3.9182E+01  4.3208E-01  3.9977E-01  5.6176E+01  6.1591E+01 -5.4153E+00  3.8079E-01
  4.0000E+00  1.1000E+01  1.0333E+02  0.0000E+00  0.0000E+00  1.3340E+02 -7.1320E-01 -8.4170E-01  1.0333E+02  2.2774E+02 -1.2441E+02 -7.5248E-01
  4.0000E+00  1.2000E+01  1.5532E+02  0.0000E+00  0.0000E+00  1.7263E+02 -3.9219E-01 -5.6094E-01  1.5532E+02  2.9906E+02 -1.4374E+02 -4.7174E-01
  4.0000E+00  1.3000E+01  1.6796E+02  0.0000E+00  0.0000E+00  2.2006E+02 -1.1080E+00 -1.3243E+00  1.6796E+02  3.8624E+02 -2.1828E+02 -1.0200E+00
  4.0000E+00  1.4000E+01  2.1938E+02  0.0000E+00  0.0000E+00  2.7678E+02 -1.1234E+00 -1.3946E+00  2.1938E+02  4.9148E+02 -2.7210E+02 -9.9576E-01
  4.0000E+00  1.5000E+01  4.1238E+02  0.0000E+00  0.0000E+00  3.4392E+02  1.2101E+00  8.7678E-01  4.1238E+02  6.1715E+02 -2.0478E+02  5.4637E-01
  4.0000E+00  1.8000E+01  5.8419E+02  0.0000E+00  0.0000E+00  6.2018E+02 -4.3090E-01 -9.9210E-01  5.8419E+02  1.1423E+03 -5.5811E+02 -6.1799E-01
  4.0000E+00  1.9000E+01  7.6207E+02  0.0000E+00  0.0000E+00  7.4158E+02  2.1228E-01 -4.3870E-01  7.6207E+02  1.3759E+03 -6.1378E+02 -3.2337E-01
  4.0000E+00  2.0000E+01  8.8033E+02  0.0000E+00  0.0000E+00  8.7997E+02  3.2069E-03 -7.4454E-01  8.8033E+02  1.6435E+03 -7.6321E+02 -4.9863E-01
  4.0000E+00  2.1000E+01  1.0401E+03  0.0000E+00  0.0000E+00  1.0368E+03  2.5349E-02 -8.2613E-01  1.0401E+03  1.9484E+03 -9.0833E+02 -5.5649E-01
  4.0000E+00  2.2000E+01  1.3351E+03  0.0000E+00  0.0000E+00  1.2136E+03  8.1256E-01 -1.4951E-01  1.3351E+03  2.2937E+03 -9.5851E+02 -2.3618E-01
  5.0000E+00  0.0000E+00  0.0000E+00  1.0000E+00  2.0000E+00  1.0000E+00 -2.5607E-02  0.0000E+00  0.0000E+00  1.0000E+00  0.0000E+00  0.0000E+00
  5.0000E+00  5.0000E+00  6.8809E+01  0.0000E+00  0.0000E+00  2.5152E+01  1.1146E+00  1.1161E+00  6.8809E+01  2.6569E+01  4.2240E+01  1.1137E+00
  5.0000E+00  6.0000E+00  5.9853E+01  0.0000E+00  0.0000E+00  3.8889E+01  5.3308E-01  5.3549E-01  5.9853E+01  4.1280E+01  1.8573E+01  5.3189E-01
  5.0000E+00  7.0000E+00  5.8989E+01  0.0000E+00  0.0000E+00  5.7789E+01  3.0248E-02  3.4070E-02  5.8989E+01  6.1591E+01 -2.6026E+00  2.9238E-02
  5.0000E+00  1.1000E+01  1.7966E+02  0.0000E+00  0.0000E+00  2.1133E+02 -6.8172E-01 -6.6548E-01  1.7966E+02  2.2774E+02 -4.8079E+01 -6.6045E-01
  5.0000E+00  1.2000E+01  3.0979E+02  0.0000E+00  0.0000E+00  2.7697E+02  6.4207E-01  6.6340E-01  3.0979E+02  2.9906E+02  1.0724E+01  6.1676E-01
  5.0000E+00  1.3000E+01  4.7057E+02  0.0000E+00  0.0000E+00  3.5709E+02  1.9661E+00  1.9929E+00  4.7057E+02  3.8624E+02  8.4336E+01  1.8467E+00
  5.0000E+00  1.4000E+01  4.8093E+02  0.0000E+00  0.0000E+00  4.5369E+02  4.0872E-01  4.4083E-01  4.8093E+02  4.9148E+02 -1.0549E+01  3.8644E-01
  5.0000E+00  1.5000E+01  4.8878E+02  0.0000E+00  0.0000E+00  5.6891E+02 -1.0251E+00 -9.8878E-01  4.8878E+02  6.1715E+02 -1.2838E+02 -9.0714E-01
  5.0000E+00  1.8000E+01  1.0217E+03  0.0000E+00  0.0000E+00  1.0494E+03 -2.1157E-01 -1.7566E-01  1.0217E+03  1.1423E+03 -1.2058E+02 -1.6983E-01
  5.0000E+00  1.9000E+01  1.2785E+03  0.0000E+00  0.0000E+00  1.2628E+03  1.0146E-01  1.3128E-01  1.2785E+03  1.3759E+03 -9.7329E+01  9.4973E-02
  5.0000E+00  2.0000E+01  1.3774E+03  0.0000E+00  0.0000E+00  1.5071E+03 -7.0674E-01 -6.8627E-01  1.3774E+03  1.6435E+03 -2.6615E+02 -6.0643E-01
  6.0000E+00  0.0000E+00  0.0000E+00  1.0000E+00  2.0000E+00  1.0000E+00 -2.5607E-02  0.0000E+00  0.0000E+00  1.0000E+00  0.0000E+00  0.0000E+00
  6.0000E+00  6.0000E+00  4.6502E+01  0.0000E+00  0.0000E+00  4.9686E+01 -8.0608E-02 -3.9984E-02  4.6502E+01  4.1280E+01  5.2219E+00 -4.0379E-02
  6.0000E+00  7.0000E+00  5.5155E+01  0.0000E+00  0.0000E+00  7.5045E+01 -4.9649E-01 -4.3164E-01  5.5155E+01  6.1591E+01 -6.4359E+00 -4.3461E-01
  6.0000E+00  1.1000E+01  2.5122E+02  0.0000E+00  0.0000E+00  2.8687E+02 -6.8715E-01 -4.3376E-01  2.5122E+02  2.2774E+02  2.3478E+01 -4.6562E-01
  6.0000E+00  1.2000E+01  3.4118E+02  0.0000E+00  0.0000E+00  3.7889E+02 -6.3227E-01 -3.1185E-01  3.4118E+02  2.9906E+02  4.2111E+01 -3.4445E-01
  6.0000E+00  1.3000E+01  4.3833E+02  0.0000E+00  0.0000E+00  4.9186E+02 -7.6054E-01 -3.6797E-01  4.3833E+02  3.8624E+02  5.2100E+01 -4.2014E-01
  6.0000E+00  1.4000E+01  8.5995E+02  0.0000E+00  0.0000E+00  6.2876E+02  2.7387E+00  3.2077E+00  8.5995E+02  4.9148E+02  3.6847E+02  3.7183E+00
  6.0000E+00  1.5000E+01  8.5473E+02  0.0000E+00  0.0000E+00  7.9280E+02  6.0641E-01  1.1554E+00  8.5473E+02  6.1715E+02  2.3757E+02  1.3465E+00
  6.0000E+00  1.8000E+01  1.1433E+03  0.0000E+00  0.0000E+00  1.4824E+03 -1.8765E+00 -1.0733E+00  1.1433E+03  1.1423E+03  9.8007E-01 -1.3225E+00
  7.0000E+00  0.0000E+00  0.0000E+00  1.0000E+00  2.0000E+00  1.0000E+00 -2.5607E-02  0.0000E+00  0.0000E+00  1.0000E+00  0.0000E+00  0.0000E+00
  7.0000E+00  6.0000E+00  9.4728E+01  0.0000E+00  0.0000E+00  5.8984E+01  9.0084E-01  9.3651E-01  9.4728E+01  4.1280E+01  5.3448E+01  9.4291E-01
  7.0000E+00  7.0000E+00  1.2609E+02  0.0000E+00  0.0000E+00  9.0062E+01  8.8975E-01  9.4769E-01  1.2609E+02  6.1591E+01  6.4503E+01  9.6930E-01
  7.0000E+00  1.1000E+01  3.3314E+02  0.0000E+00  0.0000E+00  3.5449E+02 -3.7146E-01 -1.0588E-01  3.3314E+02  2.2774E+02  1.0539E+02 -9.9718E-02
  7.0000E+00  1.2000E+01  5.3868E+02  0.0000E+00  0.0000E+00  4.7059E+02  9.9713E-01  1.3547E+00  5.3868E+02  2.9906E+02  2.3962E+02  1.7452E+00
  7.0000E+00  1.3000E+01  6.6993E+02  0.0000E+00  0.0000E+00  6.1364E+02  6.7962E-01  1.1465E+00  6.6993E+02  3.8624E+02  2.8369E+02  1.5360E+00
  7.0000E+00  1.4000E+01  7.6253E+02  0.0000E+00  0.0000E+00  7.8758E+02 -2.4667E-01  3.4616E-01  7.6253E+02  4.9148E+02  2.7105E+02  4.4938E-01
  7.0000E+00  1.5000E+01  9.2372E+02  0.0000E+00  0.0000E+00  9.9661E+02 -5.8365E-01  1.5032E-01  9.2372E+02  6.1715E+02  3.0656E+02  1.4196E-01
  8.0000E+00  0.0000E+00  0.0000E+00  1.0000E+00  2.0000E+00  1.0000E+00 -2.5607E-02  0.0000E+00  0.0000E+00  1.0000E+00  0.0000E+00  0.0000E+00
  8.0000E+00  1.1000E+01  2.0116E+02  0.0000E+00  0.0000E+00  2.0494E+02 -8.1953E-02 -1.4167E-01  2.0116E+02  2.2774E+02 -2.6579E+01 -1.4302E-01
  8.0000E+00  1.2000E+01  3.1638E+02  0.0000E+00  0.0000E+00  2.6838E+02  9.5150E-01  8.7628E-01  3.1638E+02  2.9906E+02  1.7319E+01  8.1764E-01
  8.0000E+00  1.3000E+01  3.3824E+02  0.0000E+00  0.0000E+00  3.4576E+02 -1.3251E-01 -2.2402E-01  3.3824E+02  3.8624E+02 -4.7995E+01 -2.1498E-01
  8.0000E+00  1.4000E+01  4.1196E+02  0.0000E+00  0.0000E+00  4.3901E+02 -4.1471E-01 -5.2304E-01  4.1196E+02  4.9148E+02 -7.9520E+01 -4.7952E-01
  8.0000E+00  1.5000E+01  5.8667E+02  0.0000E+00  0.0000E+00  5.5019E+02  4.7841E-01  3.5261E-01  5.8667E+02  6.1715E+02 -3.0487E+01  2.9772E-01
  8.0000E+00  1.8000E+01  9.9188E+02  0.0000E+00  0.0000E+00  1.0134E+03 -1.6989E-01 -3.5591E-01  9.9188E+02  1.1423E+03 -1.5042E+02 -3.1681E-01
  8.0000E+00  1.9000E+01  1.2199E+03  0.0000E+00  0.0000E+00  1.2190E+03  6.0743E-03 -2.0379E-01  1.2199E+03  1.3759E+03 -1.5596E+02 -1.9008E-01
  9.0000E+00  0.0000E+00  0.0000E+00  1.0000E+00  2.0000E+00  1.0000E+00 -2.5607E-02  0.0000E+00  0.0000E+00  1.0000E+00  0.0000E+00  0.0000E+00
  9.0000E+00  6.0000E+00  1.8567E+01  0.0000E+00  0.0000E+00  3.2101E+01 -3.4490E-01 -3.6878E-01  1.8567E+01  4.1280E+01 -2.2713E+01 -3.6688E-01
  9.0000E+00  7.0000E+00  7.3294E+01  0.0000E+00  0.0000E+00  4.7066E+01  6.6480E-01  6.2735E-01  7.3294E+01  6.1591E+01  1.1703E+01  6.2583E-01
  9.0000E+00  1.1000E+01  1.2682E+02  0.0000E+00  0.0000E+00  1.6588E+02 -8.9266E-01 -1.0433E+00  1.2682E+02  2.2774E+02 -1.0092E+02 -9.3264E-01
  9.0000E+00  1.2000E+01  2.2266E+02  0.0000E+00  0.0000E+00  2.1600E+02  1.4256E-01 -5.4218E-02  2.2266E+02  2.9906E+02 -7.6403E+01 -2.3800E-02
  9.0000E+00  1.3000E+01  2.4473E+02  0.0000E+00  0.0000E+00  2.7686E+02 -6.2892E-01 -8.7898E-01  2.4473E+02  3.8624E+02 -1.4151E+02 -7.0601E-01
  9.0000E+00  1.4000E+01  3.3363E+02  0.0000E+00  0.0000E+00  3.4994E+02 -2.8571E-01 -5.9548E-01  3.3363E+02  4.9148E+02 -1.5785E+02 -4.5169E-01
  9.0000E+00  1.5000E+01  3.6748E+02  0.0000E+00  0.0000E+00  4.3677E+02 -1.0658E+00 -1.4409E+00  3.6748E+02  6.1715E+02 -2.4968E+02 -1.0720E+00
  9.0000E+00  1.8000E+01  8.0578E+02  0.0000E+00  0.0000E+00  7.9639E+02  9.1554E-02 -5.0651E-01  8.0578E+02  1.1423E+03 -3.3652E+02 -3.7823E-01
  9.0000E+00  1.9000E+01  1.0300E+03  0.0000E+00  0.0000E+00  9.5524E+02  6.2212E-01 -5.7700E-02  1.0300E+03  1.3759E+03 -3.4583E+02 -8.8378E-02
  9.0000E+00  2.0000E+01  1.2728E+03  0.0000E+00  0.0000E+00  1.1367E+03  9.6648E-01  2.0173E-01  1.2728E+03  1.6435E+03 -3.7071E+02  6.5949E-02
  1.0000E+01  0.0000E+00  0.0000E+00  1.0000E+00  2.0000E+00  1.0000E+00 -2.5607E-02  0.0000E+00  0.0000E+00  1.0000E+00  0.0000E+00  0.0000E+00
  1.0000E+01  6.0000E+00  2.6880E+01  0.0000E+00  0.0000E+00  3.0971E+01 -1.0429E-01 -1.2428E-01  2.6880E+01  4.1280E+01 -1.4400E+01 -1.2921E-01
  1.0000E+01  1.1000E+01  1.4415E+02  0.0000E+00  0.0000E+00  1.5850E+02 -3.3092E-01 -4.5563E-01  1.4415E+02  2.2774E+02 -8.3593E+01 -4.1525E-01
  1.0000E+01  1.2000E+01  1.9340E+02  0.0000E+00  0.0000E+00  2.0612E+02 -2.7586E-01 -4.3839E-01  1.9340E+02  2.9906E+02 -1.0566E+02 -3.7967E-01
  1.0000E+01  1.3000E+01  2.8117E+02  0.0000E+00  0.0000E+00  2.6391E+02  3.4432E-01  1.3828E-01  2.8117E+02  3.8624E+02 -1.0506E+02  1.0813E-01
  1.0000E+01  1.4000E+01  2.9489E+02  0.0000E+00  0.0000E+00  3.3324E+02 -6.8902E-01 -9.4376E-01  2.9489E+02  4.9148E+02 -1.9659E+02 -7.3123E-01
  1.0000E+01  1.5000E+01  3.9188E+02  0.0000E+00  0.0000E+00  4.1555E+02 -3.7546E-01 -6.8363E-01  3.9188E+02  6.1715E+02 -2.2527E+02 -5.1182E-01
  1.0000E+01  1.8000E+01  7.4496E+02  0.0000E+00  0.0000E+00  7.5598E+02 -1.1238E-01 -6.0745E-01  7.4496E+02  1.1423E+03 -3.9734E+02 -4.4323E-01
  1.0000E+01  1.9000E+01  9.9033E+02  0.0000E+00  0.0000E+00  9.0619E+02  7.3346E-01  1.6705E-01  9.9033E+02  1.3759E+03 -3.8553E+02  4.4169E-02
  1.0000E+01  2.0000E+01  1.0853E+03  0.0000E+00  0.0000E+00  1.0777E+03  5.6529E-02 -5.8588E-01  1.0853E+03  1.6435E+03 -5.5822E+02 -4.4341E-01
  1.0000E+01  2.1000E+01  1.3312E+03  0.0000E+00  0.0000E+00  1.2725E+03  3.7552E-01 -3.4754E-01  1.3312E+03  1.9484E+03 -6.1721E+02 -3.0774E-01
  1.1000E+01  0.0000E+00  0.0000E+00  1.0000E+00  2.0000E+00  1.0000E+00 -2.5607E-02  0.0000E+00  0.0000E+00  1.0000E+00  0.0000E+00  0.0000E+00
  1.1000E+01  9.0000E+00  1.3992E+01  0.0000E+00  0.0000E+00  8.2106E+01 -1.6920E+00 -1.7379E+00  1.3992E+01  1.2449E+02 -1.1050E+02 -1.6775E+00
  1.1000E+01  1.0000E+01  2.3745E+01  0.0000E+00  0.0000E+00  1.1051E+02 -2.1056E+00 -2.1697E+00  2.3745E+01  1.7020E+02 -1.4645E+02 -2.0279E+00
  1.1000E+01  1.1000E+01  4.2285E+01  0.0000E+00  0.0000E+00  1.4587E+02 -2.4238E+00 -2.5109E+00  4.2285E+01  2.2774E+02 -1.8546E+02 -2.2409E+00
  1.1000E+01  1.4000E+01  3.0702E+02  0.0000E+00  0.0000E+00  3.0476E+02  4.2446E-02 -1.4834E-01  3.0702E+02  4.9148E+02 -1.8446E+02 -1.1995E-01
  1.1000E+01  1.5000E+01  4.3996E+02  0.0000E+00  0.0000E+00  3.7939E+02  1.0145E+00  7.7589E-01  4.3996E+02  6.1715E+02 -1.7719E+02  5.0942E-01
  1.1000E+01  1.6000E+01  5.4535E+02  0.0000E+00  0.0000E+00  4.6707E+02  1.1521E+00  8.5831E-01  5.4535E+02  7.6575E+02 -2.2040E+02  5.1886E-01
  1.1000E+01  1.7000E+01  6.0547E+02  0.0000E+00  0.0000E+00  5.6922E+02  4.6357E-01  1.0678E-01  6.0547E+02  9.3988E+02 -3.3442E+02  8.9315E-03
  1.1000E+01  1.8000E+01  7.4313E+02  0.0000E+00  0.0000E+00  6.8732E+02  6.1564E-01  1.8772E-01  7.4313E+02  1.1423E+03 -3.9917E+02  3.5203E-02
  1.1000E+01  2.1000E+01  9.6310E+02  0.0000E+00  0.0000E+00  1.1532E+03 -1.3318E+00 -2.0247E+00  9.6310E+02  1.9484E+03 -9.8530E+02 -1.2881E+00
  1.2000E+01  0.0000E+00  0.0000E+00  1.0000E+00  2.0000E+00  1.0000E+00 -2.5607E-02  0.0000E+00  0.0000E+00  1.0000E+00  0.0000E+00  0.0000E+00
  1.2000E+01  1.1000E+01  1.0937E+02  0.0000E+00  0.0000E+00  1.5330E+02 -1.0191E+00 -1.1150E+00  1.0937E+02  2.2774E+02 -1.1838E+02 -1.0242E+00
  1.2000E+01  1.4000E+01  3.9051E+02  0.0000E+00  0.0000E+00  3.2148E+02  1.2625E+00  1.0608E+00  3.9051E+02  4.9148E+02 -1.0097E+02  7.6968E-01
  1.2000E+01  1.5000E+01  4.3064E+02  0.0000E+00  0.0000E+00  4.0061E+02  4.8713E-01  2.3942E-01  4.3064E+02  6.1715E+02 -1.8652E+02  1.3597E-01
  1.2000E+01  1.6000E+01  4.1365E+02  0.0000E+00  0.0000E+00  4.9365E+02 -1.1339E+00 -1.4331E+00  4.1365E+02  7.6575E+02 -3.5210E+02 -1.0097E+00
  1.2000E+01  1.7000E+01  5.4487E+02  0.0000E+00  0.0000E+00  6.0211E+02 -7.0138E-01 -1.0575E+00  5.4487E+02  9.3988E+02 -3.9502E+02 -7.3800E-01
  1.2000E+01  1.8000E+01  7.4950E+02  0.0000E+00  0.0000E+00  7.2759E+02  2.3053E-01 -1.8839E-01  7.4950E+02  1.1423E+03 -3.9280E+02 -1.8125E-01
  1.2000E+01  2.1000E+01  1.3128E+03  0.0000E+00  0.0000E+00  1.2231E+03  5.9534E-01 -4.7732E-02  1.3128E+03  1.9484E+03 -6.3557E+02 -1.3484E-01
  1.2000E+01  2.2000E+01  1.4148E+03  0.0000E+00  0.0000E+00  1.4339E+03 -1.0919E-01 -8.3875E-01  1.4148E+03  2.2937E+03 -8.7889E+02 -6.1702E-01
  1.3000E+01  0.0000E+00  0.0000E+00  1.0000E+00  2.0000E+00  1.0000E+00 -2.5607E-02  0.0000E+00  0.0000E+00  1.0000E+00  0.0000E+00  0.0000E+00
  1.3000E+01  7.0000E+00  4.9278E+01  0.0000E+00  0.0000E+00  7.7652E+01 -7.0703E-01 -7.1835E-01  4.9278E+01  6.1591E+01 -1.2313E+01 -7.4899E-01
  1.3000E+01  8.0000E+00  7.6058E+01  0.0000E+00  0.0000E+00  1.1335E+02 -9.0261E-01 -9.1977E-01  7.6058E+01  8.8832E+01 -1.2774E+01 -9.7060E-01
  1.3000E+01  9.0000E+00  1.4878E+02  0.0000E+00  0.0000E+00  1.6049E+02 -2.6924E-01 -2.9397E-01  1.4878E+02  1.2449E+02  2.4292E+01 -3.4556E-01
  1.3000E+01  1.0000E+01  1.1859E+02  0.0000E+00  0.0000E+00  2.2136E+02 -2.1815E+00 -2.2152E+00  1.1859E+02  1.7020E+02 -5.1606E+01 -2.4129E+00
  1.3000E+01  1.1000E+01  2.0243E+02  0.0000E+00  0.0000E+00  2.9849E+02 -1.8196E+00 -1.8625E+00  2.0243E+02  2.2774E+02 -2.5316E+01 -2.1067E+00
  1.3000E+01  1.4000E+01  5.6855E+02  0.0000E+00  0.0000E+00  6.5594E+02 -1.0011E+00 -1.0455E+00  5.6855E+02  4.9148E+02  7.7069E+01 -1.3026E+00
  1.3000E+01  1.5000E+01  1.0068E+03  0.0000E+00  0.0000E+00  8.2764E+02  1.6902E+00  1.6644E+00  1.0068E+03  6.1715E+02  3.8960E+02  1.9869E+00
  1.3000E+01  1.6000E+01  1.0851E+03  0.0000E+00  0.0000E+00  1.0314E+03  4.1694E-01  4.2307E-01  1.0851E+03  7.6575E+02  3.1934E+02  4.8134E-01
  1.3000E+01  1.7000E+01  1.4921E+03  0.0000E+00  0.0000E+00  1.2709E+03  1.4155E+00  1.4676E+00  1.4921E+03  9.3988E+02  5.5218E+02  1.7846E+00
  1.4000E+01  0.0000E+00  0.0000E+00  1.0000E+00  2.0000E+00  1.0000E+00 -2.5607E-02  0.0000E+00  0.0000E+00  1.0000E+00  0.0000E+00  0.0000E+00
  1.4000E+01  1.1000E+01  6.9900E+01  0.0000E+00  0.0000E+00  1.3417E+02 -1.5234E+00 -1.6993E+00  6.9900E+01  2.2774E+02 -1.5784E+02 -1.4923E+00
  1.4000E+01  1.4000E+01  2.4218E+02  0.0000E+00  0.0000E+00  2.7851E+02 -7.0917E-01 -1.0808E+00  2.4218E+02  4.9148E+02 -2.4930E+02 -7.6636E-01
  1.4000E+01  1.5000E+01  3.7053E+02  0.0000E+00  0.0000E+00  3.4612E+02  4.3015E-01 -2.6469E-02  3.7053E+02  6.1715E+02 -2.4662E+02 -3.7270E-02
  1.4000E+01  1.6000E+01  4.0819E+02  0.0000E+00  0.0000E+00  4.2543E+02 -2.6969E-01 -8.2059E-01  4.0819E+02  7.6575E+02 -3.5756E+02 -5.4212E-01
  1.4000E+01  1.7000E+01  5.2224E+02  0.0000E+00  0.0000E+00  5.1773E+02  6.1749E-02 -5.9234E-01  5.2224E+02  9.3988E+02 -4.1765E+02 -4.0708E-01
  1.4000E+01  1.8000E+01  6.1625E+02  0.0000E+00  0.0000E+00  6.2433E+02 -9.6266E-02 -8.6212E-01  6.1625E+02  1.1423E+03 -5.2605E+02 -5.6956E-01
  1.4000E+01  2.1000E+01  1.1427E+03  0.0000E+00  0.0000E+00  1.0440E+03  7.5782E-01 -3.9104E-01  1.1427E+03  1.9484E+03 -8.0571E+02 -3.8602E-01
  1.5000E+01  0.0000E+00  0.0000E+00  1.0000E+00  2.0000E+00  1.0000E+00 -2.5607E-02  0.0000E+00  0.0000E+00  1.0000E+00  0.0000E+00  0.0000E+00
  1.5000E+01  4.0000E+00  3.4157E+01  0.0000E+00  0.0000E+00  2.7852E+01  1.6087E-01  2.1966E-01  3.4157E+01  1.6278E+01  1.7880E+01  2.3997E-01
  1.5000E+01  7.0000E+00  1.5356E+02  0.0000E+00  0.0000E+00  1.2262E+02  7.4232E-01  1.0652E+00  1.5356E+02  6.1591E+01  9.1972E+01  1.2643E+00
  1.5000E+01  8.0000E+00  2.4071E+02  0.0000E+00  0.0000E+00  1.8296E+02  1.2917E+00  1.7888E+00  2.4071E+02  8.8832E+01  1.5188E+02  2.1937E+00
  1.5000E+01  9.0000E+00  2.7921E+02  0.0000E+00  0.0000E+00  2.6389E+02  3.0576E-01  1.0322E+00  2.7921E+02  1.2449E+02  1.5472E+02  1.5129E+00
  1.5000E+01  1.0000E+01  4.2300E+02  0.0000E+00  0.0000E+00  3.6983E+02  9.0355E-01  1.9158E+00  4.2300E+02  1.7020E+02  2.5280E+02  2.8361E+00
  1.5000E+01  1.1000E+01  4.2466E+02  0.0000E+00  0.0000E+00  5.0564E+02 -1.1287E+00  2.2207E-01  4.2466E+02  2.2774E+02  1.9692E+02  5.1935E-01
  1.6000E+01  0.0000E+00  0.0000E+00  1.0000E+00  2.0000E+00  1.0000E+00 -2.5607E-02  0.0000E+00  0.0000E+00  1.0000E+00  0.0000E+00  0.0000E+00
  1.6000E+01  7.0000E+00  6.7362E+01  0.0000E+00  0.0000E+00  7.6976E+01 -2.3968E-01 -2.5511E-01  6.7362E+01  6.1591E+01  5.7705E+00 -2.7350E-01
  1.6000E+01  8.0000E+00  7.3277E+01  0.0000E+00  0.0000E+00  1.1231E+02 -9.4574E-01 -9.6847E-01  7.3277E+01  8.8832E+01 -1.5555E+01 -1.0086E+00
  1.6000E+01  9.0000E+00  8.1923E+01  0.0000E+00  0.0000E+00  1.5896E+02 -1.7752E+00 -1.8064E+00  8.1923E+01  1.2449E+02 -4.2567E+01 -1.9005E+00
  1.6000E+01  1.0000E+01  1.4119E+02  0.0000E+00  0.0000E+00  2.1918E+02 -1.6606E+00 -1.6999E+00  1.4119E+02  1.7020E+02 -2.9004E+01 -1.8392E+00
  1.6000E+01  1.1000E+01  2.9142E+02  0.0000E+00  0.0000E+00  2.9547E+02 -7.7210E-02 -1.2195E-01  2.9142E+02  2.2774E+02  6.3672E+01 -1.6585E-01
  1.6000E+01  1.4000E+01  7.1939E+02  0.0000E+00  0.0000E+00  6.4887E+02  8.1477E-01  7.9880E-01  7.1939E+02  4.9148E+02  2.2791E+02  9.2063E-01
  1.6000E+01  1.5000E+01  8.9126E+02  0.0000E+00  0.0000E+00  8.1858E+02  6.9241E-01  7.0805E-01  8.9126E+02  6.1715E+02  2.7410E+02  8.2678E-01
  1.6000E+01  1.6000E+01  1.0261E+03  0.0000E+00  0.0000E+00  1.0199E+03  4.8586E-02  1.0830E-01  1.0261E+03  7.6575E+02  2.6037E+02  1.0366E-01
  1.6000E+01  1.7000E+01  1.3878E+03  0.0000E+00  0.0000E+00  1.2566E+03  8.4843E-01  9.6444E-01  1.3878E+03  9.3988E+02  4.4789E+02  1.1560E+00
  1.7000E+01  0.0000E+00  0.0000E+00  1.0000E+00  2.0000E+00  1.0000E+00 -2.5607E-02  0.0000E+00  0.0000E+00  1.0000E+00  0.0000E+00  0.0000E+00
  1.7000E+01  9.0000E+00  9.5995E+01  0.0000E+00  0.0000E+00  1.6110E+02 -1.4965E+00 -1.4284E+00  9.5995E+01  1.2449E+02 -2.8494E+01 -1.4831E+00
  1.7000E+01  1.0000E+01  2.6843E+02  0.0000E+00  0.0000E+00  2.2224E+02  9.7938E-01  1.0760E+00  2.6843E+02  1.7020E+02  9.8234E+01  1.1563E+00
  1.7000E+01  1.1000E+01  3.7577E+02  0.0000E+00  0.0000E+00  2.9971E+02  1.4381E+00  1.5706E+00  3.7577E+02  2.2774E+02  1.4803E+02  1.7432E+00
  1.7000E+01  1.4000E+01  6.3909E+02  0.0000E+00  0.0000E+00  6.5879E+02 -2.2489E-01  6.2389E-02  6.3909E+02  4.9148E+02  1.4761E+02  7.4203E-02
  1.7000E+01  1.5000E+01  9.2436E+02  0.0000E+00  0.0000E+00  8.3129E+02  8.7493E-01  1.2286E+00  9.2436E+02  6.1715E+02  3.0720E+02  1.4967E+00
  1.7000E+01  1.6000E+01  8.8997E+02  0.0000E+00  0.0000E+00  1.0360E+03 -1.1289E+00 -7.0217E-01  8.8997E+02  7.6575E+02  1.2423E+02 -8.8548E-01
  1.7000E+01  1.7000E+01  1.2785E+03  0.0000E+00  0.0000E+00  1.2767E+03  1.1969E-02  5.1792E-01  1.2785E+03  9.3988E+02  3.3866E+02  6.2064E-01
  1.8000E+01  0.0000E+00  0.0000E+00  1.0000E+00  2.0000E+00  1.0000E+00 -2.5607E-02  0.0000E+00  0.0000E+00  1.0000E+00  0.0000E+00  0.0000E+00
  1.8000E+01  9.0000E+00  7.0744E+01  0.0000E+00  0.0000E+00  1.0591E+02 -8.5693E-01 -9.3302E-01  7.0744E+01  1.2449E+02 -5.3745E+01 -8.8905E-01
  1.8000E+01  1.0000E+01  9.4620E+01  0.0000E+00  0.0000E+00  1.4395E+02 -1.1566E+00 -1.2629E+00  9.4620E+01  1.7020E+02 -7.5577E+01 -1.1858E+00
  1.8000E+01  1.1000E+01  1.1829E+02  0.0000E+00  0.0000E+00  1.9163E+02 -1.6216E+00 -1.7654E+00  1.1829E+02  2.2774E+02 -1.0946E+02 -1.6263E+00
  1.8000E+01  1.4000E+01  3.2642E+02  0.0000E+00  0.0000E+00  4.0854E+02 -1.3167E+00 -1.6151E+00  3.2642E+02  4.9148E+02 -1.6506E+02 -1.3453E+00
  1.8000E+01  1.5000E+01  4.7725E+02  0.0000E+00  0.0000E+00  5.1134E+02 -4.7150E-01 -8.3181E-01  4.7725E+02  6.1715E+02 -1.3991E+02 -6.6083E-01
  1.8000E+01  1.6000E+01  6.1731E+02  0.0000E+00  0.0000E+00  6.3261E+02 -1.8040E-01 -6.0541E-01  6.1731E+02  7.6575E+02 -1.4844E+02 -4.7011E-01
  1.8000E+01  1.7000E+01  8.4731E+02  0.0000E+00  0.0000E+00  7.7440E+02  7.2832E-01  2.3726E-01  8.4731E+02  9.3988E+02 -9.2571E+01  1.9979E-01
  1.8000E+01  1.8000E+01  1.1687E+03  0.0000E+00  0.0000E+00  9.3890E+02  1.9408E+00  1.3834E+00  1.1687E+03  1.1423E+03  2.6350E+01  1.0853E+00
  1.9000E+01  0.0000E+00  0.0000E+00  1.0000E+00  2.0000E+00  1.0000E+00 -2.5607E-02  0.0000E+00  0.0000E+00  1.0000E+00  0.0000E+00  0.0000E+00
  1.9000E+01  9.0000E+00  1.0573E+02  0.0000E+00  0.0000E+00  1.3671E+02 -7.3232E-01 -7.3175E-01  1.0573E+02  1.2449E+02 -1.8763E+01 -7.4151E-01
  1.9000E+01  1.0000E+01  1.9345E+02  0.0000E+00  0.0000E+00  1.8752E+02  1.3171E-01  1.3434E-01  1.9345E+02  1.7020E+02  2.3251E+01  1.3601E-01
  1.9000E+01  1.1000E+01  2.4754E+02  0.0000E+00  0.0000E+00  2.5166E+02 -8.3685E-02 -7.6709E-02  2.4754E+02  2.2774E+02  1.9793E+01 -7.9821E-02
  1.9000E+01  1.4000E+01  6.6064E+02  0.0000E+00  0.0000E+00  5.4680E+02  1.4999E+00  1.5421E+00  6.6064E+02  4.9148E+02  1.6917E+02  1.6096E+00
  1.9000E+01  1.5000E+01  6.7733E+02  0.0000E+00  0.0000E+00  6.8786E+02 -1.1610E-01 -5.4093E-02  6.7733E+02  6.1715E+02  6.0176E+01 -5.6045E-02
  1.9000E+01  1.6000E+01  8.4411E+02  0.0000E+00  0.0000E+00  8.5488E+02 -9.8814E-02 -1.3496E-02  8.4411E+02  7.6575E+02  7.8359E+01 -1.3102E-02
  1.9000E+01  1.7000E+01  1.0202E+03  0.0000E+00  0.0000E+00  1.0508E+03 -2.3345E-01 -1.2182E-01  1.0202E+03  9.3988E+02  8.0367E+01 -1.2555E-01
  1.9000E+01  1.8000E+01  1.2579E+03  0.0000E+00  0.0000E+00  1.2789E+03 -1.3332E-01  7.1638E-03  1.2579E+03  1.1423E+03  1.1563E+02  9.2216E-03
  2.0000E+01  0.0000E+00  0.0000E+00  1.0000E+00  2.0000E+00  1.0000E+00 -2.5607E-02  0.0000E+00  0.0000E+00  1.0000E+00  0.0000E+00  0.0000E+00
  2.0000E+01  7.0000E+00  6.8877E+01  0.0000E+00  0.0000E+00  8.3068E+01 -3.5227E-01 -2.6629E-01  6.8877E+01  6.1591E+01  7.2863E+00 -2.6301E-01
  2.0000E+01  8.0000E+00  1.1392E+02  0.0000E+00  0.0000E+00  1.2167E+02 -1.8608E-01 -5.5934E-02  1.1392E+02  8.8832E+01  2.5086E+01 -4.4548E-02
  2.0000E+01  9.0000E+00  1.3339E+02  0.0000E+00  0.0000E+00  1.7276E+02 -8.9206E-01 -7.0493E-01  1.3339E+02  1.2449E+02  8.8969E+00 -7.2391E-01
  2.0000E+01  1.0000E+01  2.1320E+02  0.0000E+00  0.0000E+00  2.3887E+02 -5.3148E-01 -2.7505E-01  2.1320E+02  1.7020E+02  4.3004E+01 -2.7422E-01
  2.0000E+01  1.1000E+01  4.5050E+02  0.0000E+00  0.0000E+00  3.2281E+02  2.3308E+00  2.6670E+00  4.5050E+02  2.2774E+02  2.2276E+02  3.0838E+00
  2.0000E+01  1.4000E+01  8.4285E+02  0.0000E+00  0.0000E+00  7.1295E+02  1.3905E+00  2.0074E+00  8.4285E+02  4.9148E+02  3.5137E+02  2.5884E+00
  2.0000E+01  1.5000E+01  1.0696E+03  0.0000E+00  0.0000E+00  9.0077E+02  1.4798E+00  2.1995E+00  1.0696E+03  6.1715E+02  4.5248E+02  2.8829E+00
  2.0000E+01  1.6000E+01  1.0833E+03  0.0000E+00  0.0000E+00  1.1239E+03 -2.9071E-01  5.3488E-01  1.0833E+03  7.6575E+02  3.1760E+02  6.8925E-01
  2.0000E+01  1.7000E+01  1.1068E+03  0.0000E+00  0.0000E+00  1.3864E+03 -1.6489E+00 -7.1476E-01  1.1068E+03  9.3988E+02  1.6688E+02 -1.0095E+00
  2.0000E+01  1.8000E+01  1.2896E+03  0.0000E+00  0.0000E+00  1.6927E+03 -1.9641E+00 -9.1920E-01  1.2896E+03  1.1423E+03  1.4730E+02 -1.3183E+00
