TABLE NO.  2
 ID          CL          V           ETA1        ETA2
  1.0000E+00  8.9395E-02  2.2581E+00 -1.4495E+00  3.4438E-01
  1.0000E+00  8.9395E-02  2.2581E+00 -1.4495E+00  3.4438E-01
  1.0000E+00  8.9395E-02  2.2581E+00 -1.4495E+00  3.4438E-01
  1.0000E+00  8.9395E-02  2.2581E+00 -1.4495E+00  3.4438E-01
  2.0000E+00  5.7325E-02  1.4869E+00 -1.7442E+00  1.2607E-01
  2.0000E+00  5.7325E-02  1.4869E+00 -1.7442E+00  1.2607E-01
  2.0000E+00  5.7325E-02  1.4869E+00 -1.7442E+00  1.2607E-01
  3.0000E+00  6.4760E-02  8.8497E-01 -1.4836E+00 -2.0792E-01
  3.0000E+00  6.4760E-02  8.8497E-01 -1.4836E+00 -2.0792E-01
  3.0000E+00  6.4760E-02  8.8497E-01 -1.4836E+00 -2.0792E-01
  3.0000E+00  6.4760E-02  8.8497E-01 -1.4836E+00 -2.0792E-01
  4.0000E+00  9.9400E-02  5.0654E-01 -6.7069E-01 -2.5331E-01
  4.0000E+00  9.9400E-02  5.0654E-01 -6.7069E-01 -2.5331E-01
  4.0000E+00  9.9400E-02  5.0654E-01 -6.7069E-01 -2.5331E-01
  5.0000E+00  5.4842E-02  1.1938E+00 -1.8772E+00 -2.1176E-01
  5.0000E+00  5.4842E-02  1.1938E+00 -1.8772E+00 -2.1176E-01
  5.0000E+00  5.4842E-02  1.1938E+00 -1.8772E+00 -2.1176E-01
  6.0000E+00  9.8146E-02  1.6336E+00 -1.1834E+00  2.5091E-01
  6.0000E+00  9.8146E-02  1.6336E+00 -1.1834E+00  2.5091E-01
  6.0000E+00  9.8146E-02  1.6336E+00 -1.1834E+00  2.5091E-01
  6.0000E+00  9.8146E-02  1.6336E+00 -1.1834E+00  2.5091E-01
  7.0000E+00  3.4271E-01  1.8400E+00 -3.2938E-01 -1.5865E-01
  7.0000E+00  3.4271E-01  1.8400E+00 -3.2938E-01 -1.5865E-01
  7.0000E+00  3.4271E-01  1.8400E+00 -3.2938E-01 -1.5865E-01
  8.0000E+00  5.4610E-02  1.0005E+00 -1.6056E+00 -2.0634E-02
  8.0000E+00  5.4610E-02  1.0005E+00 -1.6056E+00 -2.0634E-02
  8.0000E+00  5.4610E-02  1.0005E+00 -1.6056E+00 -2.0634E-02
  9.0000E+00  9.9073E-02  9.6603E-01 -1.1840E+00 -2.8774E-01
  9.0000E+00  9.9073E-02  9.6603E-01 -1.1840E+00 -2.8774E-01
  9.0000E+00  9.9073E-02  9.6603E-01 -1.1840E+00 -2.8774E-01
  9.0000E+00  9.9073E-02  9.6603E-01 -1.1840E+00 -2.8774E-01
  1.0000E+01  6.1773E-02  9.3124E-01 -1.4613E+00 -6.4245E-02
  1.0000E+01  6.1773E-02  9.3124E-01 -1.4613E+00 -6.4245E-02
  1.0000E+01  6.1773E-02  9.3124E-01 -1.4613E+00 -6.4245E-02
  1.1000E+01  2.6271E-01  1.9038E+00 -6.5769E-01 -2.0782E-01
  1.1000E+01  2.6271E-01  1.9038E+00 -6.5769E-01 -2.0782E-01
  1.1000E+01  2.6271E-01  1.9038E+00 -6.5769E-01 -2.0782E-01
  1.1000E+01  2.6271E-01  1.9038E+00 -6.5769E-01 -2.0782E-01
  1.2000E+01  1.3438E-01  2.2490E+00 -1.2375E+00  7.9628E-02
  1.2000E+01  1.3438E-01  2.2490E+00 -1.2375E+00  7.9628E-02
  1.2000E+01  1.3438E-01  2.2490E+00 -1.2375E+00  7.9628E-02
  1.2000E+01  1.3438E-01  2.2490E+00 -1.2375E+00  7.9628E-02
  1.3000E+01  1.5464E-01  1.4740E+00 -1.0741E+00 -3.1239E-01
  1.3000E+01  1.5464E-01  1.4740E+00 -1.0741E+00 -3.1239E-01
  1.3000E+01  1.5464E-01  1.4740E+00 -1.0741E+00 -3.1239E-01
  1.3000E+01  1.5464E-01  1.4740E+00 -1.0741E+00 -3.1239E-01
  1.4000E+01  1.1703E-01  1.2944E+00 -1.1164E+00 -1.2701E-01
  1.4000E+01  1.1703E-01  1.2944E+00 -1.1164E+00 -1.2701E-01
  1.4000E+01  1.1703E-01  1.2944E+00 -1.1164E+00 -1.2701E-01
  1.4000E+01  1.1703E-01  1.2944E+00 -1.1164E+00 -1.2701E-01
  1.5000E+01  1.0058E-01  1.6288E+00 -1.3127E+00  4.2830E-02
  1.5000E+01  1.0058E-01  1.6288E+00 -1.3127E+00  4.2830E-02
  1.5000E+01  1.0058E-01  1.6288E+00 -1.3127E+00  4.2830E-02
  1.5000E+01  1.0058E-01  1.6288E+00 -1.3127E+00  4.2830E-02
  1.6000E+01  3.7361E-02  9.6419E-01 -2.2376E+00 -3.9412E-01
  1.6000E+01  3.7361E-02  9.6419E-01 -2.2376E+00 -3.9412E-01
  1.6000E+01  3.7361E-02  9.6419E-01 -2.2376E+00 -3.9412E-01
  1.7000E+01  8.1717E-02  1.4537E+00 -1.5259E+00 -7.8138E-02
  1.7000E+01  8.1717E-02  1.4537E+00 -1.5259E+00 -7.8138E-02
  1.7000E+01  8.1717E-02  1.4537E+00 -1.5259E+00 -7.8138E-02
  1.7000E+01  8.1717E-02  1.4537E+00 -1.5259E+00 -7.8138E-02
  1.8000E+01  1.0177E-01  1.4474E+00 -1.3434E+00 -1.3181E-01
  1.8000E+01  1.0177E-01  1.4474E+00 -1.3434E+00 -1.3181E-01
  1.8000E+01  1.0177E-01  1.4474E+00 -1.3434E+00 -1.3181E-01
  1.8000E+01  1.0177E-01  1.4474E+00 -1.3434E+00 -1.3181E-01
  1.9000E+01  4.8041E-01  2.1910E+00 -3.3911E-03  2.8330E-04
  1.9000E+01  4.8041E-01  2.1910E+00 -3.3911E-03  2.8330E-04
  1.9000E+01  4.8041E-01  2.1910E+00 -3.3911E-03  2.8330E-04
  2.0000E+01  1.2467E-01  2.0651E+00 -1.1831E+00  1.6687E-01
  2.0000E+01  1.2467E-01  2.0651E+00 -1.1831E+00  1.6687E-01
  2.0000E+01  1.2467E-01  2.0651E+00 -1.1831E+00  1.6687E-01
  2.0000E+01  1.2467E-01  2.0651E+00 -1.1831E+00  1.6687E-01
  2.1000E+01  1.4101E-01  1.5923E+00 -1.1162E+00 -1.6819E-01
  2.1000E+01  1.4101E-01  1.5923E+00 -1.1162E+00 -1.6819E-01
  2.1000E+01  1.4101E-01  1.5923E+00 -1.1162E+00 -1.6819E-01
  2.1000E+01  1.4101E-01  1.5923E+00 -1.1162E+00 -1.6819E-01
  2.2000E+01  9.1208E-02  1.1305E+00 -1.2012E+00 -4.3097E-02
  2.2000E+01  9.1208E-02  1.1305E+00 -1.2012E+00 -4.3097E-02
  2.2000E+01  9.1208E-02  1.1305E+00 -1.2012E+00 -4.3097E-02
  2.3000E+01  4.3774E-02  1.1273E+00 -1.8594E+00  5.5149E-02
  2.3000E+01  4.3774E-02  1.1273E+00 -1.8594E+00  5.5149E-02
  2.3000E+01  4.3774E-02  1.1273E+00 -1.8594E+00  5.5149E-02
  2.3000E+01  4.3774E-02  1.1273E+00 -1.8594E+00  5.5149E-02
  2.4000E+01  1.5151E-01  2.0203E+00 -1.0622E+00  4.6074E-02
  2.4000E+01  1.5151E-01  2.0203E+00 -1.0622E+00  4.6074E-02
  2.4000E+01  1.5151E-01  2.0203E+00 -1.0622E+00  4.6074E-02
  2.5000E+01  5.6746E-02  1.4820E+00 -1.6500E+00  2.6187E-01
  2.5000E+01  5.6746E-02  1.4820E+00 -1.6500E+00  2.6187E-01
  2.5000E+01  5.6746E-02  1.4820E+00 -1.6500E+00  2.6187E-01
  2.6000E+01  1.1472E-01  1.7906E+00 -1.1217E+00  2.1698E-01
  2.6000E+01  1.1472E-01  1.7906E+00 -1.1217E+00  2.1698E-01
  2.6000E+01  1.1472E-01  1.7906E+00 -1.1217E+00  2.1698E-01
  2.6000E+01  1.1472E-01  1.7906E+00 -1.1217E+00  2.1698E-01
  2.7000E+01  2.2177E-01  1.6189E+00 -7.0936E-01 -2.1295E-01
  2.7000E+01  2.2177E-01  1.6189E+00 -7.0936E-01 -2.1295E-01
  2.7000E+01  2.2177E-01  1.6189E+00 -7.0936E-01 -2.1295E-01
  2.7000E+01  2.2177E-01  1.6189E+00 -7.0936E-01 -2.1295E-01
  2.8000E+01  1.2185E-01  2.1218E+00 -1.2910E+00  8.0485E-02
  2.8000E+01  1.2185E-01  2.1218E+00 -1.2910E+00  8.0485E-02
  2.8000E+01  1.2185E-01  2.1218E+00 -1.2910E+00  8.0485E-02
  2.9000E+01  1.6225E-01  2.4390E+00 -1.1396E+00  3.9912E-02
  2.9000E+01  1.6225E-01  2.4390E+00 -1.1396E+00  3.9912E-02
  2.9000E+01  1.6225E-01  2.4390E+00 -1.1396E+00  3.9912E-02
  2.9000E+01  1.6225E-01  2.4390E+00 -1.1396E+00  3.9912E-02
  3.0000E+01  1.0460E-01  1.0590E+00 -9.1289E-01  9.3285E-02
  3.0000E+01  1.0460E-01  1.0590E+00 -9.1289E-01  9.3285E-02
  3.0000E+01  1.0460E-01  1.0590E+00 -9.1289E-01  9.3285E-02
  3.0000E+01  1.0460E-01  1.0590E+00 -9.1289E-01  9.3285E-02
  3.1000E+01  1.3526E+00  6.9639E+00  1.5888E-01 -7.1231E-03
  3.1000E+01  1.3526E+00  6.9639E+00  1.5888E-01 -7.1231E-03
  3.1000E+01  1.3526E+00  6.9639E+00  1.5888E-01 -7.1231E-03
  3.1000E+01  1.3526E+00  6.9639E+00  1.5888E-01 -7.1231E-03
  3.1000E+01  1.3526E+00  6.9639E+00  1.5888E-01 -7.1231E-03
  3.2000E+01  9.7604E-01  7.4046E+00 -7.7210E-02  1.7446E-01
  3.2000E+01  9.7604E-01  7.4046E+00 -7.7210E-02  1.7446E-01
  3.2000E+01  9.7604E-01  7.4046E+00 -7.7210E-02  1.7446E-01
  3.2000E+01  9.7604E-01  7.4046E+00 -7.7210E-02  1.7446E-01
  3.2000E+01  9.7604E-01  7.4046E+00 -7.7210E-02  1.7446E-01
  3.3000E+01  2.1152E+00  6.8138E+00  6.0908E-01 -2.4858E-02
  3.3000E+01  2.1152E+00  6.8138E+00  6.0908E-01 -2.4858E-02
  3.3000E+01  2.1152E+00  6.8138E+00  6.0908E-01 -2.4858E-02
  3.3000E+01  2.1152E+00  6.8138E+00  6.0908E-01 -2.4858E-02
  3.4000E+01  1.1609E+00  5.7778E+00  3.6398E-01  2.8332E-01
  3.4000E+01  1.1609E+00  5.7778E+00  3.6398E-01  2.8332E-01
  3.4000E+01  1.1609E+00  5.7778E+00  3.6398E-01  2.8332E-01
  3.4000E+01  1.1609E+00  5.7778E+00  3.6398E-01  2.8332E-01
  3.5000E+01  1.7055E+00  8.6602E+00  3.4200E-01  1.4588E-01
  3.5000E+01  1.7055E+00  8.6602E+00  3.4200E-01  1.4588E-01
  3.5000E+01  1.7055E+00  8.6602E+00  3.4200E-01  1.4588E-01
  3.5000E+01  1.7055E+00  8.6602E+00  3.4200E-01  1.4588E-01
  3.6000E+01  1.0460E+00  6.5413E+00 -1.6043E-01 -1.5275E-01
  3.6000E+01  1.0460E+00  6.5413E+00 -1.6043E-01 -1.5275E-01
  3.6000E+01  1.0460E+00  6.5413E+00 -1.6043E-01 -1.5275E-01
  3.6000E+01  1.0460E+00  6.5413E+00 -1.6043E-01 -1.5275E-01
  3.6000E+01  1.0460E+00  6.5413E+00 -1.6043E-01 -1.5275E-01
  3.7000E+01  8.9940E-01  3.1853E+00  1.9024E-01 -2.0347E-01
  3.7000E+01  8.9940E-01  3.1853E+00  1.9024E-01 -2.0347E-01
  3.7000E+01  8.9940E-01  3.1853E+00  1.9024E-01 -2.0347E-01
  3.7000E+01  8.9940E-01  3.1853E+00  1.9024E-01 -2.0347E-01
  3.7000E+01  8.9940E-01  3.1853E+00  1.9024E-01 -2.0347E-01
  3.8000E+01  7.6032E-01  5.5715E+00 -1.3985E-01  1.3950E-01
  3.8000E+01  7.6032E-01  5.5715E+00 -1.3985E-01  1.3950E-01
  3.8000E+01  7.6032E-01  5.5715E+00 -1.3985E-01  1.3950E-01
  3.8000E+01  7.6032E-01  5.5715E+00 -1.3985E-01  1.3950E-01
  3.9000E+01  1.1280E+00  6.8684E+00  9.6789E-02  1.3837E-01
  3.9000E+01  1.1280E+00  6.8684E+00  9.6789E-02  1.3837E-01
  3.9000E+01  1.1280E+00  6.8684E+00  9.6789E-02  1.3837E-01
  3.9000E+01  1.1280E+00  6.8684E+00  9.6789E-02  1.3837E-01
  4.0000E+01  1.5513E+00  8.6767E+00  1.6189E-01  3.3975E-02
  4.0000E+01  1.5513E+00  8.6767E+00  1.6189E-01  3.3975E-02
  4.0000E+01  1.5513E+00  8.6767E+00  1.6189E-01  3.3975E-02
  4.0000E+01  1.5513E+00  8.6767E+00  1.6189E-01  3.3975E-02
  4.0000E+01  1.5513E+00  8.6767E+00  1.6189E-01  3.3975E-02
  4.1000E+01  6.8961E-01  6.2327E+00 -1.1362E-01  4.1679E-01
  4.1000E+01  6.8961E-01  6.2327E+00 -1.1362E-01  4.1679E-01
  4.1000E+01  6.8961E-01  6.2327E+00 -1.1362E-01  4.1679E-01
  4.1000E+01  6.8961E-01  6.2327E+00 -1.1362E-01  4.1679E-01
  4.1000E+01  6.8961E-01  6.2327E+00 -1.1362E-01  4.1679E-01
  4.2000E+01  7.8784E-01  4.3278E+00 -2.7609E-02 -1.0854E-02
  4.2000E+01  7.8784E-01  4.3278E+00 -2.7609E-02 -1.0854E-02
  4.2000E+01  7.8784E-01  4.3278E+00 -2.7609E-02 -1.0854E-02
  4.2000E+01  7.8784E-01  4.3278E+00 -2.7609E-02 -1.0854E-02
  4.3000E+01  1.2841E+00  5.9506E+00  1.8325E-02 -2.8252E-01
  4.3000E+01  1.2841E+00  5.9506E+00  1.8325E-02 -2.8252E-01
  4.3000E+01  1.2841E+00  5.9506E+00  1.8325E-02 -2.8252E-01
  4.3000E+01  1.2841E+00  5.9506E+00  1.8325E-02 -2.8252E-01
  4.3000E+01  1.2841E+00  5.9506E+00  1.8325E-02 -2.8252E-01
  4.4000E+01  4.0211E-01  5.3883E+00 -5.7215E-01  3.7904E-01
  4.4000E+01  4.0211E-01  5.3883E+00 -5.7215E-01  3.7904E-01
  4.4000E+01  4.0211E-01  5.3883E+00 -5.7215E-01  3.7904E-01
  4.4000E+01  4.0211E-01  5.3883E+00 -5.7215E-01  3.7904E-01
  4.4000E+01  4.0211E-01  5.3883E+00 -5.7215E-01  3.7904E-01
  4.5000E+01  4.0877E-01  3.4738E+00 -6.0269E-01 -1.2255E-01
  4.5000E+01  4.0877E-01  3.4738E+00 -6.0269E-01 -1.2255E-01
  4.5000E+01  4.0877E-01  3.4738E+00 -6.0269E-01 -1.2255E-01
  4.5000E+01  4.0877E-01  3.4738E+00 -6.0269E-01 -1.2255E-01
  4.6000E+01  7.9442E-01  4.1015E+00 -1.0210E-01 -1.7498E-01
  4.6000E+01  7.9442E-01  4.1015E+00 -1.0210E-01 -1.7498E-01
  4.6000E+01  7.9442E-01  4.1015E+00 -1.0210E-01 -1.7498E-01
  4.6000E+01  7.9442E-01  4.1015E+00 -1.0210E-01 -1.7498E-01
  4.6000E+01  7.9442E-01  4.1015E+00 -1.0210E-01 -1.7498E-01
  4.7000E+01  1.2916E+00  7.4723E+00  1.8799E-01  1.6368E-01
  4.7000E+01  1.2916E+00  7.4723E+00  1.8799E-01  1.6368E-01
  4.7000E+01  1.2916E+00  7.4723E+00  1.8799E-01  1.6368E-01
  4.7000E+01  1.2916E+00  7.4723E+00  1.8799E-01  1.6368E-01
  4.8000E+01  3.2727E-01  3.2306E+00 -8.8041E-01 -2.6895E-01
  4.8000E+01  3.2727E-01  3.2306E+00 -8.8041E-01 -2.6895E-01
  4.8000E+01  3.2727E-01  3.2306E+00 -8.8041E-01 -2.6895E-01
  4.8000E+01  3.2727E-01  3.2306E+00 -8.8041E-01 -2.6895E-01
  4.8000E+01  3.2727E-01  3.2306E+00 -8.8041E-01 -2.6895E-01
  4.9000E+01  8.3400E-01  7.1082E+00 -2.6728E-01  8.9867E-02
  4.9000E+01  8.3400E-01  7.1082E+00 -2.6728E-01  8.9867E-02
  4.9000E+01  8.3400E-01  7.1082E+00 -2.6728E-01  8.9867E-02
  4.9000E+01  8.3400E-01  7.1082E+00 -2.6728E-01  8.9867E-02
  4.9000E+01  8.3400E-01  7.1082E+00 -2.6728E-01  8.9867E-02
  5.0000E+01  7.2734E-01  8.4642E+00 -4.5661E-01  1.9448E-01
  5.0000E+01  7.2734E-01  8.4642E+00 -4.5661E-01  1.9448E-01
  5.0000E+01  7.2734E-01  8.4642E+00 -4.5661E-01  1.9448E-01
  5.0000E+01  7.2734E-01  8.4642E+00 -4.5661E-01  1.9448E-01
  5.1000E+01  1.6865E+00  6.4627E+00  3.0289E-01 -1.8402E-01
  5.1000E+01  1.6865E+00  6.4627E+00  3.0289E-01 -1.8402E-01
  5.1000E+01  1.6865E+00  6.4627E+00  3.0289E-01 -1.8402E-01
  5.1000E+01  1.6865E+00  6.4627E+00  3.0289E-01 -1.8402E-01
  5.1000E+01  1.6865E+00  6.4627E+00  3.0289E-01 -1.8402E-01
  5.2000E+01  6.6655E-01  6.7861E+00 -2.4648E-01  3.7006E-01
  5.2000E+01  6.6655E-01  6.7861E+00 -2.4648E-01  3.7006E-01
  5.2000E+01  6.6655E-01  6.7861E+00 -2.4648E-01  3.7006E-01
  5.2000E+01  6.6655E-01  6.7861E+00 -2.4648E-01  3.7006E-01
  5.3000E+01  5.1510E-01  3.4830E+00 -3.5393E-01 -9.6510E-02
  5.3000E+01  5.1510E-01  3.4830E+00 -3.5393E-01 -9.6510E-02
  5.3000E+01  5.1510E-01  3.4830E+00 -3.5393E-01 -9.6510E-02
  5.3000E+01  5.1510E-01  3.4830E+00 -3.5393E-01 -9.6510E-02
  5.4000E+01  1.2600E+00  7.7467E+00  6.0556E-02  6.2871E-02
  5.4000E+01  1.2600E+00  7.7467E+00  6.0556E-02  6.2871E-02
  5.4000E+01  1.2600E+00  7.7467E+00  6.0556E-02  6.2871E-02
  5.4000E+01  1.2600E+00  7.7467E+00  6.0556E-02  6.2871E-02
  5.5000E+01  1.2954E+00  6.7842E+00  2.0317E-01  8.3305E-02
  5.5000E+01  1.2954E+00  6.7842E+00  2.0317E-01  8.3305E-02
  5.5000E+01  1.2954E+00  6.7842E+00  2.0317E-01  8.3305E-02
  5.5000E+01  1.2954E+00  6.7842E+00  2.0317E-01  8.3305E-02
  5.6000E+01  1.2258E+00  6.6738E+00  8.4543E-02 -1.7615E-02
  5.6000E+01  1.2258E+00  6.6738E+00  8.4543E-02 -1.7615E-02
  5.6000E+01  1.2258E+00  6.6738E+00  8.4543E-02 -1.7615E-02
  5.6000E+01  1.2258E+00  6.6738E+00  8.4543E-02 -1.7615E-02
  5.6000E+01  1.2258E+00  6.6738E+00  8.4543E-02 -1.7615E-02
  5.7000E+01  2.1656E+00  9.6943E+00  6.1219E-01  3.0049E-01
  5.7000E+01  2.1656E+00  9.6943E+00  6.1219E-01  3.0049E-01
  5.7000E+01  2.1656E+00  9.6943E+00  6.1219E-01  3.0049E-01
  5.7000E+01  2.1656E+00  9.6943E+00  6.1219E-01  3.0049E-01
  5.7000E+01  2.1656E+00  9.6943E+00  6.1219E-01  3.0049E-01
  5.8000E+01  1.5544E+00  6.2101E+00  3.0287E-01 -1.1518E-01
  5.8000E+01  1.5544E+00  6.2101E+00  3.0287E-01 -1.1518E-01
  5.8000E+01  1.5544E+00  6.2101E+00  3.0287E-01 -1.1518E-01
  5.8000E+01  1.5544E+00  6.2101E+00  3.0287E-01 -1.1518E-01
  5.9000E+01  1.3458E+00  6.1116E+00  2.9281E-01  4.7563E-02
  5.9000E+01  1.3458E+00  6.1116E+00  2.9281E-01  4.7563E-02
  5.9000E+01  1.3458E+00  6.1116E+00  2.9281E-01  4.7563E-02
  5.9000E+01  1.3458E+00  6.1116E+00  2.9281E-01  4.7563E-02
  5.9000E+01  1.3458E+00  6.1116E+00  2.9281E-01  4.7563E-02
  6.0000E+01  2.1007E+00  1.0090E+01  3.9948E-01  9.7434E-02
  6.0000E+01  2.1007E+00  1.0090E+01  3.9948E-01  9.7434E-02
  6.0000E+01  2.1007E+00  1.0090E+01  3.9948E-01  9.7434E-02
  6.0000E+01  2.1007E+00  1.0090E+01  3.9948E-01  9.7434E-02
  6.1000E+01  4.6399E+00  2.2216E+01  6.8899E-01  2.1615E-01
  6.1000E+01  4.6399E+00  2.2216E+01  6.8899E-01  2.1615E-01
  6.1000E+01  4.6399E+00  2.2216E+01  6.8899E-01  2.1615E-01
  6.1000E+01  4.6399E+00  2.2216E+01  6.8899E-01  2.1615E-01
  6.1000E+01  4.6399E+00  2.2216E+01  6.8899E-01  2.1615E-01
  6.1000E+01  4.6399E+00  2.2216E+01  6.8899E-01  2.1615E-01
  6.1000E+01  4.6399E+00  2.2216E+01  6.8899E-01  2.1615E-01
  6.2000E+01  2.4318E+00  1.8959E+01  1.3194E-01  1.7631E-01
  6.2000E+01  2.4318E+00  1.8959E+01  1.3194E-01  1.7631E-01
  6.2000E+01  2.4318E+00  1.8959E+01  1.3194E-01  1.7631E-01
  6.2000E+01  2.4318E+00  1.8959E+01  1.3194E-01  1.7631E-01
  6.2000E+01  2.4318E+00  1.8959E+01  1.3194E-01  1.7631E-01
  6.2000E+01  2.4318E+00  1.8959E+01  1.3194E-01  1.7631E-01
  6.2000E+01  2.4318E+00  1.8959E+01  1.3194E-01  1.7631E-01
  6.3000E+01  4.3660E+00  2.3362E+01  5.7979E-01  2.0200E-01
  6.3000E+01  4.3660E+00  2.3362E+01  5.7979E-01  2.0200E-01
  6.3000E+01  4.3660E+00  2.3362E+01  5.7979E-01  2.0200E-01
  6.3000E+01  4.3660E+00  2.3362E+01  5.7979E-01  2.0200E-01
  6.3000E+01  4.3660E+00  2.3362E+01  5.7979E-01  2.0200E-01
  6.3000E+01  4.3660E+00  2.3362E+01  5.7979E-01  2.0200E-01
  6.3000E+01  4.3660E+00  2.3362E+01  5.7979E-01  2.0200E-01
  6.4000E+01  3.1869E+00  1.5074E+01  5.7267E-01  1.7409E-01
  6.4000E+01  3.1869E+00  1.5074E+01  5.7267E-01  1.7409E-01
  6.4000E+01  3.1869E+00  1.5074E+01  5.7267E-01  1.7409E-01
  6.4000E+01  3.1869E+00  1.5074E+01  5.7267E-01  1.7409E-01
  6.4000E+01  3.1869E+00  1.5074E+01  5.7267E-01  1.7409E-01
  6.4000E+01  3.1869E+00  1.5074E+01  5.7267E-01  1.7409E-01
  6.4000E+01  3.1869E+00  1.5074E+01  5.7267E-01  1.7409E-01
  6.5000E+01  1.7873E+00  9.4816E+00  2.2454E-01  1.7460E-02
  6.5000E+01  1.7873E+00  9.4816E+00  2.2454E-01  1.7460E-02
  6.5000E+01  1.7873E+00  9.4816E+00  2.2454E-01  1.7460E-02
  6.5000E+01  1.7873E+00  9.4816E+00  2.2454E-01  1.7460E-02
  6.5000E+01  1.7873E+00  9.4816E+00  2.2454E-01  1.7460E-02
  6.5000E+01  1.7873E+00  9.4816E+00  2.2454E-01  1.7460E-02
  6.5000E+01  1.7873E+00  9.4816E+00  2.2454E-01  1.7460E-02
  6.6000E+01  2.6929E+00  1.7196E+01  2.2860E-01  7.1589E-02
  6.6000E+01  2.6929E+00  1.7196E+01  2.2860E-01  7.1589E-02
  6.6000E+01  2.6929E+00  1.7196E+01  2.2860E-01  7.1589E-02
  6.6000E+01  2.6929E+00  1.7196E+01  2.2860E-01  7.1589E-02
  6.6000E+01  2.6929E+00  1.7196E+01  2.2860E-01  7.1589E-02
  6.6000E+01  2.6929E+00  1.7196E+01  2.2860E-01  7.1589E-02
  6.6000E+01  2.6929E+00  1.7196E+01  2.2860E-01  7.1589E-02
  6.7000E+01  5.2329E+00  2.0261E+01  8.2732E-01  1.4814E-01
  6.7000E+01  5.2329E+00  2.0261E+01  8.2732E-01  1.4814E-01
  6.7000E+01  5.2329E+00  2.0261E+01  8.2732E-01  1.4814E-01
  6.7000E+01  5.2329E+00  2.0261E+01  8.2732E-01  1.4814E-01
  6.7000E+01  5.2329E+00  2.0261E+01  8.2732E-01  1.4814E-01
  6.7000E+01  5.2329E+00  2.0261E+01  8.2732E-01  1.4814E-01
  6.7000E+01  5.2329E+00  2.0261E+01  8.2732E-01  1.4814E-01
  6.8000E+01  2.5421E+00  1.3518E+01  1.5232E-01 -1.9391E-01
  6.8000E+01  2.5421E+00  1.3518E+01  1.5232E-01 -1.9391E-01
  6.8000E+01  2.5421E+00  1.3518E+01  1.5232E-01 -1.9391E-01
  6.8000E+01  2.5421E+00  1.3518E+01  1.5232E-01 -1.9391E-01
  6.8000E+01  2.5421E+00  1.3518E+01  1.5232E-01 -1.9391E-01
  6.8000E+01  2.5421E+00  1.3518E+01  1.5232E-01 -1.9391E-01
  6.8000E+01  2.5421E+00  1.3518E+01  1.5232E-01 -1.9391E-01
  6.9000E+01  1.7250E+00  9.7363E+00  2.9383E-01  1.8361E-01
  6.9000E+01  1.7250E+00  9.7363E+00  2.9383E-01  1.8361E-01
  6.9000E+01  1.7250E+00  9.7363E+00  2.9383E-01  1.8361E-01
  6.9000E+01  1.7250E+00  9.7363E+00  2.9383E-01  1.8361E-01
  6.9000E+01  1.7250E+00  9.7363E+00  2.9383E-01  1.8361E-01
  6.9000E+01  1.7250E+00  9.7363E+00  2.9383E-01  1.8361E-01
  6.9000E+01  1.7250E+00  9.7363E+00  2.9383E-01  1.8361E-01
  7.0000E+01  2.8774E+00  1.8616E+01  2.1334E-01  4.2239E-02
  7.0000E+01  2.8774E+00  1.8616E+01  2.1334E-01  4.2239E-02
  7.0000E+01  2.8774E+00  1.8616E+01  2.1334E-01  4.2239E-02
  7.0000E+01  2.8774E+00  1.8616E+01  2.1334E-01  4.2239E-02
  7.0000E+01  2.8774E+00  1.8616E+01  2.1334E-01  4.2239E-02
  7.0000E+01  2.8774E+00  1.8616E+01  2.1334E-01  4.2239E-02
  7.0000E+01  2.8774E+00  1.8616E+01  2.1334E-01  4.2239E-02
  7.1000E+01  1.7248E+00  9.5498E+00  2.2645E-01  7.4578E-02
  7.1000E+01  1.7248E+00  9.5498E+00  2.2645E-01  7.4578E-02
  7.1000E+01  1.7248E+00  9.5498E+00  2.2645E-01  7.4578E-02
  7.1000E+01  1.7248E+00  9.5498E+00  2.2645E-01  7.4578E-02
  7.1000E+01  1.7248E+00  9.5498E+00  2.2645E-01  7.4578E-02
  7.1000E+01  1.7248E+00  9.5498E+00  2.2645E-01  7.4578E-02
  7.1000E+01  1.7248E+00  9.5498E+00  2.2645E-01  7.4578E-02
  7.2000E+01  1.3207E+00  7.4068E+00 -1.5638E-02 -1.4635E-01
  7.2000E+01  1.3207E+00  7.4068E+00 -1.5638E-02 -1.4635E-01
  7.2000E+01  1.3207E+00  7.4068E+00 -1.5638E-02 -1.4635E-01
  7.2000E+01  1.3207E+00  7.4068E+00 -1.5638E-02 -1.4635E-01
  7.2000E+01  1.3207E+00  7.4068E+00 -1.5638E-02 -1.4635E-01
  7.2000E+01  1.3207E+00  7.4068E+00 -1.5638E-02 -1.4635E-01
  7.2000E+01  1.3207E+00  7.4068E+00 -1.5638E-02 -1.4635E-01
  7.3000E+01  1.9068E+00  1.4643E+01  1.4677E-02  8.5968E-02
  7.3000E+01  1.9068E+00  1.4643E+01  1.4677E-02  8.5968E-02
  7.3000E+01  1.9068E+00  1.4643E+01  1.4677E-02  8.5968E-02
  7.3000E+01  1.9068E+00  1.4643E+01  1.4677E-02  8.5968E-02
  7.3000E+01  1.9068E+00  1.4643E+01  1.4677E-02  8.5968E-02
  7.3000E+01  1.9068E+00  1.4643E+01  1.4677E-02  8.5968E-02
  7.3000E+01  1.9068E+00  1.4643E+01  1.4677E-02  8.5968E-02
  7.4000E+01  2.1862E+00  1.9304E+01 -8.1887E-02  5.1219E-02
  7.4000E+01  2.1862E+00  1.9304E+01 -8.1887E-02  5.1219E-02
  7.4000E+01  2.1862E+00  1.9304E+01 -8.1887E-02  5.1219E-02
  7.4000E+01  2.1862E+00  1.9304E+01 -8.1887E-02  5.1219E-02
  7.4000E+01  2.1862E+00  1.9304E+01 -8.1887E-02  5.1219E-02
  7.4000E+01  2.1862E+00  1.9304E+01 -8.1887E-02  5.1219E-02
  7.4000E+01  2.1862E+00  1.9304E+01 -8.1887E-02  5.1219E-02
  7.5000E+01  2.3351E+00  2.3857E+01  3.3929E-02  3.2951E-01
  7.5000E+01  2.3351E+00  2.3857E+01  3.3929E-02  3.2951E-01
  7.5000E+01  2.3351E+00  2.3857E+01  3.3929E-02  3.2951E-01
  7.5000E+01  2.3351E+00  2.3857E+01  3.3929E-02  3.2951E-01
  7.5000E+01  2.3351E+00  2.3857E+01  3.3929E-02  3.2951E-01
  7.5000E+01  2.3351E+00  2.3857E+01  3.3929E-02  3.2951E-01
  7.5000E+01  2.3351E+00  2.3857E+01  3.3929E-02  3.2951E-01
  7.6000E+01  5.1104E+00  1.2526E+01  8.2411E-01 -3.0545E-01
  7.6000E+01  5.1104E+00  1.2526E+01  8.2411E-01 -3.0545E-01
  7.6000E+01  5.1104E+00  1.2526E+01  8.2411E-01 -3.0545E-01
  7.6000E+01  5.1104E+00  1.2526E+01  8.2411E-01 -3.0545E-01
  7.6000E+01  5.1104E+00  1.2526E+01  8.2411E-01 -3.0545E-01
  7.6000E+01  5.1104E+00  1.2526E+01  8.2411E-01 -3.0545E-01
  7.6000E+01  5.1104E+00  1.2526E+01  8.2411E-01 -3.0545E-01
  7.7000E+01  2.4534E+00  2.2413E+01  9.5835E-02  2.8374E-01
  7.7000E+01  2.4534E+00  2.2413E+01  9.5835E-02  2.8374E-01
  7.7000E+01  2.4534E+00  2.2413E+01  9.5835E-02  2.8374E-01
  7.7000E+01  2.4534E+00  2.2413E+01  9.5835E-02  2.8374E-01
  7.7000E+01  2.4534E+00  2.2413E+01  9.5835E-02  2.8374E-01
  7.7000E+01  2.4534E+00  2.2413E+01  9.5835E-02  2.8374E-01
  7.7000E+01  2.4534E+00  2.2413E+01  9.5835E-02  2.8374E-01
  7.8000E+01  1.5541E+00  2.1275E+01 -2.2024E-01  4.1896E-01
  7.8000E+01  1.5541E+00  2.1275E+01 -2.2024E-01  4.1896E-01
  7.8000E+01  1.5541E+00  2.1275E+01 -2.2024E-01  4.1896E-01
  7.8000E+01  1.5541E+00  2.1275E+01 -2.2024E-01  4.1896E-01
  7.8000E+01  1.5541E+00  2.1275E+01 -2.2024E-01  4.1896E-01
  7.8000E+01  1.5541E+00  2.1275E+01 -2.2024E-01  4.1896E-01
  7.8000E+01  1.5541E+00  2.1275E+01 -2.2024E-01  4.1896E-01
  7.9000E+01  1.9749E+00  1.1966E+01  1.4056E-01  5.0913E-03
  7.9000E+01  1.9749E+00  1.1966E+01  1.4056E-01  5.0913E-03
  7.9000E+01  1.9749E+00  1.1966E+01  1.4056E-01  5.0913E-03
  7.9000E+01  1.9749E+00  1.1966E+01  1.4056E-01  5.0913E-03
  7.9000E+01  1.9749E+00  1.1966E+01  1.4056E-01  5.0913E-03
  7.9000E+01  1.9749E+00  1.1966E+01  1.4056E-01  5.0913E-03
  7.9000E+01  1.9749E+00  1.1966E+01  1.4056E-01  5.0913E-03
  8.0000E+01  2.2608E+00  1.4217E+01  1.9742E-01  7.2986E-02
  8.0000E+01  2.2608E+00  1.4217E+01  1.9742E-01  7.2986E-02
  8.0000E+01  2.2608E+00  1.4217E+01  1.9742E-01  7.2986E-02
  8.0000E+01  2.2608E+00  1.4217E+01  1.9742E-01  7.2986E-02
  8.0000E+01  2.2608E+00  1.4217E+01  1.9742E-01  7.2986E-02
  8.0000E+01  2.2608E+00  1.4217E+01  1.9742E-01  7.2986E-02
  8.0000E+01  2.2608E+00  1.4217E+01  1.9742E-01  7.2986E-02
  8.1000E+01  4.3257E+00  1.8285E+01  6.0169E-01 -1.4779E-03
  8.1000E+01  4.3257E+00  1.8285E+01  6.0169E-01 -1.4779E-03
  8.1000E+01  4.3257E+00  1.8285E+01  6.0169E-01 -1.4779E-03
  8.1000E+01  4.3257E+00  1.8285E+01  6.0169E-01 -1.4779E-03
  8.1000E+01  4.3257E+00  1.8285E+01  6.0169E-01 -1.4779E-03
  8.1000E+01  4.3257E+00  1.8285E+01  6.0169E-01 -1.4779E-03
  8.1000E+01  4.3257E+00  1.8285E+01  6.0169E-01 -1.4779E-03
  8.2000E+01  2.0190E+00  1.2115E+01  2.8636E-01  1.8239E-01
  8.2000E+01  2.0190E+00  1.2115E+01  2.8636E-01  1.8239E-01
  8.2000E+01  2.0190E+00  1.2115E+01  2.8636E-01  1.8239E-01
  8.2000E+01  2.0190E+00  1.2115E+01  2.8636E-01  1.8239E-01
  8.2000E+01  2.0190E+00  1.2115E+01  2.8636E-01  1.8239E-01
  8.2000E+01  2.0190E+00  1.2115E+01  2.8636E-01  1.8239E-01
  8.2000E+01  2.0190E+00  1.2115E+01  2.8636E-01  1.8239E-01
  8.3000E+01  2.1133E+00  1.2623E+01  1.4327E-01 -2.8136E-02
  8.3000E+01  2.1133E+00  1.2623E+01  1.4327E-01 -2.8136E-02
  8.3000E+01  2.1133E+00  1.2623E+01  1.4327E-01 -2.8136E-02
  8.3000E+01  2.1133E+00  1.2623E+01  1.4327E-01 -2.8136E-02
  8.3000E+01  2.1133E+00  1.2623E+01  1.4327E-01 -2.8136E-02
  8.3000E+01  2.1133E+00  1.2623E+01  1.4327E-01 -2.8136E-02
  8.3000E+01  2.1133E+00  1.2623E+01  1.4327E-01 -2.8136E-02
  8.4000E+01  2.0895E+00  1.8139E+01 -6.7234E-02  6.8799E-02
  8.4000E+01  2.0895E+00  1.8139E+01 -6.7234E-02  6.8799E-02
  8.4000E+01  2.0895E+00  1.8139E+01 -6.7234E-02  6.8799E-02
  8.4000E+01  2.0895E+00  1.8139E+01 -6.7234E-02  6.8799E-02
  8.4000E+01  2.0895E+00  1.8139E+01 -6.7234E-02  6.8799E-02
  8.4000E+01  2.0895E+00  1.8139E+01 -6.7234E-02  6.8799E-02
  8.4000E+01  2.0895E+00  1.8139E+01 -6.7234E-02  6.8799E-02
  8.5000E+01  2.4183E+00  8.5390E+00  5.7894E-01 -1.7910E-02
  8.5000E+01  2.4183E+00  8.5390E+00  5.7894E-01 -1.7910E-02
  8.5000E+01  2.4183E+00  8.5390E+00  5.7894E-01 -1.7910E-02
  8.5000E+01  2.4183E+00  8.5390E+00  5.7894E-01 -1.7910E-02
  8.5000E+01  2.4183E+00  8.5390E+00  5.7894E-01 -1.7910E-02
  8.5000E+01  2.4183E+00  8.5390E+00  5.7894E-01 -1.7910E-02
  8.5000E+01  2.4183E+00  8.5390E+00  5.7894E-01 -1.7910E-02
  8.6000E+01  4.2933E+00  2.0233E+01  5.4581E-01  3.5265E-02
  8.6000E+01  4.2933E+00  2.0233E+01  5.4581E-01  3.5265E-02
  8.6000E+01  4.2933E+00  2.0233E+01  5.4581E-01  3.5265E-02
  8.6000E+01  4.2933E+00  2.0233E+01  5.4581E-01  3.5265E-02
  8.6000E+01  4.2933E+00  2.0233E+01  5.4581E-01  3.5265E-02
  8.6000E+01  4.2933E+00  2.0233E+01  5.4581E-01  3.5265E-02
  8.6000E+01  4.2933E+00  2.0233E+01  5.4581E-01  3.5265E-02
  8.7000E+01  2.2026E+00  9.2914E+00  4.4456E-01  1.1917E-02
  8.7000E+01  2.2026E+00  9.2914E+00  4.4456E-01  1.1917E-02
  8.7000E+01  2.2026E+00  9.2914E+00  4.4456E-01  1.1917E-02
  8.7000E+01  2.2026E+00  9.2914E+00  4.4456E-01  1.1917E-02
  8.7000E+01  2.2026E+00  9.2914E+00  4.4456E-01  1.1917E-02
  8.7000E+01  2.2026E+00  9.2914E+00  4.4456E-01  1.1917E-02
  8.7000E+01  2.2026E+00  9.2914E+00  4.4456E-01  1.1917E-02
  8.8000E+01  2.4216E+00  7.1452E+00  4.3561E-01 -3.8904E-01
  8.8000E+01  2.4216E+00  7.1452E+00  4.3561E-01 -3.8904E-01
  8.8000E+01  2.4216E+00  7.1452E+00  4.3561E-01 -3.8904E-01
  8.8000E+01  2.4216E+00  7.1452E+00  4.3561E-01 -3.8904E-01
  8.8000E+01  2.4216E+00  7.1452E+00  4.3561E-01 -3.8904E-01
  8.8000E+01  2.4216E+00  7.1452E+00  4.3561E-01 -3.8904E-01
  8.8000E+01  2.4216E+00  7.1452E+00  4.3561E-01 -3.8904E-01
  8.9000E+01  3.7380E+00  1.4575E+01  5.4153E-01 -1.1374E-01
  8.9000E+01  3.7380E+00  1.4575E+01  5.4153E-01 -1.1374E-01
  8.9000E+01  3.7380E+00  1.4575E+01  5.4153E-01 -1.1374E-01
  8.9000E+01  3.7380E+00  1.4575E+01  5.4153E-01 -1.1374E-01
  8.9000E+01  3.7380E+00  1.4575E+01  5.4153E-01 -1.1374E-01
  8.9000E+01  3.7380E+00  1.4575E+01  5.4153E-01 -1.1374E-01
  8.9000E+01  3.7380E+00  1.4575E+01  5.4153E-01 -1.1374E-01
  9.0000E+01  2.2474E+00  1.4173E+01  3.4025E-01  2.6828E-01
  9.0000E+01  2.2474E+00  1.4173E+01  3.4025E-01  2.6828E-01
  9.0000E+01  2.2474E+00  1.4173E+01  3.4025E-01  2.6828E-01
  9.0000E+01  2.2474E+00  1.4173E+01  3.4025E-01  2.6828E-01
  9.0000E+01  2.2474E+00  1.4173E+01  3.4025E-01  2.6828E-01
  9.0000E+01  2.2474E+00  1.4173E+01  3.4025E-01  2.6828E-01
  9.0000E+01  2.2474E+00  1.4173E+01  3.4025E-01  2.6828E-01
  9.1000E+01  3.9711E+00  2.2480E+01  2.5241E-01 -1.4659E-01
  9.1000E+01  3.9711E+00  2.2480E+01  2.5241E-01 -1.4659E-01
  9.1000E+01  3.9711E+00  2.2480E+01  2.5241E-01 -1.4659E-01
  9.1000E+01  3.9711E+00  2.2480E+01  2.5241E-01 -1.4659E-01
  9.1000E+01  3.9711E+00  2.2480E+01  2.5241E-01 -1.4659E-01
  9.1000E+01  3.9711E+00  2.2480E+01  2.5241E-01 -1.4659E-01
  9.1000E+01  3.9711E+00  2.2480E+01  2.5241E-01 -1.4659E-01
  9.2000E+01  3.4440E+00  2.5134E+01  1.0545E-01 -4.1059E-02
  9.2000E+01  3.4440E+00  2.5134E+01  1.0545E-01 -4.1059E-02
  9.2000E+01  3.4440E+00  2.5134E+01  1.0545E-01 -4.1059E-02
  9.2000E+01  3.4440E+00  2.5134E+01  1.0545E-01 -4.1059E-02
  9.2000E+01  3.4440E+00  2.5134E+01  1.0545E-01 -4.1059E-02
  9.2000E+01  3.4440E+00  2.5134E+01  1.0545E-01 -4.1059E-02
  9.2000E+01  3.4440E+00  2.5134E+01  1.0545E-01 -4.1059E-02
  9.3000E+01  5.3114E+00  3.8685E+01  2.5528E-01  1.2292E-02
  9.3000E+01  5.3114E+00  3.8685E+01  2.5528E-01  1.2292E-02
  9.3000E+01  5.3114E+00  3.8685E+01  2.5528E-01  1.2292E-02
  9.3000E+01  5.3114E+00  3.8685E+01  2.5528E-01  1.2292E-02
  9.3000E+01  5.3114E+00  3.8685E+01  2.5528E-01  1.2292E-02
  9.3000E+01  5.3114E+00  3.8685E+01  2.5528E-01  1.2292E-02
  9.3000E+01  5.3114E+00  3.8685E+01  2.5528E-01  1.2292E-02
  9.4000E+01  8.5067E+00  2.8749E+01  7.7150E-01 -2.2425E-01
  9.4000E+01  8.5067E+00  2.8749E+01  7.7150E-01 -2.2425E-01
  9.4000E+01  8.5067E+00  2.8749E+01  7.7150E-01 -2.2425E-01
  9.4000E+01  8.5067E+00  2.8749E+01  7.7150E-01 -2.2425E-01
  9.4000E+01  8.5067E+00  2.8749E+01  7.7150E-01 -2.2425E-01
  9.4000E+01  8.5067E+00  2.8749E+01  7.7150E-01 -2.2425E-01
  9.4000E+01  8.5067E+00  2.8749E+01  7.7150E-01 -2.2425E-01
  9.5000E+01  5.5529E+00  3.9211E+01  3.7366E-01  1.2437E-01
  9.5000E+01  5.5529E+00  3.9211E+01  3.7366E-01  1.2437E-01
  9.5000E+01  5.5529E+00  3.9211E+01  3.7366E-01  1.2437E-01
  9.5000E+01  5.5529E+00  3.9211E+01  3.7366E-01  1.2437E-01
  9.5000E+01  5.5529E+00  3.9211E+01  3.7366E-01  1.2437E-01
  9.5000E+01  5.5529E+00  3.9211E+01  3.7366E-01  1.2437E-01
  9.5000E+01  5.5529E+00  3.9211E+01  3.7366E-01  1.2437E-01
  9.6000E+01  3.8926E+00  3.3369E+01  1.1551E-02 -4.6105E-02
  9.6000E+01  3.8926E+00  3.3369E+01  1.1551E-02 -4.6105E-02
  9.6000E+01  3.8926E+00  3.3369E+01  1.1551E-02 -4.6105E-02
  9.6000E+01  3.8926E+00  3.3369E+01  1.1551E-02 -4.6105E-02
  9.6000E+01  3.8926E+00  3.3369E+01  1.1551E-02 -4.6105E-02
  9.6000E+01  3.8926E+00  3.3369E+01  1.1551E-02 -4.6105E-02
  9.6000E+01  3.8926E+00  3.3369E+01  1.1551E-02 -4.6105E-02
  9.7000E+01  3.9273E+00  2.8410E+01  1.4137E-01 -4.5735E-02
  9.7000E+01  3.9273E+00  2.8410E+01  1.4137E-01 -4.5735E-02
  9.7000E+01  3.9273E+00  2.8410E+01  1.4137E-01 -4.5735E-02
  9.7000E+01  3.9273E+00  2.8410E+01  1.4137E-01 -4.5735E-02
  9.7000E+01  3.9273E+00  2.8410E+01  1.4137E-01 -4.5735E-02
  9.7000E+01  3.9273E+00  2.8410E+01  1.4137E-01 -4.5735E-02
  9.7000E+01  3.9273E+00  2.8410E+01  1.4137E-01 -4.5735E-02
  9.8000E+01  5.7159E+00  3.4083E+01  4.1398E-01 -5.9089E-04
  9.8000E+01  5.7159E+00  3.4083E+01  4.1398E-01 -5.9089E-04
  9.8000E+01  5.7159E+00  3.4083E+01  4.1398E-01 -5.9089E-04
  9.8000E+01  5.7159E+00  3.4083E+01  4.1398E-01 -5.9089E-04
  9.8000E+01  5.7159E+00  3.4083E+01  4.1398E-01 -5.9089E-04
  9.8000E+01  5.7159E+00  3.4083E+01  4.1398E-01 -5.9089E-04
  9.8000E+01  5.7159E+00  3.4083E+01  4.1398E-01 -5.9089E-04
  9.9000E+01  3.0630E+00  3.1766E+01 -1.3347E-01  3.0851E-02
  9.9000E+01  3.0630E+00  3.1766E+01 -1.3347E-01  3.0851E-02
  9.9000E+01  3.0630E+00  3.1766E+01 -1.3347E-01  3.0851E-02
  9.9000E+01  3.0630E+00  3.1766E+01 -1.3347E-01  3.0851E-02
  9.9000E+01  3.0630E+00  3.1766E+01 -1.3347E-01  3.0851E-02
  9.9000E+01  3.0630E+00  3.1766E+01 -1.3347E-01  3.0851E-02
  9.9000E+01  3.0630E+00  3.1766E+01 -1.3347E-01  3.0851E-02
  1.0000E+02  4.0932E+00  3.6466E+01  1.1884E-01  1.1870E-01
  1.0000E+02  4.0932E+00  3.6466E+01  1.1884E-01  1.1870E-01
  1.0000E+02  4.0932E+00  3.6466E+01  1.1884E-01  1.1870E-01
  1.0000E+02  4.0932E+00  3.6466E+01  1.1884E-01  1.1870E-01
  1.0000E+02  4.0932E+00  3.6466E+01  1.1884E-01  1.1870E-01
  1.0000E+02  4.0932E+00  3.6466E+01  1.1884E-01  1.1870E-01
  1.0000E+02  4.0932E+00  3.6466E+01  1.1884E-01  1.1870E-01
  1.0100E+02  2.3147E+00  1.5655E+01 -8.6835E-02 -2.4109E-01
  1.0100E+02  2.3147E+00  1.5655E+01 -8.6835E-02 -2.4109E-01
  1.0100E+02  2.3147E+00  1.5655E+01 -8.6835E-02 -2.4109E-01
  1.0100E+02  2.3147E+00  1.5655E+01 -8.6835E-02 -2.4109E-01
  1.0100E+02  2.3147E+00  1.5655E+01 -8.6835E-02 -2.4109E-01
  1.0100E+02  2.3147E+00  1.5655E+01 -8.6835E-02 -2.4109E-01
  1.0100E+02  2.3147E+00  1.5655E+01 -8.6835E-02 -2.4109E-01
  1.0200E+02  3.8813E+00  1.9171E+01  2.4508E-01 -2.8508E-01
  1.0200E+02  3.8813E+00  1.9171E+01  2.4508E-01 -2.8508E-01
  1.0200E+02  3.8813E+00  1.9171E+01  2.4508E-01 -2.8508E-01
  1.0200E+02  3.8813E+00  1.9171E+01  2.4508E-01 -2.8508E-01
  1.0200E+02  3.8813E+00  1.9171E+01  2.4508E-01 -2.8508E-01
  1.0200E+02  3.8813E+00  1.9171E+01  2.4508E-01 -2.8508E-01
  1.0200E+02  3.8813E+00  1.9171E+01  2.4508E-01 -2.8508E-01
  1.0300E+02  8.9754E+00  3.6589E+01  7.5504E-01 -7.6543E-02
  1.0300E+02  8.9754E+00  3.6589E+01  7.5504E-01 -7.6543E-02
  1.0300E+02  8.9754E+00  3.6589E+01  7.5504E-01 -7.6543E-02
  1.0300E+02  8.9754E+00  3.6589E+01  7.5504E-01 -7.6543E-02
  1.0300E+02  8.9754E+00  3.6589E+01  7.5504E-01 -7.6543E-02
  1.0300E+02  8.9754E+00  3.6589E+01  7.5504E-01 -7.6543E-02
  1.0300E+02  8.9754E+00  3.6589E+01  7.5504E-01 -7.6543E-02
  1.0400E+02  5.2347E+00  5.1571E+01  3.5778E-01  4.5587E-01
  1.0400E+02  5.2347E+00  5.1571E+01  3.5778E-01  4.5587E-01
  1.0400E+02  5.2347E+00  5.1571E+01  3.5778E-01  4.5587E-01
  1.0400E+02  5.2347E+00  5.1571E+01  3.5778E-01  4.5587E-01
  1.0400E+02  5.2347E+00  5.1571E+01  3.5778E-01  4.5587E-01
  1.0400E+02  5.2347E+00  5.1571E+01  3.5778E-01  4.5587E-01
  1.0400E+02  5.2347E+00  5.1571E+01  3.5778E-01  4.5587E-01
  1.0500E+02  7.6999E+00  2.3347E+01  8.7898E-01 -1.5623E-01
  1.0500E+02  7.6999E+00  2.3347E+01  8.7898E-01 -1.5623E-01
  1.0500E+02  7.6999E+00  2.3347E+01  8.7898E-01 -1.5623E-01
  1.0500E+02  7.6999E+00  2.3347E+01  8.7898E-01 -1.5623E-01
  1.0500E+02  7.6999E+00  2.3347E+01  8.7898E-01 -1.5623E-01
  1.0500E+02  7.6999E+00  2.3347E+01  8.7898E-01 -1.5623E-01
  1.0500E+02  7.6999E+00  2.3347E+01  8.7898E-01 -1.5623E-01
  1.0600E+02  2.6800E+00  4.6461E+01 -2.7229E-01  4.0409E-01
  1.0600E+02  2.6800E+00  4.6461E+01 -2.7229E-01  4.0409E-01
  1.0600E+02  2.6800E+00  4.6461E+01 -2.7229E-01  4.0409E-01
  1.0600E+02  2.6800E+00  4.6461E+01 -2.7229E-01  4.0409E-01
  1.0600E+02  2.6800E+00  4.6461E+01 -2.7229E-01  4.0409E-01
  1.0600E+02  2.6800E+00  4.6461E+01 -2.7229E-01  4.0409E-01
  1.0600E+02  2.6800E+00  4.6461E+01 -2.7229E-01  4.0409E-01
  1.0700E+02  8.1993E+00  4.6763E+01  7.2144E-01  2.4458E-01
  1.0700E+02  8.1993E+00  4.6763E+01  7.2144E-01  2.4458E-01
  1.0700E+02  8.1993E+00  4.6763E+01  7.2144E-01  2.4458E-01
  1.0700E+02  8.1993E+00  4.6763E+01  7.2144E-01  2.4458E-01
  1.0700E+02  8.1993E+00  4.6763E+01  7.2144E-01  2.4458E-01
  1.0700E+02  8.1993E+00  4.6763E+01  7.2144E-01  2.4458E-01
  1.0700E+02  8.1993E+00  4.6763E+01  7.2144E-01  2.4458E-01
  1.0800E+02  5.5601E+00  3.8755E+01  3.8559E-01  1.2686E-01
  1.0800E+02  5.5601E+00  3.8755E+01  3.8559E-01  1.2686E-01
  1.0800E+02  5.5601E+00  3.8755E+01  3.8559E-01  1.2686E-01
  1.0800E+02  5.5601E+00  3.8755E+01  3.8559E-01  1.2686E-01
  1.0800E+02  5.5601E+00  3.8755E+01  3.8559E-01  1.2686E-01
  1.0800E+02  5.5601E+00  3.8755E+01  3.8559E-01  1.2686E-01
  1.0800E+02  5.5601E+00  3.8755E+01  3.8559E-01  1.2686E-01
  1.0900E+02  4.9115E+00  2.2577E+01  4.5376E-01 -1.5720E-01
  1.0900E+02  4.9115E+00  2.2577E+01  4.5376E-01 -1.5720E-01
  1.0900E+02  4.9115E+00  2.2577E+01  4.5376E-01 -1.5720E-01
  1.0900E+02  4.9115E+00  2.2577E+01  4.5376E-01 -1.5720E-01
  1.0900E+02  4.9115E+00  2.2577E+01  4.5376E-01 -1.5720E-01
  1.0900E+02  4.9115E+00  2.2577E+01  4.5376E-01 -1.5720E-01
  1.0900E+02  4.9115E+00  2.2577E+01  4.5376E-01 -1.5720E-01
  1.1000E+02  5.2883E+00  2.1156E+01  2.6530E-01 -5.7201E-01
  1.1000E+02  5.2883E+00  2.1156E+01  2.6530E-01 -5.7201E-01
  1.1000E+02  5.2883E+00  2.1156E+01  2.6530E-01 -5.7201E-01
  1.1000E+02  5.2883E+00  2.1156E+01  2.6530E-01 -5.7201E-01
  1.1000E+02  5.2883E+00  2.1156E+01  2.6530E-01 -5.7201E-01
  1.1000E+02  5.2883E+00  2.1156E+01  2.6530E-01 -5.7201E-01
  1.1000E+02  5.2883E+00  2.1156E+01  2.6530E-01 -5.7201E-01
  1.1100E+02  4.9254E+00  2.2022E+01  4.9356E-01 -1.3280E-01
  1.1100E+02  4.9254E+00  2.2022E+01  4.9356E-01 -1.3280E-01
  1.1100E+02  4.9254E+00  2.2022E+01  4.9356E-01 -1.3280E-01
  1.1100E+02  4.9254E+00  2.2022E+01  4.9356E-01 -1.3280E-01
  1.1100E+02  4.9254E+00  2.2022E+01  4.9356E-01 -1.3280E-01
  1.1100E+02  4.9254E+00  2.2022E+01  4.9356E-01 -1.3280E-01
  1.1100E+02  4.9254E+00  2.2022E+01  4.9356E-01 -1.3280E-01
  1.1200E+02  5.9874E+00  2.0653E+01  5.4596E-01 -3.8747E-01
  1.1200E+02  5.9874E+00  2.0653E+01  5.4596E-01 -3.8747E-01
  1.1200E+02  5.9874E+00  2.0653E+01  5.4596E-01 -3.8747E-01
  1.1200E+02  5.9874E+00  2.0653E+01  5.4596E-01 -3.8747E-01
  1.1200E+02  5.9874E+00  2.0653E+01  5.4596E-01 -3.8747E-01
  1.1200E+02  5.9874E+00  2.0653E+01  5.4596E-01 -3.8747E-01
  1.1200E+02  5.9874E+00  2.0653E+01  5.4596E-01 -3.8747E-01
  1.1300E+02  5.3251E+00  3.3720E+01  4.3266E-01  1.0802E-01
  1.1300E+02  5.3251E+00  3.3720E+01  4.3266E-01  1.0802E-01
  1.1300E+02  5.3251E+00  3.3720E+01  4.3266E-01  1.0802E-01
  1.1300E+02  5.3251E+00  3.3720E+01  4.3266E-01  1.0802E-01
  1.1300E+02  5.3251E+00  3.3720E+01  4.3266E-01  1.0802E-01
  1.1300E+02  5.3251E+00  3.3720E+01  4.3266E-01  1.0802E-01
  1.1300E+02  5.3251E+00  3.3720E+01  4.3266E-01  1.0802E-01
  1.1400E+02  4.0117E+00  2.8689E+01  2.4659E-01  7.5947E-02
  1.1400E+02  4.0117E+00  2.8689E+01  2.4659E-01  7.5947E-02
  1.1400E+02  4.0117E+00  2.8689E+01  2.4659E-01  7.5947E-02
  1.1400E+02  4.0117E+00  2.8689E+01  2.4659E-01  7.5947E-02
  1.1400E+02  4.0117E+00  2.8689E+01  2.4659E-01  7.5947E-02
  1.1400E+02  4.0117E+00  2.8689E+01  2.4659E-01  7.5947E-02
  1.1400E+02  4.0117E+00  2.8689E+01  2.4659E-01  7.5947E-02
  1.1500E+02  5.3919E+00  2.1021E+01  7.2698E-01  1.1260E-02
  1.1500E+02  5.3919E+00  2.1021E+01  7.2698E-01  1.1260E-02
  1.1500E+02  5.3919E+00  2.1021E+01  7.2698E-01  1.1260E-02
  1.1500E+02  5.3919E+00  2.1021E+01  7.2698E-01  1.1260E-02
  1.1500E+02  5.3919E+00  2.1021E+01  7.2698E-01  1.1260E-02
  1.1500E+02  5.3919E+00  2.1021E+01  7.2698E-01  1.1260E-02
  1.1500E+02  5.3919E+00  2.1021E+01  7.2698E-01  1.1260E-02
  1.1600E+02  3.2568E+00  3.4219E+01 -1.9144E-01 -5.3846E-02
  1.1600E+02  3.2568E+00  3.4219E+01 -1.9144E-01 -5.3846E-02
  1.1600E+02  3.2568E+00  3.4219E+01 -1.9144E-01 -5.3846E-02
  1.1600E+02  3.2568E+00  3.4219E+01 -1.9144E-01 -5.3846E-02
  1.1600E+02  3.2568E+00  3.4219E+01 -1.9144E-01 -5.3846E-02
  1.1600E+02  3.2568E+00  3.4219E+01 -1.9144E-01 -5.3846E-02
  1.1600E+02  3.2568E+00  3.4219E+01 -1.9144E-01 -5.3846E-02
  1.1700E+02  6.8482E+00  3.4709E+01  8.0080E-01  2.9237E-01
  1.1700E+02  6.8482E+00  3.4709E+01  8.0080E-01  2.9237E-01
  1.1700E+02  6.8482E+00  3.4709E+01  8.0080E-01  2.9237E-01
  1.1700E+02  6.8482E+00  3.4709E+01  8.0080E-01  2.9237E-01
  1.1700E+02  6.8482E+00  3.4709E+01  8.0080E-01  2.9237E-01
  1.1700E+02  6.8482E+00  3.4709E+01  8.0080E-01  2.9237E-01
  1.1700E+02  6.8482E+00  3.4709E+01  8.0080E-01  2.9237E-01
  1.1800E+02  2.9820E+00  2.9384E+01 -1.8541E-01 -8.0631E-02
  1.1800E+02  2.9820E+00  2.9384E+01 -1.8541E-01 -8.0631E-02
  1.1800E+02  2.9820E+00  2.9384E+01 -1.8541E-01 -8.0631E-02
  1.1800E+02  2.9820E+00  2.9384E+01 -1.8541E-01 -8.0631E-02
  1.1800E+02  2.9820E+00  2.9384E+01 -1.8541E-01 -8.0631E-02
  1.1800E+02  2.9820E+00  2.9384E+01 -1.8541E-01 -8.0631E-02
  1.1800E+02  2.9820E+00  2.9384E+01 -1.8541E-01 -8.0631E-02
  1.1900E+02  2.9086E+00  1.9649E+01  3.6671E-02 -1.5372E-01
  1.1900E+02  2.9086E+00  1.9649E+01  3.6671E-02 -1.5372E-01
  1.1900E+02  2.9086E+00  1.9649E+01  3.6671E-02 -1.5372E-01
  1.1900E+02  2.9086E+00  1.9649E+01  3.6671E-02 -1.5372E-01
  1.1900E+02  2.9086E+00  1.9649E+01  3.6671E-02 -1.5372E-01
  1.1900E+02  2.9086E+00  1.9649E+01  3.6671E-02 -1.5372E-01
  1.1900E+02  2.9086E+00  1.9649E+01  3.6671E-02 -1.5372E-01
  1.2000E+02  5.7009E+00  3.4759E+01  2.9260E-01 -1.3928E-01
  1.2000E+02  5.7009E+00  3.4759E+01  2.9260E-01 -1.3928E-01
  1.2000E+02  5.7009E+00  3.4759E+01  2.9260E-01 -1.3928E-01
  1.2000E+02  5.7009E+00  3.4759E+01  2.9260E-01 -1.3928E-01
  1.2000E+02  5.7009E+00  3.4759E+01  2.9260E-01 -1.3928E-01
  1.2000E+02  5.7009E+00  3.4759E+01  2.9260E-01 -1.3928E-01
  1.2000E+02  5.7009E+00  3.4759E+01  2.9260E-01 -1.3928E-01
