TABLE NO.  3
 ID          WT          BWT         CREA        APGR
  1.0000E+00  1.4000E+00  1.4000E+00  5.0000E-01  7.0000E+00
  1.0000E+00  1.4000E+00  1.4000E+00  5.0000E-01  7.0000E+00
  1.0000E+00  1.4000E+00  1.4000E+00  5.0000E-01  7.0000E+00
  1.0000E+00  1.4000E+00  1.4000E+00  5.0000E-01  7.0000E+00
  1.0000E+00  1.4000E+00  1.4000E+00  5.0000E-01  7.0000E+00
  1.0000E+00  1.4000E+00  1.4000E+00  5.0000E-01  7.0000E+00
  1.0000E+00  1.4000E+00  1.4000E+00  5.0000E-01  7.0000E+00
  1.0000E+00  1.4000E+00  1.4000E+00  5.0000E-01  7.0000E+00
  1.0000E+00  1.4000E+00  1.4200E+00  5.0000E-01  7.0000E+00
  1.0000E+00  1.4000E+00  1.4200E+00  5.0000E-01  7.0000E+00
  1.0000E+00  1.4000E+00  1.4200E+00  4.7000E-01  7.0000E+00
  1.0000E+00  1.4000E+00  1.4200E+00  4.7000E-01  7.0000E+00
  1.0000E+00  1.4000E+00  1.4200E+00  4.7000E-01  7.0000E+00
  2.0000E+00  1.5000E+00  1.5000E+00  1.0000E-01  9.0000E+00
  2.0000E+00  1.5000E+00  1.5000E+00  1.0000E-01  9.0000E+00
  2.0000E+00  1.5000E+00  1.5000E+00  1.0000E-01  9.0000E+00
  2.0000E+00  1.5000E+00  1.5000E+00  1.0000E-01  9.0000E+00
  2.0000E+00  1.5000E+00  1.5000E+00  1.0000E-01  9.0000E+00
  2.0000E+00  1.5000E+00  1.5000E+00  1.0000E-01  9.0000E+00
  2.0000E+00  1.5000E+00  1.5000E+00  1.0000E-01  9.0000E+00
  2.0000E+00  1.5000E+00  1.5000E+00  1.0000E-01  9.0000E+00
  2.0000E+00  1.5000E+00  1.5000E+00  1.0000E-01  9.0000E+00
  2.0000E+00  1.5000E+00  1.5000E+00  1.0000E-01  9.0000E+00
  2.0000E+00  1.5000E+00  1.5200E+00  1.0000E-01  9.0000E+00
  2.0000E+00  1.5000E+00  1.5200E+00  1.0000E-01  9.0000E+00
  2.0000E+00  1.5000E+00  1.5200E+00  5.9000E-01  9.0000E+00
  2.0000E+00  1.5000E+00  1.5200E+00  5.9000E-01  9.0000E+00
  2.0000E+00  1.5000E+00  1.5200E+00  5.9000E-01  9.0000E+00
  2.0000E+00  1.5000E+00  1.5200E+00  5.9000E-01  9.0000E+00
  3.0000E+00  1.5000E+00  1.5000E+00  4.4000E-01  6.0000E+00
  3.0000E+00  1.5000E+00  1.5000E+00  4.4000E-01  6.0000E+00
  3.0000E+00  1.5000E+00  1.5000E+00  4.4000E-01  6.0000E+00
  3.0000E+00  1.5000E+00  1.5000E+00  4.4000E-01  6.0000E+00
  3.0000E+00  1.5000E+00  1.5000E+00  4.4000E-01  6.0000E+00
  3.0000E+00  1.5000E+00  1.5000E+00  4.4000E-01  6.0000E+00
  3.0000E+00  1.5000E+00  1.5000E+00  4.4000E-01  6.0000E+00
  3.0000E+00  1.5000E+00  1.5000E+00  4.4000E-01  6.0000E+00
  3.0000E+00  1.5000E+00  1.5200E+00  4.4000E-01  6.0000E+00
  3.0000E+00  1.5000E+00  1.5200E+00  4.4000E-01  6.0000E+00
  3.0000E+00  1.5000E+00  1.5200E+00  4.4000E-01  6.0000E+00
  3.0000E+00  1.5000E+00  1.5200E+00  5.6000E-01  6.0000E+00
  3.0000E+00  1.5000E+00  1.5200E+00  5.6000E-01  6.0000E+00
  3.0000E+00  1.5000E+00  1.5200E+00  5.6000E-01  6.0000E+00
  3.0000E+00  1.5000E+00  1.5200E+00  5.6000E-01  6.0000E+00
  3.0000E+00  1.5000E+00  1.5200E+00  5.6000E-01  6.0000E+00
  4.0000E+00  9.0000E-01  9.0000E-01  4.5000E-01  6.0000E+00
  4.0000E+00  9.0000E-01  9.0000E-01  4.5000E-01  6.0000E+00
  4.0000E+00  9.0000E-01  9.0000E-01  4.5000E-01  6.0000E+00
  4.0000E+00  9.0000E-01  9.0000E-01  4.5000E-01  6.0000E+00
  4.0000E+00  9.0000E-01  9.0000E-01  4.5000E-01  6.0000E+00
  4.0000E+00  9.0000E-01  9.0000E-01  4.5000E-01  6.0000E+00
  4.0000E+00  9.0000E-01  9.0000E-01  4.5000E-01  6.0000E+00
  4.0000E+00  9.0000E-01  9.0000E-01  4.5000E-01  6.0000E+00
  4.0000E+00  9.0000E-01  9.0000E-01  4.5000E-01  6.0000E+00
  4.0000E+00  9.0000E-01  9.0000E-01  4.5000E-01  6.0000E+00
  4.0000E+00  9.0000E-01  9.1000E-01  4.5000E-01  6.0000E+00
  4.0000E+00  9.0000E-01  9.1000E-01  4.5000E-01  6.0000E+00
  4.0000E+00  9.0000E-01  9.1000E-01  2.7000E-01  6.0000E+00
  4.0000E+00  9.0000E-01  9.1000E-01  2.7000E-01  6.0000E+00
  4.0000E+00  9.0000E-01  9.1000E-01  2.7000E-01  6.0000E+00
  5.0000E+00  1.4000E+00  1.4000E+00  4.1000E-01  7.0000E+00
  5.0000E+00  1.4000E+00  1.4000E+00  4.1000E-01  7.0000E+00
  5.0000E+00  1.4000E+00  1.4000E+00  4.1000E-01  7.0000E+00
  5.0000E+00  1.4000E+00  1.4000E+00  4.1000E-01  7.0000E+00
  5.0000E+00  1.4000E+00  1.4000E+00  4.1000E-01  7.0000E+00
  5.0000E+00  1.4000E+00  1.4000E+00  4.1000E-01  7.0000E+00
  5.0000E+00  1.4000E+00  1.4000E+00  4.1000E-01  7.0000E+00
  5.0000E+00  1.4000E+00  1.4000E+00  4.1000E-01  7.0000E+00
  5.0000E+00  1.4000E+00  1.4000E+00  4.1000E-01  7.0000E+00
  5.0000E+00  1.4000E+00  1.4200E+00  4.1000E-01  7.0000E+00
  5.0000E+00  1.4000E+00  1.4200E+00  4.1000E-01  7.0000E+00
  5.0000E+00  1.4000E+00  1.4200E+00  5.1000E-01  7.0000E+00
  5.0000E+00  1.4000E+00  1.4200E+00  5.1000E-01  7.0000E+00
  5.0000E+00  1.4000E+00  1.4200E+00  5.1000E-01  7.0000E+00
  5.0000E+00  1.4000E+00  1.4200E+00  5.1000E-01  7.0000E+00
  6.0000E+00  1.2000E+00  1.2000E+00  4.6900E-01  5.0000E+00
  6.0000E+00  1.2000E+00  1.2000E+00  4.6900E-01  5.0000E+00
  6.0000E+00  1.2000E+00  1.2000E+00  4.6900E-01  5.0000E+00
  6.0000E+00  1.2000E+00  1.2000E+00  4.6900E-01  5.0000E+00
  6.0000E+00  1.2000E+00  1.2000E+00  4.6900E-01  5.0000E+00
  6.0000E+00  1.2000E+00  1.2000E+00  4.6900E-01  5.0000E+00
  6.0000E+00  1.2000E+00  1.2000E+00  4.6900E-01  5.0000E+00
  6.0000E+00  1.2000E+00  1.2000E+00  4.6900E-01  5.0000E+00
  6.0000E+00  1.2000E+00  1.2000E+00  4.6900E-01  5.0000E+00
  6.0000E+00  1.2000E+00  1.2000E+00  4.6900E-01  5.0000E+00
  6.0000E+00  1.2000E+00  1.2100E+00  4.6900E-01  5.0000E+00
  6.0000E+00  1.2000E+00  1.2100E+00  4.6900E-01  5.0000E+00
  6.0000E+00  1.2000E+00  1.2100E+00  3.7000E-01  5.0000E+00
  6.0000E+00  1.2000E+00  1.2100E+00  3.7000E-01  5.0000E+00
  6.0000E+00  1.2000E+00  1.2100E+00  3.7000E-01  5.0000E+00
  6.0000E+00  1.2000E+00  1.2100E+00  3.7000E-01  5.0000E+00
  7.0000E+00  1.0000E+00  1.0000E+00  3.4000E-01  5.0000E+00
  7.0000E+00  1.0000E+00  1.0000E+00  3.4000E-01  5.0000E+00
  7.0000E+00  1.0000E+00  1.0000E+00  3.4000E-01  5.0000E+00
  7.0000E+00  1.0000E+00  1.0000E+00  3.4000E-01  5.0000E+00
  7.0000E+00  1.0000E+00  1.0000E+00  3.4000E-01  5.0000E+00
  7.0000E+00  1.0000E+00  1.0000E+00  3.4000E-01  5.0000E+00
  7.0000E+00  1.0000E+00  1.0000E+00  3.4000E-01  5.0000E+00
  7.0000E+00  1.0000E+00  1.0000E+00  3.4000E-01  5.0000E+00
  7.0000E+00  1.0000E+00  1.0100E+00  3.4000E-01  5.0000E+00
  7.0000E+00  1.0000E+00  1.0100E+00  3.4000E-01  5.0000E+00
  7.0000E+00  1.0000E+00  1.0100E+00  3.4000E-01  5.0000E+00
  7.0000E+00  1.0000E+00  1.0100E+00  3.4000E-01  5.0000E+00
  7.0000E+00  1.0000E+00  1.0100E+00  3.4000E-01  5.0000E+00
  7.0000E+00  1.0000E+00  1.0100E+00  3.4000E-01  5.0000E+00
  7.0000E+00  1.0000E+00  1.0100E+00  3.4000E-01  5.0000E+00
  7.0000E+00  1.0000E+00  1.0200E+00  3.4000E-01  5.0000E+00
  7.0000E+00  1.0000E+00  1.0200E+00  3.4000E-01  5.0000E+00
  8.0000E+00  1.2000E+00  1.2000E+00  2.7000E-01  7.0000E+00
  8.0000E+00  1.2000E+00  1.2000E+00  2.7000E-01  7.0000E+00
  8.0000E+00  1.2000E+00  1.2000E+00  2.7000E-01  7.0000E+00
  8.0000E+00  1.2000E+00  1.2000E+00  2.7000E-01  7.0000E+00
  8.0000E+00  1.2000E+00  1.2000E+00  2.7000E-01  7.0000E+00
  8.0000E+00  1.2000E+00  1.2000E+00  2.7000E-01  7.0000E+00
  8.0000E+00  1.2000E+00  1.2000E+00  2.7000E-01  7.0000E+00
  8.0000E+00  1.2000E+00  1.2000E+00  2.7000E-01  7.0000E+00
  8.0000E+00  1.2000E+00  1.2000E+00  2.7000E-01  7.0000E+00
  8.0000E+00  1.2000E+00  1.2100E+00  2.7000E-01  7.0000E+00
  8.0000E+00  1.2000E+00  1.2100E+00  2.7000E-01  7.0000E+00
  8.0000E+00  1.2000E+00  1.2100E+00  2.7000E-01  7.0000E+00
  8.0000E+00  1.2000E+00  1.2100E+00  1.0000E-01  7.0000E+00
  8.0000E+00  1.2000E+00  1.2100E+00  1.0000E-01  7.0000E+00
  8.0000E+00  1.2000E+00  1.2100E+00  1.0000E-01  7.0000E+00
  8.0000E+00  1.2000E+00  1.2100E+00  1.0000E-01  7.0000E+00
  8.0000E+00  1.2000E+00  1.2300E+00  1.0000E-01  7.0000E+00
  9.0000E+00  1.4000E+00  1.4000E+00  2.6000E-01  8.0000E+00
  9.0000E+00  1.4000E+00  1.4000E+00  2.6000E-01  8.0000E+00
  9.0000E+00  1.4000E+00  1.4000E+00  2.6000E-01  8.0000E+00
  9.0000E+00  1.4000E+00  1.4000E+00  2.6000E-01  8.0000E+00
  9.0000E+00  1.4000E+00  1.4000E+00  2.6000E-01  8.0000E+00
  9.0000E+00  1.4000E+00  1.4000E+00  2.6000E-01  8.0000E+00
  9.0000E+00  1.4000E+00  1.4000E+00  2.6000E-01  8.0000E+00
  9.0000E+00  1.4000E+00  1.4000E+00  2.6000E-01  8.0000E+00
  9.0000E+00  1.4000E+00  1.4000E+00  2.6000E-01  8.0000E+00
  9.0000E+00  1.4000E+00  1.4200E+00  2.6000E-01  8.0000E+00
  9.0000E+00  1.4000E+00  1.4200E+00  2.6000E-01  8.0000E+00
  9.0000E+00  1.4000E+00  1.4200E+00  2.6000E-01  8.0000E+00
  9.0000E+00  1.4000E+00  1.4200E+00  4.3000E-01  8.0000E+00
  9.0000E+00  1.4000E+00  1.4200E+00  4.3000E-01  8.0000E+00
  9.0000E+00  1.4000E+00  1.4200E+00  4.3000E-01  8.0000E+00
  9.0000E+00  1.4000E+00  1.4200E+00  4.3000E-01  8.0000E+00
  9.0000E+00  1.4000E+00  1.4200E+00  4.3000E-01  8.0000E+00
  9.0000E+00  1.4000E+00  1.4700E+00  3.5000E-01  8.0000E+00
  1.0000E+01  1.4000E+00  1.4000E+00  1.0000E-01  7.0000E+00
  1.0000E+01  1.4000E+00  1.4000E+00  1.0000E-01  7.0000E+00
  1.0000E+01  1.4000E+00  1.4000E+00  1.0000E-01  7.0000E+00
  1.0000E+01  1.4000E+00  1.4000E+00  1.0000E-01  7.0000E+00
  1.0000E+01  1.4000E+00  1.4000E+00  1.0000E-01  7.0000E+00
  1.0000E+01  1.4000E+00  1.4000E+00  1.0000E-01  7.0000E+00
  1.0000E+01  1.4000E+00  1.4000E+00  1.0000E-01  7.0000E+00
  1.0000E+01  1.4000E+00  1.4000E+00  1.0000E-01  7.0000E+00
  1.0000E+01  1.4000E+00  1.4000E+00  1.0000E-01  7.0000E+00
  1.0000E+01  1.4000E+00  1.4000E+00  1.0000E-01  7.0000E+00
  1.0000E+01  1.4000E+00  1.4200E+00  1.0000E-01  7.0000E+00
  1.0000E+01  1.4000E+00  1.4200E+00  1.0000E-01  7.0000E+00
  1.0000E+01  1.4000E+00  1.4200E+00  2.8000E-01  7.0000E+00
  1.0000E+01  1.4000E+00  1.4200E+00  2.8000E-01  7.0000E+00
  1.0000E+01  1.4000E+00  1.4200E+00  2.8000E-01  7.0000E+00
  1.0000E+01  1.4000E+00  1.4200E+00  2.8000E-01  7.0000E+00
  1.1000E+01  1.2000E+00  1.2000E+00  3.4000E-01  7.0000E+00
  1.1000E+01  1.2000E+00  1.2000E+00  3.4000E-01  7.0000E+00
  1.1000E+01  1.2000E+00  1.2000E+00  3.4000E-01  7.0000E+00
  1.1000E+01  1.2000E+00  1.2000E+00  3.4000E-01  7.0000E+00
  1.1000E+01  1.2000E+00  1.2000E+00  3.4000E-01  7.0000E+00
  1.1000E+01  1.2000E+00  1.2000E+00  3.4000E-01  7.0000E+00
  1.1000E+01  1.2000E+00  1.2000E+00  3.4000E-01  7.0000E+00
  1.2000E+01  1.3000E+00  1.3000E+00  1.0000E-01  6.0000E+00
  1.2000E+01  1.3000E+00  1.3000E+00  1.0000E-01  6.0000E+00
  1.2000E+01  1.3000E+00  1.3000E+00  1.0000E-01  6.0000E+00
  1.2000E+01  1.3000E+00  1.3000E+00  1.0000E-01  6.0000E+00
  1.2000E+01  1.3000E+00  1.3000E+00  1.0000E-01  6.0000E+00
  1.2000E+01  1.3000E+00  1.3000E+00  1.0000E-01  6.0000E+00
  1.2000E+01  1.3000E+00  1.3000E+00  1.0000E-01  6.0000E+00
  1.2000E+01  1.3000E+00  1.3000E+00  1.0000E-01  6.0000E+00
  1.2000E+01  1.3000E+00  1.3000E+00  1.0000E-01  6.0000E+00
  1.2000E+01  1.3000E+00  1.3200E+00  1.0000E-01  6.0000E+00
  1.2000E+01  1.3000E+00  1.3200E+00  1.0000E-01  6.0000E+00
  1.2000E+01  1.3000E+00  1.3200E+00  5.5000E-01  6.0000E+00
  1.2000E+01  1.3000E+00  1.3200E+00  5.5000E-01  6.0000E+00
  1.2000E+01  1.3000E+00  1.3200E+00  5.5000E-01  6.0000E+00
  1.2000E+01  1.3000E+00  1.3200E+00  5.5000E-01  6.0000E+00
  1.2000E+01  1.3000E+00  1.3200E+00  5.5000E-01  6.0000E+00
  1.2000E+01  1.3000E+00  1.3600E+00  5.3100E-01  6.0000E+00
  1.3000E+01  1.1000E+00  1.1000E+00  2.1000E-01  6.0000E+00
  1.3000E+01  1.1000E+00  1.1000E+00  2.1000E-01  6.0000E+00
  1.3000E+01  1.1000E+00  1.1000E+00  2.1000E-01  6.0000E+00
  1.3000E+01  1.1000E+00  1.1000E+00  2.1000E-01  6.0000E+00
  1.3000E+01  1.1000E+00  1.1000E+00  2.1000E-01  6.0000E+00
  1.3000E+01  1.1000E+00  1.1000E+00  2.1000E-01  6.0000E+00
  1.3000E+01  1.1000E+00  1.1000E+00  2.1000E-01  6.0000E+00
  1.3000E+01  1.1000E+00  1.1000E+00  2.1000E-01  6.0000E+00
  1.3000E+01  1.1000E+00  1.1100E+00  2.1000E-01  6.0000E+00
  1.3000E+01  1.1000E+00  1.1100E+00  2.1000E-01  6.0000E+00
  1.3000E+01  1.1000E+00  1.1100E+00  3.4000E-01  6.0000E+00
  1.3000E+01  1.1000E+00  1.1100E+00  3.4000E-01  6.0000E+00
  1.3000E+01  1.1000E+00  1.1100E+00  3.4000E-01  6.0000E+00
  1.3000E+01  1.1000E+00  1.1100E+00  3.4000E-01  6.0000E+00
  1.3000E+01  1.1000E+00  1.1300E+00  3.4000E-01  6.0000E+00
  1.3000E+01  1.1000E+00  1.1300E+00  3.4000E-01  6.0000E+00
  1.3000E+01  1.1000E+00  1.1300E+00  3.4000E-01  6.0000E+00
  1.4000E+01  1.1000E+00  1.1000E+00  2.9000E-01  7.0000E+00
  1.4000E+01  1.1000E+00  1.1000E+00  2.9000E-01  7.0000E+00
  1.4000E+01  1.1000E+00  1.1000E+00  2.9000E-01  7.0000E+00
  1.4000E+01  1.1000E+00  1.1000E+00  2.9000E-01  7.0000E+00
  1.4000E+01  1.1000E+00  1.1000E+00  2.9000E-01  7.0000E+00
  1.4000E+01  1.1000E+00  1.1000E+00  2.9000E-01  7.0000E+00
  1.4000E+01  1.1000E+00  1.1000E+00  2.9000E-01  7.0000E+00
  1.4000E+01  1.1000E+00  1.1000E+00  2.9000E-01  7.0000E+00
  1.4000E+01  1.1000E+00  1.1000E+00  2.9000E-01  7.0000E+00
  1.4000E+01  1.1000E+00  1.1000E+00  2.9000E-01  7.0000E+00
  1.4000E+01  1.1000E+00  1.1100E+00  2.9000E-01  7.0000E+00
  1.4000E+01  1.1000E+00  1.1100E+00  2.9000E-01  7.0000E+00
  1.4000E+01  1.1000E+00  1.1100E+00  3.8000E-01  7.0000E+00
  1.4000E+01  1.1000E+00  1.1100E+00  3.8000E-01  7.0000E+00
  1.4000E+01  1.1000E+00  1.1100E+00  3.8000E-01  7.0000E+00
  1.4000E+01  1.1000E+00  1.1100E+00  3.8000E-01  7.0000E+00
  1.4000E+01  1.1000E+00  1.1100E+00  3.8000E-01  7.0000E+00
  1.4000E+01  1.1000E+00  1.1500E+00  3.4000E-01  7.0000E+00
  1.5000E+01  1.3000E+00  1.3000E+00  4.0000E-01  7.0000E+00
  1.5000E+01  1.3000E+00  1.3000E+00  4.0000E-01  7.0000E+00
  1.5000E+01  1.3000E+00  1.3000E+00  4.0000E-01  7.0000E+00
  1.5000E+01  1.3000E+00  1.3000E+00  4.0000E-01  7.0000E+00
  1.5000E+01  1.3000E+00  1.3000E+00  4.0000E-01  7.0000E+00
  1.5000E+01  1.3000E+00  1.3000E+00  4.0000E-01  7.0000E+00
  1.5000E+01  1.3000E+00  1.3000E+00  4.0000E-01  7.0000E+00
  1.5000E+01  1.3000E+00  1.3000E+00  4.0000E-01  7.0000E+00
  1.5000E+01  1.3000E+00  1.3200E+00  4.0000E-01  7.0000E+00
  1.5000E+01  1.3000E+00  1.3200E+00  5.1000E-01  7.0000E+00
  1.5000E+01  1.3000E+00  1.3200E+00  5.1000E-01  7.0000E+00
  1.5000E+01  1.3000E+00  1.3200E+00  5.1000E-01  7.0000E+00
  1.5000E+01  1.3000E+00  1.3200E+00  5.1000E-01  7.0000E+00
  1.5000E+01  1.3000E+00  1.3200E+00  5.1000E-01  7.0000E+00
  1.5000E+01  1.3000E+00  1.3300E+00  5.1000E-01  7.0000E+00
  1.6000E+01  1.2000E+00  1.2000E+00  2.2000E-01  9.0000E+00
  1.6000E+01  1.2000E+00  1.2000E+00  2.2000E-01  9.0000E+00
  1.6000E+01  1.2000E+00  1.2000E+00  2.2000E-01  9.0000E+00
  1.6000E+01  1.2000E+00  1.2000E+00  2.2000E-01  9.0000E+00
  1.6000E+01  1.2000E+00  1.2000E+00  2.2000E-01  9.0000E+00
  1.6000E+01  1.2000E+00  1.2000E+00  2.2000E-01  9.0000E+00
  1.6000E+01  1.2000E+00  1.2000E+00  2.2000E-01  9.0000E+00
  1.6000E+01  1.2000E+00  1.2000E+00  2.2000E-01  9.0000E+00
  1.6000E+01  1.2000E+00  1.2000E+00  2.2000E-01  9.0000E+00
  1.6000E+01  1.2000E+00  1.2000E+00  2.2000E-01  9.0000E+00
  1.6000E+01  1.2000E+00  1.2000E+00  2.2000E-01  9.0000E+00
  1.6000E+01  1.2000E+00  1.2100E+00  2.2000E-01  9.0000E+00
  1.6000E+01  1.2000E+00  1.2100E+00  2.2000E-01  9.0000E+00
  1.6000E+01  1.2000E+00  1.2100E+00  1.0000E-01  9.0000E+00
  1.6000E+01  1.2000E+00  1.2100E+00  1.0000E-01  9.0000E+00
  1.6000E+01  1.2000E+00  1.2100E+00  1.0000E-01  9.0000E+00
  1.6000E+01  1.2000E+00  1.2100E+00  1.0000E-01  9.0000E+00
  1.6000E+01  1.2000E+00  1.2300E+00  1.0000E-01  9.0000E+00
  1.6000E+01  1.2000E+00  1.2300E+00  1.0000E-01  9.0000E+00
  1.7000E+01  1.1000E+00  1.1000E+00  1.0000E-01  5.0000E+00
  1.7000E+01  1.1000E+00  1.1000E+00  1.0000E-01  5.0000E+00
  1.7000E+01  1.1000E+00  1.1000E+00  1.0000E-01  5.0000E+00
  1.7000E+01  1.1000E+00  1.1000E+00  1.0000E-01  5.0000E+00
  1.7000E+01  1.1000E+00  1.1000E+00  1.0000E-01  5.0000E+00
  1.7000E+01  1.1000E+00  1.1000E+00  1.0000E-01  5.0000E+00
  1.7000E+01  1.1000E+00  1.1000E+00  1.0000E-01  5.0000E+00
  1.7000E+01  1.1000E+00  1.1000E+00  1.0000E-01  5.0000E+00
  1.7000E+01  1.1000E+00  1.1100E+00  1.0000E-01  5.0000E+00
  1.7000E+01  1.1000E+00  1.1100E+00  1.0000E-01  5.0000E+00
  1.7000E+01  1.1000E+00  1.1100E+00  1.0000E-01  5.0000E+00
  1.7000E+01  1.1000E+00  1.1100E+00  1.0000E-01  5.0000E+00
  1.7000E+01  1.1000E+00  1.1100E+00  3.0000E-01  5.0000E+00
  1.7000E+01  1.1000E+00  1.1100E+00  3.0000E-01  5.0000E+00
  1.7000E+01  1.1000E+00  1.1100E+00  3.0000E-01  5.0000E+00
  1.7000E+01  1.1000E+00  1.1300E+00  3.0000E-01  5.0000E+00
  1.7000E+01  1.1000E+00  1.1300E+00  3.0000E-01  5.0000E+00
  1.8000E+01  1.0000E+00  1.0000E+00  6.2000E-01  5.0000E+00
  1.8000E+01  1.0000E+00  1.0000E+00  6.2000E-01  5.0000E+00
  1.8000E+01  1.0000E+00  1.0000E+00  6.2000E-01  5.0000E+00
  1.8000E+01  1.0000E+00  1.0000E+00  6.2000E-01  5.0000E+00
  1.8000E+01  1.0000E+00  1.0000E+00  6.2000E-01  5.0000E+00
  1.8000E+01  1.0000E+00  1.0000E+00  6.2000E-01  5.0000E+00
  1.8000E+01  1.0000E+00  1.0000E+00  6.2000E-01  5.0000E+00
  1.8000E+01  1.0000E+00  1.0000E+00  6.2000E-01  5.0000E+00
  1.8000E+01  1.0000E+00  1.0000E+00  6.2000E-01  5.0000E+00
  1.8000E+01  1.0000E+00  1.0000E+00  6.2000E-01  5.0000E+00
  1.8000E+01  1.0000E+00  1.0100E+00  6.2000E-01  5.0000E+00
  1.8000E+01  1.0000E+00  1.0100E+00  6.2000E-01  5.0000E+00
  1.8000E+01  1.0000E+00  1.0100E+00  4.0000E-01  5.0000E+00
  1.8000E+01  1.0000E+00  1.0100E+00  4.0000E-01  5.0000E+00
  1.8000E+01  1.0000E+00  1.0100E+00  4.0000E-01  5.0000E+00
  1.8000E+01  1.0000E+00  1.0100E+00  4.0000E-01  5.0000E+00
  1.8000E+01  1.0000E+00  1.0600E+00  4.2000E-01  5.0000E+00
  1.9000E+01  1.0000E+00  1.0000E+00  2.5000E-01  1.0000E+00
  1.9000E+01  1.0000E+00  1.0000E+00  2.5000E-01  1.0000E+00
  1.9000E+01  1.0000E+00  1.0000E+00  2.5000E-01  1.0000E+00
  1.9000E+01  1.0000E+00  1.0000E+00  2.5000E-01  1.0000E+00
  1.9000E+01  1.0000E+00  1.0000E+00  2.5000E-01  1.0000E+00
  1.9000E+01  1.0000E+00  1.0000E+00  2.5000E-01  1.0000E+00
  1.9000E+01  1.0000E+00  1.0000E+00  2.5000E-01  1.0000E+00
  1.9000E+01  1.0000E+00  1.0000E+00  2.5000E-01  1.0000E+00
  1.9000E+01  1.0000E+00  1.0000E+00  2.5000E-01  1.0000E+00
  1.9000E+01  1.0000E+00  1.0100E+00  2.5000E-01  1.0000E+00
  1.9000E+01  1.0000E+00  1.0100E+00  2.5000E-01  1.0000E+00
  1.9000E+01  1.0000E+00  1.0100E+00  2.5000E-01  1.0000E+00
  1.9000E+01  1.0000E+00  1.0100E+00  1.0000E-01  1.0000E+00
  1.9000E+01  1.0000E+00  1.0100E+00  1.0000E-01  1.0000E+00
  1.9000E+01  1.0000E+00  1.0100E+00  1.0000E-01  1.0000E+00
  1.9000E+01  1.0000E+00  1.0100E+00  1.0000E-01  1.0000E+00
  1.9000E+01  1.0000E+00  1.0200E+00  1.0000E-01  1.0000E+00
  1.9000E+01  1.0000E+00  1.0200E+00  1.0000E-01  1.0000E+00
  2.0000E+01  1.2000E+00  1.2000E+00  4.0000E-01  6.0000E+00
  2.0000E+01  1.2000E+00  1.2000E+00  4.0000E-01  6.0000E+00
  2.0000E+01  1.2000E+00  1.2000E+00  4.0000E-01  6.0000E+00
  2.0000E+01  1.2000E+00  1.2000E+00  4.0000E-01  6.0000E+00
  2.0000E+01  1.2000E+00  1.2000E+00  4.0000E-01  6.0000E+00
  2.0000E+01  1.2000E+00  1.2000E+00  4.0000E-01  6.0000E+00
  2.0000E+01  1.2000E+00  1.2000E+00  4.0000E-01  6.0000E+00
  2.0000E+01  1.2000E+00  1.2000E+00  4.0000E-01  6.0000E+00
  2.0000E+01  1.2000E+00  1.2000E+00  4.0000E-01  6.0000E+00
  2.0000E+01  1.2000E+00  1.2100E+00  4.0000E-01  6.0000E+00
  2.0000E+01  1.2000E+00  1.2100E+00  4.0000E-01  6.0000E+00
  2.0000E+01  1.2000E+00  1.2100E+00  4.0000E-01  6.0000E+00
  2.0000E+01  1.2000E+00  1.2100E+00  2.3000E-01  6.0000E+00
  2.0000E+01  1.2000E+00  1.2100E+00  2.3000E-01  6.0000E+00
  2.0000E+01  1.2000E+00  1.2100E+00  2.3000E-01  6.0000E+00
  2.0000E+01  1.2000E+00  1.2100E+00  2.3000E-01  6.0000E+00
  2.1000E+01  1.8000E+00  1.8000E+00  2.5000E-01  7.0000E+00
  2.1000E+01  1.8000E+00  1.8000E+00  2.5000E-01  7.0000E+00
  2.1000E+01  1.8000E+00  1.8000E+00  2.5000E-01  7.0000E+00
  2.1000E+01  1.8000E+00  1.8000E+00  2.5000E-01  7.0000E+00
  2.1000E+01  1.8000E+00  1.8000E+00  2.5000E-01  7.0000E+00
  2.1000E+01  1.8000E+00  1.8000E+00  2.5000E-01  7.0000E+00
  2.1000E+01  1.8000E+00  1.8000E+00  2.5000E-01  7.0000E+00
  2.1000E+01  1.8000E+00  1.8000E+00  2.5000E-01  7.0000E+00
  2.1000E+01  1.8000E+00  1.8000E+00  2.5000E-01  7.0000E+00
  2.1000E+01  1.8000E+00  1.8200E+00  2.5000E-01  7.0000E+00
  2.1000E+01  1.8000E+00  1.8200E+00  2.5000E-01  7.0000E+00
  2.1000E+01  1.8000E+00  1.8200E+00  2.9000E-01  7.0000E+00
  2.1000E+01  1.8000E+00  1.8200E+00  2.9000E-01  7.0000E+00
  2.1000E+01  1.8000E+00  1.8200E+00  2.9000E-01  7.0000E+00
  2.1000E+01  1.8000E+00  1.8200E+00  2.9000E-01  7.0000E+00
  2.1000E+01  1.8000E+00  1.8200E+00  2.9000E-01  7.0000E+00
  2.1000E+01  1.8000E+00  1.8400E+00  2.9000E-01  7.0000E+00
  2.1000E+01  1.8000E+00  1.8600E+00  3.4000E-01  7.0000E+00
  2.2000E+01  1.5000E+00  1.5000E+00  4.0000E-01  8.0000E+00
  2.2000E+01  1.5000E+00  1.5000E+00  4.0000E-01  8.0000E+00
  2.2000E+01  1.5000E+00  1.5000E+00  4.0000E-01  8.0000E+00
  2.2000E+01  1.5000E+00  1.5000E+00  4.0000E-01  8.0000E+00
  2.2000E+01  1.5000E+00  1.5000E+00  4.0000E-01  8.0000E+00
  2.2000E+01  1.5000E+00  1.5000E+00  4.0000E-01  8.0000E+00
  2.2000E+01  1.5000E+00  1.5000E+00  4.0000E-01  8.0000E+00
  2.2000E+01  1.5000E+00  1.5000E+00  4.0000E-01  8.0000E+00
  2.3000E+01  3.1000E+00  3.1000E+00  2.1000E-01  3.0000E+00
  2.3000E+01  3.1000E+00  3.1000E+00  2.1000E-01  3.0000E+00
  2.3000E+01  3.1000E+00  3.1000E+00  2.1000E-01  3.0000E+00
  2.3000E+01  3.1000E+00  3.1000E+00  2.1000E-01  3.0000E+00
  2.3000E+01  3.1000E+00  3.1000E+00  2.1000E-01  3.0000E+00
  2.3000E+01  3.1000E+00  3.1000E+00  2.1000E-01  3.0000E+00
  2.3000E+01  3.1000E+00  3.1000E+00  2.1000E-01  3.0000E+00
  2.3000E+01  3.1000E+00  3.1000E+00  2.1000E-01  3.0000E+00
  2.3000E+01  3.1000E+00  3.1000E+00  2.1000E-01  3.0000E+00
  2.3000E+01  3.1000E+00  3.1000E+00  2.1000E-01  3.0000E+00
  2.3000E+01  3.1000E+00  3.1400E+00  2.1000E-01  3.0000E+00
  2.3000E+01  3.1000E+00  3.1400E+00  2.1000E-01  3.0000E+00
  2.3000E+01  3.1000E+00  3.1400E+00  3.4000E-01  3.0000E+00
  2.3000E+01  3.1000E+00  3.1400E+00  3.4000E-01  3.0000E+00
  2.3000E+01  3.1000E+00  3.1400E+00  3.4000E-01  3.0000E+00
  2.3000E+01  3.1000E+00  3.1400E+00  3.4000E-01  3.0000E+00
  2.4000E+01  3.2000E+00  3.2000E+00  5.9000E-01  2.0000E+00
  2.4000E+01  3.2000E+00  3.2000E+00  5.9000E-01  2.0000E+00
  2.4000E+01  3.2000E+00  3.2000E+00  5.9000E-01  2.0000E+00
  2.4000E+01  3.2000E+00  3.2000E+00  5.9000E-01  2.0000E+00
  2.4000E+01  3.2000E+00  3.2000E+00  5.9000E-01  2.0000E+00
  2.4000E+01  3.2000E+00  3.2000E+00  5.9000E-01  2.0000E+00
  2.4000E+01  3.2000E+00  3.2000E+00  5.9000E-01  2.0000E+00
  2.4000E+01  3.2000E+00  3.2000E+00  5.9000E-01  2.0000E+00
  2.4000E+01  3.2000E+00  3.2000E+00  5.9000E-01  2.0000E+00
  2.4000E+01  3.2000E+00  3.2000E+00  5.9000E-01  2.0000E+00
  2.4000E+01  3.2000E+00  3.2400E+00  5.9000E-01  2.0000E+00
  2.4000E+01  3.2000E+00  3.2400E+00  5.9000E-01  2.0000E+00
  2.4000E+01  3.2000E+00  3.2400E+00  5.9000E-01  2.0000E+00
  2.4000E+01  3.2000E+00  3.2400E+00  5.3100E-01  2.0000E+00
  2.4000E+01  3.2000E+00  3.2400E+00  5.3100E-01  2.0000E+00
  2.4000E+01  3.2000E+00  3.2400E+00  5.3100E-01  2.0000E+00
  2.4000E+01  3.2000E+00  3.2400E+00  5.3100E-01  2.0000E+00
  2.4000E+01  3.2000E+00  3.2800E+00  5.3100E-01  2.0000E+00
  2.4000E+01  3.2000E+00  3.2800E+00  5.3100E-01  2.0000E+00
  2.5000E+01  7.0000E-01  7.0000E-01  3.8000E-01  1.0000E+00
  2.5000E+01  7.0000E-01  7.0000E-01  3.8000E-01  1.0000E+00
  2.5000E+01  7.0000E-01  7.0000E-01  3.8000E-01  1.0000E+00
  2.5000E+01  7.0000E-01  7.0000E-01  3.8000E-01  1.0000E+00
  2.5000E+01  7.0000E-01  7.0000E-01  3.8000E-01  1.0000E+00
  2.5000E+01  7.0000E-01  7.0000E-01  3.8000E-01  1.0000E+00
  2.5000E+01  7.0000E-01  7.0000E-01  3.8000E-01  1.0000E+00
  2.5000E+01  7.0000E-01  7.0000E-01  3.8000E-01  1.0000E+00
  2.5000E+01  7.0000E-01  7.0000E-01  3.8000E-01  1.0000E+00
  2.5000E+01  7.0000E-01  7.0000E-01  3.8000E-01  1.0000E+00
  2.5000E+01  7.0000E-01  7.0000E-01  3.8000E-01  1.0000E+00
  2.5000E+01  7.0000E-01  7.0000E-01  3.8000E-01  1.0000E+00
  2.5000E+01  7.0000E-01  7.1000E-01  3.8000E-01  1.0000E+00
  2.5000E+01  7.0000E-01  7.1000E-01  3.8000E-01  1.0000E+00
  2.5000E+01  7.0000E-01  7.1000E-01  3.8000E-01  1.0000E+00
  2.5000E+01  7.0000E-01  7.1000E-01  3.8000E-01  1.0000E+00
  2.5000E+01  7.0000E-01  7.1000E-01  2.5000E-01  1.0000E+00
  2.5000E+01  7.0000E-01  7.1000E-01  2.5000E-01  1.0000E+00
  2.5000E+01  7.0000E-01  7.1000E-01  2.5000E-01  1.0000E+00
  2.5000E+01  7.0000E-01  7.1000E-01  2.5000E-01  1.0000E+00
  2.5000E+01  7.0000E-01  7.1000E-01  2.5000E-01  1.0000E+00
  2.6000E+01  3.5000E+00  3.5000E+00  2.1000E-01  9.0000E+00
  2.6000E+01  3.5000E+00  3.5000E+00  2.1000E-01  9.0000E+00
  2.6000E+01  3.5000E+00  3.5000E+00  2.1000E-01  9.0000E+00
  2.6000E+01  3.5000E+00  3.5000E+00  2.1000E-01  9.0000E+00
  2.6000E+01  3.5000E+00  3.5000E+00  2.1000E-01  9.0000E+00
  2.6000E+01  3.5000E+00  3.5000E+00  2.1000E-01  9.0000E+00
  2.6000E+01  3.5000E+00  3.5000E+00  2.1000E-01  9.0000E+00
  2.6000E+01  3.5000E+00  3.5000E+00  2.1000E-01  9.0000E+00
  2.6000E+01  3.5000E+00  3.5000E+00  2.1000E-01  9.0000E+00
  2.6000E+01  3.5000E+00  3.5400E+00  2.1000E-01  9.0000E+00
  2.6000E+01  3.5000E+00  3.5400E+00  2.1000E-01  9.0000E+00
  2.6000E+01  3.5000E+00  3.5400E+00  3.4000E-01  9.0000E+00
  2.6000E+01  3.5000E+00  3.5400E+00  3.4000E-01  9.0000E+00
  2.7000E+01  1.9000E+00  1.9000E+00  2.8100E-01  5.0000E+00
  2.7000E+01  1.9000E+00  1.9000E+00  2.8100E-01  5.0000E+00
  2.7000E+01  1.9000E+00  1.9000E+00  2.8100E-01  5.0000E+00
  2.7000E+01  1.9000E+00  1.9000E+00  2.8100E-01  5.0000E+00
  2.7000E+01  1.9000E+00  1.9000E+00  2.8100E-01  5.0000E+00
  2.7000E+01  1.9000E+00  1.9000E+00  2.8100E-01  5.0000E+00
  2.7000E+01  1.9000E+00  1.9000E+00  2.8100E-01  5.0000E+00
  2.7000E+01  1.9000E+00  1.9000E+00  2.8100E-01  5.0000E+00
  2.7000E+01  1.9000E+00  1.9000E+00  2.8100E-01  5.0000E+00
  2.7000E+01  1.9000E+00  1.9200E+00  2.8100E-01  5.0000E+00
  2.8000E+01  3.2000E+00  3.2000E+00  3.4000E-01  9.0000E+00
  2.8000E+01  3.2000E+00  3.2000E+00  3.4000E-01  9.0000E+00
  2.8000E+01  3.2000E+00  3.2000E+00  3.4000E-01  9.0000E+00
  2.9000E+01  1.0000E+00  1.0000E+00  4.3000E-01  7.0000E+00
  2.9000E+01  1.0000E+00  1.0000E+00  4.3000E-01  7.0000E+00
  2.9000E+01  1.0000E+00  1.0000E+00  4.3000E-01  7.0000E+00
  2.9000E+01  1.0000E+00  1.0000E+00  4.3000E-01  7.0000E+00
  2.9000E+01  1.0000E+00  1.0000E+00  4.3000E-01  7.0000E+00
  2.9000E+01  1.0000E+00  1.0000E+00  4.3000E-01  7.0000E+00
  3.0000E+01  1.8000E+00  1.8000E+00  2.6000E-01  8.0000E+00
  3.0000E+01  1.8000E+00  1.8000E+00  2.6000E-01  8.0000E+00
  3.0000E+01  1.8000E+00  1.8000E+00  2.6000E-01  8.0000E+00
  3.0000E+01  1.8000E+00  1.8000E+00  2.6000E-01  8.0000E+00
  3.0000E+01  1.8000E+00  1.8000E+00  2.6000E-01  8.0000E+00
  3.0000E+01  1.8000E+00  1.8000E+00  2.6000E-01  8.0000E+00
  3.0000E+01  1.8000E+00  1.8000E+00  2.6000E-01  8.0000E+00
  3.0000E+01  1.8000E+00  1.8000E+00  2.6000E-01  8.0000E+00
  3.0000E+01  1.8000E+00  1.8000E+00  2.6000E-01  8.0000E+00
  3.0000E+01  1.8000E+00  1.8200E+00  2.6000E-01  8.0000E+00
  3.0000E+01  1.8000E+00  1.8200E+00  2.6000E-01  8.0000E+00
  3.0000E+01  1.8000E+00  1.8200E+00  3.9000E-01  8.0000E+00
  3.0000E+01  1.8000E+00  1.8200E+00  3.9000E-01  8.0000E+00
  3.0000E+01  1.8000E+00  1.8200E+00  3.9000E-01  8.0000E+00
  3.0000E+01  1.8000E+00  1.8200E+00  3.9000E-01  8.0000E+00
  3.0000E+01  1.8000E+00  1.8600E+00  3.0000E-01  8.0000E+00
  3.1000E+01  1.4000E+00  1.4000E+00  3.7000E-01  8.0000E+00
  3.1000E+01  1.4000E+00  1.4000E+00  3.7000E-01  8.0000E+00
  3.1000E+01  1.4000E+00  1.4000E+00  3.7000E-01  8.0000E+00
  3.2000E+01  3.6000E+00  3.6000E+00  3.6000E-01  9.0000E+00
  3.2000E+01  3.6000E+00  3.6000E+00  3.6000E-01  9.0000E+00
  3.2000E+01  3.6000E+00  3.6000E+00  3.6000E-01  9.0000E+00
  3.2000E+01  3.6000E+00  3.6000E+00  3.6000E-01  9.0000E+00
  3.2000E+01  3.6000E+00  3.6000E+00  3.6000E-01  9.0000E+00
  3.2000E+01  3.6000E+00  3.6000E+00  3.6000E-01  9.0000E+00
  3.2000E+01  3.6000E+00  3.6000E+00  3.6000E-01  9.0000E+00
  3.2000E+01  3.6000E+00  3.6000E+00  3.6000E-01  9.0000E+00
  3.2000E+01  3.6000E+00  3.6000E+00  3.6000E-01  9.0000E+00
  3.2000E+01  3.6000E+00  3.6000E+00  3.6000E-01  9.0000E+00
  3.2000E+01  3.6000E+00  3.6400E+00  3.6000E-01  9.0000E+00
  3.2000E+01  3.6000E+00  3.6400E+00  3.6000E-01  9.0000E+00
  3.3000E+01  1.7000E+00  1.7000E+00  3.0000E-01  8.0000E+00
  3.3000E+01  1.7000E+00  1.7000E+00  3.0000E-01  8.0000E+00
  3.3000E+01  1.7000E+00  1.7000E+00  3.0000E-01  8.0000E+00
  3.3000E+01  1.7000E+00  1.7000E+00  3.0000E-01  8.0000E+00
  3.3000E+01  1.7000E+00  1.7000E+00  3.0000E-01  8.0000E+00
  3.3000E+01  1.7000E+00  1.7000E+00  3.0000E-01  8.0000E+00
  3.3000E+01  1.7000E+00  1.7000E+00  3.0000E-01  8.0000E+00
  3.3000E+01  1.7000E+00  1.7000E+00  3.0000E-01  8.0000E+00
  3.3000E+01  1.7000E+00  1.7000E+00  3.0000E-01  8.0000E+00
  3.4000E+01  1.7000E+00  1.7000E+00  6.3000E-01  4.0000E+00
  3.4000E+01  1.7000E+00  1.7000E+00  6.3000E-01  4.0000E+00
  3.4000E+01  1.7000E+00  1.7000E+00  6.3000E-01  4.0000E+00
  3.4000E+01  1.7000E+00  1.7000E+00  6.3000E-01  4.0000E+00
  3.4000E+01  1.7000E+00  1.7000E+00  6.3000E-01  4.0000E+00
  3.4000E+01  1.7000E+00  1.7000E+00  6.3000E-01  4.0000E+00
  3.4000E+01  1.7000E+00  1.7000E+00  6.3000E-01  4.0000E+00
  3.4000E+01  1.7000E+00  1.7000E+00  6.3000E-01  4.0000E+00
  3.4000E+01  1.7000E+00  1.7200E+00  6.3000E-01  4.0000E+00
  3.4000E+01  1.7000E+00  1.7200E+00  6.3000E-01  4.0000E+00
  3.5000E+01  2.5000E+00  2.5000E+00  2.9000E-01  5.0000E+00
  3.5000E+01  2.5000E+00  2.5000E+00  2.9000E-01  5.0000E+00
  3.5000E+01  2.5000E+00  2.5000E+00  2.9000E-01  5.0000E+00
  3.5000E+01  2.5000E+00  2.5000E+00  2.9000E-01  5.0000E+00
  3.5000E+01  2.5000E+00  2.5000E+00  2.9000E-01  5.0000E+00
  3.5000E+01  2.5000E+00  2.5000E+00  2.9000E-01  5.0000E+00
  3.5000E+01  2.5000E+00  2.5000E+00  2.9000E-01  5.0000E+00
  3.5000E+01  2.5000E+00  2.5000E+00  2.9000E-01  5.0000E+00
  3.5000E+01  2.5000E+00  2.5000E+00  2.9000E-01  5.0000E+00
  3.5000E+01  2.5000E+00  2.5300E+00  2.9000E-01  5.0000E+00
  3.5000E+01  2.5000E+00  2.5300E+00  2.9000E-01  5.0000E+00
  3.5000E+01  2.5000E+00  2.5300E+00  2.2000E-01  5.0000E+00
  3.6000E+01  1.5000E+00  1.5000E+00  3.9000E-01  5.0000E+00
  3.6000E+01  1.5000E+00  1.5000E+00  3.9000E-01  5.0000E+00
  3.6000E+01  1.5000E+00  1.5000E+00  3.9000E-01  5.0000E+00
  3.6000E+01  1.5000E+00  1.5000E+00  3.9000E-01  5.0000E+00
  3.6000E+01  1.5000E+00  1.5000E+00  3.9000E-01  5.0000E+00
  3.6000E+01  1.5000E+00  1.5000E+00  3.9000E-01  5.0000E+00
  3.6000E+01  1.5000E+00  1.5000E+00  3.9000E-01  5.0000E+00
  3.6000E+01  1.5000E+00  1.5000E+00  3.9000E-01  5.0000E+00
  3.6000E+01  1.5000E+00  1.5200E+00  3.9000E-01  5.0000E+00
  3.6000E+01  1.5000E+00  1.5200E+00  3.9000E-01  5.0000E+00
  3.6000E+01  1.5000E+00  1.5200E+00  4.8000E-01  5.0000E+00
  3.6000E+01  1.5000E+00  1.5200E+00  4.8000E-01  5.0000E+00
  3.6000E+01  1.5000E+00  1.5200E+00  4.8000E-01  5.0000E+00
  3.6000E+01  1.5000E+00  1.5200E+00  4.8000E-01  5.0000E+00
  3.6000E+01  1.5000E+00  1.5200E+00  4.8000E-01  5.0000E+00
  3.6000E+01  1.5000E+00  1.5700E+00  3.9000E-01  5.0000E+00
  3.7000E+01  1.2000E+00  1.2000E+00  2.0000E-01  9.0000E+00
  3.7000E+01  1.2000E+00  1.2000E+00  2.0000E-01  9.0000E+00
  3.7000E+01  1.2000E+00  1.2000E+00  2.0000E-01  9.0000E+00
  3.7000E+01  1.2000E+00  1.2000E+00  2.0000E-01  9.0000E+00
  3.7000E+01  1.2000E+00  1.2000E+00  2.0000E-01  9.0000E+00
  3.7000E+01  1.2000E+00  1.2000E+00  2.0000E-01  9.0000E+00
  3.7000E+01  1.2000E+00  1.2000E+00  2.0000E-01  9.0000E+00
  3.7000E+01  1.2000E+00  1.2000E+00  2.0000E-01  9.0000E+00
  3.7000E+01  1.2000E+00  1.2100E+00  2.0000E-01  9.0000E+00
  3.7000E+01  1.2000E+00  1.2100E+00  2.0000E-01  9.0000E+00
  3.7000E+01  1.2000E+00  1.2100E+00  4.6000E-01  9.0000E+00
  3.7000E+01  1.2000E+00  1.2100E+00  4.6000E-01  9.0000E+00
  3.7000E+01  1.2000E+00  1.2100E+00  4.6000E-01  9.0000E+00
  3.7000E+01  1.2000E+00  1.2100E+00  4.6000E-01  9.0000E+00
  3.7000E+01  1.2000E+00  1.2300E+00  4.6000E-01  9.0000E+00
  3.7000E+01  1.2000E+00  1.2300E+00  4.6000E-01  9.0000E+00
  3.7000E+01  1.2000E+00  1.2300E+00  4.6000E-01  9.0000E+00
  3.8000E+01  1.3000E+00  1.3000E+00  2.3000E-01  8.0000E+00
  3.8000E+01  1.3000E+00  1.3000E+00  2.3000E-01  8.0000E+00
  3.8000E+01  1.3000E+00  1.3000E+00  2.3000E-01  8.0000E+00
  3.8000E+01  1.3000E+00  1.3000E+00  2.3000E-01  8.0000E+00
  3.8000E+01  1.3000E+00  1.3000E+00  2.3000E-01  8.0000E+00
  3.8000E+01  1.3000E+00  1.3000E+00  2.3000E-01  8.0000E+00
  3.8000E+01  1.3000E+00  1.3000E+00  2.3000E-01  8.0000E+00
  3.8000E+01  1.3000E+00  1.3000E+00  2.3000E-01  8.0000E+00
  3.8000E+01  1.3000E+00  1.3000E+00  2.3000E-01  8.0000E+00
  3.8000E+01  1.3000E+00  1.3200E+00  2.3000E-01  8.0000E+00
  3.8000E+01  1.3000E+00  1.3200E+00  2.3000E-01  8.0000E+00
  3.8000E+01  1.3000E+00  1.3200E+00  4.8000E-01  8.0000E+00
  3.8000E+01  1.3000E+00  1.3200E+00  4.8000E-01  8.0000E+00
  3.8000E+01  1.3000E+00  1.3200E+00  4.8000E-01  8.0000E+00
  3.8000E+01  1.3000E+00  1.3200E+00  4.8000E-01  8.0000E+00
  3.8000E+01  1.3000E+00  1.3200E+00  4.8000E-01  8.0000E+00
  3.8000E+01  1.3000E+00  1.3300E+00  4.8000E-01  8.0000E+00
  3.8000E+01  1.3000E+00  1.3300E+00  4.8000E-01  8.0000E+00
  3.8000E+01  1.3000E+00  1.3300E+00  4.8000E-01  8.0000E+00
  3.8000E+01  1.3000E+00  1.3600E+00  5.2000E-01  8.0000E+00
  3.9000E+01  1.9000E+00  1.9000E+00  1.0000E-01  1.0000E+01
  3.9000E+01  1.9000E+00  1.9000E+00  1.0000E-01  1.0000E+01
  3.9000E+01  1.9000E+00  1.9000E+00  1.0000E-01  1.0000E+01
  3.9000E+01  1.9000E+00  1.9000E+00  1.0000E-01  1.0000E+01
  3.9000E+01  1.9000E+00  1.9000E+00  1.0000E-01  1.0000E+01
  3.9000E+01  1.9000E+00  1.9000E+00  1.0000E-01  1.0000E+01
  3.9000E+01  1.9000E+00  1.9000E+00  1.0000E-01  1.0000E+01
  3.9000E+01  1.9000E+00  1.9000E+00  1.0000E-01  1.0000E+01
  3.9000E+01  1.9000E+00  1.9200E+00  1.0000E-01  1.0000E+01
  3.9000E+01  1.9000E+00  1.9200E+00  1.0000E-01  1.0000E+01
  3.9000E+01  1.9000E+00  1.9200E+00  2.3000E-01  1.0000E+01
  3.9000E+01  1.9000E+00  1.9200E+00  2.3000E-01  1.0000E+01
  3.9000E+01  1.9000E+00  1.9200E+00  2.3000E-01  1.0000E+01
  3.9000E+01  1.9000E+00  1.9200E+00  2.3000E-01  1.0000E+01
  3.9000E+01  1.9000E+00  1.9200E+00  2.3000E-01  1.0000E+01
  3.9000E+01  1.9000E+00  1.9700E+00  4.5000E-01  1.0000E+01
  4.0000E+01  1.1000E+00  1.1000E+00  4.3000E-01  3.0000E+00
  4.0000E+01  1.1000E+00  1.1000E+00  4.3000E-01  3.0000E+00
  4.0000E+01  1.1000E+00  1.1000E+00  4.3000E-01  3.0000E+00
  4.0000E+01  1.1000E+00  1.1000E+00  4.3000E-01  3.0000E+00
  4.0000E+01  1.1000E+00  1.1000E+00  4.3000E-01  3.0000E+00
  4.0000E+01  1.1000E+00  1.1000E+00  4.3000E-01  3.0000E+00
  4.1000E+01  1.7000E+00  1.7000E+00  4.4000E-01  7.0000E+00
  4.1000E+01  1.7000E+00  1.7000E+00  4.4000E-01  7.0000E+00
  4.1000E+01  1.7000E+00  1.7000E+00  4.4000E-01  7.0000E+00
  4.1000E+01  1.7000E+00  1.7000E+00  4.4000E-01  7.0000E+00
  4.1000E+01  1.7000E+00  1.7000E+00  4.4000E-01  7.0000E+00
  4.1000E+01  1.7000E+00  1.7000E+00  4.4000E-01  7.0000E+00
  4.1000E+01  1.7000E+00  1.7000E+00  4.4000E-01  7.0000E+00
  4.1000E+01  1.7000E+00  1.7000E+00  4.4000E-01  7.0000E+00
  4.1000E+01  1.7000E+00  1.7000E+00  4.4000E-01  7.0000E+00
  4.1000E+01  1.7000E+00  1.7000E+00  4.4000E-01  7.0000E+00
  4.1000E+01  1.7000E+00  1.7000E+00  4.4000E-01  7.0000E+00
  4.2000E+01  2.8000E+00  2.8000E+00  1.0000E-01  9.0000E+00
  4.2000E+01  2.8000E+00  2.8000E+00  1.0000E-01  9.0000E+00
  4.2000E+01  2.8000E+00  2.8000E+00  1.0000E-01  9.0000E+00
  4.2000E+01  2.8000E+00  2.8000E+00  1.0000E-01  9.0000E+00
  4.2000E+01  2.8000E+00  2.8000E+00  1.0000E-01  9.0000E+00
  4.2000E+01  2.8000E+00  2.8000E+00  1.0000E-01  9.0000E+00
  4.2000E+01  2.8000E+00  2.8000E+00  1.0000E-01  9.0000E+00
  4.2000E+01  2.8000E+00  2.8000E+00  1.0000E-01  9.0000E+00
  4.2000E+01  2.8000E+00  2.8300E+00  1.0000E-01  9.0000E+00
  4.2000E+01  2.8000E+00  2.8300E+00  1.0000E-01  9.0000E+00
  4.2000E+01  2.8000E+00  2.8300E+00  1.0000E-01  9.0000E+00
  4.3000E+01  9.0000E-01  9.0000E-01  2.7000E-01  1.0000E+00
  4.3000E+01  9.0000E-01  9.0000E-01  2.7000E-01  1.0000E+00
  4.3000E+01  9.0000E-01  9.0000E-01  2.7000E-01  1.0000E+00
  4.4000E+01  1.4000E+00  1.4000E+00  2.1000E-01  7.0000E+00
  4.4000E+01  1.4000E+00  1.4000E+00  2.1000E-01  7.0000E+00
  4.4000E+01  1.4000E+00  1.4000E+00  2.1000E-01  7.0000E+00
  4.4000E+01  1.4000E+00  1.4000E+00  2.1000E-01  7.0000E+00
  4.4000E+01  1.4000E+00  1.4000E+00  2.1000E-01  7.0000E+00
  4.4000E+01  1.4000E+00  1.4000E+00  2.1000E-01  7.0000E+00
  4.4000E+01  1.4000E+00  1.4000E+00  2.1000E-01  7.0000E+00
  4.4000E+01  1.4000E+00  1.4000E+00  2.1000E-01  7.0000E+00
  4.4000E+01  1.4000E+00  1.4000E+00  2.1000E-01  7.0000E+00
  4.4000E+01  1.4000E+00  1.4200E+00  2.1000E-01  7.0000E+00
  4.4000E+01  1.4000E+00  1.4200E+00  2.1000E-01  7.0000E+00
  4.4000E+01  1.4000E+00  1.4200E+00  4.5000E-01  7.0000E+00
  4.4000E+01  1.4000E+00  1.4200E+00  4.5000E-01  7.0000E+00
  4.4000E+01  1.4000E+00  1.4200E+00  4.5000E-01  7.0000E+00
  4.4000E+01  1.4000E+00  1.4200E+00  4.5000E-01  7.0000E+00
  4.4000E+01  1.4000E+00  1.4700E+00  5.1000E-01  7.0000E+00
  4.5000E+01  8.0000E-01  8.0000E-01  5.8000E-01  2.0000E+00
  4.5000E+01  8.0000E-01  8.0000E-01  5.8000E-01  2.0000E+00
  4.5000E+01  8.0000E-01  8.0000E-01  5.8000E-01  2.0000E+00
  4.5000E+01  8.0000E-01  8.0000E-01  5.8000E-01  2.0000E+00
  4.5000E+01  8.0000E-01  8.0000E-01  5.8000E-01  2.0000E+00
  4.5000E+01  8.0000E-01  8.0000E-01  5.8000E-01  2.0000E+00
  4.5000E+01  8.0000E-01  8.0000E-01  5.8000E-01  2.0000E+00
  4.5000E+01  8.0000E-01  8.0000E-01  5.8000E-01  2.0000E+00
  4.5000E+01  8.0000E-01  8.0000E-01  5.8000E-01  2.0000E+00
  4.5000E+01  8.0000E-01  8.1000E-01  5.8000E-01  2.0000E+00
  4.5000E+01  8.0000E-01  8.1000E-01  5.8000E-01  2.0000E+00
  4.5000E+01  8.0000E-01  8.1000E-01  4.8000E-01  2.0000E+00
  4.5000E+01  8.0000E-01  8.1000E-01  4.8000E-01  2.0000E+00
  4.6000E+01  1.1000E+00  1.1000E+00  2.0000E-01  8.0000E+00
  4.6000E+01  1.1000E+00  1.1000E+00  2.0000E-01  8.0000E+00
  4.6000E+01  1.1000E+00  1.1000E+00  2.0000E-01  8.0000E+00
  4.6000E+01  1.1000E+00  1.1000E+00  2.0000E-01  8.0000E+00
  4.7000E+01  2.6000E+00  2.6000E+00  2.1000E-01  9.0000E+00
  4.7000E+01  2.6000E+00  2.6000E+00  2.1000E-01  9.0000E+00
  4.7000E+01  2.6000E+00  2.6000E+00  2.1000E-01  9.0000E+00
  4.7000E+01  2.6000E+00  2.6000E+00  2.1000E-01  9.0000E+00
  4.7000E+01  2.6000E+00  2.6000E+00  2.1000E-01  9.0000E+00
  4.7000E+01  2.6000E+00  2.6000E+00  2.1000E-01  9.0000E+00
  4.7000E+01  2.6000E+00  2.6000E+00  2.1000E-01  9.0000E+00
  4.8000E+01  7.0000E-01  7.0000E-01  5.6000E-01  8.0000E+00
  4.8000E+01  7.0000E-01  7.0000E-01  5.6000E-01  8.0000E+00
  4.8000E+01  7.0000E-01  7.0000E-01  5.6000E-01  8.0000E+00
  4.8000E+01  7.0000E-01  7.0000E-01  5.6000E-01  8.0000E+00
  4.8000E+01  7.0000E-01  7.0000E-01  5.6000E-01  8.0000E+00
  4.8000E+01  7.0000E-01  7.0000E-01  5.6000E-01  8.0000E+00
  4.8000E+01  7.0000E-01  7.0000E-01  5.6000E-01  8.0000E+00
  4.8000E+01  7.0000E-01  7.0000E-01  5.6000E-01  8.0000E+00
  4.8000E+01  7.0000E-01  7.0000E-01  5.6000E-01  8.0000E+00
  4.8000E+01  7.0000E-01  7.0000E-01  5.6000E-01  8.0000E+00
  4.8000E+01  7.0000E-01  7.0000E-01  5.6000E-01  8.0000E+00
  4.8000E+01  7.0000E-01  7.1000E-01  5.6000E-01  8.0000E+00
  4.8000E+01  7.0000E-01  7.1000E-01  4.3000E-01  8.0000E+00
  4.8000E+01  7.0000E-01  7.1000E-01  4.3000E-01  8.0000E+00
  4.9000E+01  1.3000E+00  1.3000E+00  2.4000E-01  8.0000E+00
  4.9000E+01  1.3000E+00  1.3000E+00  2.4000E-01  8.0000E+00
  4.9000E+01  1.3000E+00  1.3000E+00  2.4000E-01  8.0000E+00
  4.9000E+01  1.3000E+00  1.3000E+00  2.4000E-01  8.0000E+00
  4.9000E+01  1.3000E+00  1.3000E+00  2.4000E-01  8.0000E+00
  4.9000E+01  1.3000E+00  1.3000E+00  2.4000E-01  8.0000E+00
  4.9000E+01  1.3000E+00  1.3000E+00  2.4000E-01  8.0000E+00
  4.9000E+01  1.3000E+00  1.3000E+00  2.4000E-01  8.0000E+00
  4.9000E+01  1.3000E+00  1.3200E+00  2.4000E-01  8.0000E+00
  4.9000E+01  1.3000E+00  1.3200E+00  2.4000E-01  8.0000E+00
  4.9000E+01  1.3000E+00  1.3200E+00  2.4000E-01  8.0000E+00
  4.9000E+01  1.3000E+00  1.3200E+00  5.5000E-01  8.0000E+00
  4.9000E+01  1.3000E+00  1.3200E+00  5.5000E-01  8.0000E+00
  4.9000E+01  1.3000E+00  1.3200E+00  5.5000E-01  8.0000E+00
  4.9000E+01  1.3000E+00  1.3200E+00  5.5000E-01  8.0000E+00
  4.9000E+01  1.3000E+00  1.3300E+00  5.5000E-01  8.0000E+00
  4.9000E+01  1.3000E+00  1.3300E+00  5.5000E-01  8.0000E+00
  5.0000E+01  1.1000E+00  1.1000E+00  3.5000E-01  6.0000E+00
  5.0000E+01  1.1000E+00  1.1000E+00  3.5000E-01  6.0000E+00
  5.0000E+01  1.1000E+00  1.1000E+00  3.5000E-01  6.0000E+00
  5.0000E+01  1.1000E+00  1.1000E+00  3.5000E-01  6.0000E+00
  5.0000E+01  1.1000E+00  1.1000E+00  3.5000E-01  6.0000E+00
  5.0000E+01  1.1000E+00  1.1000E+00  3.5000E-01  6.0000E+00
  5.0000E+01  1.1000E+00  1.1000E+00  3.5000E-01  6.0000E+00
  5.0000E+01  1.1000E+00  1.1000E+00  3.5000E-01  6.0000E+00
  5.0000E+01  1.1000E+00  1.1100E+00  3.5000E-01  6.0000E+00
  5.0000E+01  1.1000E+00  1.1100E+00  3.5000E-01  6.0000E+00
  5.0000E+01  1.1000E+00  1.1100E+00  3.5000E-01  6.0000E+00
  5.0000E+01  1.1000E+00  1.1100E+00  3.5000E-01  6.0000E+00
  5.0000E+01  1.1000E+00  1.1100E+00  3.5000E-01  6.0000E+00
  5.0000E+01  1.1000E+00  1.1100E+00  4.1000E-01  6.0000E+00
  5.0000E+01  1.1000E+00  1.1100E+00  4.1000E-01  6.0000E+00
  5.0000E+01  1.1000E+00  1.1100E+00  4.1000E-01  6.0000E+00
  5.0000E+01  1.1000E+00  1.1100E+00  4.1000E-01  6.0000E+00
  5.0000E+01  1.1000E+00  1.1300E+00  4.1000E-01  6.0000E+00
  5.0000E+01  1.1000E+00  1.1300E+00  4.1000E-01  6.0000E+00
  5.0000E+01  1.1000E+00  1.1300E+00  4.1000E-01  6.0000E+00
  5.1000E+01  9.0000E-01  9.0000E-01  4.6900E-01  9.0000E+00
  5.1000E+01  9.0000E-01  9.0000E-01  4.6900E-01  9.0000E+00
  5.1000E+01  9.0000E-01  9.0000E-01  4.6900E-01  9.0000E+00
  5.1000E+01  9.0000E-01  9.0000E-01  4.6900E-01  9.0000E+00
  5.1000E+01  9.0000E-01  9.0000E-01  4.6900E-01  9.0000E+00
  5.1000E+01  9.0000E-01  9.0000E-01  4.6900E-01  9.0000E+00
  5.1000E+01  9.0000E-01  9.0000E-01  4.6900E-01  9.0000E+00
  5.1000E+01  9.0000E-01  9.0000E-01  4.6900E-01  9.0000E+00
  5.1000E+01  9.0000E-01  9.0000E-01  4.6900E-01  9.0000E+00
  5.1000E+01  9.0000E-01  9.0000E-01  4.6900E-01  9.0000E+00
  5.1000E+01  9.0000E-01  9.1000E-01  4.6900E-01  9.0000E+00
  5.1000E+01  9.0000E-01  9.1000E-01  4.6900E-01  9.0000E+00
  5.1000E+01  9.0000E-01  9.1000E-01  4.6000E-01  9.0000E+00
  5.1000E+01  9.0000E-01  9.1000E-01  4.6000E-01  9.0000E+00
  5.1000E+01  9.0000E-01  9.1000E-01  4.6000E-01  9.0000E+00
  5.1000E+01  9.0000E-01  9.1000E-01  4.6000E-01  9.0000E+00
  5.2000E+01  9.0000E-01  9.0000E-01  6.1000E-01  7.0000E+00
  5.2000E+01  9.0000E-01  9.0000E-01  6.1000E-01  7.0000E+00
  5.2000E+01  9.0000E-01  9.0000E-01  6.1000E-01  7.0000E+00
  5.2000E+01  9.0000E-01  9.0000E-01  6.1000E-01  7.0000E+00
  5.2000E+01  9.0000E-01  9.0000E-01  6.1000E-01  7.0000E+00
  5.2000E+01  9.0000E-01  9.0000E-01  6.1000E-01  7.0000E+00
  5.2000E+01  9.0000E-01  9.0000E-01  6.1000E-01  7.0000E+00
  5.2000E+01  9.0000E-01  9.0000E-01  6.1000E-01  7.0000E+00
  5.2000E+01  9.0000E-01  9.0000E-01  6.1000E-01  7.0000E+00
  5.2000E+01  9.0000E-01  9.1000E-01  6.1000E-01  7.0000E+00
  5.2000E+01  9.0000E-01  9.1000E-01  6.1000E-01  7.0000E+00
  5.2000E+01  9.0000E-01  9.1000E-01  6.1000E-01  7.0000E+00
  5.2000E+01  9.0000E-01  9.1000E-01  3.7000E-01  7.0000E+00
  5.2000E+01  9.0000E-01  9.1000E-01  3.7000E-01  7.0000E+00
  5.2000E+01  9.0000E-01  9.1000E-01  3.7000E-01  7.0000E+00
  5.2000E+01  9.0000E-01  9.1000E-01  3.7000E-01  7.0000E+00
  5.2000E+01  9.0000E-01  9.2000E-01  3.7000E-01  7.0000E+00
  5.3000E+01  1.7000E+00  1.7000E+00  4.4000E-01  8.0000E+00
  5.3000E+01  1.7000E+00  1.7000E+00  4.4000E-01  8.0000E+00
  5.3000E+01  1.7000E+00  1.7000E+00  4.4000E-01  8.0000E+00
  5.3000E+01  1.7000E+00  1.7000E+00  4.4000E-01  8.0000E+00
  5.3000E+01  1.7000E+00  1.7000E+00  4.4000E-01  8.0000E+00
  5.3000E+01  1.7000E+00  1.7000E+00  4.4000E-01  8.0000E+00
  5.3000E+01  1.7000E+00  1.7000E+00  4.4000E-01  8.0000E+00
  5.3000E+01  1.7000E+00  1.7000E+00  4.4000E-01  8.0000E+00
  5.3000E+01  1.7000E+00  1.7000E+00  4.4000E-01  8.0000E+00
  5.4000E+01  1.8000E+00  1.8000E+00  1.0000E-01  8.0000E+00
  5.4000E+01  1.8000E+00  1.8000E+00  1.0000E-01  8.0000E+00
  5.4000E+01  1.8000E+00  1.8000E+00  1.0000E-01  8.0000E+00
  5.4000E+01  1.8000E+00  1.8000E+00  1.0000E-01  8.0000E+00
  5.4000E+01  1.8000E+00  1.8000E+00  1.0000E-01  8.0000E+00
  5.4000E+01  1.8000E+00  1.8000E+00  1.0000E-01  8.0000E+00
  5.4000E+01  1.8000E+00  1.8000E+00  1.0000E-01  8.0000E+00
  5.4000E+01  1.8000E+00  1.8000E+00  1.0000E-01  8.0000E+00
  5.4000E+01  1.8000E+00  1.8000E+00  1.0000E-01  8.0000E+00
  5.4000E+01  1.8000E+00  1.8000E+00  1.0000E-01  8.0000E+00
  5.4000E+01  1.8000E+00  1.8000E+00  1.0000E-01  8.0000E+00
  5.4000E+01  1.8000E+00  1.8200E+00  1.0000E-01  8.0000E+00
  5.4000E+01  1.8000E+00  1.8200E+00  1.0000E-01  8.0000E+00
  5.4000E+01  1.8000E+00  1.8200E+00  5.3100E-01  8.0000E+00
  5.4000E+01  1.8000E+00  1.8200E+00  5.3100E-01  8.0000E+00
  5.5000E+01  1.1000E+00  1.1000E+00  3.4000E-01  4.0000E+00
  5.5000E+01  1.1000E+00  1.1000E+00  3.4000E-01  4.0000E+00
  5.5000E+01  1.1000E+00  1.1000E+00  3.4000E-01  4.0000E+00
  5.5000E+01  1.1000E+00  1.1000E+00  3.4000E-01  4.0000E+00
  5.5000E+01  1.1000E+00  1.1000E+00  3.4000E-01  4.0000E+00
  5.5000E+01  1.1000E+00  1.1000E+00  3.4000E-01  4.0000E+00
  5.5000E+01  1.1000E+00  1.1000E+00  3.4000E-01  4.0000E+00
  5.5000E+01  1.1000E+00  1.1100E+00  3.4000E-01  4.0000E+00
  5.5000E+01  1.1000E+00  1.1100E+00  3.4000E-01  4.0000E+00
  5.6000E+01  6.0000E-01  6.0000E-01  3.2000E-01  4.0000E+00
  5.6000E+01  6.0000E-01  6.0000E-01  3.2000E-01  4.0000E+00
  5.6000E+01  6.0000E-01  6.0000E-01  3.2000E-01  4.0000E+00
  5.6000E+01  6.0000E-01  6.0000E-01  3.2000E-01  4.0000E+00
  5.7000E+01  2.1000E+00  2.1000E+00  5.6000E-01  6.0000E+00
  5.7000E+01  2.1000E+00  2.1000E+00  5.6000E-01  6.0000E+00
  5.7000E+01  2.1000E+00  2.1000E+00  5.6000E-01  6.0000E+00
  5.7000E+01  2.1000E+00  2.1000E+00  5.6000E-01  6.0000E+00
  5.7000E+01  2.1000E+00  2.1000E+00  5.6000E-01  6.0000E+00
  5.7000E+01  2.1000E+00  2.1000E+00  5.6000E-01  6.0000E+00
  5.7000E+01  2.1000E+00  2.1000E+00  5.6000E-01  6.0000E+00
  5.7000E+01  2.1000E+00  2.1000E+00  5.6000E-01  6.0000E+00
  5.7000E+01  2.1000E+00  2.1000E+00  5.6000E-01  6.0000E+00
  5.7000E+01  2.1000E+00  2.1300E+00  5.6000E-01  6.0000E+00
  5.7000E+01  2.1000E+00  2.1300E+00  5.6000E-01  6.0000E+00
  5.7000E+01  2.1000E+00  2.1300E+00  1.0000E-01  6.0000E+00
  5.7000E+01  2.1000E+00  2.1300E+00  1.0000E-01  6.0000E+00
  5.8000E+01  1.4000E+00  1.4000E+00  3.8000E-01  8.0000E+00
  5.8000E+01  1.4000E+00  1.4000E+00  3.8000E-01  8.0000E+00
  5.8000E+01  1.4000E+00  1.4000E+00  3.8000E-01  8.0000E+00
  5.8000E+01  1.4000E+00  1.4000E+00  3.8000E-01  8.0000E+00
  5.8000E+01  1.4000E+00  1.4000E+00  3.8000E-01  8.0000E+00
  5.8000E+01  1.4000E+00  1.4000E+00  3.8000E-01  8.0000E+00
  5.8000E+01  1.4000E+00  1.4000E+00  3.8000E-01  8.0000E+00
  5.8000E+01  1.4000E+00  1.4000E+00  3.8000E-01  8.0000E+00
  5.8000E+01  1.4000E+00  1.4000E+00  3.8000E-01  8.0000E+00
  5.8000E+01  1.4000E+00  1.4000E+00  3.8000E-01  8.0000E+00
  5.8000E+01  1.4000E+00  1.4200E+00  3.8000E-01  8.0000E+00
  5.8000E+01  1.4000E+00  1.4200E+00  3.8000E-01  8.0000E+00
  5.8000E+01  1.4000E+00  1.4200E+00  5.1000E-01  8.0000E+00
  5.8000E+01  1.4000E+00  1.4200E+00  5.1000E-01  8.0000E+00
  5.8000E+01  1.4000E+00  1.4200E+00  5.1000E-01  8.0000E+00
  5.8000E+01  1.4000E+00  1.4200E+00  5.1000E-01  8.0000E+00
  5.9000E+01  1.1000E+00  1.1000E+00  4.7000E-01  6.0000E+00
  5.9000E+01  1.1000E+00  1.1000E+00  4.7000E-01  6.0000E+00
  5.9000E+01  1.1000E+00  1.1000E+00  4.7000E-01  6.0000E+00
  5.9000E+01  1.1000E+00  1.1000E+00  4.7000E-01  6.0000E+00
  5.9000E+01  1.1000E+00  1.1000E+00  4.7000E-01  6.0000E+00
  5.9000E+01  1.1000E+00  1.1000E+00  4.7000E-01  6.0000E+00
  5.9000E+01  1.1000E+00  1.1000E+00  4.7000E-01  6.0000E+00
  5.9000E+01  1.1000E+00  1.1000E+00  4.7000E-01  6.0000E+00
  5.9000E+01  1.1000E+00  1.1100E+00  4.7000E-01  6.0000E+00
  5.9000E+01  1.1000E+00  1.1100E+00  4.7000E-01  6.0000E+00
  5.9000E+01  1.1000E+00  1.1100E+00  4.7000E-01  6.0000E+00
  5.9000E+01  1.1000E+00  1.1100E+00  3.5000E-01  6.0000E+00
  5.9000E+01  1.1000E+00  1.1100E+00  3.5000E-01  6.0000E+00
  5.9000E+01  1.1000E+00  1.1100E+00  3.5000E-01  6.0000E+00
  5.9000E+01  1.1000E+00  1.1100E+00  3.5000E-01  6.0000E+00
  5.9000E+01  1.1000E+00  1.1300E+00  3.5000E-01  6.0000E+00
  5.9000E+01  1.1000E+00  1.1300E+00  3.5000E-01  6.0000E+00
