TABLE NO.  2
 ID          CL          V           ETA1        ETA2        MAT
  1.0000E+00  8.8955E-02  2.2553E+00 -1.7152E-01  3.2940E-01  2.0568E-01
  1.0000E+00  8.8955E-02  2.2553E+00 -1.7152E-01  3.2940E-01  2.0568E-01
  1.0000E+00  8.8955E-02  2.2553E+00 -1.7152E-01  3.2940E-01  2.0568E-01
  1.0000E+00  8.8955E-02  2.2553E+00 -1.7152E-01  3.2940E-01  2.0568E-01
  2.0000E+00  5.6990E-02  1.4849E+00 -2.0884E-01  1.1095E-01  1.5886E-01
  2.0000E+00  5.6990E-02  1.4849E+00 -2.0884E-01  1.1095E-01  1.5886E-01
  2.0000E+00  5.6990E-02  1.4849E+00 -2.0884E-01  1.1095E-01  1.5886E-01
  3.0000E+00  6.0591E-02  8.9520E-01  8.9251E-02 -2.1017E-01  1.4401E-01
  3.0000E+00  6.0591E-02  8.9520E-01  8.9251E-02 -2.1017E-01  1.4401E-01
  3.0000E+00  6.0591E-02  8.9520E-01  8.9251E-02 -2.1017E-01  1.4401E-01
  3.0000E+00  6.0591E-02  8.9520E-01  8.9251E-02 -2.1017E-01  1.4401E-01
  4.0000E+00  3.0682E-02  5.5898E-01  1.5221E-01 -1.6854E-01  1.0057E-01
  4.0000E+00  3.0682E-02  5.5898E-01  1.5221E-01 -1.6854E-01  1.0057E-01
  4.0000E+00  3.0682E-02  5.5898E-01  1.5221E-01 -1.6854E-01  1.0057E-01
  5.0000E+00  5.7980E-02  1.1836E+00 -4.6203E-01 -2.3410E-01  1.9051E-01
  5.0000E+00  5.7980E-02  1.1836E+00 -4.6203E-01 -2.3410E-01  1.9051E-01
  5.0000E+00  5.7980E-02  1.1836E+00 -4.6203E-01 -2.3410E-01  1.9051E-01
  6.0000E+00  9.2936E-02  1.5217E+00  1.3732E-01  1.6623E-01  1.8754E-01
  6.0000E+00  9.2936E-02  1.5217E+00  1.3732E-01  1.6623E-01  1.8754E-01
  6.0000E+00  9.2936E-02  1.5217E+00  1.3732E-01  1.6623E-01  1.8754E-01
  6.0000E+00  9.2936E-02  1.5217E+00  1.3732E-01  1.6623E-01  1.8754E-01
  7.0000E+00  3.2750E-01  1.7358E+00  4.7881E-01 -2.3069E-01  3.1598E-01
  7.0000E+00  3.2750E-01  1.7358E+00  4.7881E-01 -2.3069E-01  3.1598E-01
  7.0000E+00  3.2750E-01  1.7358E+00  4.7881E-01 -2.3069E-01  3.1598E-01
  8.0000E+00  5.1670E-02  1.0054E+00  4.3507E-02 -2.9513E-02  1.3493E-01
  8.0000E+00  5.1670E-02  1.0054E+00  4.3507E-02 -2.9513E-02  1.3493E-01
  8.0000E+00  5.1670E-02  1.0054E+00  4.3507E-02 -2.9513E-02  1.3493E-01
  9.0000E+00  9.6595E-02  9.5326E-01  1.1146E-01 -3.1478E-01  1.9804E-01
  9.0000E+00  9.6595E-02  9.5326E-01  1.1146E-01 -3.1478E-01  1.9804E-01
  9.0000E+00  9.6595E-02  9.5326E-01  1.1146E-01 -3.1478E-01  1.9804E-01
  9.0000E+00  9.6595E-02  9.5326E-01  1.1146E-01 -3.1478E-01  1.9804E-01
  1.0000E+01  5.6058E-02  9.5126E-01  2.7293E-01 -5.6715E-02  1.1886E-01
  1.0000E+01  5.6058E-02  9.5126E-01  2.7293E-01 -5.6715E-02  1.1886E-01
  1.0000E+01  5.6058E-02  9.5126E-01  2.7293E-01 -5.6715E-02  1.1886E-01
  1.1000E+01  2.5437E-01  1.8883E+00  9.0106E-02 -2.2972E-01  3.4009E-01
  1.1000E+01  2.5437E-01  1.8883E+00  9.0106E-02 -2.2972E-01  3.4009E-01
  1.1000E+01  2.5437E-01  1.8883E+00  9.0106E-02 -2.2972E-01  3.4009E-01
  1.1000E+01  2.5437E-01  1.8883E+00  9.0106E-02 -2.2972E-01  3.4009E-01
  1.2000E+01  1.3491E-01  2.2645E+00 -2.2325E-01  7.2753E-02  2.7015E-01
  1.2000E+01  1.3491E-01  2.2645E+00 -2.2325E-01  7.2753E-02  2.7015E-01
  1.2000E+01  1.3491E-01  2.2645E+00 -2.2325E-01  7.2753E-02  2.7015E-01
  1.2000E+01  1.3491E-01  2.2645E+00 -2.2325E-01  7.2753E-02  2.7015E-01
  1.3000E+01  1.5370E-01  1.4765E+00 -1.0050E-01 -3.2442E-01  2.7853E-01
  1.3000E+01  1.5370E-01  1.4765E+00 -1.0050E-01 -3.2442E-01  2.7853E-01
  1.3000E+01  1.5370E-01  1.4765E+00 -1.0050E-01 -3.2442E-01  2.7853E-01
  1.3000E+01  1.5370E-01  1.4765E+00 -1.0050E-01 -3.2442E-01  2.7853E-01
  1.4000E+01  1.1411E-01  1.3031E+00  1.1902E-01 -1.3408E-01  2.1032E-01
  1.4000E+01  1.1411E-01  1.3031E+00  1.1902E-01 -1.3408E-01  2.1032E-01
  1.4000E+01  1.1411E-01  1.3031E+00  1.1902E-01 -1.3408E-01  2.1032E-01
  1.4000E+01  1.1411E-01  1.3031E+00  1.1902E-01 -1.3408E-01  2.1032E-01
  1.5000E+01  9.9859E-02  1.6306E+00 -9.5768E-02  3.0209E-02  2.1812E-01
  1.5000E+01  9.9859E-02  1.6306E+00 -9.5768E-02  3.0209E-02  2.1812E-01
  1.5000E+01  9.9859E-02  1.6306E+00 -9.5768E-02  3.0209E-02  2.1812E-01
  1.5000E+01  9.9859E-02  1.6306E+00 -9.5768E-02  3.0209E-02  2.1812E-01
  1.6000E+01  3.8434E-02  9.8492E-01 -7.0248E-01 -3.8659E-01  1.6443E-01
  1.6000E+01  3.8434E-02  9.8492E-01 -7.0248E-01 -3.8659E-01  1.6443E-01
  1.6000E+01  3.8434E-02  9.8492E-01 -7.0248E-01 -3.8659E-01  1.6443E-01
  1.7000E+01  7.9799E-02  1.4672E+00 -1.7435E-01 -8.2647E-02  1.8754E-01
  1.7000E+01  7.9799E-02  1.4672E+00 -1.7435E-01 -8.2647E-02  1.8754E-01
  1.7000E+01  7.9799E-02  1.4672E+00 -1.7435E-01 -8.2647E-02  1.8754E-01
  1.7000E+01  7.9799E-02  1.4672E+00 -1.7435E-01 -8.2647E-02  1.8754E-01
  1.8000E+01  1.0021E-01  1.4464E+00 -9.8190E-02 -1.4618E-01  2.1032E-01
  1.8000E+01  1.0021E-01  1.4464E+00 -9.8190E-02 -1.4618E-01  2.1032E-01
  1.8000E+01  1.0021E-01  1.4464E+00 -9.8190E-02 -1.4618E-01  2.1032E-01
  1.8000E+01  1.0021E-01  1.4464E+00 -9.8190E-02 -1.4618E-01  2.1032E-01
  1.9000E+01  2.0405E-01  2.1558E+00  6.6855E-02 -2.9618E-02  2.9376E-01
  1.9000E+01  2.0405E-01  2.1558E+00  6.6855E-02 -2.9618E-02  2.9376E-01
  1.9000E+01  2.0405E-01  2.1558E+00  6.6855E-02 -2.9618E-02  2.9376E-01
  2.0000E+01  1.1753E-01  2.1067E+00  3.9680E-03  1.7308E-01  2.1343E-01
  2.0000E+01  1.1753E-01  2.1067E+00  3.9680E-03  1.7308E-01  2.1343E-01
  2.0000E+01  1.1753E-01  2.1067E+00  3.9680E-03  1.7308E-01  2.1343E-01
  2.0000E+01  1.1753E-01  2.1067E+00  3.9680E-03  1.7308E-01  2.1343E-01
  2.1000E+01  1.4018E-01  1.5892E+00 -4.8398E-02 -1.8387E-01  2.5355E-01
  2.1000E+01  1.4018E-01  1.5892E+00 -4.8398E-02 -1.8387E-01  2.5355E-01
  2.1000E+01  1.4018E-01  1.5892E+00 -4.8398E-02 -1.8387E-01  2.5355E-01
  2.1000E+01  1.4018E-01  1.5892E+00 -4.8398E-02 -1.8387E-01  2.5355E-01
  2.2000E+01  6.5576E-02  1.2109E+00  7.2016E-02  1.1874E-02  1.4933E-01
  2.2000E+01  6.5576E-02  1.2109E+00  7.2016E-02  1.1874E-02  1.4933E-01
  2.2000E+01  6.5576E-02  1.2109E+00  7.2016E-02  1.1874E-02  1.4933E-01
  2.3000E+01  4.2996E-02  1.1021E+00 -4.6101E-02  1.8807E-02  1.1886E-01
  2.3000E+01  4.2996E-02  1.1021E+00 -4.6101E-02  1.8807E-02  1.1886E-01
  2.3000E+01  4.2996E-02  1.1021E+00 -4.6101E-02  1.8807E-02  1.1886E-01
  2.3000E+01  4.2996E-02  1.1021E+00 -4.6101E-02  1.8807E-02  1.1886E-01
  2.4000E+01  1.5038E-01  2.0069E+00 -9.5984E-02  2.5700E-02  2.8022E-01
  2.4000E+01  1.5038E-01  2.0069E+00 -9.5984E-02  2.5700E-02  2.8022E-01
  2.4000E+01  1.5038E-01  2.0069E+00 -9.5984E-02  2.5700E-02  2.8022E-01
  2.5000E+01  5.5553E-02  1.4647E+00 -3.1918E-02  2.3641E-01  1.4401E-01
  2.5000E+01  5.5553E-02  1.4647E+00 -3.1918E-02  2.3641E-01  1.4401E-01
  2.5000E+01  5.5553E-02  1.4647E+00 -3.1918E-02  2.3641E-01  1.4401E-01
  2.6000E+01  1.1137E-01  1.7358E+00  1.9265E-01  1.7215E-01  1.9351E-01
  2.6000E+01  1.1137E-01  1.7358E+00  1.9265E-01  1.7215E-01  1.9351E-01
  2.6000E+01  1.1137E-01  1.7358E+00  1.9265E-01  1.7215E-01  1.9351E-01
  2.6000E+01  1.1137E-01  1.7358E+00  1.9265E-01  1.7215E-01  1.9351E-01
  2.7000E+01  2.1658E-01  1.6069E+00  1.8767E-01 -2.3414E-01  2.9546E-01
  2.7000E+01  2.1658E-01  1.6069E+00  1.8767E-01 -2.3414E-01  2.9546E-01
  2.7000E+01  2.1658E-01  1.6069E+00  1.8767E-01 -2.3414E-01  2.9546E-01
  2.7000E+01  2.1658E-01  1.6069E+00  1.8767E-01 -2.3414E-01  2.9546E-01
  2.8000E+01  1.2331E-01  2.1474E+00 -3.4094E-01  7.8746E-02  2.9036E-01
  2.8000E+01  1.2331E-01  2.1474E+00 -3.4094E-01  7.8746E-02  2.9036E-01
  2.8000E+01  1.2331E-01  2.1474E+00 -3.4094E-01  7.8746E-02  2.9036E-01
  2.9000E+01  1.6332E-01  2.4475E+00 -2.3509E-01  2.9647E-02  3.0228E-01
  2.9000E+01  1.6332E-01  2.4475E+00 -2.3509E-01  2.9647E-02  3.0228E-01
  2.9000E+01  1.6332E-01  2.4475E+00 -2.3509E-01  2.9647E-02  3.0228E-01
  2.9000E+01  1.6332E-01  2.4475E+00 -2.3509E-01  2.9647E-02  3.0228E-01
  3.0000E+01  9.6758E-02  1.0694E+00  6.3946E-01  8.9322E-02  1.4533E-01
  3.0000E+01  9.6758E-02  1.0694E+00  6.3946E-01  8.9322E-02  1.4533E-01
  3.0000E+01  9.6758E-02  1.0694E+00  6.3946E-01  8.9322E-02  1.4533E-01
  3.0000E+01  9.6758E-02  1.0694E+00  6.3946E-01  8.9322E-02  1.4533E-01
