TABLE NO.  1
 ID          TIME        AMT         DV          MDV         EVID        IPRE        IWRE        CWRES       DV          PRED        RES         WRES
  1.0000E+00  0.0000E+00  1.4100E+01  0.0000E+00  1.0000E+00  1.0000E+00  6.2520E+00 -9.3339E+00  0.0000E+00  0.0000E+00  8.6911E+00  0.0000E+00  0.0000E+00
  1.0000E+00  1.0000E+00  0.0000E+00  6.5160E+00  0.0000E+00  0.0000E+00  6.0102E+00  7.8404E-01 -1.9012E-01  6.5160E+00  8.1434E+00 -1.6274E+00 -4.2298E-01
  1.0000E+00  6.0000E+00  0.0000E+00  4.0380E+00  0.0000E+00  0.0000E+00  4.9345E+00 -1.6726E+00 -2.0550E+00  4.0380E+00  5.8812E+00 -1.8432E+00 -1.5752E+00
  1.0000E+00  7.2000E+01  0.0000E+00  4.7600E-01  0.0000E+00  0.0000E+00  3.6532E-01  7.4484E-01  1.5546E+00  4.7600E-01  8.0125E-02  3.9588E-01  2.3977E+00
  2.0000E+00  0.0000E+00  1.1550E+01  0.0000E+00  1.0000E+00  1.0000E+00  7.7784E+00 -9.4108E+00  0.0000E+00  0.0000E+00  8.6911E+00  0.0000E+00  0.0000E+00
  2.0000E+00  1.2000E+01  0.0000E+00  4.9100E+00  0.0000E+00  0.0000E+00  4.9076E+00  4.4473E-03  8.7081E-02  4.9100E+00  4.6098E+00  3.0019E-01  1.6473E-01
  2.0000E+00  7.2000E+01  0.0000E+00  5.4700E-01  0.0000E+00  0.0000E+00  4.9065E-01  3.6952E-01  9.6521E-01  5.4700E-01  1.9351E-01  3.5349E-01  1.2924E+00
  3.0000E+00  0.0000E+00  9.6000E+00  0.0000E+00  1.0000E+00  1.0000E+00  1.0724E+01 -9.4788E+00  0.0000E+00  0.0000E+00  8.6911E+00  0.0000E+00  0.0000E+00
  3.0000E+00  1.0000E+00  0.0000E+00  1.0785E+01  0.0000E+00  0.0000E+00  1.0022E+01  7.2072E-01  1.2141E+00  1.0785E+01  8.2658E+00  2.5192E+00  1.4497E+00
  3.0000E+00  1.2000E+01  0.0000E+00  4.6330E+00  0.0000E+00  0.0000E+00  4.7601E+00 -2.4511E-01 -4.3019E-01  4.6330E+00  4.7600E+00 -1.2703E-01 -5.9589E-01
  3.0000E+00  7.2000E+01  0.0000E+00  1.3400E-01  0.0000E+00  0.0000E+00  8.2019E-02  3.6136E-01  3.1208E-01  1.3400E-01  2.3457E-01 -1.0057E-01  5.2951E-01
  4.0000E+00  0.0000E+00  5.7500E+00  0.0000E+00  1.0000E+00  1.0000E+00  1.0287E+01 -9.4722E+00  0.0000E+00  0.0000E+00  8.6911E+00  0.0000E+00  0.0000E+00
  4.0000E+00  1.0000E+00  0.0000E+00  1.0078E+01  0.0000E+00  0.0000E+00  9.7372E+00  3.3122E-01  7.8306E-01  1.0078E+01  8.3518E+00  1.7262E+00  8.5352E-01
  4.0000E+00  7.2000E+01  0.0000E+00  1.4500E-01  0.0000E+00  0.0000E+00  1.9765E-01 -3.6294E-01 -7.2525E-01  1.4500E-01  4.9394E-01 -3.4894E-01 -5.2863E-01
  5.0000E+00  0.0000E+00  1.3000E+01  0.0000E+00  1.0000E+00  1.0000E+00  1.0984E+01 -9.4824E+00  0.0000E+00  0.0000E+00  8.6911E+00  0.0000E+00  0.0000E+00
  5.0000E+00  1.0000E+00  0.0000E+00  1.0698E+01  0.0000E+00  0.0000E+00  1.0459E+01  2.1692E-01  8.7029E-01  1.0698E+01  8.1725E+00  2.5255E+00  1.1211E+00
  5.0000E+00  1.2000E+01  0.0000E+00  6.7790E+00  0.0000E+00  0.0000E+00  6.1017E+00  1.0349E+00  2.0505E+00  6.7790E+00  4.1536E+00  2.6254E+00  2.4336E+00
  6.0000E+00  0.0000E+00  1.1200E+01  0.0000E+00  1.0000E+00  1.0000E+00  7.3601E+00 -9.3942E+00  0.0000E+00  0.0000E+00  8.6911E+00  0.0000E+00  0.0000E+00
  6.0000E+00  2.4000E+01  0.0000E+00  1.3870E+00  0.0000E+00  0.0000E+00  1.6995E+00 -1.3671E+00 -1.3774E+00  1.3870E+00  1.9224E+00 -5.3537E-01 -1.2548E+00
  6.0000E+00  4.8000E+01  0.0000E+00  6.4100E-01  0.0000E+00  0.0000E+00  3.9242E-01  1.6644E+00  1.9023E+00  6.4100E-01  4.2520E-01  2.1580E-01  1.8366E+00
  6.0000E+00  7.2000E+01  0.0000E+00  5.0000E-02  0.0000E+00  0.0000E+00  9.0612E-02 -2.8221E-01 -1.7239E-01  5.0000E-02  9.4049E-02 -4.4049E-02 -1.9506E-01
  7.0000E+00  0.0000E+00  1.9000E+01  0.0000E+00  1.0000E+00  1.0000E+00  1.0946E+01 -9.4819E+00  0.0000E+00  0.0000E+00  8.6911E+00  0.0000E+00  0.0000E+00
  7.0000E+00  6.0000E+00  0.0000E+00  3.7070E+00  0.0000E+00  0.0000E+00  3.5287E+00  4.5007E-01 -7.8110E-01  3.7070E+00  4.9801E+00 -1.2731E+00 -6.3183E-01
  7.0000E+00  1.2000E+01  0.0000E+00  1.0130E+00  0.0000E+00  0.0000E+00  1.1375E+00 -6.6762E-01 -2.0114E+00  1.0130E+00  2.8536E+00 -1.8406E+00 -1.8012E+00
  8.0000E+00  0.0000E+00  9.0000E+00  0.0000E+00  1.0000E+00  1.0000E+00  8.9515E+00 -9.4458E+00  0.0000E+00  0.0000E+00  8.6911E+00  0.0000E+00  0.0000E+00
  8.0000E+00  1.2000E+01  0.0000E+00  4.9000E+00  0.0000E+00  0.0000E+00  4.8313E+00  1.3063E-01  1.9553E-02  4.9000E+00  4.8990E+00  9.6609E-04  2.5313E-02
  8.0000E+00  7.2000E+01  0.0000E+00  2.0500E-01  0.0000E+00  0.0000E+00  2.2128E-01 -1.1192E-01 -2.5343E-01  2.0500E-01  2.7879E-01 -7.3792E-02 -2.3656E-01
  9.0000E+00  0.0000E+00  1.1350E+01  0.0000E+00  1.0000E+00  1.0000E+00  1.1906E+01 -9.4933E+00  0.0000E+00  0.0000E+00  8.6911E+00  0.0000E+00  0.0000E+00
  9.0000E+00  1.0000E+00  0.0000E+00  1.1570E+01  0.0000E+00  0.0000E+00  1.0759E+01  7.1446E-01  1.5253E+00  1.1570E+01  8.1347E+00  3.4353E+00  1.8265E+00
  9.0000E+00  2.4000E+01  0.0000E+00  1.0300E+00  0.0000E+00  0.0000E+00  1.0462E+00 -8.9522E-02 -7.0451E-01  1.0300E+00  1.7759E+00 -7.4594E-01 -7.5463E-01
  9.0000E+00  7.2000E+01  0.0000E+00  5.0000E-02  0.0000E+00  0.0000E+00  8.0767E-03  2.9195E-01  2.7509E-01  5.0000E-02  7.4154E-02 -2.4154E-02  6.9918E-01
  1.0000E+01  0.0000E+00  8.7500E+00  0.0000E+00  1.0000E+00  1.0000E+00  9.1983E+00 -9.4515E+00  0.0000E+00  0.0000E+00  8.6911E+00  0.0000E+00  0.0000E+00
  1.0000E+01  1.2000E+01  0.0000E+00  4.4950E+00  0.0000E+00  0.0000E+00  4.5352E+00 -8.0988E-02 -7.0807E-01  4.4950E+00  5.2264E+00 -7.3142E-01 -5.9818E-01
  1.0000E+01  7.2000E+01  0.0000E+00  5.0000E-02  0.0000E+00  0.0000E+00  1.3213E-01 -5.6936E-01 -9.0625E-01  5.0000E-02  4.1100E-01 -3.6100E-01 -7.1600E-01
  1.1000E+01  0.0000E+00  2.0650E+01  0.0000E+00  1.0000E+00  1.0000E+00  1.0936E+01 -9.4818E+00  0.0000E+00  0.0000E+00  8.6911E+00  0.0000E+00  0.0000E+00
  1.1000E+01  1.0000E+00  0.0000E+00  1.0101E+01  0.0000E+00  0.0000E+00  9.5574E+00  5.3800E-01  1.0967E+00  1.0101E+01  7.8811E+00  2.2199E+00  1.2356E+00
  1.1000E+01  2.4000E+01  0.0000E+00  4.0700E-01  0.0000E+00  0.0000E+00  4.3131E-01 -1.6151E-01 -5.9837E-01  4.0700E-01  8.3051E-01 -4.2351E-01 -5.0905E-01
  1.1000E+01  7.2000E+01  0.0000E+00  2.0000E-01  0.0000E+00  0.0000E+00  6.7094E-04  1.3881E+00  1.3859E+00  2.0000E-01  7.5838E-03  1.9242E-01  1.4300E+00
  1.2000E+01  0.0000E+00  1.8300E+01  0.0000E+00  1.0000E+00  1.0000E+00  8.0813E+00 -9.4213E+00  0.0000E+00  0.0000E+00  8.6911E+00  0.0000E+00  0.0000E+00
  1.2000E+01  1.2000E+01  0.0000E+00  3.9410E+00  0.0000E+00  0.0000E+00  3.9537E+00 -2.9028E-02  2.3575E-01  3.9410E+00  3.3239E+00  6.1707E-01  2.1678E-01
  1.2000E+01  2.4000E+01  0.0000E+00  2.0230E+00  0.0000E+00  0.0000E+00  1.9343E+00  3.5729E-01  8.1682E-01  2.0230E+00  1.2712E+00  7.5176E-01  8.9042E-01
  1.2000E+01  4.8000E+01  0.0000E+00  4.7600E-01  0.0000E+00  0.0000E+00  4.6300E-01  8.5788E-02  3.6863E-01  4.7600E-01  1.8594E-01  2.9006E-01  6.6276E-01
  1.3000E+01  0.0000E+00  1.7750E+01  0.0000E+00  1.0000E+00  1.0000E+00  1.2022E+01 -9.4945E+00  0.0000E+00  0.0000E+00  8.6911E+00  0.0000E+00  0.0000E+00
  1.3000E+01  1.0000E+00  0.0000E+00  1.1898E+01  0.0000E+00  0.0000E+00  1.0833E+01  9.3178E-01  1.8104E+00  1.1898E+01  7.9972E+00  3.9008E+00  2.1868E+00
  1.3000E+01  1.2000E+01  0.0000E+00  3.4600E+00  0.0000E+00  0.0000E+00  3.4471E+00  3.3291E-02  9.6761E-02  3.4600E+00  3.2018E+00  2.5818E-01  2.8293E-02
  1.3000E+01  7.2000E+01  0.0000E+00  4.4100E-01  0.0000E+00  0.0000E+00  6.6813E-03  3.0246E+00  3.0210E+00  4.4100E-01  2.1727E-02  4.1927E-01  3.1080E+00
  1.4000E+01  0.0000E+00  1.2950E+01  0.0000E+00  1.0000E+00  1.0000E+00  9.9382E+00 -9.4663E+00  0.0000E+00  0.0000E+00  8.6911E+00  0.0000E+00  0.0000E+00
  1.4000E+01  6.0000E+00  0.0000E+00  6.0330E+00  0.0000E+00  0.0000E+00  5.8766E+00  2.4773E-01  2.8462E-01  6.0330E+00  5.7799E+00  2.5315E-01  3.2378E-01
  1.4000E+01  1.2000E+01  0.0000E+00  3.5430E+00  0.0000E+00  0.0000E+00  3.4749E+00  1.7425E-01 -3.6056E-01  3.5430E+00  3.8438E+00 -3.0077E-01 -2.9669E-01
  1.4000E+01  4.8000E+01  0.0000E+00  5.0000E-02  0.0000E+00  0.0000E+00  1.4854E-01 -6.8224E-01 -9.4701E-01  5.0000E-02  3.3251E-01 -2.8251E-01 -7.0936E-01
  1.5000E+01  0.0000E+00  1.3750E+01  0.0000E+00  1.0000E+00  1.0000E+00  8.4325E+00 -9.4321E+00  0.0000E+00  0.0000E+00  8.6911E+00  0.0000E+00  0.0000E+00
  1.5000E+01  1.0000E+00  0.0000E+00  7.8520E+00  0.0000E+00  0.0000E+00  7.9316E+00 -9.4491E-02 -1.9122E-01  7.8520E+00  8.1079E+00 -2.5591E-01 -1.7231E-01
  1.5000E+01  1.2000E+01  0.0000E+00  4.2290E+00  0.0000E+00  0.0000E+00  4.0439E+00  4.1424E-01  4.9523E-01  4.2290E+00  3.7763E+00  4.5267E-01  4.8810E-01
  1.5000E+01  2.4000E+01  0.0000E+00  1.9410E+00  0.0000E+00  0.0000E+00  1.9393E+00  6.9090E-03  1.0823E-01  1.9410E+00  1.6408E+00  3.0017E-01  1.0219E-01
  1.6000E+01  0.0000E+00  1.2600E+01  0.0000E+00  1.0000E+00  1.0000E+00  1.2793E+01 -9.5016E+00  0.0000E+00  0.0000E+00  8.6911E+00  0.0000E+00  0.0000E+00
  1.6000E+01  1.2000E+01  0.0000E+00  9.3860E+00  0.0000E+00  0.0000E+00  8.0095E+00  1.6187E+00  3.4026E+00  9.3860E+00  4.5726E+00  4.8134E+00  4.6135E+00
  1.6000E+01  7.2000E+01  0.0000E+00  7.9000E-01  0.0000E+00  0.0000E+00  7.7051E-01  1.1834E-01  6.5630E-01  7.9000E-01  1.8433E-01  6.0567E-01  5.8402E-01
  1.7000E+01  0.0000E+00  1.3850E+01  0.0000E+00  1.0000E+00  1.0000E+00  9.4399E+00 -9.4567E+00  0.0000E+00  0.0000E+00  8.6911E+00  0.0000E+00  0.0000E+00
  1.7000E+01  1.0000E+00  0.0000E+00  8.5500E+00  0.0000E+00  0.0000E+00  8.9402E+00 -4.1228E-01 -2.0132E-01  8.5500E+00  8.1882E+00  3.6184E-01 -2.0163E-01
  1.7000E+01  6.0000E+00  0.0000E+00  7.5720E+00  0.0000E+00  0.0000E+00  6.8115E+00  1.0459E+00  1.2988E+00  7.5720E+00  6.0777E+00  1.4943E+00  1.4116E+00
  1.7000E+01  1.2000E+01  0.0000E+00  4.8980E+00  0.0000E+00  0.0000E+00  4.9149E+00 -3.1640E-02  2.3594E-01  4.8980E+00  4.2501E+00  6.4792E-01  2.1416E-01
  1.8000E+01  0.0000E+00  1.4550E+01  0.0000E+00  1.0000E+00  1.0000E+00  1.0059E+01 -9.4684E+00  0.0000E+00  0.0000E+00  8.6911E+00  0.0000E+00  0.0000E+00
  1.8000E+01  1.0000E+00  0.0000E+00  1.0103E+01  0.0000E+00  0.0000E+00  9.3858E+00  7.2254E-01  9.9684E-01  1.0103E+01  8.1357E+00  1.9673E+00  1.1011E+00
  1.8000E+01  6.0000E+00  0.0000E+00  6.5170E+00  0.0000E+00  0.0000E+00  6.6378E+00 -1.7036E-01  1.1796E-01  6.5170E+00  5.8479E+00  6.6907E-01  9.9083E-02
  1.8000E+01  4.8000E+01  0.0000E+00  3.9900E-01  0.0000E+00  0.0000E+00  3.6166E-01  2.5148E-01  4.2385E-01  3.9900E-01  3.6516E-01  3.3843E-02  4.5151E-01
  1.9000E+01  0.0000E+00  1.9300E+01  0.0000E+00  1.0000E+00  1.0000E+00  8.9524E+00 -9.4458E+00  0.0000E+00  0.0000E+00  8.6911E+00  0.0000E+00  0.0000E+00
  1.9000E+01  4.8000E+01  0.0000E+00  5.0000E-02  0.0000E+00  0.0000E+00  9.5244E-02 -3.1433E-01 -4.2818E-01  5.0000E-02  1.4042E-01 -9.0421E-02 -4.0170E-01
  1.9000E+01  7.2000E+01  0.0000E+00  5.0000E-02  0.0000E+00  0.0000E+00  9.8240E-03  2.7978E-01  2.6172E-01  5.0000E-02  1.7849E-02  3.2151E-02  2.6815E-01
  2.0000E+01  0.0000E+00  1.5400E+01  0.0000E+00  1.0000E+00  1.0000E+00  7.3099E+00 -9.3921E+00  0.0000E+00  0.0000E+00  8.6911E+00  0.0000E+00  0.0000E+00
  2.0000E+01  1.0000E+00  0.0000E+00  6.6490E+00  0.0000E+00  0.0000E+00  6.9132E+00 -3.5827E-01 -8.6755E-01  6.6490E+00  8.1355E+00 -1.4865E+00 -7.8001E-01
  2.0000E+01  6.0000E+00  0.0000E+00  5.3020E+00  0.0000E+00  0.0000E+00  5.2304E+00  1.2650E-01 -1.7126E-01  5.3020E+00  5.8468E+00 -5.4479E-01 -1.7611E-01
  2.0000E+01  1.2000E+01  0.0000E+00  3.7900E+00  0.0000E+00  0.0000E+00  3.7425E+00  1.1386E-01 -7.4541E-03  3.7900E+00  3.9333E+00 -1.4332E-01 -8.9813E-03
  2.1000E+01  0.0000E+00  1.6600E+01  0.0000E+00  1.0000E+00  1.0000E+00  1.0446E+01 -9.4747E+00  0.0000E+00  0.0000E+00  8.6911E+00  0.0000E+00  0.0000E+00
  2.1000E+01  1.0000E+00  0.0000E+00  1.0165E+01  0.0000E+00  0.0000E+00  9.5636E+00  5.9481E-01  1.0564E+00  1.0165E+01  8.0468E+00  2.1182E+00  1.1737E+00
  2.1000E+01  1.2000E+01  0.0000E+00  3.6200E+00  0.0000E+00  0.0000E+00  3.6244E+00 -1.0807E-02  1.8541E-02  3.6200E+00  3.4484E+00  1.7156E-01 -8.8315E-03
  2.1000E+01  2.4000E+01  0.0000E+00  1.2880E+00  0.0000E+00  0.0000E+00  1.2576E+00  1.5615E-01  8.0605E-02  1.2880E+00  1.3683E+00 -8.0257E-02  1.1524E-01
  2.2000E+01  0.0000E+00  1.0400E+01  0.0000E+00  1.0000E+00  1.0000E+00  8.5885E+00 -9.4364E+00  0.0000E+00  0.0000E+00  8.6911E+00  0.0000E+00  0.0000E+00
  2.2000E+01  1.0000E+00  0.0000E+00  8.3940E+00  0.0000E+00  0.0000E+00  8.1358E+00  2.9904E-01  1.9389E-01  8.3940E+00  8.2591E+00  1.3494E-01  1.9198E-01
  2.2000E+01  6.0000E+00  0.0000E+00  6.0500E+00  0.0000E+00  0.0000E+00  6.2059E+00 -2.3444E-01 -3.9900E-01  6.0500E+00  6.4003E+00 -3.5030E-01 -3.8772E-01
  2.3000E+01  0.0000E+00  9.4000E+00  0.0000E+00  1.0000E+00  1.0000E+00  8.5292E+00 -9.4348E+00  0.0000E+00  0.0000E+00  8.6911E+00  0.0000E+00  0.0000E+00
  2.3000E+01  2.4000E+01  0.0000E+00  3.4440E+00  0.0000E+00  0.0000E+00  3.3441E+00  2.6415E-01  2.8245E-01  3.4440E+00  3.2002E+00  2.4381E-01  2.8268E-01
  2.3000E+01  4.8000E+01  0.0000E+00  1.2270E+00  0.0000E+00  0.0000E+00  1.3111E+00 -4.2360E-01 -3.6213E-01  1.2270E+00  1.1784E+00  4.8648E-02 -3.6278E-01
  2.3000E+01  7.2000E+01  0.0000E+00  6.0100E-01  0.0000E+00  0.0000E+00  5.1406E-01  5.6697E-01  6.1952E-01  6.0100E-01  4.3388E-01  1.6712E-01  6.4480E-01
  2.4000E+01  0.0000E+00  1.7000E+01  0.0000E+00  1.0000E+00  1.0000E+00  8.4706E+00 -9.4332E+00  0.0000E+00  0.0000E+00  8.6911E+00  0.0000E+00  0.0000E+00
  2.4000E+01  2.4000E+01  0.0000E+00  1.4360E+00  0.0000E+00  0.0000E+00  1.4025E+00  1.6314E-01  3.7535E-01  1.4360E+00  1.1403E+00  2.9574E-01  3.8276E-01
  2.4000E+01  4.8000E+01  0.0000E+00  2.3700E-01  0.0000E+00  0.0000E+00  2.3222E-01  3.2850E-02  1.0517E-01  2.3700E-01  1.4960E-01  8.7400E-02  1.5165E-01
  2.5000E+01  0.0000E+00  1.0050E+01  0.0000E+00  1.0000E+00  1.0000E+00  6.8613E+00 -9.3706E+00  0.0000E+00  0.0000E+00  8.6911E+00  0.0000E+00  0.0000E+00
  2.5000E+01  1.2000E+01  0.0000E+00  4.0340E+00  0.0000E+00  0.0000E+00  4.3526E+00 -6.6714E-01 -1.0607E+00  4.0340E+00  4.7928E+00 -7.5877E-01 -9.3760E-01
  2.5000E+01  4.8000E+01  0.0000E+00  1.1790E+00  0.0000E+00  0.0000E+00  1.1112E+00  3.6711E-01  8.1985E-01  1.1790E+00  8.0374E-01  3.7526E-01  9.8869E-01
  2.6000E+01  0.0000E+00  1.2700E+01  0.0000E+00  1.0000E+00  1.0000E+00  7.3167E+00 -9.3924E+00  0.0000E+00  0.0000E+00  8.6911E+00  0.0000E+00  0.0000E+00
  2.6000E+01  1.2000E+01  0.0000E+00  2.8930E+00  0.0000E+00  0.0000E+00  3.3879E+00 -1.2937E+00 -1.7092E+00  2.8930E+00  4.0877E+00 -1.1947E+00 -1.4923E+00
  2.6000E+01  2.4000E+01  0.0000E+00  1.7450E+00  0.0000E+00  0.0000E+00  1.5687E+00  8.0840E-01  7.3530E-01  1.7450E+00  1.9225E+00 -1.7753E-01  6.0576E-01
  2.6000E+01  4.8000E+01  0.0000E+00  2.8300E-01  0.0000E+00  0.0000E+00  3.3633E-01 -3.6070E-01 -3.1293E-01  2.8300E-01  4.2528E-01 -1.4228E-01 -2.8221E-01
  2.7000E+01  0.0000E+00  1.7650E+01  0.0000E+00  1.0000E+00  1.0000E+00  1.0984E+01 -9.4824E+00  0.0000E+00  0.0000E+00  8.6911E+00  0.0000E+00  0.0000E+00
  2.7000E+01  1.0000E+00  0.0000E+00  1.0169E+01  0.0000E+00  0.0000E+00  9.5990E+00  5.6173E-01  1.0698E+00  1.0169E+01  7.9558E+00  2.2132E+00  1.2860E+00
  2.7000E+01  1.2000E+01  0.0000E+00  2.1380E+00  0.0000E+00  0.0000E+00  2.1795E+00 -1.5388E-01 -9.0785E-01  2.1380E+00  3.0088E+00 -8.7080E-01 -1.0572E+00
  2.7000E+01  4.8000E+01  0.0000E+00  5.0000E-02  0.0000E+00  0.0000E+00  1.7026E-02  2.2961E-01  1.9767E-01  5.0000E-02  1.2484E-01 -7.4838E-02  7.1615E-01
  2.8000E+01  0.0000E+00  1.7250E+01  0.0000E+00  1.0000E+00  1.0000E+00  8.0330E+00 -9.4197E+00  0.0000E+00  0.0000E+00  8.6911E+00  0.0000E+00  0.0000E+00
  2.8000E+01  1.2000E+01  0.0000E+00  4.0240E+00  0.0000E+00  0.0000E+00  4.0328E+00 -1.9717E-02  4.4540E-01  4.0240E+00  3.0461E+00  9.7794E-01  3.9692E-01
  2.8000E+01  2.4000E+01  0.0000E+00  2.1580E+00  0.0000E+00  0.0000E+00  2.0246E+00  5.2132E-01  1.2836E+00  2.1580E+00  1.0676E+00  1.0904E+00  1.5896E+00
  2.9000E+01  0.0000E+00  2.0650E+01  0.0000E+00  1.0000E+00  1.0000E+00  8.4372E+00 -9.4322E+00  0.0000E+00  0.0000E+00  8.6911E+00  0.0000E+00  0.0000E+00
  2.9000E+01  1.0000E+00  0.0000E+00  6.9520E+00  0.0000E+00  0.0000E+00  7.8926E+00 -1.1220E+00 -1.0330E+00  6.9520E+00  7.9673E+00 -1.0153E+00 -8.9758E-01
  2.9000E+01  6.0000E+00  0.0000E+00  6.4650E+00  0.0000E+00  0.0000E+00  5.6535E+00  1.3330E+00  1.6434E+00  6.4650E+00  5.1581E+00  1.3069E+00  1.5873E+00
  2.9000E+01  4.8000E+01  0.0000E+00  3.1400E-01  0.0000E+00  0.0000E+00  3.4286E-01 -1.9499E-01 -1.0248E-01  3.1400E-01  1.3378E-01  1.8022E-01 -4.1045E-02
  3.0000E+01  0.0000E+00  8.5000E+00  0.0000E+00  1.0000E+00  1.0000E+00  7.9485E+00 -9.4168E+00  0.0000E+00  0.0000E+00  8.6911E+00  0.0000E+00  0.0000E+00
  3.0000E+01  6.0000E+00  0.0000E+00  4.2740E+00  0.0000E+00  0.0000E+00  4.6186E+00 -6.8355E-01 -1.7383E+00  4.2740E+00  6.3543E+00 -2.0803E+00 -1.2225E+00
  3.0000E+01  1.2000E+01  0.0000E+00  2.6040E+00  0.0000E+00  0.0000E+00  2.6838E+00 -2.5288E-01 -1.5910E+00  2.6040E+00  4.6458E+00 -2.0418E+00 -1.5314E+00
  3.0000E+01  4.8000E+01  0.0000E+00  5.0000E-02  0.0000E+00  0.0000E+00  1.0331E-01 -3.7018E-01 -6.1862E-01  5.0000E-02  7.0959E-01 -6.5959E-01 -6.1377E-01
