TABLE NO.  2
 ID          KA          CL          V           ETA1        ETA2        ETA3
  1.0000E+00  6.7748E-01  4.6719E+00  5.3406E+01 -3.5439E-01  8.4595E-02  2.3873E-02
  1.0000E+00  6.7748E-01  4.6719E+00  5.3406E+01 -3.5439E-01  8.4595E-02  2.3873E-02
  1.0000E+00  6.7748E-01  4.6719E+00  5.3406E+01 -3.5439E-01  8.4595E-02  2.3873E-02
  1.0000E+00  6.7748E-01  4.6719E+00  5.3406E+01 -3.5439E-01  8.4595E-02  2.3873E-02
  1.0000E+00  6.7748E-01  4.6719E+00  5.3406E+01 -3.5439E-01  8.4595E-02  2.3873E-02
  1.0000E+00  6.7748E-01  4.6719E+00  5.3406E+01 -3.5439E-01  8.4595E-02  2.3873E-02
  1.0000E+00  6.7748E-01  4.6719E+00  5.3406E+01 -3.5439E-01  8.4595E-02  2.3873E-02
  2.0000E+00  7.7123E-01  4.1405E+00  3.6877E+01 -2.2479E-01 -3.6161E-02 -3.4645E-01
  2.0000E+00  7.7123E-01  4.1405E+00  3.6877E+01 -2.2479E-01 -3.6161E-02 -3.4645E-01
  2.0000E+00  7.7123E-01  4.1405E+00  3.6877E+01 -2.2479E-01 -3.6161E-02 -3.4645E-01
  2.0000E+00  7.7123E-01  4.1405E+00  3.6877E+01 -2.2479E-01 -3.6161E-02 -3.4645E-01
  2.0000E+00  7.7123E-01  4.1405E+00  3.6877E+01 -2.2479E-01 -3.6161E-02 -3.4645E-01
  2.0000E+00  7.7123E-01  4.1405E+00  3.6877E+01 -2.2479E-01 -3.6161E-02 -3.4645E-01
  2.0000E+00  7.7123E-01  4.1405E+00  3.6877E+01 -2.2479E-01 -3.6161E-02 -3.4645E-01
  3.0000E+00  8.2859E-01  2.8388E+00  5.1428E+01 -1.5305E-01 -4.1358E-01 -1.3865E-02
  3.0000E+00  8.2859E-01  2.8388E+00  5.1428E+01 -1.5305E-01 -4.1358E-01 -1.3865E-02
  3.0000E+00  8.2859E-01  2.8388E+00  5.1428E+01 -1.5305E-01 -4.1358E-01 -1.3865E-02
  3.0000E+00  8.2859E-01  2.8388E+00  5.1428E+01 -1.5305E-01 -4.1358E-01 -1.3865E-02
  3.0000E+00  8.2859E-01  2.8388E+00  5.1428E+01 -1.5305E-01 -4.1358E-01 -1.3865E-02
  3.0000E+00  8.2859E-01  2.8388E+00  5.1428E+01 -1.5305E-01 -4.1358E-01 -1.3865E-02
  3.0000E+00  8.2859E-01  2.8388E+00  5.1428E+01 -1.5305E-01 -4.1358E-01 -1.3865E-02
  4.0000E+00  1.2518E+00  4.0518E+00  7.8592E+01  2.5957E-01 -5.7805E-02  4.1022E-01
  4.0000E+00  1.2518E+00  4.0518E+00  7.8592E+01  2.5957E-01 -5.7805E-02  4.1022E-01
  4.0000E+00  1.2518E+00  4.0518E+00  7.8592E+01  2.5957E-01 -5.7805E-02  4.1022E-01
  4.0000E+00  1.2518E+00  4.0518E+00  7.8592E+01  2.5957E-01 -5.7805E-02  4.1022E-01
  4.0000E+00  1.2518E+00  4.0518E+00  7.8592E+01  2.5957E-01 -5.7805E-02  4.1022E-01
  4.0000E+00  1.2518E+00  4.0518E+00  7.8592E+01  2.5957E-01 -5.7805E-02  4.1022E-01
  4.0000E+00  1.2518E+00  4.0518E+00  7.8592E+01  2.5957E-01 -5.7805E-02  4.1022E-01
  5.0000E+00  1.6085E+00  6.3676E+00  6.6401E+01  5.1030E-01  3.9425E-01  2.4167E-01
  5.0000E+00  1.6085E+00  6.3676E+00  6.6401E+01  5.1030E-01  3.9425E-01  2.4167E-01
  5.0000E+00  1.6085E+00  6.3676E+00  6.6401E+01  5.1030E-01  3.9425E-01  2.4167E-01
  5.0000E+00  1.6085E+00  6.3676E+00  6.6401E+01  5.1030E-01  3.9425E-01  2.4167E-01
  5.0000E+00  1.6085E+00  6.3676E+00  6.6401E+01  5.1030E-01  3.9425E-01  2.4167E-01
  5.0000E+00  1.6085E+00  6.3676E+00  6.6401E+01  5.1030E-01  3.9425E-01  2.4167E-01
  5.0000E+00  1.6085E+00  6.3676E+00  6.6401E+01  5.1030E-01  3.9425E-01  2.4167E-01
  6.0000E+00  1.8564E+00  4.1008E+00  4.3090E+01  6.5363E-01 -4.5789E-02 -1.9076E-01
  6.0000E+00  1.8564E+00  4.1008E+00  4.3090E+01  6.5363E-01 -4.5789E-02 -1.9076E-01
  6.0000E+00  1.8564E+00  4.1008E+00  4.3090E+01  6.5363E-01 -4.5789E-02 -1.9076E-01
  6.0000E+00  1.8564E+00  4.1008E+00  4.3090E+01  6.5363E-01 -4.5789E-02 -1.9076E-01
  6.0000E+00  1.8564E+00  4.1008E+00  4.3090E+01  6.5363E-01 -4.5789E-02 -1.9076E-01
  6.0000E+00  1.8564E+00  4.1008E+00  4.3090E+01  6.5363E-01 -4.5789E-02 -1.9076E-01
  6.0000E+00  1.8564E+00  4.1008E+00  4.3090E+01  6.5363E-01 -4.5789E-02 -1.9076E-01
  7.0000E+00  8.1830E-01  5.1744E+00  5.9207E+01 -1.6554E-01  1.8675E-01  1.2699E-01
  7.0000E+00  8.1830E-01  5.1744E+00  5.9207E+01 -1.6554E-01  1.8675E-01  1.2699E-01
  7.0000E+00  8.1830E-01  5.1744E+00  5.9207E+01 -1.6554E-01  1.8675E-01  1.2699E-01
  7.0000E+00  8.1830E-01  5.1744E+00  5.9207E+01 -1.6554E-01  1.8675E-01  1.2699E-01
  7.0000E+00  8.1830E-01  5.1744E+00  5.9207E+01 -1.6554E-01  1.8675E-01  1.2699E-01
  7.0000E+00  8.1830E-01  5.1744E+00  5.9207E+01 -1.6554E-01  1.8675E-01  1.2699E-01
  7.0000E+00  8.1830E-01  5.1744E+00  5.9207E+01 -1.6554E-01  1.8675E-01  1.2699E-01
  8.0000E+00  3.2683E-01  4.3701E+00  5.5324E+01 -1.0833E+00  1.7800E-02  5.9163E-02
  8.0000E+00  3.2683E-01  4.3701E+00  5.5324E+01 -1.0833E+00  1.7800E-02  5.9163E-02
  8.0000E+00  3.2683E-01  4.3701E+00  5.5324E+01 -1.0833E+00  1.7800E-02  5.9163E-02
  8.0000E+00  3.2683E-01  4.3701E+00  5.5324E+01 -1.0833E+00  1.7800E-02  5.9163E-02
  8.0000E+00  3.2683E-01  4.3701E+00  5.5324E+01 -1.0833E+00  1.7800E-02  5.9163E-02
  8.0000E+00  3.2683E-01  4.3701E+00  5.5324E+01 -1.0833E+00  1.7800E-02  5.9163E-02
  8.0000E+00  3.2683E-01  4.3701E+00  5.5324E+01 -1.0833E+00  1.7800E-02  5.9163E-02
  9.0000E+00  9.3721E-01  4.9691E+00  6.1178E+01 -2.9869E-02  1.4626E-01  1.5975E-01
  9.0000E+00  9.3721E-01  4.9691E+00  6.1178E+01 -2.9869E-02  1.4626E-01  1.5975E-01
  9.0000E+00  9.3721E-01  4.9691E+00  6.1178E+01 -2.9869E-02  1.4626E-01  1.5975E-01
  9.0000E+00  9.3721E-01  4.9691E+00  6.1178E+01 -2.9869E-02  1.4626E-01  1.5975E-01
  9.0000E+00  9.3721E-01  4.9691E+00  6.1178E+01 -2.9869E-02  1.4626E-01  1.5975E-01
  9.0000E+00  9.3721E-01  4.9691E+00  6.1178E+01 -2.9869E-02  1.4626E-01  1.5975E-01
  9.0000E+00  9.3721E-01  4.9691E+00  6.1178E+01 -2.9869E-02  1.4626E-01  1.5975E-01
  1.0000E+01  1.1907E+00  4.2347E+00  5.8832E+01  2.0955E-01 -1.3654E-02  1.2065E-01
  1.0000E+01  1.1907E+00  4.2347E+00  5.8832E+01  2.0955E-01 -1.3654E-02  1.2065E-01
  1.0000E+01  1.1907E+00  4.2347E+00  5.8832E+01  2.0955E-01 -1.3654E-02  1.2065E-01
  1.0000E+01  1.1907E+00  4.2347E+00  5.8832E+01  2.0955E-01 -1.3654E-02  1.2065E-01
  1.0000E+01  1.1907E+00  4.2347E+00  5.8832E+01  2.0955E-01 -1.3654E-02  1.2065E-01
  1.0000E+01  1.1907E+00  4.2347E+00  5.8832E+01  2.0955E-01 -1.3654E-02  1.2065E-01
  1.0000E+01  1.1907E+00  4.2347E+00  5.8832E+01  2.0955E-01 -1.3654E-02  1.2065E-01
  1.1000E+01  9.0740E-01  6.8660E+00  5.3826E+01 -6.2184E-02  4.6961E-01  3.1717E-02
  1.1000E+01  9.0740E-01  6.8660E+00  5.3826E+01 -6.2184E-02  4.6961E-01  3.1717E-02
  1.1000E+01  9.0740E-01  6.8660E+00  5.3826E+01 -6.2184E-02  4.6961E-01  3.1717E-02
  1.1000E+01  9.0740E-01  6.8660E+00  5.3826E+01 -6.2184E-02  4.6961E-01  3.1717E-02
  1.1000E+01  9.0740E-01  6.8660E+00  5.3826E+01 -6.2184E-02  4.6961E-01  3.1717E-02
  1.1000E+01  9.0740E-01  6.8660E+00  5.3826E+01 -6.2184E-02  4.6961E-01  3.1717E-02
  1.1000E+01  9.0740E-01  6.8660E+00  5.3826E+01 -6.2184E-02  4.6961E-01  3.1717E-02
  1.2000E+01  4.2714E-01  3.4790E+00  7.2004E+01 -8.1565E-01 -2.1024E-01  3.2268E-01
  1.2000E+01  4.2714E-01  3.4790E+00  7.2004E+01 -8.1565E-01 -2.1024E-01  3.2268E-01
  1.2000E+01  4.2714E-01  3.4790E+00  7.2004E+01 -8.1565E-01 -2.1024E-01  3.2268E-01
  1.2000E+01  4.2714E-01  3.4790E+00  7.2004E+01 -8.1565E-01 -2.1024E-01  3.2268E-01
  1.2000E+01  4.2714E-01  3.4790E+00  7.2004E+01 -8.1565E-01 -2.1024E-01  3.2268E-01
  1.2000E+01  4.2714E-01  3.4790E+00  7.2004E+01 -8.1565E-01 -2.1024E-01  3.2268E-01
  1.2000E+01  4.2714E-01  3.4790E+00  7.2004E+01 -8.1565E-01 -2.1024E-01  3.2268E-01
  1.3000E+01  1.1593E+00  3.3850E+00  3.7805E+01  1.8277E-01 -2.3761E-01 -3.2160E-01
  1.3000E+01  1.1593E+00  3.3850E+00  3.7805E+01  1.8277E-01 -2.3761E-01 -3.2160E-01
  1.3000E+01  1.1593E+00  3.3850E+00  3.7805E+01  1.8277E-01 -2.3761E-01 -3.2160E-01
  1.3000E+01  1.1593E+00  3.3850E+00  3.7805E+01  1.8277E-01 -2.3761E-01 -3.2160E-01
  1.3000E+01  1.1593E+00  3.3850E+00  3.7805E+01  1.8277E-01 -2.3761E-01 -3.2160E-01
  1.3000E+01  1.1593E+00  3.3850E+00  3.7805E+01  1.8277E-01 -2.3761E-01 -3.2160E-01
  1.3000E+01  1.1593E+00  3.3850E+00  3.7805E+01  1.8277E-01 -2.3761E-01 -3.2160E-01
  1.4000E+01  1.2408E+00  3.9191E+00  4.1512E+01  2.5077E-01 -9.1103E-02 -2.2807E-01
  1.4000E+01  1.2408E+00  3.9191E+00  4.1512E+01  2.5077E-01 -9.1103E-02 -2.2807E-01
  1.4000E+01  1.2408E+00  3.9191E+00  4.1512E+01  2.5077E-01 -9.1103E-02 -2.2807E-01
  1.4000E+01  1.2408E+00  3.9191E+00  4.1512E+01  2.5077E-01 -9.1103E-02 -2.2807E-01
  1.4000E+01  1.2408E+00  3.9191E+00  4.1512E+01  2.5077E-01 -9.1103E-02 -2.2807E-01
  1.4000E+01  1.2408E+00  3.9191E+00  4.1512E+01  2.5077E-01 -9.1103E-02 -2.2807E-01
  1.4000E+01  1.2408E+00  3.9191E+00  4.1512E+01  2.5077E-01 -9.1103E-02 -2.2807E-01
  1.5000E+01  5.3982E-01  3.6192E+00  5.8066E+01 -5.8153E-01 -1.7073E-01  1.0753E-01
  1.5000E+01  5.3982E-01  3.6192E+00  5.8066E+01 -5.8153E-01 -1.7073E-01  1.0753E-01
  1.5000E+01  5.3982E-01  3.6192E+00  5.8066E+01 -5.8153E-01 -1.7073E-01  1.0753E-01
  1.5000E+01  5.3982E-01  3.6192E+00  5.8066E+01 -5.8153E-01 -1.7073E-01  1.0753E-01
  1.5000E+01  5.3982E-01  3.6192E+00  5.8066E+01 -5.8153E-01 -1.7073E-01  1.0753E-01
  1.5000E+01  5.3982E-01  3.6192E+00  5.8066E+01 -5.8153E-01 -1.7073E-01  1.0753E-01
  1.5000E+01  5.3982E-01  3.6192E+00  5.8066E+01 -5.8153E-01 -1.7073E-01  1.0753E-01
  1.6000E+01  7.6887E-01  3.7629E+00  4.7800E+01 -2.2785E-01 -1.3178E-01 -8.7021E-02
  1.6000E+01  7.6887E-01  3.7629E+00  4.7800E+01 -2.2785E-01 -1.3178E-01 -8.7021E-02
  1.6000E+01  7.6887E-01  3.7629E+00  4.7800E+01 -2.2785E-01 -1.3178E-01 -8.7021E-02
  1.6000E+01  7.6887E-01  3.7629E+00  4.7800E+01 -2.2785E-01 -1.3178E-01 -8.7021E-02
  1.6000E+01  7.6887E-01  3.7629E+00  4.7800E+01 -2.2785E-01 -1.3178E-01 -8.7021E-02
  1.6000E+01  7.6887E-01  3.7629E+00  4.7800E+01 -2.2785E-01 -1.3178E-01 -8.7021E-02
  1.6000E+01  7.6887E-01  3.7629E+00  4.7800E+01 -2.2785E-01 -1.3178E-01 -8.7021E-02
  1.7000E+01  1.6919E+00  3.9506E+00  3.9748E+01  5.6084E-01 -8.3097E-02 -2.7148E-01
  1.7000E+01  1.6919E+00  3.9506E+00  3.9748E+01  5.6084E-01 -8.3097E-02 -2.7148E-01
  1.7000E+01  1.6919E+00  3.9506E+00  3.9748E+01  5.6084E-01 -8.3097E-02 -2.7148E-01
  1.7000E+01  1.6919E+00  3.9506E+00  3.9748E+01  5.6084E-01 -8.3097E-02 -2.7148E-01
  1.7000E+01  1.6919E+00  3.9506E+00  3.9748E+01  5.6084E-01 -8.3097E-02 -2.7148E-01
  1.7000E+01  1.6919E+00  3.9506E+00  3.9748E+01  5.6084E-01 -8.3097E-02 -2.7148E-01
  1.7000E+01  1.6919E+00  3.9506E+00  3.9748E+01  5.6084E-01 -8.3097E-02 -2.7148E-01
  1.8000E+01  8.1306E-01  7.6863E+00  4.0210E+01 -1.7197E-01  5.8246E-01 -2.5994E-01
  1.8000E+01  8.1306E-01  7.6863E+00  4.0210E+01 -1.7197E-01  5.8246E-01 -2.5994E-01
  1.8000E+01  8.1306E-01  7.6863E+00  4.0210E+01 -1.7197E-01  5.8246E-01 -2.5994E-01
  1.8000E+01  8.1306E-01  7.6863E+00  4.0210E+01 -1.7197E-01  5.8246E-01 -2.5994E-01
  1.8000E+01  8.1306E-01  7.6863E+00  4.0210E+01 -1.7197E-01  5.8246E-01 -2.5994E-01
  1.8000E+01  8.1306E-01  7.6863E+00  4.0210E+01 -1.7197E-01  5.8246E-01 -2.5994E-01
  1.8000E+01  8.1306E-01  7.6863E+00  4.0210E+01 -1.7197E-01  5.8246E-01 -2.5994E-01
  1.9000E+01  8.9925E-01  3.4551E+00  4.6384E+01 -7.1210E-02 -2.1711E-01 -1.1710E-01
  1.9000E+01  8.9925E-01  3.4551E+00  4.6384E+01 -7.1210E-02 -2.1711E-01 -1.1710E-01
  1.9000E+01  8.9925E-01  3.4551E+00  4.6384E+01 -7.1210E-02 -2.1711E-01 -1.1710E-01
  1.9000E+01  8.9925E-01  3.4551E+00  4.6384E+01 -7.1210E-02 -2.1711E-01 -1.1710E-01
  1.9000E+01  8.9925E-01  3.4551E+00  4.6384E+01 -7.1210E-02 -2.1711E-01 -1.1710E-01
  1.9000E+01  8.9925E-01  3.4551E+00  4.6384E+01 -7.1210E-02 -2.1711E-01 -1.1710E-01
  1.9000E+01  8.9925E-01  3.4551E+00  4.6384E+01 -7.1210E-02 -2.1711E-01 -1.1710E-01
  2.0000E+01  3.1616E-01  4.5422E+00  5.7818E+01 -1.1165E+00  5.6442E-02  1.0325E-01
  2.0000E+01  3.1616E-01  4.5422E+00  5.7818E+01 -1.1165E+00  5.6442E-02  1.0325E-01
  2.0000E+01  3.1616E-01  4.5422E+00  5.7818E+01 -1.1165E+00  5.6442E-02  1.0325E-01
  2.0000E+01  3.1616E-01  4.5422E+00  5.7818E+01 -1.1165E+00  5.6442E-02  1.0325E-01
  2.0000E+01  3.1616E-01  4.5422E+00  5.7818E+01 -1.1165E+00  5.6442E-02  1.0325E-01
  2.0000E+01  3.1616E-01  4.5422E+00  5.7818E+01 -1.1165E+00  5.6442E-02  1.0325E-01
  2.0000E+01  3.1616E-01  4.5422E+00  5.7818E+01 -1.1165E+00  5.6442E-02  1.0325E-01
  2.1000E+01  2.7730E+00  6.3227E+00  4.8728E+01  1.0549E+00  3.8718E-01 -6.7789E-02
  2.1000E+01  2.7730E+00  6.3227E+00  4.8728E+01  1.0549E+00  3.8718E-01 -6.7789E-02
  2.1000E+01  2.7730E+00  6.3227E+00  4.8728E+01  1.0549E+00  3.8718E-01 -6.7789E-02
  2.1000E+01  2.7730E+00  6.3227E+00  4.8728E+01  1.0549E+00  3.8718E-01 -6.7789E-02
  2.1000E+01  2.7730E+00  6.3227E+00  4.8728E+01  1.0549E+00  3.8718E-01 -6.7789E-02
  2.1000E+01  2.7730E+00  6.3227E+00  4.8728E+01  1.0549E+00  3.8718E-01 -6.7789E-02
  2.1000E+01  2.7730E+00  6.3227E+00  4.8728E+01  1.0549E+00  3.8718E-01 -6.7789E-02
  2.2000E+01  9.3096E-01  4.4820E+00  4.2381E+01 -3.6560E-02  4.3089E-02 -2.0735E-01
  2.2000E+01  9.3096E-01  4.4820E+00  4.2381E+01 -3.6560E-02  4.3089E-02 -2.0735E-01
  2.2000E+01  9.3096E-01  4.4820E+00  4.2381E+01 -3.6560E-02  4.3089E-02 -2.0735E-01
  2.2000E+01  9.3096E-01  4.4820E+00  4.2381E+01 -3.6560E-02  4.3089E-02 -2.0735E-01
  2.2000E+01  9.3096E-01  4.4820E+00  4.2381E+01 -3.6560E-02  4.3089E-02 -2.0735E-01
  2.2000E+01  9.3096E-01  4.4820E+00  4.2381E+01 -3.6560E-02  4.3089E-02 -2.0735E-01
  2.2000E+01  9.3096E-01  4.4820E+00  4.2381E+01 -3.6560E-02  4.3089E-02 -2.0735E-01
  2.3000E+01  7.6725E-01  4.2790E+00  5.9994E+01 -2.2996E-01 -3.2558E-03  1.4019E-01
  2.3000E+01  7.6725E-01  4.2790E+00  5.9994E+01 -2.2996E-01 -3.2558E-03  1.4019E-01
  2.3000E+01  7.6725E-01  4.2790E+00  5.9994E+01 -2.2996E-01 -3.2558E-03  1.4019E-01
  2.3000E+01  7.6725E-01  4.2790E+00  5.9994E+01 -2.2996E-01 -3.2558E-03  1.4019E-01
  2.3000E+01  7.6725E-01  4.2790E+00  5.9994E+01 -2.2996E-01 -3.2558E-03  1.4019E-01
  2.3000E+01  7.6725E-01  4.2790E+00  5.9994E+01 -2.2996E-01 -3.2558E-03  1.4019E-01
  2.3000E+01  7.6725E-01  4.2790E+00  5.9994E+01 -2.2996E-01 -3.2558E-03  1.4019E-01
  2.4000E+01  1.3010E+00  4.7312E+00  6.4256E+01  2.9810E-01  9.7213E-02  2.0883E-01
  2.4000E+01  1.3010E+00  4.7312E+00  6.4256E+01  2.9810E-01  9.7213E-02  2.0883E-01
  2.4000E+01  1.3010E+00  4.7312E+00  6.4256E+01  2.9810E-01  9.7213E-02  2.0883E-01
  2.4000E+01  1.3010E+00  4.7312E+00  6.4256E+01  2.9810E-01  9.7213E-02  2.0883E-01
  2.4000E+01  1.3010E+00  4.7312E+00  6.4256E+01  2.9810E-01  9.7213E-02  2.0883E-01
  2.4000E+01  1.3010E+00  4.7312E+00  6.4256E+01  2.9810E-01  9.7213E-02  2.0883E-01
  2.4000E+01  1.3010E+00  4.7312E+00  6.4256E+01  2.9810E-01  9.7213E-02  2.0883E-01
  2.5000E+01  1.6943E+00  3.2307E+00  4.1270E+01  5.6223E-01 -2.8428E-01 -2.3390E-01
  2.5000E+01  1.6943E+00  3.2307E+00  4.1270E+01  5.6223E-01 -2.8428E-01 -2.3390E-01
  2.5000E+01  1.6943E+00  3.2307E+00  4.1270E+01  5.6223E-01 -2.8428E-01 -2.3390E-01
  2.5000E+01  1.6943E+00  3.2307E+00  4.1270E+01  5.6223E-01 -2.8428E-01 -2.3390E-01
  2.5000E+01  1.6943E+00  3.2307E+00  4.1270E+01  5.6223E-01 -2.8428E-01 -2.3390E-01
  2.5000E+01  1.6943E+00  3.2307E+00  4.1270E+01  5.6223E-01 -2.8428E-01 -2.3390E-01
  2.5000E+01  1.6943E+00  3.2307E+00  4.1270E+01  5.6223E-01 -2.8428E-01 -2.3390E-01
  2.6000E+01  1.2811E+00  3.8127E+00  5.4131E+01  2.8268E-01 -1.1864E-01  3.7351E-02
  2.6000E+01  1.2811E+00  3.8127E+00  5.4131E+01  2.8268E-01 -1.1864E-01  3.7351E-02
  2.6000E+01  1.2811E+00  3.8127E+00  5.4131E+01  2.8268E-01 -1.1864E-01  3.7351E-02
  2.6000E+01  1.2811E+00  3.8127E+00  5.4131E+01  2.8268E-01 -1.1864E-01  3.7351E-02
  2.6000E+01  1.2811E+00  3.8127E+00  5.4131E+01  2.8268E-01 -1.1864E-01  3.7351E-02
  2.6000E+01  1.2811E+00  3.8127E+00  5.4131E+01  2.8268E-01 -1.1864E-01  3.7351E-02
  2.6000E+01  1.2811E+00  3.8127E+00  5.4131E+01  2.8268E-01 -1.1864E-01  3.7351E-02
  2.7000E+01  9.0898E-01  5.3179E+00  5.1558E+01 -6.0452E-02  2.1410E-01 -1.1338E-02
  2.7000E+01  9.0898E-01  5.3179E+00  5.1558E+01 -6.0452E-02  2.1410E-01 -1.1338E-02
  2.7000E+01  9.0898E-01  5.3179E+00  5.1558E+01 -6.0452E-02  2.1410E-01 -1.1338E-02
  2.7000E+01  9.0898E-01  5.3179E+00  5.1558E+01 -6.0452E-02  2.1410E-01 -1.1338E-02
  2.7000E+01  9.0898E-01  5.3179E+00  5.1558E+01 -6.0452E-02  2.1410E-01 -1.1338E-02
  2.7000E+01  9.0898E-01  5.3179E+00  5.1558E+01 -6.0452E-02  2.1410E-01 -1.1338E-02
  2.7000E+01  9.0898E-01  5.3179E+00  5.1558E+01 -6.0452E-02  2.1410E-01 -1.1338E-02
  2.8000E+01  8.9857E-01  3.1643E+00  4.1810E+01 -7.1973E-02 -3.0504E-01 -2.2092E-01
  2.8000E+01  8.9857E-01  3.1643E+00  4.1810E+01 -7.1973E-02 -3.0504E-01 -2.2092E-01
  2.8000E+01  8.9857E-01  3.1643E+00  4.1810E+01 -7.1973E-02 -3.0504E-01 -2.2092E-01
  2.8000E+01  8.9857E-01  3.1643E+00  4.1810E+01 -7.1973E-02 -3.0504E-01 -2.2092E-01
  2.8000E+01  8.9857E-01  3.1643E+00  4.1810E+01 -7.1973E-02 -3.0504E-01 -2.2092E-01
  2.8000E+01  8.9857E-01  3.1643E+00  4.1810E+01 -7.1973E-02 -3.0504E-01 -2.2092E-01
  2.8000E+01  8.9857E-01  3.1643E+00  4.1810E+01 -7.1973E-02 -3.0504E-01 -2.2092E-01
  2.9000E+01  1.8324E+00  3.3556E+00  3.8221E+01  6.4060E-01 -2.4635E-01 -3.1067E-01
  2.9000E+01  1.8324E+00  3.3556E+00  3.8221E+01  6.4060E-01 -2.4635E-01 -3.1067E-01
  2.9000E+01  1.8324E+00  3.3556E+00  3.8221E+01  6.4060E-01 -2.4635E-01 -3.1067E-01
  2.9000E+01  1.8324E+00  3.3556E+00  3.8221E+01  6.4060E-01 -2.4635E-01 -3.1067E-01
  2.9000E+01  1.8324E+00  3.3556E+00  3.8221E+01  6.4060E-01 -2.4635E-01 -3.1067E-01
  2.9000E+01  1.8324E+00  3.3556E+00  3.8221E+01  6.4060E-01 -2.4635E-01 -3.1067E-01
  2.9000E+01  1.8324E+00  3.3556E+00  3.8221E+01  6.4060E-01 -2.4635E-01 -3.1067E-01
  3.0000E+01  8.3021E-01  4.1795E+00  4.8367E+01 -1.5110E-01 -2.6774E-02 -7.5231E-02
  3.0000E+01  8.3021E-01  4.1795E+00  4.8367E+01 -1.5110E-01 -2.6774E-02 -7.5231E-02
  3.0000E+01  8.3021E-01  4.1795E+00  4.8367E+01 -1.5110E-01 -2.6774E-02 -7.5231E-02
  3.0000E+01  8.3021E-01  4.1795E+00  4.8367E+01 -1.5110E-01 -2.6774E-02 -7.5231E-02
  3.0000E+01  8.3021E-01  4.1795E+00  4.8367E+01 -1.5110E-01 -2.6774E-02 -7.5231E-02
  3.0000E+01  8.3021E-01  4.1795E+00  4.8367E+01 -1.5110E-01 -2.6774E-02 -7.5231E-02
  3.0000E+01  8.3021E-01  4.1795E+00  4.8367E+01 -1.5110E-01 -2.6774E-02 -7.5231E-02
