TABLE NO.  1
 ID          TIME        AMT         ADDL        II          SS          DV          MDV         EVID        IPRE        IWRE        CWRES       DV          PRED        RES         WRES
  1.0000E+00  0.0000E+00  1.0000E+02  0.0000E+00  1.2000E+01  1.0000E+00  0.0000E+00  1.0000E+00  1.0000E+00  1.1572E+00 -6.3296E+00  0.0000E+00  0.0000E+00  1.2437E+00  0.0000E+00  0.0000E+00
  1.0000E+00  5.0000E-01  0.0000E+00  0.0000E+00  0.0000E+00  0.0000E+00  1.7710E+00  0.0000E+00  0.0000E+00  1.6336E+00  6.5268E-01  4.0006E-01  1.7710E+00  1.9118E+00 -1.4084E-01  3.6204E-01
  1.0000E+00  1.0000E+00  0.0000E+00  0.0000E+00  0.0000E+00  0.0000E+00  1.7710E+00  0.0000E+00  0.0000E+00  1.9385E+00 -7.2624E-01 -1.0524E+00  1.7710E+00  2.2780E+00 -5.0697E-01 -9.6353E-01
  1.0000E+00  2.0000E+00  0.0000E+00  0.0000E+00  0.0000E+00  0.0000E+00  2.1480E+00  0.0000E+00  0.0000E+00  2.2222E+00 -2.9593E-01 -6.0336E-01  2.1480E+00  2.5292E+00 -3.8116E-01 -5.8220E-01
  1.0000E+00  4.0000E+00  0.0000E+00  0.0000E+00  0.0000E+00  0.0000E+00  2.3240E+00  0.0000E+00  0.0000E+00  2.1881E+00  5.4722E-01  3.9340E-01  2.3240E+00  2.3589E+00 -3.4929E-02  3.6642E-01
  1.0000E+00  8.0000E+00  0.0000E+00  0.0000E+00  0.0000E+00  0.0000E+00  1.6450E+00  0.0000E+00  0.0000E+00  1.6334E+00  5.5012E-02  1.1493E-02  1.6450E+00  1.7278E+00 -8.2844E-02  1.9247E-02
  1.0000E+00  1.2000E+01  0.0000E+00  0.0000E+00  0.0000E+00  0.0000E+00  1.1290E+00  0.0000E+00  0.0000E+00  1.1572E+00 -1.5438E-01 -2.0212E-01  1.1290E+00  1.2437E+00 -1.1470E-01 -2.1694E-01
  2.0000E+00  0.0000E+00  1.0000E+02  0.0000E+00  1.2000E+01  1.0000E+00  0.0000E+00  1.0000E+00  1.0000E+00  1.1144E+00 -6.1692E+00  0.0000E+00  0.0000E+00  1.2437E+00  0.0000E+00  0.0000E+00
  2.0000E+00  5.0000E-01  0.0000E+00  0.0000E+00  0.0000E+00  0.0000E+00  1.5540E+00  0.0000E+00  0.0000E+00  1.8959E+00 -1.5011E+00 -1.6765E+00  1.5540E+00  1.9118E+00 -3.5784E-01 -1.6206E+00
  2.0000E+00  1.0000E+00  0.0000E+00  0.0000E+00  0.0000E+00  0.0000E+00  2.6110E+00  0.0000E+00  0.0000E+00  2.3652E+00  9.4111E-01  9.3003E-01  2.6110E+00  2.2780E+00  3.3303E-01  1.0126E+00
  2.0000E+00  2.0000E+00  0.0000E+00  0.0000E+00  0.0000E+00  0.0000E+00  2.6590E+00  0.0000E+00  0.0000E+00  2.7471E+00 -3.0373E-01 -8.0266E-02  2.6590E+00  2.5292E+00  1.2984E-01 -2.4545E-02
  2.0000E+00  4.0000E+00  0.0000E+00  0.0000E+00  0.0000E+00  0.0000E+00  3.0500E+00  0.0000E+00  0.0000E+00  2.5917E+00  1.6472E+00  1.9669E+00  3.0500E+00  2.3589E+00  6.9107E-01  2.0719E+00
  2.0000E+00  8.0000E+00  0.0000E+00  0.0000E+00  0.0000E+00  0.0000E+00  1.6260E+00  0.0000E+00  0.0000E+00  1.7400E+00 -5.2463E-01 -5.6709E-01  1.6260E+00  1.7278E+00 -1.0184E-01 -6.4593E-01
  2.0000E+00  1.2000E+01  0.0000E+00  0.0000E+00  0.0000E+00  0.0000E+00  1.1250E+00  0.0000E+00  0.0000E+00  1.1144E+00  5.8628E-02 -2.7267E-01  1.1250E+00  1.2437E+00 -1.1870E-01 -3.9754E-01
  3.0000E+00  0.0000E+00  1.0000E+02  0.0000E+00  1.2000E+01  1.0000E+00  0.0000E+00  1.0000E+00  1.0000E+00  2.2174E+00 -8.8563E+00  0.0000E+00  0.0000E+00  1.2437E+00  0.0000E+00  0.0000E+00
  3.0000E+00  5.0000E-01  0.0000E+00  0.0000E+00  0.0000E+00  0.0000E+00  2.8210E+00  0.0000E+00  0.0000E+00  2.8070E+00  4.7427E-02  4.8744E-01  2.8210E+00  1.9118E+00  9.0916E-01  5.9936E-01
  3.0000E+00  1.0000E+00  0.0000E+00  0.0000E+00  0.0000E+00  0.0000E+00  3.2550E+00  0.0000E+00  0.0000E+00  3.1601E+00  2.9409E-01  6.9877E-01  3.2550E+00  2.2780E+00  9.7703E-01  8.5252E-01
  3.0000E+00  2.0000E+00  0.0000E+00  0.0000E+00  0.0000E+00  0.0000E+00  3.3430E+00  0.0000E+00  0.0000E+00  3.4540E+00 -3.2038E-01  1.3294E-01  3.3430E+00  2.5292E+00  8.1384E-01  1.4213E-01
  3.0000E+00  4.0000E+00  0.0000E+00  0.0000E+00  0.0000E+00  0.0000E+00  3.5580E+00  0.0000E+00  0.0000E+00  3.3730E+00  5.4443E-01  1.1243E+00  3.5580E+00  2.3589E+00  1.1991E+00  1.3886E+00
  3.0000E+00  8.0000E+00  0.0000E+00  0.0000E+00  0.0000E+00  0.0000E+00  2.9660E+00  0.0000E+00  0.0000E+00  2.7627E+00  6.9780E-01  1.3299E+00  2.9660E+00  1.7278E+00  1.2382E+00  1.6634E+00
  3.0000E+00  1.2000E+01  0.0000E+00  0.0000E+00  0.0000E+00  0.0000E+00  2.1890E+00  0.0000E+00  0.0000E+00  2.2174E+00 -1.1357E-01  4.8275E-01  2.1890E+00  1.2437E+00  9.4530E-01  6.1766E-01
  4.0000E+00  0.0000E+00  1.0000E+02  0.0000E+00  1.2000E+01  1.0000E+00  0.0000E+00  1.0000E+00  1.0000E+00  1.5495E+00 -7.5508E+00  0.0000E+00  0.0000E+00  1.2437E+00  0.0000E+00  0.0000E+00
  4.0000E+00  5.0000E-01  0.0000E+00  0.0000E+00  0.0000E+00  0.0000E+00  2.0350E+00  0.0000E+00  0.0000E+00  2.0937E+00 -2.4287E-01 -1.5984E-02  2.0350E+00  1.9118E+00  1.2316E-01 -6.8605E-02
  4.0000E+00  1.0000E+00  0.0000E+00  0.0000E+00  0.0000E+00  0.0000E+00  2.5710E+00  0.0000E+00  0.0000E+00  2.3525E+00  8.3965E-01  8.6632E-01  2.5710E+00  2.2780E+00  2.9303E-01  8.7462E-01
  4.0000E+00  2.0000E+00  0.0000E+00  0.0000E+00  0.0000E+00  0.0000E+00  2.4810E+00  0.0000E+00  0.0000E+00  2.4862E+00 -1.9141E-02 -1.4429E-01  2.4810E+00  2.5292E+00 -4.8161E-02 -9.0040E-02
  4.0000E+00  4.0000E+00  0.0000E+00  0.0000E+00  0.0000E+00  0.0000E+00  1.8160E+00  0.0000E+00  0.0000E+00  2.3316E+00 -1.9929E+00 -2.0355E+00  1.8160E+00  2.3589E+00 -5.4293E-01 -1.9201E+00
  4.0000E+00  8.0000E+00  0.0000E+00  0.0000E+00  0.0000E+00  0.0000E+00  1.6240E+00  0.0000E+00  0.0000E+00  1.9043E+00 -1.2276E+00 -9.0858E-01  1.6240E+00  1.7278E+00 -1.0384E-01 -9.7506E-01
  4.0000E+00  1.2000E+01  0.0000E+00  0.0000E+00  0.0000E+00  0.0000E+00  1.9870E+00  0.0000E+00  0.0000E+00  1.5495E+00  2.1321E+00  2.7268E+00  1.9870E+00  1.2437E+00  7.4330E-01  2.7927E+00
  5.0000E+00  0.0000E+00  1.0000E+02  0.0000E+00  1.2000E+01  1.0000E+00  0.0000E+00  1.0000E+00  1.0000E+00  7.4122E-01 -4.5137E+00  0.0000E+00  0.0000E+00  1.2437E+00  0.0000E+00  0.0000E+00
  5.0000E+00  5.0000E-01  0.0000E+00  0.0000E+00  0.0000E+00  0.0000E+00  1.5590E+00  0.0000E+00  0.0000E+00  1.5165E+00  2.0920E-01  8.2378E-02  1.5590E+00  1.9118E+00 -3.5284E-01  2.5052E-01
  5.0000E+00  1.0000E+00  0.0000E+00  0.0000E+00  0.0000E+00  0.0000E+00  1.9760E+00  0.0000E+00  0.0000E+00  1.8079E+00  7.5784E-01  4.1526E-01  1.9760E+00  2.2780E+00 -3.0197E-01  5.2723E-01
  5.0000E+00  2.0000E+00  0.0000E+00  0.0000E+00  0.0000E+00  0.0000E+00  1.5220E+00  0.0000E+00  0.0000E+00  1.8697E+00 -1.5385E+00 -2.2371E+00  1.5220E+00  2.5292E+00 -1.0072E+00 -1.8192E+00
  5.0000E+00  4.0000E+00  0.0000E+00  0.0000E+00  0.0000E+00  0.0000E+00  1.4800E+00  0.0000E+00  0.0000E+00  1.5938E+00 -5.4710E-01 -1.3221E+00  1.4800E+00  2.3589E+00 -8.7893E-01 -1.2075E+00
  5.0000E+00  8.0000E+00  0.0000E+00  0.0000E+00  0.0000E+00  0.0000E+00  9.9700E-01  0.0000E+00  0.0000E+00  1.0878E+00 -5.0622E-01 -1.0502E+00  9.9700E-01  1.7278E+00 -7.3084E-01 -9.9903E-01
  5.0000E+00  1.2000E+01  0.0000E+00  0.0000E+00  0.0000E+00  0.0000E+00  8.4300E-01  0.0000E+00  0.0000E+00  7.4122E-01  6.1977E-01  2.5748E-01  8.4300E-01  1.2437E+00 -4.0070E-01  1.3409E-01
  6.0000E+00  0.0000E+00  1.0000E+02  0.0000E+00  1.2000E+01  1.0000E+00  0.0000E+00  1.0000E+00  1.0000E+00  1.1467E+00 -6.2908E+00  0.0000E+00  0.0000E+00  1.2437E+00  0.0000E+00  0.0000E+00
  6.0000E+00  5.0000E-01  0.0000E+00  0.0000E+00  0.0000E+00  0.0000E+00  2.6520E+00  0.0000E+00  0.0000E+00  2.4591E+00  7.1940E-01  1.2932E+00  2.6520E+00  1.9118E+00  7.4016E-01  1.5932E+00
  6.0000E+00  1.0000E+00  0.0000E+00  0.0000E+00  0.0000E+00  0.0000E+00  2.8440E+00  0.0000E+00  0.0000E+00  2.8846E+00 -1.3478E-01  3.5236E-01  2.8440E+00  2.2780E+00  5.6603E-01  4.4160E-01
  6.0000E+00  2.0000E+00  0.0000E+00  0.0000E+00  0.0000E+00  0.0000E+00  3.0070E+00  0.0000E+00  0.0000E+00  2.9105E+00  3.1872E-01  4.6172E-01  3.0070E+00  2.5292E+00  4.7784E-01  4.4237E-01
  6.0000E+00  4.0000E+00  0.0000E+00  0.0000E+00  0.0000E+00  0.0000E+00  2.4100E+00  0.0000E+00  0.0000E+00  2.4539E+00 -1.6397E-01 -2.6554E-01  2.4100E+00  2.3589E+00  5.1071E-02 -3.0542E-01
  6.0000E+00  8.0000E+00  0.0000E+00  0.0000E+00  0.0000E+00  0.0000E+00  1.7260E+00  0.0000E+00  0.0000E+00  1.6780E+00  2.2503E-01 -2.1246E-02  1.7260E+00  1.7278E+00 -1.8443E-03 -9.7207E-02
  6.0000E+00  1.2000E+01  0.0000E+00  0.0000E+00  0.0000E+00  0.0000E+00  1.0840E+00  0.0000E+00  0.0000E+00  1.1467E+00 -3.4420E-01 -6.3801E-01  1.0840E+00  1.2437E+00 -1.5970E-01 -8.3576E-01
  7.0000E+00  0.0000E+00  1.0000E+02  0.0000E+00  1.2000E+01  1.0000E+00  0.0000E+00  1.0000E+00  1.0000E+00  1.0198E+00 -5.7940E+00  0.0000E+00  0.0000E+00  1.2437E+00  0.0000E+00  0.0000E+00
  7.0000E+00  5.0000E-01  0.0000E+00  0.0000E+00  0.0000E+00  0.0000E+00  1.3320E+00  0.0000E+00  0.0000E+00  1.5303E+00 -9.7201E-01 -1.2594E+00  1.3320E+00  1.9118E+00 -5.7984E-01 -1.1266E+00
  7.0000E+00  1.0000E+00  0.0000E+00  0.0000E+00  0.0000E+00  0.0000E+00  1.9760E+00  0.0000E+00  0.0000E+00  1.8329E+00  6.4005E-01  2.7296E-01  1.9760E+00  2.2780E+00 -3.0197E-01  2.0637E-01
  7.0000E+00  2.0000E+00  0.0000E+00  0.0000E+00  0.0000E+00  0.0000E+00  2.2090E+00  0.0000E+00  0.0000E+00  2.0760E+00  5.5375E-01  1.7985E-01  2.2090E+00  2.5292E+00 -3.2016E-01  1.2874E-01
  7.0000E+00  4.0000E+00  0.0000E+00  0.0000E+00  0.0000E+00  0.0000E+00  1.5160E+00  0.0000E+00  0.0000E+00  1.9804E+00 -1.9885E+00 -2.2574E+00  1.5160E+00  2.3589E+00 -8.4293E-01 -2.0084E+00
  7.0000E+00  8.0000E+00  0.0000E+00  0.0000E+00  0.0000E+00  0.0000E+00  1.6880E+00  0.0000E+00  0.0000E+00  1.4440E+00  1.2274E+00  1.0929E+00  1.6880E+00  1.7278E+00 -3.9844E-02  1.0007E+00
  7.0000E+00  1.2000E+01  0.0000E+00  0.0000E+00  0.0000E+00  0.0000E+00  1.0010E+00  0.0000E+00  0.0000E+00  1.0198E+00 -1.0675E-01 -1.7894E-01  1.0010E+00  1.2437E+00 -2.4270E-01 -1.5876E-01
  8.0000E+00  0.0000E+00  1.0000E+02  0.0000E+00  1.2000E+01  1.0000E+00  0.0000E+00  1.0000E+00  1.0000E+00  1.4602E+00 -7.3091E+00  0.0000E+00  0.0000E+00  1.2437E+00  0.0000E+00  0.0000E+00
  8.0000E+00  5.0000E-01  0.0000E+00  0.0000E+00  0.0000E+00  0.0000E+00  1.5510E+00  0.0000E+00  0.0000E+00  1.6761E+00 -5.8697E-01 -5.0372E-01  1.5510E+00  1.9118E+00 -3.6084E-01 -2.3644E-01
  8.0000E+00  1.0000E+00  0.0000E+00  0.0000E+00  0.0000E+00  0.0000E+00  1.5450E+00  0.0000E+00  0.0000E+00  1.8426E+00 -1.3277E+00 -1.5459E+00  1.5450E+00  2.2780E+00 -7.3297E-01 -1.1282E+00
  8.0000E+00  2.0000E+00  0.0000E+00  0.0000E+00  0.0000E+00  0.0000E+00  1.8590E+00  0.0000E+00  0.0000E+00  2.0584E+00 -8.3426E-01 -1.3176E+00  1.8590E+00  2.5292E+00 -6.7016E-01 -1.1865E+00
  8.0000E+00  4.0000E+00  0.0000E+00  0.0000E+00  0.0000E+00  0.0000E+00  2.2180E+00  0.0000E+00  0.0000E+00  2.1797E+00  1.5458E-01 -2.2485E-01  2.2180E+00  2.3589E+00 -1.4093E-01 -3.9329E-01
  8.0000E+00  8.0000E+00  0.0000E+00  0.0000E+00  0.0000E+00  0.0000E+00  2.3890E+00  0.0000E+00  0.0000E+00  1.8909E+00  2.1904E+00  2.4422E+00  2.3890E+00  1.7278E+00  6.6116E-01  2.2419E+00
  8.0000E+00  1.2000E+01  0.0000E+00  0.0000E+00  0.0000E+00  0.0000E+00  1.4890E+00  0.0000E+00  0.0000E+00  1.4602E+00  1.4395E-01  7.0414E-01  1.4890E+00  1.2437E+00  2.4530E-01  1.0338E-01
  9.0000E+00  0.0000E+00  1.0000E+02  0.0000E+00  1.2000E+01  1.0000E+00  0.0000E+00  1.0000E+00  1.0000E+00  1.0844E+00 -6.0534E+00  0.0000E+00  0.0000E+00  1.2437E+00  0.0000E+00  0.0000E+00
  9.0000E+00  5.0000E-01  0.0000E+00  0.0000E+00  0.0000E+00  0.0000E+00  1.9230E+00  0.0000E+00  0.0000E+00  1.6396E+00  1.3440E+00  1.1874E+00  1.9230E+00  1.9118E+00  1.1155E-02  1.0670E+00
  9.0000E+00  1.0000E+00  0.0000E+00  0.0000E+00  0.0000E+00  0.0000E+00  1.7670E+00  0.0000E+00  0.0000E+00  1.9488E+00 -7.8588E-01 -1.0092E+00  1.7670E+00  2.2780E+00 -5.1097E-01 -9.2660E-01
  9.0000E+00  2.0000E+00  0.0000E+00  0.0000E+00  0.0000E+00  0.0000E+00  1.9990E+00  0.0000E+00  0.0000E+00  2.1686E+00 -6.8686E-01 -9.8919E-01  1.9990E+00  2.5292E+00 -5.3016E-01 -9.0525E-01
  9.0000E+00  4.0000E+00  0.0000E+00  0.0000E+00  0.0000E+00  0.0000E+00  1.9830E+00  0.0000E+00  0.0000E+00  2.0347E+00 -2.1786E-01 -5.3385E-01  1.9830E+00  2.3589E+00 -3.7593E-01 -4.9039E-01
  9.0000E+00  8.0000E+00  0.0000E+00  0.0000E+00  0.0000E+00  0.0000E+00  1.5810E+00  0.0000E+00  0.0000E+00  1.4998E+00  4.0190E-01  2.0814E-01  1.5810E+00  1.7278E+00 -1.4684E-01  1.9721E-01
  9.0000E+00  1.2000E+01  0.0000E+00  0.0000E+00  0.0000E+00  0.0000E+00  1.0200E+00  0.0000E+00  0.0000E+00  1.0844E+00 -3.5962E-01 -4.4666E-01  1.0200E+00  1.2437E+00 -2.2370E-01 -4.1561E-01
  1.0000E+01  0.0000E+00  1.0000E+02  0.0000E+00  1.2000E+01  1.0000E+00  0.0000E+00  1.0000E+00  1.0000E+00  1.3185E+00 -6.8834E+00  0.0000E+00  0.0000E+00  1.2437E+00  0.0000E+00  0.0000E+00
  1.0000E+01  5.0000E-01  0.0000E+00  0.0000E+00  0.0000E+00  0.0000E+00  2.1980E+00  0.0000E+00  0.0000E+00  2.0196E+00  7.5495E-01  8.6835E-01  2.1980E+00  1.9118E+00  2.8616E-01  9.0131E-01
  1.0000E+01  1.0000E+00  0.0000E+00  0.0000E+00  0.0000E+00  0.0000E+00  2.1870E+00  0.0000E+00  0.0000E+00  2.3605E+00 -6.6498E-01 -6.1146E-01  2.1870E+00  2.2780E+00 -9.0969E-02 -5.9695E-01
  1.0000E+01  2.0000E+00  0.0000E+00  0.0000E+00  0.0000E+00  0.0000E+00  2.6900E+00  0.0000E+00  0.0000E+00  2.5411E+00  5.4264E-01  4.7987E-01  2.6900E+00  2.5292E+00  1.6084E-01  4.8736E-01
  1.0000E+01  4.0000E+00  0.0000E+00  0.0000E+00  0.0000E+00  0.0000E+00  2.0810E+00  0.0000E+00  0.0000E+00  2.3297E+00 -9.6187E-01 -1.0709E+00  2.0810E+00  2.3589E+00 -2.7793E-01 -1.0574E+00
  1.0000E+01  8.0000E+00  0.0000E+00  0.0000E+00  0.0000E+00  0.0000E+00  1.8380E+00  0.0000E+00  0.0000E+00  1.7583E+00  3.6453E-01  3.6390E-01  1.8380E+00  1.7278E+00  1.1016E-01  3.4549E-01
  1.0000E+01  1.2000E+01  0.0000E+00  0.0000E+00  0.0000E+00  0.0000E+00  1.3450E+00  0.0000E+00  0.0000E+00  1.3185E+00  1.3815E-01  2.2236E-01  1.3450E+00  1.2437E+00  1.0130E-01  1.9460E-01
  1.1000E+01  0.0000E+00  1.0000E+02  0.0000E+00  1.2000E+01  1.0000E+00  0.0000E+00  1.0000E+00  1.0000E+00  5.9689E-01 -3.7461E+00  0.0000E+00  0.0000E+00  1.2437E+00  0.0000E+00  0.0000E+00
  1.1000E+01  5.0000E-01  0.0000E+00  0.0000E+00  0.0000E+00  0.0000E+00  1.3720E+00  0.0000E+00  0.0000E+00  1.2149E+00  8.4532E-01  3.3538E-01  1.3720E+00  1.9118E+00 -5.3984E-01  2.4686E-01
  1.1000E+01  1.0000E+00  0.0000E+00  0.0000E+00  0.0000E+00  0.0000E+00  1.4690E+00  0.0000E+00  0.0000E+00  1.5558E+00 -4.2241E-01 -9.1311E-01  1.4690E+00  2.2780E+00 -8.0897E-01 -7.8599E-01
  1.1000E+01  2.0000E+00  0.0000E+00  0.0000E+00  0.0000E+00  0.0000E+00  1.5830E+00  0.0000E+00  0.0000E+00  1.7854E+00 -9.1853E-01 -1.4834E+00  1.5830E+00  2.5292E+00 -9.4616E-01 -1.2313E+00
  1.1000E+01  4.0000E+00  0.0000E+00  0.0000E+00  0.0000E+00  0.0000E+00  1.6490E+00  0.0000E+00  0.0000E+00  1.5988E+00  2.4094E-01 -4.8232E-01  1.6490E+00  2.3589E+00 -7.0993E-01 -3.9056E-01
  1.1000E+01  8.0000E+00  0.0000E+00  0.0000E+00  0.0000E+00  0.0000E+00  9.3700E-01  0.0000E+00  0.0000E+00  9.9277E-01 -3.1913E-01 -1.0898E+00  9.3700E-01  1.7278E+00 -7.9084E-01 -8.3473E-01
  1.1000E+01  1.2000E+01  0.0000E+00  0.0000E+00  0.0000E+00  0.0000E+00  5.0400E-01  0.0000E+00  0.0000E+00  5.9689E-01 -5.8296E-01 -1.2368E+00  5.0400E-01  1.2437E+00 -7.3970E-01 -9.0808E-01
  1.2000E+01  0.0000E+00  1.0000E+02  0.0000E+00  1.2000E+01  1.0000E+00  0.0000E+00  1.0000E+00  1.0000E+00  1.9838E+00 -8.4850E+00  0.0000E+00  0.0000E+00  1.2437E+00  0.0000E+00  0.0000E+00
  1.2000E+01  5.0000E-01  0.0000E+00  0.0000E+00  0.0000E+00  0.0000E+00  2.2830E+00  0.0000E+00  0.0000E+00  2.2018E+00  3.2598E-01  7.3657E-01  2.2830E+00  1.9118E+00  3.7116E-01  6.0575E-01
  1.2000E+01  1.0000E+00  0.0000E+00  0.0000E+00  0.0000E+00  0.0000E+00  2.3940E+00  0.0000E+00  0.0000E+00  2.3635E+00  1.1678E-01  2.3583E-01  2.3940E+00  2.2780E+00  1.1603E-01  5.6063E-02
  1.2000E+01  2.0000E+00  0.0000E+00  0.0000E+00  0.0000E+00  0.0000E+00  2.3180E+00  0.0000E+00  0.0000E+00  2.5608E+00 -8.8013E-01 -9.9685E-01  2.3180E+00  2.5292E+00 -2.1116E-01 -1.0762E+00
  1.2000E+01  4.0000E+00  0.0000E+00  0.0000E+00  0.0000E+00  0.0000E+00  2.5970E+00  0.0000E+00  0.0000E+00  2.6483E+00 -1.8149E-01 -1.8078E-01  2.5970E+00  2.3589E+00  2.3807E-01 -3.9652E-02
  1.2000E+01  8.0000E+00  0.0000E+00  0.0000E+00  0.0000E+00  0.0000E+00  2.0790E+00  0.0000E+00  0.0000E+00  2.3664E+00 -1.0999E+00 -5.3755E-01  2.0790E+00  1.7278E+00  3.5116E-01 -6.0016E-01
  1.2000E+01  1.2000E+01  0.0000E+00  0.0000E+00  0.0000E+00  0.0000E+00  2.4200E+00  0.0000E+00  0.0000E+00  1.9838E+00  1.8659E+00  2.7624E+00  2.4200E+00  1.2437E+00  1.1763E+00  3.1668E+00
  1.3000E+01  0.0000E+00  1.0000E+02  0.0000E+00  1.2000E+01  1.0000E+00  0.0000E+00  1.0000E+00  1.0000E+00  1.4865E+00 -7.3822E+00  0.0000E+00  0.0000E+00  1.2437E+00  0.0000E+00  0.0000E+00
  1.3000E+01  5.0000E-01  0.0000E+00  0.0000E+00  0.0000E+00  0.0000E+00  2.6570E+00  0.0000E+00  0.0000E+00  2.5569E+00  3.6335E-01  6.6974E-01  2.6570E+00  1.9118E+00  7.4516E-01  7.6290E-01
  1.3000E+01  1.0000E+00  0.0000E+00  0.0000E+00  0.0000E+00  0.0000E+00  3.0340E+00  0.0000E+00  0.0000E+00  3.0809E+00 -1.4827E-01  3.6058E-01  3.0340E+00  2.2780E+00  7.5603E-01  3.6970E-01
  1.3000E+01  2.0000E+00  0.0000E+00  0.0000E+00  0.0000E+00  0.0000E+00  3.4820E+00  0.0000E+00  0.0000E+00  3.3572E+00  3.6861E-01  9.6030E-01  3.4820E+00  2.5292E+00  9.5284E-01  1.0934E+00
  1.3000E+01  4.0000E+00  0.0000E+00  0.0000E+00  0.0000E+00  0.0000E+00  3.2900E+00  0.0000E+00  0.0000E+00  3.0148E+00  8.8432E-01  1.3183E+00  3.2900E+00  2.3589E+00  9.3107E-01  1.5401E+00
  1.3000E+01  8.0000E+00  0.0000E+00  0.0000E+00  0.0000E+00  0.0000E+00  2.1670E+00  0.0000E+00  0.0000E+00  2.1264E+00  1.6648E-01  2.3163E-01  2.1670E+00  1.7278E+00  4.3916E-01  2.5865E-01
  1.3000E+01  1.2000E+01  0.0000E+00  0.0000E+00  0.0000E+00  0.0000E+00  1.3740E+00  0.0000E+00  0.0000E+00  1.4865E+00 -5.5855E-01 -7.2370E-01  1.3740E+00  1.2437E+00  1.3030E-01 -8.2645E-01
  1.4000E+01  0.0000E+00  1.0000E+02  0.0000E+00  1.2000E+01  1.0000E+00  0.0000E+00  1.0000E+00  1.0000E+00  1.2388E+00 -6.6193E+00  0.0000E+00  0.0000E+00  1.2437E+00  0.0000E+00  0.0000E+00
  1.4000E+01  5.0000E-01  0.0000E+00  0.0000E+00  0.0000E+00  0.0000E+00  1.8920E+00  0.0000E+00  0.0000E+00  2.2668E+00 -1.4757E+00 -1.1839E+00  1.8920E+00  1.9118E+00 -1.9845E-02 -1.3585E+00
  1.4000E+01  1.0000E+00  0.0000E+00  0.0000E+00  0.0000E+00  0.0000E+00  3.2650E+00  0.0000E+00  0.0000E+00  2.7458E+00  1.7901E+00  2.2021E+00  3.2650E+00  2.2780E+00  9.8703E-01  2.3994E+00
  1.4000E+01  2.0000E+00  0.0000E+00  0.0000E+00  0.0000E+00  0.0000E+00  2.8900E+00  0.0000E+00  0.0000E+00  2.9664E+00 -2.4853E-01  1.1191E-01  2.8900E+00  2.5292E+00  3.6084E-01  8.1530E-02
  1.4000E+01  4.0000E+00  0.0000E+00  0.0000E+00  0.0000E+00  0.0000E+00  2.6930E+00  0.0000E+00  0.0000E+00  2.6182E+00  2.6684E-01  4.1608E-01  2.6930E+00  2.3589E+00  3.3407E-01  4.7683E-01
  1.4000E+01  8.0000E+00  0.0000E+00  0.0000E+00  0.0000E+00  0.0000E+00  1.8210E+00  0.0000E+00  0.0000E+00  1.8071E+00  6.2724E-02 -3.8484E-02  1.8210E+00  1.7278E+00  9.3156E-02 -1.4227E-02
  1.4000E+01  1.2000E+01  0.0000E+00  0.0000E+00  0.0000E+00  0.0000E+00  1.2410E+00  0.0000E+00  0.0000E+00  1.2388E+00  1.1739E-02 -2.0830E-01  1.2410E+00  1.2437E+00 -2.7017E-03 -2.4501E-01
  1.5000E+01  0.0000E+00  1.0000E+02  0.0000E+00  1.2000E+01  1.0000E+00  0.0000E+00  1.0000E+00  1.0000E+00  1.7469E+00 -8.0209E+00  0.0000E+00  0.0000E+00  1.2437E+00  0.0000E+00  0.0000E+00
  1.5000E+01  5.0000E-01  0.0000E+00  0.0000E+00  0.0000E+00  0.0000E+00  1.6970E+00  0.0000E+00  0.0000E+00  2.0947E+00 -1.6463E+00 -1.4595E+00  1.6970E+00  1.9118E+00 -2.1484E-01 -1.4754E+00
  1.5000E+01  1.0000E+00  0.0000E+00  0.0000E+00  0.0000E+00  0.0000E+00  2.6020E+00  0.0000E+00  0.0000E+00  2.3369E+00  1.0230E+00  1.0159E+00  2.6020E+00  2.2780E+00  3.2403E-01  1.0686E+00
  1.5000E+01  2.0000E+00  0.0000E+00  0.0000E+00  0.0000E+00  0.0000E+00  2.5320E+00  0.0000E+00  0.0000E+00  2.6011E+00 -2.4786E-01 -3.3879E-01  2.5320E+00  2.5292E+00  2.8387E-03 -3.3374E-01
  1.5000E+01  4.0000E+00  0.0000E+00  0.0000E+00  0.0000E+00  0.0000E+00  2.5200E+00  0.0000E+00  0.0000E+00  2.6560E+00 -4.8047E-01 -3.5944E-01  2.5200E+00  2.3589E+00  1.6107E-01 -3.9547E-01
  1.5000E+01  8.0000E+00  0.0000E+00  0.0000E+00  0.0000E+00  0.0000E+00  2.4890E+00  0.0000E+00  0.0000E+00  2.2194E+00  1.0763E+00  1.5567E+00  2.4890E+00  1.7278E+00  7.6116E-01  1.6638E+00
  1.5000E+01  1.2000E+01  0.0000E+00  0.0000E+00  0.0000E+00  0.0000E+00  1.8640E+00  0.0000E+00  0.0000E+00  1.7469E+00  5.3784E-01  1.1164E+00  1.8640E+00  1.2437E+00  6.2030E-01  1.0619E+00
  1.6000E+01  0.0000E+00  1.0000E+02  0.0000E+00  1.2000E+01  1.0000E+00  0.0000E+00  1.0000E+00  1.0000E+00  1.4824E+00 -7.3711E+00  0.0000E+00  0.0000E+00  1.2437E+00  0.0000E+00  0.0000E+00
  1.6000E+01  5.0000E-01  0.0000E+00  0.0000E+00  0.0000E+00  0.0000E+00  1.9430E+00  0.0000E+00  0.0000E+00  2.0792E+00 -5.6639E-01 -5.6756E-01  1.9430E+00  1.9118E+00  3.1155E-02 -5.3364E-01
  1.6000E+01  1.0000E+00  0.0000E+00  0.0000E+00  0.0000E+00  0.0000E+00  2.4490E+00  0.0000E+00  0.0000E+00  2.4442E+00  1.7935E-02  3.6291E-03  2.4490E+00  2.2780E+00  1.7103E-01  6.2142E-02
  1.6000E+01  2.0000E+00  0.0000E+00  0.0000E+00  0.0000E+00  0.0000E+00  2.8310E+00  0.0000E+00  0.0000E+00  2.7570E+00  2.5432E-01  3.2636E-01  2.8310E+00  2.5292E+00  3.0184E-01  3.6549E-01
  1.6000E+01  4.0000E+00  0.0000E+00  0.0000E+00  0.0000E+00  0.0000E+00  2.9430E+00  0.0000E+00  0.0000E+00  2.6756E+00  9.3924E-01  1.1653E+00  2.9430E+00  2.3589E+00  5.8407E-01  1.2226E+00
  1.6000E+01  8.0000E+00  0.0000E+00  0.0000E+00  0.0000E+00  0.0000E+00  1.9360E+00  0.0000E+00  0.0000E+00  2.0265E+00 -3.8202E-01 -1.5391E-01  1.9360E+00  1.7278E+00  2.0816E-01 -2.2388E-01
  1.6000E+01  1.2000E+01  0.0000E+00  0.0000E+00  0.0000E+00  0.0000E+00  1.5630E+00  0.0000E+00  0.0000E+00  1.4824E+00  4.0054E-01  5.3897E-01  1.5630E+00  1.2437E+00  3.1930E-01  5.2901E-01
  1.7000E+01  0.0000E+00  1.0000E+02  0.0000E+00  1.2000E+01  1.0000E+00  0.0000E+00  1.0000E+00  1.0000E+00  1.1642E+00 -6.3550E+00  0.0000E+00  0.0000E+00  1.2437E+00  0.0000E+00  0.0000E+00
  1.7000E+01  5.0000E-01  0.0000E+00  0.0000E+00  0.0000E+00  0.0000E+00  2.4680E+00  0.0000E+00  0.0000E+00  2.5039E+00 -1.3230E-01  4.1876E-01  2.4680E+00  1.9118E+00  5.5616E-01  5.5110E-01
  1.7000E+01  1.0000E+00  0.0000E+00  0.0000E+00  0.0000E+00  0.0000E+00  3.3680E+00  0.0000E+00  0.0000E+00  2.9817E+00  1.2520E+00  1.8500E+00  3.3680E+00  2.2780E+00  1.0900E+00  2.1815E+00
  1.7000E+01  2.0000E+00  0.0000E+00  0.0000E+00  0.0000E+00  0.0000E+00  2.7250E+00  0.0000E+00  0.0000E+00  3.0546E+00 -1.0488E+00 -6.8860E-01  2.7250E+00  2.5292E+00  1.9584E-01 -8.7720E-01
  1.7000E+01  4.0000E+00  0.0000E+00  0.0000E+00  0.0000E+00  0.0000E+00  2.9070E+00  0.0000E+00  0.0000E+00  2.5752E+00  1.1979E+00  1.2682E+00  2.9070E+00  2.3589E+00  5.4807E-01  1.3164E+00
  1.7000E+01  8.0000E+00  0.0000E+00  0.0000E+00  0.0000E+00  0.0000E+00  1.5130E+00  0.0000E+00  0.0000E+00  1.7325E+00 -1.0122E+00 -1.2009E+00  1.5130E+00  1.7278E+00 -2.1484E-01 -1.2515E+00
  1.7000E+01  1.2000E+01  0.0000E+00  0.0000E+00  0.0000E+00  0.0000E+00  1.2050E+00  0.0000E+00  0.0000E+00  1.1642E+00  2.2296E-01 -7.9167E-02  1.2050E+00  1.2437E+00 -3.8702E-02 -2.9323E-01
  1.8000E+01  0.0000E+00  1.0000E+02  0.0000E+00  1.2000E+01  1.0000E+00  0.0000E+00  1.0000E+00  1.0000E+00  3.6460E-01 -2.3753E+00  0.0000E+00  0.0000E+00  1.2437E+00  0.0000E+00  0.0000E+00
  1.8000E+01  5.0000E-01  0.0000E+00  0.0000E+00  0.0000E+00  0.0000E+00  1.0710E+00  0.0000E+00  0.0000E+00  1.1211E+00 -2.7704E-01 -8.8230E-01  1.0710E+00  1.9118E+00 -8.4084E-01 -7.4681E-01
  1.8000E+01  1.0000E+00  0.0000E+00  0.0000E+00  0.0000E+00  0.0000E+00  1.5490E+00  0.0000E+00  0.0000E+00  1.5449E+00  1.9999E-02 -4.1348E-01  1.5490E+00  2.2780E+00 -7.2897E-01 -3.9661E-01
  1.8000E+01  2.0000E+00  0.0000E+00  0.0000E+00  0.0000E+00  0.0000E+00  1.7400E+00  0.0000E+00  0.0000E+00  1.8277E+00 -3.9299E-01 -8.0712E-01  1.7400E+00  2.5292E+00 -7.8916E-01 -6.3618E-01
  1.8000E+01  4.0000E+00  0.0000E+00  0.0000E+00  0.0000E+00  0.0000E+00  1.7260E+00  0.0000E+00  0.0000E+00  1.5576E+00  8.1877E-01  5.0543E-02  1.7260E+00  2.3589E+00 -6.3293E-01  1.3572E-01
  1.8000E+01  8.0000E+00  0.0000E+00  0.0000E+00  0.0000E+00  0.0000E+00  5.9100E-01  0.0000E+00  0.0000E+00  7.7876E-01 -1.1336E+00 -2.2976E+00  5.9100E-01  1.7278E+00 -1.1368E+00 -1.7157E+00
  1.8000E+01  1.2000E+01  0.0000E+00  0.0000E+00  0.0000E+00  0.0000E+00  2.6800E-01  0.0000E+00  0.0000E+00  3.6460E-01 -6.2934E-01 -1.6018E+00  2.6800E-01  1.2437E+00 -9.7570E-01 -1.1259E+00
  1.9000E+01  0.0000E+00  1.0000E+02  0.0000E+00  1.2000E+01  1.0000E+00  0.0000E+00  1.0000E+00  1.0000E+00  1.6271E+00 -7.7458E+00  0.0000E+00  0.0000E+00  1.2437E+00  0.0000E+00  0.0000E+00
  1.9000E+01  5.0000E-01  0.0000E+00  0.0000E+00  0.0000E+00  0.0000E+00  2.2800E+00  0.0000E+00  0.0000E+00  2.3330E+00 -2.0466E-01 -5.5151E-02  2.2800E+00  1.9118E+00  3.6816E-01 -4.6637E-02
  1.9000E+01  1.0000E+00  0.0000E+00  0.0000E+00  0.0000E+00  0.0000E+00  2.7270E+00  0.0000E+00  0.0000E+00  2.7359E+00 -3.0599E-02  1.5868E-01  2.7270E+00  2.2780E+00  4.4903E-01  1.8655E-01
  1.9000E+01  2.0000E+00  0.0000E+00  0.0000E+00  0.0000E+00  0.0000E+00  3.1770E+00  0.0000E+00  0.0000E+00  3.0381E+00  4.4380E-01  7.2217E-01  3.1770E+00  2.5292E+00  6.4784E-01  8.0886E-01
  1.9000E+01  4.0000E+00  0.0000E+00  0.0000E+00  0.0000E+00  0.0000E+00  3.0900E+00  0.0000E+00  0.0000E+00  2.8884E+00  6.6922E-01  1.0170E+00  3.0900E+00  2.3589E+00  7.3107E-01  1.1326E+00
  1.9000E+01  8.0000E+00  0.0000E+00  0.0000E+00  0.0000E+00  0.0000E+00  2.1700E+00  0.0000E+00  0.0000E+00  2.1902E+00 -8.1438E-02  1.8551E-01  2.1700E+00  1.7278E+00  4.4216E-01  1.8982E-01
  1.9000E+01  1.2000E+01  0.0000E+00  0.0000E+00  0.0000E+00  0.0000E+00  1.6530E+00  0.0000E+00  0.0000E+00  1.6271E+00  1.2314E-01  2.8361E-01  1.6530E+00  1.2437E+00  4.0930E-01  3.2559E-01
  2.0000E+01  0.0000E+00  1.0000E+02  0.0000E+00  1.2000E+01  1.0000E+00  0.0000E+00  1.0000E+00  1.0000E+00  1.4157E+00 -7.1811E+00  0.0000E+00  0.0000E+00  1.2437E+00  0.0000E+00  0.0000E+00
  2.0000E+01  5.0000E-01  0.0000E+00  0.0000E+00  0.0000E+00  0.0000E+00  1.3900E+00  0.0000E+00  0.0000E+00  1.6148E+00 -1.0739E+00 -9.6895E-01  1.3900E+00  1.9118E+00 -5.2184E-01 -4.8219E-01
  2.0000E+01  1.0000E+00  0.0000E+00  0.0000E+00  0.0000E+00  0.0000E+00  1.4150E+00  0.0000E+00  0.0000E+00  1.7691E+00 -1.6149E+00 -1.8141E+00  1.4150E+00  2.2780E+00 -8.6297E-01 -1.1462E+00
  2.0000E+01  2.0000E+00  0.0000E+00  0.0000E+00  0.0000E+00  0.0000E+00  1.5440E+00  0.0000E+00  0.0000E+00  1.9709E+00 -1.8331E+00 -2.3164E+00  1.5440E+00  2.5292E+00 -9.8516E-01 -1.9471E+00
  2.0000E+01  4.0000E+00  0.0000E+00  0.0000E+00  0.0000E+00  0.0000E+00  2.5010E+00  0.0000E+00  0.0000E+00  2.0887E+00  1.7095E+00  1.2959E+00  2.5010E+00  2.3589E+00  1.4207E-01  8.8053E-01
  2.0000E+01  8.0000E+00  0.0000E+00  0.0000E+00  0.0000E+00  0.0000E+00  1.9810E+00  0.0000E+00  0.0000E+00  1.8233E+00  7.0761E-01  9.2771E-01  1.9810E+00  1.7278E+00  2.5316E-01  4.8020E-01
  2.0000E+01  1.2000E+01  0.0000E+00  0.0000E+00  0.0000E+00  0.0000E+00  1.6970E+00  0.0000E+00  0.0000E+00  1.4157E+00  1.4268E+00  1.9991E+00  1.6970E+00  1.2437E+00  4.5330E-01  1.2720E+00
  2.1000E+01  0.0000E+00  1.0000E+02  0.0000E+00  1.2000E+01  1.0000E+00  0.0000E+00  1.0000E+00  1.0000E+00  5.7491E-01 -3.6233E+00  0.0000E+00  0.0000E+00  1.2437E+00  0.0000E+00  0.0000E+00
  2.1000E+01  5.0000E-01  0.0000E+00  0.0000E+00  0.0000E+00  0.0000E+00  2.3410E+00  0.0000E+00  0.0000E+00  2.0184E+00  1.3659E+00  2.0013E+00  2.3410E+00  1.9118E+00  4.2916E-01  2.6556E+00
  2.1000E+01  1.0000E+00  0.0000E+00  0.0000E+00  0.0000E+00  0.0000E+00  1.9240E+00  0.0000E+00  0.0000E+00  2.2614E+00 -1.3305E+00 -1.3625E+00  1.9240E+00  2.2780E+00 -3.5397E-01 -8.4396E-01
  2.1000E+01  2.0000E+00  0.0000E+00  0.0000E+00  0.0000E+00  0.0000E+00  2.0580E+00  0.0000E+00  0.0000E+00  2.0959E+00 -1.5698E-01 -7.9502E-01  2.0580E+00  2.5292E+00 -4.7116E-01 -7.7948E-01
  2.1000E+01  4.0000E+00  0.0000E+00  0.0000E+00  0.0000E+00  0.0000E+00  1.5490E+00  0.0000E+00  0.0000E+00  1.6233E+00 -3.5419E-01 -1.1632E+00  1.5490E+00  2.3589E+00 -8.0993E-01 -1.2540E+00
  2.1000E+01  8.0000E+00  0.0000E+00  0.0000E+00  0.0000E+00  0.0000E+00  1.0050E+00  0.0000E+00  0.0000E+00  9.6606E-01  2.2441E-01 -5.7384E-01  1.0050E+00  1.7278E+00 -7.2284E-01 -7.9365E-01
  2.1000E+01  1.2000E+01  0.0000E+00  0.0000E+00  0.0000E+00  0.0000E+00  4.6500E-01  0.0000E+00  0.0000E+00  5.7491E-01 -6.9267E-01 -1.3546E+00  4.6500E-01  1.2437E+00 -7.7870E-01 -1.4690E+00
  2.2000E+01  0.0000E+00  1.0000E+02  0.0000E+00  1.2000E+01  1.0000E+00  0.0000E+00  1.0000E+00  1.0000E+00  1.0408E+00 -5.8798E+00  0.0000E+00  0.0000E+00  1.2437E+00  0.0000E+00  0.0000E+00
  2.2000E+01  5.0000E-01  0.0000E+00  0.0000E+00  0.0000E+00  0.0000E+00  1.6820E+00  0.0000E+00  0.0000E+00  1.8408E+00 -7.0883E-01 -8.6772E-01  1.6820E+00  1.9118E+00 -2.2984E-01 -8.5111E-01
  2.2000E+01  1.0000E+00  0.0000E+00  0.0000E+00  0.0000E+00  0.0000E+00  2.4740E+00  0.0000E+00  0.0000E+00  2.2819E+00  7.5309E-01  7.2352E-01  2.4740E+00  2.2780E+00  1.9603E-01  7.1580E-01
  2.2000E+01  2.0000E+00  0.0000E+00  0.0000E+00  0.0000E+00  0.0000E+00  2.5980E+00  0.0000E+00  0.0000E+00  2.5833E+00  5.2981E-02  1.3748E-01  2.5980E+00  2.5292E+00  6.8839E-02  1.5169E-01
  2.2000E+01  4.0000E+00  0.0000E+00  0.0000E+00  0.0000E+00  0.0000E+00  2.3750E+00  0.0000E+00  0.0000E+00  2.3613E+00  5.2466E-02  9.5112E-02  2.3750E+00  2.3589E+00  1.6071E-02  1.1342E-01
  2.2000E+01  8.0000E+00  0.0000E+00  0.0000E+00  0.0000E+00  0.0000E+00  1.7800E+00  0.0000E+00  0.0000E+00  1.5874E+00  9.2811E-01  7.1239E-01  1.7800E+00  1.7278E+00  5.2156E-02  6.6752E-01
  2.2000E+01  1.2000E+01  0.0000E+00  0.0000E+00  0.0000E+00  0.0000E+00  8.9200E-01  0.0000E+00  0.0000E+00  1.0408E+00 -8.4064E-01 -1.1907E+00  8.9200E-01  1.2437E+00 -3.5170E-01 -1.1430E+00
  2.3000E+01  0.0000E+00  1.0000E+02  0.0000E+00  1.2000E+01  1.0000E+00  0.0000E+00  1.0000E+00  1.0000E+00  1.3576E+00 -7.0060E+00  0.0000E+00  0.0000E+00  1.2437E+00  0.0000E+00  0.0000E+00
  2.3000E+01  5.0000E-01  0.0000E+00  0.0000E+00  0.0000E+00  0.0000E+00  1.8410E+00  0.0000E+00  0.0000E+00  1.8312E+00  4.3931E-02 -3.8891E-02  1.8410E+00  1.9118E+00 -7.0845E-02 -4.5977E-02
  2.3000E+01  1.0000E+00  0.0000E+00  0.0000E+00  0.0000E+00  0.0000E+00  2.0180E+00  0.0000E+00  0.0000E+00  2.1222E+00 -4.2770E-01 -6.2058E-01  2.0180E+00  2.2780E+00 -2.5997E-01 -5.9665E-01
  2.3000E+01  2.0000E+00  0.0000E+00  0.0000E+00  0.0000E+00  0.0000E+00  2.5400E+00  0.0000E+00  0.0000E+00  2.3744E+00  6.3214E-01  4.1875E-01  2.5400E+00  2.5292E+00  1.0839E-02  3.8939E-01
  2.3000E+01  4.0000E+00  0.0000E+00  0.0000E+00  0.0000E+00  0.0000E+00  2.1090E+00  0.0000E+00  0.0000E+00  2.3169E+00 -8.0692E-01 -8.8435E-01  2.1090E+00  2.3589E+00 -2.4993E-01 -8.5751E-01
  2.3000E+01  8.0000E+00  0.0000E+00  0.0000E+00  0.0000E+00  0.0000E+00  1.8720E+00  0.0000E+00  0.0000E+00  1.8021E+00  3.1587E-01  4.2348E-01  1.8720E+00  1.7278E+00  1.4416E-01  4.2025E-01
  2.3000E+01  1.2000E+01  0.0000E+00  0.0000E+00  0.0000E+00  0.0000E+00  1.4420E+00  0.0000E+00  0.0000E+00  1.3576E+00  4.3574E-01  6.2252E-01  1.4420E+00  1.2437E+00  1.9830E-01  6.0130E-01
  2.4000E+01  0.0000E+00  1.0000E+02  0.0000E+00  1.2000E+01  1.0000E+00  0.0000E+00  1.0000E+00  1.0000E+00  1.1621E+00 -6.3475E+00  0.0000E+00  0.0000E+00  1.2437E+00  0.0000E+00  0.0000E+00
  2.4000E+01  5.0000E-01  0.0000E+00  0.0000E+00  0.0000E+00  0.0000E+00  1.9150E+00  0.0000E+00  0.0000E+00  1.8493E+00  2.9233E-01  3.3113E-01  1.9150E+00  1.9118E+00  3.1552E-03  4.1093E-01
  2.4000E+01  1.0000E+00  0.0000E+00  0.0000E+00  0.0000E+00  0.0000E+00  2.3450E+00  0.0000E+00  0.0000E+00  2.1630E+00  7.3844E-01  6.7192E-01  2.3450E+00  2.2780E+00  6.7031E-02  7.3658E-01
  2.4000E+01  2.0000E+00  0.0000E+00  0.0000E+00  0.0000E+00  0.0000E+00  1.9840E+00  0.0000E+00  0.0000E+00  2.3044E+00 -1.2482E+00 -1.4865E+00  1.9840E+00  2.5292E+00 -5.4516E-01 -1.3564E+00
  2.4000E+01  4.0000E+00  0.0000E+00  0.0000E+00  0.0000E+00  0.0000E+00  1.8260E+00  0.0000E+00  0.0000E+00  2.0854E+00 -1.0766E+00 -1.3537E+00  1.8260E+00  2.3589E+00 -5.3293E-01 -1.3045E+00
  2.4000E+01  8.0000E+00  0.0000E+00  0.0000E+00  0.0000E+00  0.0000E+00  1.8350E+00  0.0000E+00  0.0000E+00  1.5601E+00  1.3356E+00  1.2343E+00  1.8350E+00  1.7278E+00  1.0716E-01  1.0785E+00
  2.4000E+01  1.2000E+01  0.0000E+00  0.0000E+00  0.0000E+00  0.0000E+00  1.0850E+00  0.0000E+00  0.0000E+00  1.1621E+00 -4.2114E-01 -3.9271E-01  1.0850E+00  1.2437E+00 -1.5870E-01 -4.6413E-01
  2.5000E+01  0.0000E+00  1.0000E+02  0.0000E+00  1.2000E+01  1.0000E+00  0.0000E+00  1.0000E+00  1.0000E+00  1.6302E+00 -7.7532E+00  0.0000E+00  0.0000E+00  1.2437E+00  0.0000E+00  0.0000E+00
  2.5000E+01  5.0000E-01  0.0000E+00  0.0000E+00  0.0000E+00  0.0000E+00  2.8530E+00  0.0000E+00  0.0000E+00  2.9216E+00 -2.2577E-01  4.8843E-01  2.8530E+00  1.9118E+00  9.4116E-01  4.4548E-01
  2.5000E+01  1.0000E+00  0.0000E+00  0.0000E+00  0.0000E+00  0.0000E+00  3.6880E+00  0.0000E+00  0.0000E+00  3.3898E+00  8.7379E-01  1.5982E+00  3.6880E+00  2.2780E+00  1.4100E+00  1.8196E+00
  2.5000E+01  2.0000E+00  0.0000E+00  0.0000E+00  0.0000E+00  0.0000E+00  3.8500E+00  0.0000E+00  0.0000E+00  3.4804E+00  1.0600E+00  1.5824E+00  3.8500E+00  2.5292E+00  1.3208E+00  1.7918E+00
  2.5000E+01  4.0000E+00  0.0000E+00  0.0000E+00  0.0000E+00  0.0000E+00  2.8620E+00  0.0000E+00  0.0000E+00  3.0465E+00 -5.8817E-01 -2.5903E-01  2.8620E+00  2.3589E+00  5.0307E-01 -2.1496E-01
  2.5000E+01  8.0000E+00  0.0000E+00  0.0000E+00  0.0000E+00  0.0000E+00  2.0710E+00  0.0000E+00  0.0000E+00  2.2296E+00 -6.3116E-01 -4.5889E-01  2.0710E+00  1.7278E+00  3.4316E-01 -3.8557E-01
  2.5000E+01  1.2000E+01  0.0000E+00  0.0000E+00  0.0000E+00  0.0000E+00  1.7460E+00  0.0000E+00  0.0000E+00  1.6302E+00  5.5081E-01  6.2101E-01  1.7460E+00  1.2437E+00  5.0230E-01  6.6389E-01
  2.6000E+01  0.0000E+00  1.0000E+02  0.0000E+00  1.2000E+01  1.0000E+00  0.0000E+00  1.0000E+00  1.0000E+00  1.4715E+00 -7.3407E+00  0.0000E+00  0.0000E+00  1.2437E+00  0.0000E+00  0.0000E+00
  2.6000E+01  5.0000E-01  0.0000E+00  0.0000E+00  0.0000E+00  0.0000E+00  2.4710E+00  0.0000E+00  0.0000E+00  2.2776E+00  7.5930E-01  1.0364E+00  2.4710E+00  1.9118E+00  5.5916E-01  1.1431E+00
  2.6000E+01  1.0000E+00  0.0000E+00  0.0000E+00  0.0000E+00  0.0000E+00  2.5010E+00  0.0000E+00  0.0000E+00  2.6504E+00 -5.2841E-01 -2.8542E-01  2.5010E+00  2.2780E+00  2.2303E-01 -3.1440E-01
  2.6000E+01  2.0000E+00  0.0000E+00  0.0000E+00  0.0000E+00  0.0000E+00  2.9480E+00  0.0000E+00  0.0000E+00  2.8254E+00  4.1400E-01  5.3228E-01  2.9480E+00  2.5292E+00  4.1884E-01  5.6593E-01
  2.6000E+01  4.0000E+00  0.0000E+00  0.0000E+00  0.0000E+00  0.0000E+00  2.5390E+00  0.0000E+00  0.0000E+00  2.5735E+00 -1.2448E-01 -8.6004E-02  2.5390E+00  2.3589E+00  1.8007E-01 -8.6417E-02
  2.6000E+01  8.0000E+00  0.0000E+00  0.0000E+00  0.0000E+00  0.0000E+00  1.8830E+00  0.0000E+00  0.0000E+00  1.9503E+00 -2.9076E-01 -2.0351E-01  1.8830E+00  1.7278E+00  1.5516E-01 -2.1303E-01
  2.6000E+01  1.2000E+01  0.0000E+00  0.0000E+00  0.0000E+00  0.0000E+00  1.5380E+00  0.0000E+00  0.0000E+00  1.4715E+00  3.3174E-01  4.6036E-01  1.5380E+00  1.2437E+00  2.9430E-01  4.7548E-01
  2.7000E+01  0.0000E+00  1.0000E+02  0.0000E+00  1.2000E+01  1.0000E+00  0.0000E+00  1.0000E+00  1.0000E+00  8.9377E-01 -5.2478E+00  0.0000E+00  0.0000E+00  1.2437E+00  0.0000E+00  0.0000E+00
  2.7000E+01  5.0000E-01  0.0000E+00  0.0000E+00  0.0000E+00  0.0000E+00  1.6700E+00  0.0000E+00  0.0000E+00  1.5379E+00  6.4579E-01  3.4255E-01  1.6700E+00  1.9118E+00 -2.4184E-01  2.8923E-01
  2.7000E+01  1.0000E+00  0.0000E+00  0.0000E+00  0.0000E+00  0.0000E+00  1.7250E+00  0.0000E+00  0.0000E+00  1.8981E+00 -7.5933E-01 -1.0418E+00  1.7250E+00  2.2780E+00 -5.5297E-01 -9.4099E-01
  2.7000E+01  2.0000E+00  0.0000E+00  0.0000E+00  0.0000E+00  0.0000E+00  2.2090E+00  0.0000E+00  0.0000E+00  2.1520E+00  2.3205E-01 -5.6136E-02  2.2090E+00  2.5292E+00 -3.2016E-01 -6.5843E-02
  2.7000E+01  4.0000E+00  0.0000E+00  0.0000E+00  0.0000E+00  0.0000E+00  1.9530E+00  0.0000E+00  0.0000E+00  1.9822E+00 -1.2493E-01 -4.6214E-01  1.9530E+00  2.3589E+00 -4.0593E-01 -4.1291E-01
  2.7000E+01  8.0000E+00  0.0000E+00  0.0000E+00  0.0000E+00  0.0000E+00  1.3860E+00  0.0000E+00  0.0000E+00  1.3488E+00  1.9270E-01 -1.9391E-01  1.3860E+00  1.7278E+00 -3.4184E-01 -1.6694E-01
  2.7000E+01  1.2000E+01  0.0000E+00  0.0000E+00  0.0000E+00  0.0000E+00  8.2300E-01  0.0000E+00  0.0000E+00  8.9377E-01 -4.1553E-01 -7.8274E-01  8.2300E-01  1.2437E+00 -4.2070E-01 -6.7935E-01
  2.8000E+01  0.0000E+00  1.0000E+02  0.0000E+00  1.2000E+01  1.0000E+00  0.0000E+00  1.0000E+00  1.0000E+00  1.7648E+00 -8.0597E+00  0.0000E+00  0.0000E+00  1.2437E+00  0.0000E+00  0.0000E+00
  2.8000E+01  5.0000E-01  0.0000E+00  0.0000E+00  0.0000E+00  0.0000E+00  2.5290E+00  0.0000E+00  0.0000E+00  2.5476E+00 -6.7508E-02  2.4413E-01  2.5290E+00  1.9118E+00  6.1716E-01  2.8181E-01
  2.8000E+01  1.0000E+00  0.0000E+00  0.0000E+00  0.0000E+00  0.0000E+00  3.3150E+00  0.0000E+00  0.0000E+00  2.9942E+00  1.0364E+00  1.4708E+00  3.3150E+00  2.2780E+00  1.0370E+00  1.7456E+00
  2.8000E+01  2.0000E+00  0.0000E+00  0.0000E+00  0.0000E+00  0.0000E+00  2.7580E+00  0.0000E+00  0.0000E+00  3.3289E+00 -1.6975E+00 -1.1147E+00  2.7580E+00  2.5292E+00  2.2884E-01 -1.3944E+00
  2.8000E+01  4.0000E+00  0.0000E+00  0.0000E+00  0.0000E+00  0.0000E+00  3.6420E+00  0.0000E+00  0.0000E+00  3.1617E+00  1.4878E+00  2.1139E+00  3.6420E+00  2.3589E+00  1.2831E+00  2.5341E+00
  2.8000E+01  8.0000E+00  0.0000E+00  0.0000E+00  0.0000E+00  0.0000E+00  2.5910E+00  0.0000E+00  0.0000E+00  2.3869E+00  7.7665E-01  1.1674E+00  2.5910E+00  1.7278E+00  8.6316E-01  1.3631E+00
  2.8000E+01  1.2000E+01  0.0000E+00  0.0000E+00  0.0000E+00  0.0000E+00  1.5610E+00  0.0000E+00  0.0000E+00  1.7648E+00 -9.3084E-01 -7.7887E-01  1.5610E+00  1.2437E+00  3.1730E-01 -9.0276E-01
  2.9000E+01  0.0000E+00  1.0000E+02  0.0000E+00  1.2000E+01  1.0000E+00  0.0000E+00  1.0000E+00  1.0000E+00  1.4713E+00 -7.3401E+00  0.0000E+00  0.0000E+00  1.2437E+00  0.0000E+00  0.0000E+00
  2.9000E+01  5.0000E-01  0.0000E+00  0.0000E+00  0.0000E+00  0.0000E+00  3.0420E+00  0.0000E+00  0.0000E+00  2.9388E+00  3.3821E-01  1.1180E+00  3.0420E+00  1.9118E+00  1.1302E+00  1.4417E+00
  2.9000E+01  1.0000E+00  0.0000E+00  0.0000E+00  0.0000E+00  0.0000E+00  3.6410E+00  0.0000E+00  0.0000E+00  3.4249E+00  6.2792E-01  1.4193E+00  3.6410E+00  2.2780E+00  1.3630E+00  1.7356E+00
  2.9000E+01  2.0000E+00  0.0000E+00  0.0000E+00  0.0000E+00  0.0000E+00  3.4540E+00  0.0000E+00  0.0000E+00  3.4695E+00 -4.4544E-02  4.7939E-01  3.4540E+00  2.5292E+00  9.2484E-01  4.1758E-01
  2.9000E+01  4.0000E+00  0.0000E+00  0.0000E+00  0.0000E+00  0.0000E+00  3.1160E+00  0.0000E+00  0.0000E+00  2.9680E+00  4.8134E-01  7.2932E-01  3.1160E+00  2.3589E+00  7.5707E-01  8.5452E-01
  2.9000E+01  8.0000E+00  0.0000E+00  0.0000E+00  0.0000E+00  0.0000E+00  2.1010E+00  0.0000E+00  0.0000E+00  2.0903E+00  4.4228E-02  2.4419E-02  2.1010E+00  1.7278E+00  3.7316E-01  2.5422E-02
  2.9000E+01  1.2000E+01  0.0000E+00  0.0000E+00  0.0000E+00  0.0000E+00  1.4120E+00  0.0000E+00  0.0000E+00  1.4713E+00 -2.9582E-01 -4.6510E-01  1.4120E+00  1.2437E+00  1.6830E-01 -6.9366E-01
  3.0000E+01  0.0000E+00  1.0000E+02  0.0000E+00  1.2000E+01  1.0000E+00  0.0000E+00  1.0000E+00  1.0000E+00  1.2674E+00 -6.7163E+00  0.0000E+00  0.0000E+00  1.2437E+00  0.0000E+00  0.0000E+00
  3.0000E+01  5.0000E-01  0.0000E+00  0.0000E+00  0.0000E+00  0.0000E+00  1.9740E+00  0.0000E+00  0.0000E+00  1.9003E+00  3.2319E-01  2.2688E-01  1.9740E+00  1.9118E+00  6.2155E-02  2.1554E-01
  3.0000E+01  1.0000E+00  0.0000E+00  0.0000E+00  0.0000E+00  0.0000E+00  2.3160E+00  0.0000E+00  0.0000E+00  2.2732E+00  1.6829E-01  9.9468E-02  2.3160E+00  2.2780E+00  3.8031E-02  9.1441E-02
  3.0000E+01  2.0000E+00  0.0000E+00  0.0000E+00  0.0000E+00  0.0000E+00  2.3780E+00  0.0000E+00  0.0000E+00  2.5692E+00 -6.9146E-01 -6.8432E-01  2.3780E+00  2.5292E+00 -1.5116E-01 -6.8452E-01
  3.0000E+01  4.0000E+00  0.0000E+00  0.0000E+00  0.0000E+00  0.0000E+00  2.6110E+00  0.0000E+00  0.0000E+00  2.4471E+00  6.1327E-01  6.8970E-01  2.6110E+00  2.3589E+00  2.5207E-01  7.0835E-01
  3.0000E+01  8.0000E+00  0.0000E+00  0.0000E+00  0.0000E+00  0.0000E+00  1.9240E+00  0.0000E+00  0.0000E+00  1.7879E+00  6.1712E-01  6.2473E-01  1.9240E+00  1.7278E+00  1.9616E-01  6.3535E-01
  3.0000E+01  1.2000E+01  0.0000E+00  0.0000E+00  0.0000E+00  0.0000E+00  1.1420E+00  0.0000E+00  0.0000E+00  1.2674E+00 -6.6473E-01 -7.4064E-01  1.1420E+00  1.2437E+00 -1.0170E-01 -7.4320E-01
