  TIME     A2_R  DA21_NM   DA21_R  DA23_NM   DA23_R
  0.25 108.2098  87.1700  87.1703   0.8379   0.8379
  0.57 192.5428 114.8600 114.8603   3.6667   3.6667
  1.12 259.4085  86.3270  86.3272  10.8410  10.8413
  2.02 283.4112  28.2720  28.2715  24.3550  24.3549
  3.82 265.0148  -5.9417  -5.9417  49.3460  49.3456
  5.10 246.4925  -8.3238  -8.3238  64.1200  64.1200
  7.03 220.4175  -7.9238  -7.9238  82.0230  82.0224
  9.05 196.0246  -7.0737  -7.0736  95.9370  95.9371
 12.12 164.0178  -5.9198  -5.9198 109.5100 109.5112
 24.37  80.5320  -2.9066  -2.9066 111.0500 111.0536
   최대차_G1    최대차_G3 
6.815038e-05 5.008775e-05 
