     추정치   RSE   boot하  boot상  LI하 LI상
T1  0.00732  4.52 6.52e-03 0.00814    NA   NA
T2  1.49000  2.55 1.42e+00 1.58000    NA   NA
T3  2.07000 35.30 1.40e-05 2.98000    NA 3.02
T4  0.07240 41.00 5.11e-06 0.12000    NA   NA
T5  1.13000 12.50 7.31e-01 1.46000 0.873 1.40
T6  0.91500  8.73 7.45e-01 1.08000 0.789 1.04
O11 0.04690 45.40 3.12e-03 0.09600    NA   NA
O21 0.02760 36.10 5.96e-03 0.04570    NA   NA
O22 0.02100 38.60 8.64e-03 0.03800    NA   NA
     CV shrinkage 감소분
CL 21.7      13.9   81.5
V  14.5      10.7   86.5
