TABLE NO.  2
 ID          ALPH        BETA        ETA1        ETA2
  1.0000E+00  6.4329E-01  6.5390E-02 -1.3874E-01 -3.7195E-01
  1.0000E+00  6.4329E-01  6.5390E-02 -1.3874E-01 -3.7195E-01
  1.0000E+00  6.4329E-01  6.5390E-02 -1.3874E-01 -3.7195E-01
  1.0000E+00  6.4329E-01  6.5390E-02 -1.3874E-01 -3.7195E-01
  1.0000E+00  6.4329E-01  6.5390E-02 -1.3874E-01 -3.7195E-01
  1.0000E+00  6.4329E-01  6.5390E-02 -1.3874E-01 -3.7195E-01
  1.0000E+00  6.4329E-01  6.5390E-02 -1.3874E-01 -3.7195E-01
  1.0000E+00  6.4329E-01  6.5390E-02 -1.3874E-01 -3.7195E-01
  2.0000E+00  8.5415E-01  9.1611E-02  1.4476E-01 -3.4767E-02
  2.0000E+00  8.5415E-01  9.1611E-02  1.4476E-01 -3.4767E-02
  2.0000E+00  8.5415E-01  9.1611E-02  1.4476E-01 -3.4767E-02
  2.0000E+00  8.5415E-01  9.1611E-02  1.4476E-01 -3.4767E-02
  2.0000E+00  8.5415E-01  9.1611E-02  1.4476E-01 -3.4767E-02
  2.0000E+00  8.5415E-01  9.1611E-02  1.4476E-01 -3.4767E-02
  2.0000E+00  8.5415E-01  9.1611E-02  1.4476E-01 -3.4767E-02
  2.0000E+00  8.5415E-01  9.1611E-02  1.4476E-01 -3.4767E-02
  3.0000E+00  1.0032E+00  1.2151E-01  3.0566E-01  2.4764E-01
  3.0000E+00  1.0032E+00  1.2151E-01  3.0566E-01  2.4764E-01
  3.0000E+00  1.0032E+00  1.2151E-01  3.0566E-01  2.4764E-01
  3.0000E+00  1.0032E+00  1.2151E-01  3.0566E-01  2.4764E-01
  3.0000E+00  1.0032E+00  1.2151E-01  3.0566E-01  2.4764E-01
  3.0000E+00  1.0032E+00  1.2151E-01  3.0566E-01  2.4764E-01
  3.0000E+00  1.0032E+00  1.2151E-01  3.0566E-01  2.4764E-01
  3.0000E+00  1.0032E+00  1.2151E-01  3.0566E-01  2.4764E-01
  4.0000E+00  7.6314E-01  8.1874E-02  3.2103E-02 -1.4714E-01
  4.0000E+00  7.6314E-01  8.1874E-02  3.2103E-02 -1.4714E-01
  4.0000E+00  7.6314E-01  8.1874E-02  3.2103E-02 -1.4714E-01
  4.0000E+00  7.6314E-01  8.1874E-02  3.2103E-02 -1.4714E-01
  4.0000E+00  7.6314E-01  8.1874E-02  3.2103E-02 -1.4714E-01
  4.0000E+00  7.6314E-01  8.1874E-02  3.2103E-02 -1.4714E-01
  4.0000E+00  7.6314E-01  8.1874E-02  3.2103E-02 -1.4714E-01
  4.0000E+00  7.6314E-01  8.1874E-02  3.2103E-02 -1.4714E-01
  5.0000E+00  7.1213E-01  8.1305E-02 -3.7086E-02 -1.5411E-01
  5.0000E+00  7.1213E-01  8.1305E-02 -3.7086E-02 -1.5411E-01
  5.0000E+00  7.1213E-01  8.1305E-02 -3.7086E-02 -1.5411E-01
  5.0000E+00  7.1213E-01  8.1305E-02 -3.7086E-02 -1.5411E-01
  5.0000E+00  7.1213E-01  8.1305E-02 -3.7086E-02 -1.5411E-01
  5.0000E+00  7.1213E-01  8.1305E-02 -3.7086E-02 -1.5411E-01
  5.0000E+00  7.1213E-01  8.1305E-02 -3.7086E-02 -1.5411E-01
  5.0000E+00  7.1213E-01  8.1305E-02 -3.7086E-02 -1.5411E-01
  6.0000E+00  5.1209E-01  6.2839E-02 -3.6684E-01 -4.1174E-01
  6.0000E+00  5.1209E-01  6.2839E-02 -3.6684E-01 -4.1174E-01
  6.0000E+00  5.1209E-01  6.2839E-02 -3.6684E-01 -4.1174E-01
  6.0000E+00  5.1209E-01  6.2839E-02 -3.6684E-01 -4.1174E-01
  6.0000E+00  5.1209E-01  6.2839E-02 -3.6684E-01 -4.1174E-01
  6.0000E+00  5.1209E-01  6.2839E-02 -3.6684E-01 -4.1174E-01
  6.0000E+00  5.1209E-01  6.2839E-02 -3.6684E-01 -4.1174E-01
  6.0000E+00  5.1209E-01  6.2839E-02 -3.6684E-01 -4.1174E-01
  7.0000E+00  6.1289E-01  6.2556E-02 -1.8716E-01 -4.1625E-01
  7.0000E+00  6.1289E-01  6.2556E-02 -1.8716E-01 -4.1625E-01
  7.0000E+00  6.1289E-01  6.2556E-02 -1.8716E-01 -4.1625E-01
  7.0000E+00  6.1289E-01  6.2556E-02 -1.8716E-01 -4.1625E-01
  7.0000E+00  6.1289E-01  6.2556E-02 -1.8716E-01 -4.1625E-01
  7.0000E+00  6.1289E-01  6.2556E-02 -1.8716E-01 -4.1625E-01
  7.0000E+00  6.1289E-01  6.2556E-02 -1.8716E-01 -4.1625E-01
  7.0000E+00  6.1289E-01  6.2556E-02 -1.8716E-01 -4.1625E-01
  8.0000E+00  7.7080E-01  8.3996E-02  4.2082E-02 -1.2155E-01
  8.0000E+00  7.7080E-01  8.3996E-02  4.2082E-02 -1.2155E-01
  8.0000E+00  7.7080E-01  8.3996E-02  4.2082E-02 -1.2155E-01
  8.0000E+00  7.7080E-01  8.3996E-02  4.2082E-02 -1.2155E-01
  8.0000E+00  7.7080E-01  8.3996E-02  4.2082E-02 -1.2155E-01
  8.0000E+00  7.7080E-01  8.3996E-02  4.2082E-02 -1.2155E-01
  8.0000E+00  7.7080E-01  8.3996E-02  4.2082E-02 -1.2155E-01
  8.0000E+00  7.7080E-01  8.3996E-02  4.2082E-02 -1.2155E-01
  9.0000E+00  8.1959E-01  9.1257E-02  1.0347E-01 -3.8644E-02
  9.0000E+00  8.1959E-01  9.1257E-02  1.0347E-01 -3.8644E-02
  9.0000E+00  8.1959E-01  9.1257E-02  1.0347E-01 -3.8644E-02
  9.0000E+00  8.1959E-01  9.1257E-02  1.0347E-01 -3.8644E-02
  9.0000E+00  8.1959E-01  9.1257E-02  1.0347E-01 -3.8644E-02
  9.0000E+00  8.1959E-01  9.1257E-02  1.0347E-01 -3.8644E-02
  9.0000E+00  8.1959E-01  9.1257E-02  1.0347E-01 -3.8644E-02
  9.0000E+00  8.1959E-01  9.1257E-02  1.0347E-01 -3.8644E-02
  1.0000E+01  5.2738E-01  5.5221E-02 -3.3742E-01 -5.4097E-01
  1.0000E+01  5.2738E-01  5.5221E-02 -3.3742E-01 -5.4097E-01
  1.0000E+01  5.2738E-01  5.5221E-02 -3.3742E-01 -5.4097E-01
  1.0000E+01  5.2738E-01  5.5221E-02 -3.3742E-01 -5.4097E-01
  1.0000E+01  5.2738E-01  5.5221E-02 -3.3742E-01 -5.4097E-01
  1.0000E+01  5.2738E-01  5.5221E-02 -3.3742E-01 -5.4097E-01
  1.0000E+01  5.2738E-01  5.5221E-02 -3.3742E-01 -5.4097E-01
  1.0000E+01  5.2738E-01  5.5221E-02 -3.3742E-01 -5.4097E-01
  1.1000E+01  6.7856E-01  7.0468E-02 -8.5374E-02 -2.9716E-01
  1.1000E+01  6.7856E-01  7.0468E-02 -8.5374E-02 -2.9716E-01
  1.1000E+01  6.7856E-01  7.0468E-02 -8.5374E-02 -2.9716E-01
  1.1000E+01  6.7856E-01  7.0468E-02 -8.5374E-02 -2.9716E-01
  1.1000E+01  6.7856E-01  7.0468E-02 -8.5374E-02 -2.9716E-01
  1.1000E+01  6.7856E-01  7.0468E-02 -8.5374E-02 -2.9716E-01
  1.1000E+01  6.7856E-01  7.0468E-02 -8.5374E-02 -2.9716E-01
  1.1000E+01  6.7856E-01  7.0468E-02 -8.5374E-02 -2.9716E-01
  1.2000E+01  4.7596E-01  4.5924E-02 -4.4002E-01 -7.2532E-01
  1.2000E+01  4.7596E-01  4.5924E-02 -4.4002E-01 -7.2532E-01
  1.2000E+01  4.7596E-01  4.5924E-02 -4.4002E-01 -7.2532E-01
  1.2000E+01  4.7596E-01  4.5924E-02 -4.4002E-01 -7.2532E-01
  1.2000E+01  4.7596E-01  4.5924E-02 -4.4002E-01 -7.2532E-01
  1.2000E+01  4.7596E-01  4.5924E-02 -4.4002E-01 -7.2532E-01
  1.2000E+01  4.7596E-01  4.5924E-02 -4.4002E-01 -7.2532E-01
  1.2000E+01  4.7596E-01  4.5924E-02 -4.4002E-01 -7.2532E-01
  1.3000E+01  6.1541E-01  5.4284E-02 -1.8306E-01 -5.5809E-01
  1.3000E+01  6.1541E-01  5.4284E-02 -1.8306E-01 -5.5809E-01
  1.3000E+01  6.1541E-01  5.4284E-02 -1.8306E-01 -5.5809E-01
  1.3000E+01  6.1541E-01  5.4284E-02 -1.8306E-01 -5.5809E-01
  1.3000E+01  6.1541E-01  5.4284E-02 -1.8306E-01 -5.5809E-01
  1.3000E+01  6.1541E-01  5.4284E-02 -1.8306E-01 -5.5809E-01
  1.3000E+01  6.1541E-01  5.4284E-02 -1.8306E-01 -5.5809E-01
  1.3000E+01  6.1541E-01  5.4284E-02 -1.8306E-01 -5.5809E-01
  1.4000E+01  8.7900E-01  1.0564E-01  1.7344E-01  1.0771E-01
  1.4000E+01  8.7900E-01  1.0564E-01  1.7344E-01  1.0771E-01
  1.4000E+01  8.7900E-01  1.0564E-01  1.7344E-01  1.0771E-01
  1.4000E+01  8.7900E-01  1.0564E-01  1.7344E-01  1.0771E-01
  1.4000E+01  8.7900E-01  1.0564E-01  1.7344E-01  1.0771E-01
  1.4000E+01  8.7900E-01  1.0564E-01  1.7344E-01  1.0771E-01
  1.4000E+01  8.7900E-01  1.0564E-01  1.7344E-01  1.0771E-01
  1.4000E+01  8.7900E-01  1.0564E-01  1.7344E-01  1.0771E-01
  1.5000E+01  7.4660E-01  7.7392E-02  1.0187E-02 -2.0344E-01
  1.5000E+01  7.4660E-01  7.7392E-02  1.0187E-02 -2.0344E-01
  1.5000E+01  7.4660E-01  7.7392E-02  1.0187E-02 -2.0344E-01
  1.5000E+01  7.4660E-01  7.7392E-02  1.0187E-02 -2.0344E-01
  1.5000E+01  7.4660E-01  7.7392E-02  1.0187E-02 -2.0344E-01
  1.5000E+01  7.4660E-01  7.7392E-02  1.0187E-02 -2.0344E-01
  1.5000E+01  7.4660E-01  7.7392E-02  1.0187E-02 -2.0344E-01
  1.5000E+01  7.4660E-01  7.7392E-02  1.0187E-02 -2.0344E-01
  1.6000E+01  7.7864E-01  8.7812E-02  5.2208E-02 -7.7122E-02
  1.6000E+01  7.7864E-01  8.7812E-02  5.2208E-02 -7.7122E-02
  1.6000E+01  7.7864E-01  8.7812E-02  5.2208E-02 -7.7122E-02
  1.6000E+01  7.7864E-01  8.7812E-02  5.2208E-02 -7.7122E-02
  1.6000E+01  7.7864E-01  8.7812E-02  5.2208E-02 -7.7122E-02
  1.6000E+01  7.7864E-01  8.7812E-02  5.2208E-02 -7.7122E-02
  1.6000E+01  7.7864E-01  8.7812E-02  5.2208E-02 -7.7122E-02
  1.6000E+01  7.7864E-01  8.7812E-02  5.2208E-02 -7.7122E-02
  1.7000E+01  8.3542E-01  8.9988E-02  1.2260E-01 -5.2641E-02
  1.7000E+01  8.3542E-01  8.9988E-02  1.2260E-01 -5.2641E-02
  1.7000E+01  8.3542E-01  8.9988E-02  1.2260E-01 -5.2641E-02
  1.7000E+01  8.3542E-01  8.9988E-02  1.2260E-01 -5.2641E-02
  1.7000E+01  8.3542E-01  8.9988E-02  1.2260E-01 -5.2641E-02
  1.7000E+01  8.3542E-01  8.9988E-02  1.2260E-01 -5.2641E-02
  1.7000E+01  8.3542E-01  8.9988E-02  1.2260E-01 -5.2641E-02
  1.7000E+01  8.3542E-01  8.9988E-02  1.2260E-01 -5.2641E-02
  1.8000E+01  9.6486E-01  1.1142E-01  2.6664E-01  1.6102E-01
  1.8000E+01  9.6486E-01  1.1142E-01  2.6664E-01  1.6102E-01
  1.8000E+01  9.6486E-01  1.1142E-01  2.6664E-01  1.6102E-01
  1.8000E+01  9.6486E-01  1.1142E-01  2.6664E-01  1.6102E-01
  1.8000E+01  9.6486E-01  1.1142E-01  2.6664E-01  1.6102E-01
  1.8000E+01  9.6486E-01  1.1142E-01  2.6664E-01  1.6102E-01
  1.8000E+01  9.6486E-01  1.1142E-01  2.6664E-01  1.6102E-01
  1.8000E+01  9.6486E-01  1.1142E-01  2.6664E-01  1.6102E-01
  1.9000E+01  9.1000E-01  1.1131E-01  2.0811E-01  1.5996E-01
  1.9000E+01  9.1000E-01  1.1131E-01  2.0811E-01  1.5996E-01
  1.9000E+01  9.1000E-01  1.1131E-01  2.0811E-01  1.5996E-01
  1.9000E+01  9.1000E-01  1.1131E-01  2.0811E-01  1.5996E-01
  1.9000E+01  9.1000E-01  1.1131E-01  2.0811E-01  1.5996E-01
  1.9000E+01  9.1000E-01  1.1131E-01  2.0811E-01  1.5996E-01
  1.9000E+01  9.1000E-01  1.1131E-01  2.0811E-01  1.5996E-01
  1.9000E+01  9.1000E-01  1.1131E-01  2.0811E-01  1.5996E-01
  2.0000E+01  6.4460E-01  6.9277E-02 -1.3672E-01 -3.1420E-01
  2.0000E+01  6.4460E-01  6.9277E-02 -1.3672E-01 -3.1420E-01
  2.0000E+01  6.4460E-01  6.9277E-02 -1.3672E-01 -3.1420E-01
  2.0000E+01  6.4460E-01  6.9277E-02 -1.3672E-01 -3.1420E-01
  2.0000E+01  6.4460E-01  6.9277E-02 -1.3672E-01 -3.1420E-01
  2.0000E+01  6.4460E-01  6.9277E-02 -1.3672E-01 -3.1420E-01
  2.0000E+01  6.4460E-01  6.9277E-02 -1.3672E-01 -3.1420E-01
  2.0000E+01  6.4460E-01  6.9277E-02 -1.3672E-01 -3.1420E-01
  2.1000E+01  1.1348E+00  1.7061E-01  4.2891E-01  5.8704E-01
  2.1000E+01  1.1348E+00  1.7061E-01  4.2891E-01  5.8704E-01
  2.1000E+01  1.1348E+00  1.7061E-01  4.2891E-01  5.8704E-01
  2.1000E+01  1.1348E+00  1.7061E-01  4.2891E-01  5.8704E-01
  2.1000E+01  1.1348E+00  1.7061E-01  4.2891E-01  5.8704E-01
  2.1000E+01  1.1348E+00  1.7061E-01  4.2891E-01  5.8704E-01
  2.1000E+01  1.1348E+00  1.7061E-01  4.2891E-01  5.8704E-01
  2.1000E+01  1.1348E+00  1.7061E-01  4.2891E-01  5.8704E-01
  2.2000E+01  8.6407E-01  1.2681E-01  1.5631E-01  2.9035E-01
  2.2000E+01  8.6407E-01  1.2681E-01  1.5631E-01  2.9035E-01
  2.2000E+01  8.6407E-01  1.2681E-01  1.5631E-01  2.9035E-01
  2.2000E+01  8.6407E-01  1.2681E-01  1.5631E-01  2.9035E-01
  2.2000E+01  8.6407E-01  1.2681E-01  1.5631E-01  2.9035E-01
  2.2000E+01  8.6407E-01  1.2681E-01  1.5631E-01  2.9035E-01
  2.2000E+01  8.6407E-01  1.2681E-01  1.5631E-01  2.9035E-01
  2.2000E+01  8.6407E-01  1.2681E-01  1.5631E-01  2.9035E-01
  2.3000E+01  9.9052E-01  1.5883E-01  2.9288E-01  5.1551E-01
  2.3000E+01  9.9052E-01  1.5883E-01  2.9288E-01  5.1551E-01
  2.3000E+01  9.9052E-01  1.5883E-01  2.9288E-01  5.1551E-01
  2.3000E+01  9.9052E-01  1.5883E-01  2.9288E-01  5.1551E-01
  2.3000E+01  9.9052E-01  1.5883E-01  2.9288E-01  5.1551E-01
  2.3000E+01  9.9052E-01  1.5883E-01  2.9288E-01  5.1551E-01
  2.3000E+01  9.9052E-01  1.5883E-01  2.9288E-01  5.1551E-01
  2.3000E+01  9.9052E-01  1.5883E-01  2.9288E-01  5.1551E-01
  2.4000E+01  6.7514E-01  1.0709E-01 -9.0416E-02  1.2136E-01
  2.4000E+01  6.7514E-01  1.0709E-01 -9.0416E-02  1.2136E-01
  2.4000E+01  6.7514E-01  1.0709E-01 -9.0416E-02  1.2136E-01
  2.4000E+01  6.7514E-01  1.0709E-01 -9.0416E-02  1.2136E-01
  2.4000E+01  6.7514E-01  1.0709E-01 -9.0416E-02  1.2136E-01
  2.4000E+01  6.7514E-01  1.0709E-01 -9.0416E-02  1.2136E-01
  2.4000E+01  6.7514E-01  1.0709E-01 -9.0416E-02  1.2136E-01
  2.4000E+01  6.7514E-01  1.0709E-01 -9.0416E-02  1.2136E-01
  2.5000E+01  6.1076E-01  8.6765E-02 -1.9063E-01 -8.9116E-02
  2.5000E+01  6.1076E-01  8.6765E-02 -1.9063E-01 -8.9116E-02
  2.5000E+01  6.1076E-01  8.6765E-02 -1.9063E-01 -8.9116E-02
  2.5000E+01  6.1076E-01  8.6765E-02 -1.9063E-01 -8.9116E-02
  2.5000E+01  6.1076E-01  8.6765E-02 -1.9063E-01 -8.9116E-02
  2.5000E+01  6.1076E-01  8.6765E-02 -1.9063E-01 -8.9116E-02
  2.5000E+01  6.1076E-01  8.6765E-02 -1.9063E-01 -8.9116E-02
  2.5000E+01  6.1076E-01  8.6765E-02 -1.9063E-01 -8.9116E-02
  2.6000E+01  7.1372E-01  1.0499E-01 -3.4855E-02  1.0153E-01
  2.6000E+01  7.1372E-01  1.0499E-01 -3.4855E-02  1.0153E-01
  2.6000E+01  7.1372E-01  1.0499E-01 -3.4855E-02  1.0153E-01
  2.6000E+01  7.1372E-01  1.0499E-01 -3.4855E-02  1.0153E-01
  2.6000E+01  7.1372E-01  1.0499E-01 -3.4855E-02  1.0153E-01
  2.6000E+01  7.1372E-01  1.0499E-01 -3.4855E-02  1.0153E-01
  2.6000E+01  7.1372E-01  1.0499E-01 -3.4855E-02  1.0153E-01
  2.6000E+01  7.1372E-01  1.0499E-01 -3.4855E-02  1.0153E-01
  2.7000E+01  8.5384E-01  1.1994E-01  1.4440E-01  2.3468E-01
  2.7000E+01  8.5384E-01  1.1994E-01  1.4440E-01  2.3468E-01
  2.7000E+01  8.5384E-01  1.1994E-01  1.4440E-01  2.3468E-01
  2.7000E+01  8.5384E-01  1.1994E-01  1.4440E-01  2.3468E-01
  2.7000E+01  8.5384E-01  1.1994E-01  1.4440E-01  2.3468E-01
  2.7000E+01  8.5384E-01  1.1994E-01  1.4440E-01  2.3468E-01
  2.7000E+01  8.5384E-01  1.1994E-01  1.4440E-01  2.3468E-01
  2.7000E+01  8.5384E-01  1.1994E-01  1.4440E-01  2.3468E-01
  2.8000E+01  7.4290E-01  1.0812E-01  5.2219E-03  1.3096E-01
  2.8000E+01  7.4290E-01  1.0812E-01  5.2219E-03  1.3096E-01
  2.8000E+01  7.4290E-01  1.0812E-01  5.2219E-03  1.3096E-01
  2.8000E+01  7.4290E-01  1.0812E-01  5.2219E-03  1.3096E-01
  2.8000E+01  7.4290E-01  1.0812E-01  5.2219E-03  1.3096E-01
  2.8000E+01  7.4290E-01  1.0812E-01  5.2219E-03  1.3096E-01
  2.8000E+01  7.4290E-01  1.0812E-01  5.2219E-03  1.3096E-01
  2.8000E+01  7.4290E-01  1.0812E-01  5.2219E-03  1.3096E-01
  2.9000E+01  7.5321E-01  1.1947E-01  1.8998E-02  2.3077E-01
  2.9000E+01  7.5321E-01  1.1947E-01  1.8998E-02  2.3077E-01
  2.9000E+01  7.5321E-01  1.1947E-01  1.8998E-02  2.3077E-01
  2.9000E+01  7.5321E-01  1.1947E-01  1.8998E-02  2.3077E-01
  2.9000E+01  7.5321E-01  1.1947E-01  1.8998E-02  2.3077E-01
  2.9000E+01  7.5321E-01  1.1947E-01  1.8998E-02  2.3077E-01
  2.9000E+01  7.5321E-01  1.1947E-01  1.8998E-02  2.3077E-01
  2.9000E+01  7.5321E-01  1.1947E-01  1.8998E-02  2.3077E-01
  3.0000E+01  7.2303E-01  1.1964E-01 -2.1892E-02  2.3217E-01
  3.0000E+01  7.2303E-01  1.1964E-01 -2.1892E-02  2.3217E-01
  3.0000E+01  7.2303E-01  1.1964E-01 -2.1892E-02  2.3217E-01
  3.0000E+01  7.2303E-01  1.1964E-01 -2.1892E-02  2.3217E-01
  3.0000E+01  7.2303E-01  1.1964E-01 -2.1892E-02  2.3217E-01
  3.0000E+01  7.2303E-01  1.1964E-01 -2.1892E-02  2.3217E-01
  3.0000E+01  7.2303E-01  1.1964E-01 -2.1892E-02  2.3217E-01
  3.0000E+01  7.2303E-01  1.1964E-01 -2.1892E-02  2.3217E-01
  3.1000E+01  7.7323E-01  1.1357E-01  4.5238E-02  1.8006E-01
  3.1000E+01  7.7323E-01  1.1357E-01  4.5238E-02  1.8006E-01
  3.1000E+01  7.7323E-01  1.1357E-01  4.5238E-02  1.8006E-01
  3.1000E+01  7.7323E-01  1.1357E-01  4.5238E-02  1.8006E-01
  3.1000E+01  7.7323E-01  1.1357E-01  4.5238E-02  1.8006E-01
  3.1000E+01  7.7323E-01  1.1357E-01  4.5238E-02  1.8006E-01
  3.1000E+01  7.7323E-01  1.1357E-01  4.5238E-02  1.8006E-01
  3.1000E+01  7.7323E-01  1.1357E-01  4.5238E-02  1.8006E-01
  3.2000E+01  8.4308E-01  1.1825E-01  1.3172E-01  2.2051E-01
  3.2000E+01  8.4308E-01  1.1825E-01  1.3172E-01  2.2051E-01
  3.2000E+01  8.4308E-01  1.1825E-01  1.3172E-01  2.2051E-01
  3.2000E+01  8.4308E-01  1.1825E-01  1.3172E-01  2.2051E-01
  3.2000E+01  8.4308E-01  1.1825E-01  1.3172E-01  2.2051E-01
  3.2000E+01  8.4308E-01  1.1825E-01  1.3172E-01  2.2051E-01
  3.2000E+01  8.4308E-01  1.1825E-01  1.3172E-01  2.2051E-01
  3.2000E+01  8.4308E-01  1.1825E-01  1.3172E-01  2.2051E-01
  3.3000E+01  7.9440E-01  1.2330E-01  7.2241E-02  2.6229E-01
  3.3000E+01  7.9440E-01  1.2330E-01  7.2241E-02  2.6229E-01
  3.3000E+01  7.9440E-01  1.2330E-01  7.2241E-02  2.6229E-01
  3.3000E+01  7.9440E-01  1.2330E-01  7.2241E-02  2.6229E-01
  3.3000E+01  7.9440E-01  1.2330E-01  7.2241E-02  2.6229E-01
  3.3000E+01  7.9440E-01  1.2330E-01  7.2241E-02  2.6229E-01
  3.3000E+01  7.9440E-01  1.2330E-01  7.2241E-02  2.6229E-01
  3.3000E+01  7.9440E-01  1.2330E-01  7.2241E-02  2.6229E-01
  3.4000E+01  8.5237E-01  1.2558E-01  1.4268E-01  2.8060E-01
  3.4000E+01  8.5237E-01  1.2558E-01  1.4268E-01  2.8060E-01
  3.4000E+01  8.5237E-01  1.2558E-01  1.4268E-01  2.8060E-01
  3.4000E+01  8.5237E-01  1.2558E-01  1.4268E-01  2.8060E-01
  3.4000E+01  8.5237E-01  1.2558E-01  1.4268E-01  2.8060E-01
  3.4000E+01  8.5237E-01  1.2558E-01  1.4268E-01  2.8060E-01
  3.4000E+01  8.5237E-01  1.2558E-01  1.4268E-01  2.8060E-01
  3.4000E+01  8.5237E-01  1.2558E-01  1.4268E-01  2.8060E-01
  3.5000E+01  6.4569E-01  1.0418E-01 -1.3503E-01  9.3825E-02
  3.5000E+01  6.4569E-01  1.0418E-01 -1.3503E-01  9.3825E-02
  3.5000E+01  6.4569E-01  1.0418E-01 -1.3503E-01  9.3825E-02
  3.5000E+01  6.4569E-01  1.0418E-01 -1.3503E-01  9.3825E-02
  3.5000E+01  6.4569E-01  1.0418E-01 -1.3503E-01  9.3825E-02
  3.5000E+01  6.4569E-01  1.0418E-01 -1.3503E-01  9.3825E-02
  3.5000E+01  6.4569E-01  1.0418E-01 -1.3503E-01  9.3825E-02
  3.5000E+01  6.4569E-01  1.0418E-01 -1.3503E-01  9.3825E-02
  3.6000E+01  7.2840E-01  1.1098E-01 -1.4495E-02  1.5706E-01
  3.6000E+01  7.2840E-01  1.1098E-01 -1.4495E-02  1.5706E-01
  3.6000E+01  7.2840E-01  1.1098E-01 -1.4495E-02  1.5706E-01
  3.6000E+01  7.2840E-01  1.1098E-01 -1.4495E-02  1.5706E-01
  3.6000E+01  7.2840E-01  1.1098E-01 -1.4495E-02  1.5706E-01
  3.6000E+01  7.2840E-01  1.1098E-01 -1.4495E-02  1.5706E-01
  3.6000E+01  7.2840E-01  1.1098E-01 -1.4495E-02  1.5706E-01
  3.6000E+01  7.2840E-01  1.1098E-01 -1.4495E-02  1.5706E-01
  3.7000E+01  6.4906E-01  9.8030E-02 -1.2982E-01  3.2949E-02
  3.7000E+01  6.4906E-01  9.8030E-02 -1.2982E-01  3.2949E-02
  3.7000E+01  6.4906E-01  9.8030E-02 -1.2982E-01  3.2949E-02
  3.7000E+01  6.4906E-01  9.8030E-02 -1.2982E-01  3.2949E-02
  3.7000E+01  6.4906E-01  9.8030E-02 -1.2982E-01  3.2949E-02
  3.7000E+01  6.4906E-01  9.8030E-02 -1.2982E-01  3.2949E-02
  3.7000E+01  6.4906E-01  9.8030E-02 -1.2982E-01  3.2949E-02
  3.7000E+01  6.4906E-01  9.8030E-02 -1.2982E-01  3.2949E-02
  3.8000E+01  5.9923E-01  9.2811E-02 -2.0970E-01 -2.1751E-02
  3.8000E+01  5.9923E-01  9.2811E-02 -2.0970E-01 -2.1751E-02
  3.8000E+01  5.9923E-01  9.2811E-02 -2.0970E-01 -2.1751E-02
  3.8000E+01  5.9923E-01  9.2811E-02 -2.0970E-01 -2.1751E-02
  3.8000E+01  5.9923E-01  9.2811E-02 -2.0970E-01 -2.1751E-02
  3.8000E+01  5.9923E-01  9.2811E-02 -2.0970E-01 -2.1751E-02
  3.8000E+01  5.9923E-01  9.2811E-02 -2.0970E-01 -2.1751E-02
  3.8000E+01  5.9923E-01  9.2811E-02 -2.0970E-01 -2.1751E-02
  3.9000E+01  7.5697E-01  1.4303E-01  2.3987E-02  4.1074E-01
  3.9000E+01  7.5697E-01  1.4303E-01  2.3987E-02  4.1074E-01
  3.9000E+01  7.5697E-01  1.4303E-01  2.3987E-02  4.1074E-01
  3.9000E+01  7.5697E-01  1.4303E-01  2.3987E-02  4.1074E-01
  3.9000E+01  7.5697E-01  1.4303E-01  2.3987E-02  4.1074E-01
  3.9000E+01  7.5697E-01  1.4303E-01  2.3987E-02  4.1074E-01
  3.9000E+01  7.5697E-01  1.4303E-01  2.3987E-02  4.1074E-01
  3.9000E+01  7.5697E-01  1.4303E-01  2.3987E-02  4.1074E-01
  4.0000E+01  8.0081E-01  1.1523E-01  8.0280E-02  1.9460E-01
  4.0000E+01  8.0081E-01  1.1523E-01  8.0280E-02  1.9460E-01
  4.0000E+01  8.0081E-01  1.1523E-01  8.0280E-02  1.9460E-01
  4.0000E+01  8.0081E-01  1.1523E-01  8.0280E-02  1.9460E-01
  4.0000E+01  8.0081E-01  1.1523E-01  8.0280E-02  1.9460E-01
  4.0000E+01  8.0081E-01  1.1523E-01  8.0280E-02  1.9460E-01
  4.0000E+01  8.0081E-01  1.1523E-01  8.0280E-02  1.9460E-01
  4.0000E+01  8.0081E-01  1.1523E-01  8.0280E-02  1.9460E-01
