TABLE NO.  1
 ID          TIME        DV          MDV         GRP         IPRE        IWRE        CWRES       DV          PRED        RES         WRES
  1.0000E+00  7.0000E+00  2.2300E+01  0.0000E+00  0.0000E+00  3.7086E+01 -4.0490E-01 -4.5554E-01  2.2300E+01  4.3831E+01 -2.1531E+01 -3.0908E-01
  1.0000E+00  9.0000E+00  4.8200E+01  0.0000E+00  0.0000E+00  7.9544E+01 -8.4920E-01 -9.5507E-01  4.8200E+01  8.7659E+01 -3.9459E+01 -7.5833E-01
  1.0000E+00  1.1000E+01  1.4510E+02  0.0000E+00  0.0000E+00  1.5537E+02 -2.6834E-01 -4.5135E-01  1.4510E+02  1.5552E+02 -1.0422E+01 -2.9825E-01
  1.0000E+00  1.3000E+01  2.8090E+02  0.0000E+00  0.0000E+00  2.7958E+02  3.1321E-02 -2.2945E-01  2.8090E+02  2.4990E+02  3.1003E+01 -2.2456E-01
  1.0000E+00  1.5000E+01  5.3570E+02  0.0000E+00  0.0000E+00  4.6812E+02  1.3255E+00  1.0334E+00  5.3570E+02  3.6995E+02  1.6575E+02  9.7966E-01
  1.0000E+00  1.7000E+01  6.7540E+02  0.0000E+00  0.0000E+00  7.3580E+02 -9.0303E-01 -1.1132E+00  6.7540E+02  5.1177E+02  1.6363E+02 -1.4012E+00
  1.0000E+00  1.9000E+01  9.8580E+02  0.0000E+00  0.0000E+00  1.0942E+03 -1.1906E+00 -1.1381E+00  9.8580E+02  6.6937E+02  3.1643E+02 -1.3552E+00
  1.0000E+00  2.1000E+01  1.6906E+03  0.0000E+00  0.0000E+00  1.5499E+03  1.1379E+00  1.6790E+00  1.6906E+03  8.3580E+02  8.5480E+02  2.7444E+00
  2.0000E+00  7.0000E+00  7.0400E+01  0.0000E+00  0.0000E+00  8.2568E+01 -3.2932E-01 -2.9442E-01  7.0400E+01  4.3831E+01  2.6569E+01 -2.9634E-01
  2.0000E+00  9.0000E+00  1.9730E+02  0.0000E+00  0.0000E+00  1.8785E+02  2.4155E-01  3.2231E-01  1.9730E+02  8.7659E+01  1.0964E+02  3.3020E-01
  2.0000E+00  1.1000E+01  3.7470E+02  0.0000E+00  0.0000E+00  3.7243E+02  4.9255E-02  2.0568E-01  3.7470E+02  1.5552E+02  2.1918E+02  2.0769E-01
  2.0000E+00  1.3000E+01  6.6480E+02  0.0000E+00  0.0000E+00  6.5843E+02  1.0274E-01  3.6540E-01  6.6480E+02  2.4990E+02  4.1490E+02  4.3865E-01
  2.0000E+00  1.5000E+01  1.0844E+03  0.0000E+00  0.0000E+00  1.0581E+03  2.9655E-01  6.8350E-01  1.0844E+03  3.6995E+02  7.1445E+02  1.0668E+00
  2.0000E+00  1.7000E+01  1.5561E+03  0.0000E+00  0.0000E+00  1.5707E+03 -1.1653E-01  3.9635E-01  1.5561E+03  5.1177E+02  1.0443E+03  5.9570E-01
  2.0000E+00  1.9000E+01  2.1693E+03  0.0000E+00  0.0000E+00  2.1823E+03 -7.6316E-02  5.5504E-01  2.1693E+03  6.6937E+02  1.4999E+03  1.0909E+00
  2.0000E+00  2.1000E+01  2.9279E+03  0.0000E+00  0.0000E+00  2.8696E+03  2.6261E-01  1.0030E+00  2.9279E+03  8.3580E+02  2.0921E+03  2.4231E+00
  3.0000E+00  7.0000E+00  1.0000E+02  0.0000E+00  0.0000E+00  1.1325E+02 -3.5420E-01 -1.4032E-01  1.0000E+02  4.3831E+01  5.6169E+01 -1.0956E-01
  3.0000E+00  9.0000E+00  2.5660E+02  0.0000E+00  0.0000E+00  2.4240E+02  3.4783E-01  7.6685E-01  2.5660E+02  8.7659E+01  1.6894E+02  1.0140E+00
  3.0000E+00  1.1000E+01  4.8990E+02  0.0000E+00  0.0000E+00  4.4026E+02  1.0024E+00  1.6386E+00  4.8990E+02  1.5552E+02  3.3438E+02  2.4027E+00
  3.0000E+00  1.3000E+01  6.3380E+02  0.0000E+00  0.0000E+00  7.0303E+02 -1.0682E+00 -2.8885E-01  6.3380E+02  2.4990E+02  3.8390E+02 -1.7420E-01
  3.0000E+00  1.5000E+01  1.0285E+03  0.0000E+00  0.0000E+00  1.0148E+03  1.6008E-01  9.4816E-01  1.0285E+03  3.6995E+02  6.5855E+02  1.8886E+00
  3.0000E+00  1.7000E+01  1.4798E+03  0.0000E+00  0.0000E+00  1.3533E+03  1.1556E+00  1.8064E+00  1.4798E+03  5.1177E+02  9.6803E+02  3.5809E+00
  3.0000E+00  1.9000E+01  1.5153E+03  0.0000E+00  0.0000E+00  1.6961E+03 -1.3457E+00 -9.5322E-01  1.5153E+03  6.6937E+02  8.4593E+02 -1.6359E+00
  3.0000E+00  2.1000E+01  2.0947E+03  0.0000E+00  0.0000E+00  2.0247E+03  4.4150E-01  4.9488E-01  2.0947E+03  8.3580E+02  1.2589E+03  1.1144E+00
  4.0000E+00  7.0000E+00  3.9200E+01  0.0000E+00  0.0000E+00  5.8331E+01 -5.2157E-01 -4.9878E-01  3.9200E+01  4.3831E+01 -4.6315E+00 -4.1315E-01
  4.0000E+00  9.0000E+00  1.6490E+02  0.0000E+00  0.0000E+00  1.2900E+02  9.5180E-01  1.0050E+00  1.6490E+02  8.7659E+01  7.7241E+01  1.1225E+00
  4.0000E+00  1.1000E+01  2.2210E+02  0.0000E+00  0.0000E+00  2.5307E+02 -7.5157E-01 -6.4949E-01  2.2210E+02  1.5552E+02  6.6578E+01 -6.4961E-01
  4.0000E+00  1.3000E+01  4.5560E+02  0.0000E+00  0.0000E+00  4.4841E+02  1.4387E-01  3.0905E-01  4.5560E+02  2.4990E+02  2.0570E+02  3.0734E-01
  4.0000E+00  1.5000E+01  8.2670E+02  0.0000E+00  0.0000E+00  7.2877E+02  1.4740E+00  1.7105E+00  8.2670E+02  3.6995E+02  4.5675E+02  2.2156E+00
  4.0000E+00  1.7000E+01  9.6120E+02  0.0000E+00  0.0000E+00  1.1006E+03 -1.5242E+00 -1.2001E+00  9.6120E+02  5.1177E+02  4.4943E+02 -2.0965E+00
  4.0000E+00  1.9000E+01  1.4524E+03  0.0000E+00  0.0000E+00  1.5619E+03 -8.7932E-01 -4.2973E-01  1.4524E+03  6.6937E+02  7.8303E+02 -8.2757E-01
  4.0000E+00  2.1000E+01  2.2814E+03  0.0000E+00  0.0000E+00  2.1024E+03  1.0890E+00  1.7224E+00  2.2814E+03  8.3580E+02  1.4456E+03  3.3428E+00
  5.0000E+00  7.0000E+00  1.1700E+01  0.0000E+00  0.0000E+00  4.4753E+01 -9.0386E-01 -9.1320E-01  1.1700E+01  4.3831E+01 -3.2131E+01 -8.7873E-01
  5.0000E+00  9.0000E+00  3.5200E+01  0.0000E+00  0.0000E+00  9.4176E+01 -1.5892E+00 -1.6069E+00  3.5200E+01  8.7659E+01 -5.2459E+01 -1.5702E+00
  5.0000E+00  1.1000E+01  1.8230E+02  0.0000E+00  0.0000E+00  1.7724E+02  1.3021E-01  1.0347E-01  1.8230E+02  1.5552E+02  2.6778E+01  1.2773E-01
  5.0000E+00  1.3000E+01  3.8670E+02  0.0000E+00  0.0000E+00  3.0338E+02  1.9316E+00  1.9012E+00  3.8670E+02  2.4990E+02  1.3680E+02  1.9623E+00
  5.0000E+00  1.5000E+01  4.2920E+02  0.0000E+00  0.0000E+00  4.7903E+02 -9.6622E-01 -9.8186E-01  4.2920E+02  3.6995E+02  5.9253E+01 -1.1071E+00
  5.0000E+00  1.7000E+01  7.0560E+02  0.0000E+00  0.0000E+00  7.0628E+02 -1.0423E-02  2.7282E-02  7.0560E+02  5.1177E+02  1.9383E+02  1.9536E-03
  5.0000E+00  1.9000E+01  9.3250E+02  0.0000E+00  0.0000E+00  9.8238E+02 -5.9888E-01 -4.5005E-01  9.3250E+02  6.6937E+02  2.6313E+02 -4.9789E-01
  5.0000E+00  2.1000E+01  1.3693E+03  0.0000E+00  0.0000E+00  1.3004E+03  6.5217E-01  9.7863E-01  1.3693E+03  8.3580E+02  5.3350E+02  1.2931E+00
  6.0000E+00  7.0000E+00  1.3500E+01  0.0000E+00  0.0000E+00  1.8177E+01 -1.2837E-01 -2.1219E-01  1.3500E+01  4.3831E+01 -3.0331E+01 -1.4186E-01
  6.0000E+00  9.0000E+00  1.0000E+00  0.0000E+00  0.0000E+00  3.3787E+01 -8.9829E-01 -1.0619E+00  1.0000E+00  8.7659E+01 -8.6659E+01 -8.8470E-01
  6.0000E+00  1.1000E+01  1.0900E+01  0.0000E+00  0.0000E+00  5.8369E+01 -1.2942E+00 -1.5722E+00  1.0900E+01  1.5552E+02 -1.4462E+02 -1.2328E+00
  6.0000E+00  1.3000E+01  4.0000E+01  0.0000E+00  0.0000E+00  9.4531E+01 -1.4692E+00 -1.8888E+00  4.0000E+01  2.4990E+02 -2.0990E+02 -1.3569E+00
  6.0000E+00  1.5000E+01  1.7250E+02  0.0000E+00  0.0000E+00  1.4462E+02  7.3279E-01  1.6511E-01  1.7250E+02  3.6995E+02 -1.9745E+02  4.2898E-01
  6.0000E+00  1.7000E+01  2.0860E+02  0.0000E+00  0.0000E+00  2.1042E+02 -4.5772E-02 -7.3553E-01  2.0860E+02  5.1177E+02 -3.0317E+02 -3.2118E-01
  6.0000E+00  1.9000E+01  2.9140E+02  0.0000E+00  0.0000E+00  2.9289E+02 -3.4950E-02 -7.8277E-01  2.9140E+02  6.6937E+02 -3.7797E+02 -3.8324E-01
  6.0000E+00  2.1000E+01  4.0210E+02  0.0000E+00  0.0000E+00  3.9207E+02  2.1284E-01 -4.9720E-01  4.0210E+02  8.3580E+02 -4.3370E+02 -2.1913E-01
  7.0000E+00  7.0000E+00  5.5000E+00  0.0000E+00  0.0000E+00  3.2272E+01 -7.3366E-01 -8.2072E-01  5.5000E+00  4.3831E+01 -3.8331E+01 -6.7709E-01
  7.0000E+00  9.0000E+00  1.0000E+00  0.0000E+00  0.0000E+00  6.7886E+01 -1.8188E+00 -2.0004E+00  1.0000E+00  8.7659E+01 -8.6659E+01 -1.7748E+00
  7.0000E+00  1.1000E+01  1.5610E+02  0.0000E+00  0.0000E+00  1.3084E+02  6.6902E-01  3.5226E-01  1.5610E+02  1.5552E+02  5.7848E-01  5.6589E-01
  7.0000E+00  1.3000E+01  1.9500E+02  0.0000E+00  0.0000E+00  2.3346E+02 -9.4894E-01 -1.4103E+00  1.9500E+02  2.4990E+02 -5.4897E+01 -1.2425E+00
  7.0000E+00  1.5000E+01  3.8190E+02  0.0000E+00  0.0000E+00  3.8913E+02 -1.5395E-01 -6.9456E-01  3.8190E+02  3.6995E+02  1.1953E+01 -6.5459E-01
  7.0000E+00  1.7000E+01  6.5020E+02  0.0000E+00  0.0000E+00  6.1078E+02  6.6675E-01  2.1567E-01  6.5020E+02  5.1177E+02  1.3843E+02  2.5132E-01
  7.0000E+00  1.9000E+01  9.3560E+02  0.0000E+00  0.0000E+00  9.0918E+02  3.3731E-01  2.2727E-01  9.3560E+02  6.6937E+02  2.6623E+02  4.0606E-01
  7.0000E+00  2.1000E+01  1.2788E+03  0.0000E+00  0.0000E+00  1.2915E+03 -1.2111E-01  3.8924E-01  1.2788E+03  8.3580E+02  4.4300E+02  7.7342E-01
  8.0000E+00  7.0000E+00  2.9800E+01  0.0000E+00  0.0000E+00  5.9112E+01 -7.9898E-01 -7.5343E-01  2.9800E+01  4.3831E+01 -1.4031E+01 -6.7193E-01
  8.0000E+00  9.0000E+00  1.3300E+02  0.0000E+00  0.0000E+00  1.3002E+02  7.9073E-02  1.7794E-01  1.3300E+02  8.7659E+01  4.5341E+01  2.8313E-01
  8.0000E+00  1.1000E+01  2.7430E+02  0.0000E+00  0.0000E+00  2.5315E+02  5.1316E-01  6.8587E-01  2.7430E+02  1.5552E+02  1.1878E+02  8.0120E-01
  8.0000E+00  1.3000E+01  4.9450E+02  0.0000E+00  0.0000E+00  4.4465E+02  1.0020E+00  1.2488E+00  4.9450E+02  2.4990E+02  2.4460E+02  1.4607E+00
  8.0000E+00  1.5000E+01  7.1660E+02  0.0000E+00  0.0000E+00  7.1585E+02  1.1410E-02  3.1184E-01  7.1660E+02  3.6995E+02  3.4665E+02  2.8548E-01
  8.0000E+00  1.7000E+01  8.8980E+02  0.0000E+00  0.0000E+00  1.0707E+03 -2.0230E+00 -1.6836E+00  8.8980E+02  5.1177E+02  3.7803E+02 -2.7868E+00
  8.0000E+00  1.9000E+01  1.5322E+03  0.0000E+00  0.0000E+00  1.5047E+03  2.2879E-01  6.2134E-01  1.5322E+03  6.6937E+02  8.6283E+02  9.8691E-01
  8.0000E+00  2.1000E+01  2.1407E+03  0.0000E+00  0.0000E+00  2.0062E+03  8.5527E-01  1.3420E+00  2.1407E+03  8.3580E+02  1.3049E+03  2.5240E+00
  9.0000E+00  7.0000E+00  1.2550E+02  0.0000E+00  0.0000E+00  6.9393E+01  1.5250E+00  1.5811E+00  1.2550E+02  4.3831E+01  8.1669E+01  1.6195E+00
  9.0000E+00  9.0000E+00  1.1960E+02  0.0000E+00  0.0000E+00  1.5305E+02 -8.7494E-01 -7.5569E-01  1.1960E+02  8.7659E+01  3.1941E+01 -7.4460E-01
  9.0000E+00  1.1000E+01  3.3990E+02  0.0000E+00  0.0000E+00  2.9584E+02  1.0287E+00  1.2322E+00  3.3990E+02  1.5552E+02  1.8438E+02  1.3985E+00
  9.0000E+00  1.3000E+01  4.9500E+02  0.0000E+00  0.0000E+00  5.1230E+02 -3.2393E-01 -3.5786E-02  4.9500E+02  2.4990E+02  2.4510E+02 -7.2599E-02
  9.0000E+00  1.5000E+01  8.2640E+02  0.0000E+00  0.0000E+00  8.0948E+02  2.3604E-01  5.8939E-01  8.2640E+02  3.6995E+02  4.5645E+02  7.9492E-01
  9.0000E+00  1.7000E+01  1.1017E+03  0.0000E+00  0.0000E+00  1.1851E+03 -8.5579E-01 -4.6037E-01  1.1017E+03  5.1177E+02  5.8993E+02 -9.0167E-01
  9.0000E+00  1.9000E+01  1.6616E+03  0.0000E+00  0.0000E+00  1.6281E+03  2.5924E-01  6.8263E-01  1.6616E+03  6.6937E+02  9.9223E+02  1.1703E+00
  9.0000E+00  2.1000E+01  2.1998E+03  0.0000E+00  0.0000E+00  2.1212E+03  4.7398E-01  9.2220E-01  2.1998E+03  8.3580E+02  1.3640E+03  1.7870E+00
  1.0000E+01  7.0000E+00  2.4700E+01  0.0000E+00  0.0000E+00  2.1367E+01  9.1448E-02  8.7567E-03  2.4700E+01  4.3831E+01 -1.9131E+01  7.3000E-02
  1.0000E+01  9.0000E+00  5.2000E+00  0.0000E+00  0.0000E+00  4.2111E+01 -1.0099E+00 -1.1779E+00  5.2000E+00  8.7659E+01 -8.2459E+01 -1.0406E+00
  1.0000E+01  1.1000E+01  6.6600E+01  0.0000E+00  0.0000E+00  7.7309E+01 -2.9035E-01 -5.8493E-01  6.6600E+01  1.5552E+02 -8.8922E+01 -3.9893E-01
  1.0000E+01  1.3000E+01  1.4310E+02  0.0000E+00  0.0000E+00  1.3319E+02  2.6211E-01 -1.8899E-01  1.4310E+02  2.4990E+02 -1.0680E+02 -2.0773E-02
  1.0000E+01  1.5000E+01  2.1580E+02  0.0000E+00  0.0000E+00  2.1678E+02 -2.4607E-02 -6.2466E-01  2.1580E+02  3.6995E+02 -1.5415E+02 -4.2876E-01
  1.0000E+01  1.7000E+01  3.0630E+02  0.0000E+00  0.0000E+00  3.3532E+02 -6.5218E-01 -1.3270E+00  3.0630E+02  5.1177E+02 -2.0547E+02 -9.4970E-01
  1.0000E+01  1.9000E+01  4.5150E+02  0.0000E+00  0.0000E+00  4.9554E+02 -8.3917E-01 -1.4349E+00  4.5150E+02  6.6937E+02 -2.1787E+02 -8.8407E-01
  1.0000E+01  2.1000E+01  7.7490E+02  0.0000E+00  0.0000E+00  7.0301E+02  1.1094E+00  8.0778E-01  7.7490E+02  8.3580E+02 -6.0900E+01  9.9108E-01
  1.1000E+01  7.0000E+00  1.9300E+01  0.0000E+00  0.0000E+00  4.2497E+01 -6.3461E-01 -7.0461E-01  1.9300E+01  4.3831E+01 -2.4531E+01 -5.9638E-01
  1.1000E+01  9.0000E+00  5.6400E+01  0.0000E+00  0.0000E+00  9.2053E+01 -9.6154E-01 -1.1066E+00  5.6400E+01  8.7659E+01 -3.1259E+01 -9.7410E-01
  1.1000E+01  1.1000E+01  2.0350E+02  0.0000E+00  0.0000E+00  1.8013E+02  6.0047E-01  3.5645E-01  2.0350E+02  1.5552E+02  4.7978E+01  4.5565E-01
  1.1000E+01  1.3000E+01  2.8010E+02  0.0000E+00  0.0000E+00  3.2272E+02 -9.6979E-01 -1.2976E+00  2.8010E+02  2.4990E+02  3.0203E+01 -1.3769E+00
  1.1000E+01  1.5000E+01  4.9790E+02  0.0000E+00  0.0000E+00  5.3551E+02 -6.8737E-01 -1.0094E+00  4.9790E+02  3.6995E+02  1.2795E+02 -1.2270E+00
  1.1000E+01  1.7000E+01  9.6530E+02  0.0000E+00  0.0000E+00  8.3137E+02  1.8320E+00  1.6853E+00  9.6530E+02  5.1177E+02  4.5353E+02  2.1221E+00
  1.1000E+01  1.9000E+01  1.1818E+03  0.0000E+00  0.0000E+00  1.2182E+03 -3.6456E-01 -1.2155E-01  1.1818E+03  6.6937E+02  5.1243E+02 -8.5298E-02
  1.1000E+01  2.1000E+01  1.6712E+03  0.0000E+00  0.0000E+00  1.6975E+03 -1.9574E-01  6.4997E-01  1.6712E+03  8.3580E+02  8.3540E+02  1.1436E+00
  1.2000E+01  7.0000E+00  3.2300E+01  0.0000E+00  0.0000E+00  1.7274E+01  4.1242E-01  3.2739E-01  3.2300E+01  4.3831E+01 -1.1531E+01  4.3738E-01
  1.2000E+01  9.0000E+00  5.1300E+01  0.0000E+00  0.0000E+00  3.3405E+01  4.9032E-01  3.1695E-01  5.1300E+01  8.7659E+01 -3.6359E+01  5.3371E-01
  1.2000E+01  1.1000E+01  6.0600E+01  0.0000E+00  0.0000E+00  6.0964E+01 -9.9182E-03 -3.2014E-01  6.0600E+01  1.5552E+02 -9.4922E+01  1.3954E-02
  1.2000E+01  1.3000E+01  4.3100E+01  0.0000E+00  0.0000E+00  1.0554E+02 -1.6745E+00 -2.1678E+00  4.3100E+01  2.4990E+02 -2.0680E+02 -1.6080E+00
  1.2000E+01  1.5000E+01  1.4590E+02  0.0000E+00  0.0000E+00  1.7412E+02 -7.2807E-01 -1.4236E+00  1.4590E+02  3.6995E+02 -2.2405E+02 -8.9119E-01
  1.2000E+01  1.7000E+01  2.5110E+02  0.0000E+00  0.0000E+00  2.7490E+02 -5.6661E-01 -1.4210E+00  2.5110E+02  5.1177E+02 -2.6067E+02 -8.3677E-01
  1.2000E+01  1.9000E+01  3.9510E+02  0.0000E+00  0.0000E+00  4.1698E+02 -4.5273E-01 -1.3301E+00  3.9510E+02  6.6937E+02 -2.7427E+02 -6.2743E-01
  1.2000E+01  2.1000E+01  6.7930E+02  0.0000E+00  0.0000E+00  6.0979E+02  1.1770E+00  5.0108E-01  6.7930E+02  8.3580E+02 -1.5650E+02  8.8616E-01
  1.3000E+01  7.0000E+00  4.2300E+01  0.0000E+00  0.0000E+00  3.6014E+01  1.7218E-01  1.1568E-01  4.2300E+01  4.3831E+01 -1.5315E+00  4.8969E-01
  1.3000E+01  9.0000E+00  1.1710E+02  0.0000E+00  0.0000E+00  7.9960E+01  1.0061E+00  8.7870E-01  1.1710E+02  8.7659E+01  2.9441E+01  1.3650E+00
  1.3000E+01  1.1000E+01  2.0210E+02  0.0000E+00  0.0000E+00  1.6355E+02  1.0018E+00  7.5788E-01  2.0210E+02  1.5552E+02  4.6578E+01  1.1111E+00
  1.3000E+01  1.3000E+01  3.3020E+02  0.0000E+00  0.0000E+00  3.1077E+02  4.4734E-01  4.8218E-02  3.3020E+02  2.4990E+02  8.0303E+01 -3.5003E-02
  1.3000E+01  1.5000E+01  4.5740E+02  0.0000E+00  0.0000E+00  5.5277E+02 -1.7122E+00 -2.2524E+00  4.5740E+02  3.6995E+02  8.7453E+01 -3.1414E+00
  1.3000E+01  1.7000E+01  8.6150E+02  0.0000E+00  0.0000E+00  9.2667E+02 -8.1983E-01 -1.3563E+00  8.6150E+02  5.1177E+02  3.4973E+02 -2.3096E+00
  1.3000E+01  1.9000E+01  1.5150E+03  0.0000E+00  0.0000E+00  1.4731E+03  3.5516E-01  1.4729E-01  1.5150E+03  6.6937E+02  8.4563E+02  4.5629E-01
  1.3000E+01  2.1000E+01  2.4081E+03  0.0000E+00  0.0000E+00  2.2326E+03  1.0082E+00  1.5949E+00  2.4081E+03  8.3580E+02  1.5723E+03  4.1438E+00
  1.4000E+01  7.0000E+00  1.2090E+02  0.0000E+00  0.0000E+00  7.7378E+01  1.1800E+00  1.2535E+00  1.2090E+02  4.3831E+01  7.7069E+01  1.2520E+00
  1.4000E+01  9.0000E+00  1.6740E+02  0.0000E+00  0.0000E+00  1.6487E+02  6.5597E-02  2.1671E-01  1.6740E+02  8.7659E+01  7.9741E+01  2.4027E-01
  1.4000E+01  1.1000E+01  2.7920E+02  0.0000E+00  0.0000E+00  3.0417E+02 -5.7837E-01 -3.2737E-01  2.7920E+02  1.5552E+02  1.2368E+02 -3.1243E-01
  1.4000E+01  1.3000E+01  5.2270E+02  0.0000E+00  0.0000E+00  4.9937E+02  4.4279E-01  7.9172E-01  5.2270E+02  2.4990E+02  2.7280E+02  1.0803E+00
  1.4000E+01  1.5000E+01  7.4690E+02  0.0000E+00  0.0000E+00  7.4598E+02  1.3607E-02  4.2739E-01  7.4690E+02  3.6995E+02  3.7695E+02  6.6407E-01
  1.4000E+01  1.7000E+01  9.9000E+02  0.0000E+00  0.0000E+00  1.0324E+03 -4.8848E-01 -6.5553E-02  9.9000E+02  5.1177E+02  4.7823E+02 -6.4162E-02
  1.4000E+01  1.9000E+01  1.4700E+03  0.0000E+00  0.0000E+00  1.3430E+03  1.1687E+00  1.5391E+00  1.4700E+03  6.6937E+02  8.0063E+02  2.3924E+00
  1.4000E+01  2.1000E+01  1.5833E+03  0.0000E+00  0.0000E+00  1.6617E+03 -5.9445E-01 -3.3021E-01  1.5833E+03  8.3580E+02  7.4750E+02 -4.3725E-01
  1.5000E+01  7.0000E+00  1.2360E+02  0.0000E+00  0.0000E+00  5.6544E+01  1.8290E+00  1.8049E+00  1.2360E+02  4.3831E+01  7.9769E+01  1.9062E+00
  1.5000E+01  9.0000E+00  1.4280E+02  0.0000E+00  0.0000E+00  1.2644E+02  4.3432E-01  3.8485E-01  1.4280E+02  8.7659E+01  5.5141E+01  4.7908E-01
  1.5000E+01  1.1000E+01  2.5000E+02  0.0000E+00  0.0000E+00  2.5193E+02 -4.6808E-02 -1.2590E-01  2.5000E+02  1.5552E+02  9.4478E+01 -1.4172E-01
  1.5000E+01  1.3000E+01  4.1730E+02  0.0000E+00  0.0000E+00  4.5470E+02 -7.4390E-01 -8.3411E-01  4.1730E+02  2.4990E+02  1.6740E+02 -1.1668E+00
  1.5000E+01  1.5000E+01  7.6720E+02  0.0000E+00  0.0000E+00  7.5406E+02  1.9312E-01  1.5122E-01  7.6720E+02  3.6995E+02  3.9725E+02 -3.3993E-02
  1.5000E+01  1.7000E+01  1.1223E+03  0.0000E+00  0.0000E+00  1.1630E+03 -4.2453E-01 -3.1342E-01  1.1223E+03  5.1177E+02  6.1053E+02 -7.3299E-01
  1.5000E+01  1.9000E+01  1.8023E+03  0.0000E+00  0.0000E+00  1.6857E+03  8.7302E-01  1.2718E+00  1.8023E+03  6.6937E+02  1.1329E+03  2.3186E+00
  1.5000E+01  2.1000E+01  2.3064E+03  0.0000E+00  0.0000E+00  2.3166E+03 -5.6446E-02  7.6971E-01  2.3064E+03  8.3580E+02  1.4706E+03  1.6244E+00
  1.6000E+01  7.0000E+00  5.7900E+01  0.0000E+00  0.0000E+00  5.8656E+01 -2.0606E-02 -5.2554E-02  5.7900E+01  4.3831E+01  1.4069E+01 -5.5862E-02
  1.6000E+01  9.0000E+00  1.4650E+02  0.0000E+00  0.0000E+00  1.2699E+02  5.1797E-01  4.5979E-01  1.4650E+02  8.7659E+01  5.8841E+01  4.5325E-01
  1.6000E+01  1.1000E+01  2.1940E+02  0.0000E+00  0.0000E+00  2.4276E+02 -5.7183E-01 -6.4638E-01  2.1940E+02  1.5552E+02  6.3878E+01 -7.1724E-01
  1.6000E+01  1.3000E+01  4.1270E+02  0.0000E+00  0.0000E+00  4.1808E+02 -1.1116E-01 -1.5965E-01  4.1270E+02  2.4990E+02  1.6280E+02 -2.2068E-01
  1.6000E+01  1.5000E+01  6.5640E+02  0.0000E+00  0.0000E+00  6.5966E+02 -5.2537E-02 -3.5788E-03  6.5640E+02  3.6995E+02  2.8645E+02 -3.1677E-02
  1.6000E+01  1.7000E+01  9.6900E+02  0.0000E+00  0.0000E+00  9.6713E+02  2.2784E-02  2.4515E-01  9.6900E+02  5.1177E+02  4.5723E+02  3.3476E-01
  1.6000E+01  1.9000E+01  1.4869E+03  0.0000E+00  0.0000E+00  1.3332E+03  1.4237E+00  1.8796E+00  1.4869E+03  6.6937E+02  8.1753E+02  2.8468E+00
  1.6000E+01  2.1000E+01  1.6064E+03  0.0000E+00  0.0000E+00  1.7451E+03 -1.0055E+00 -2.7835E-01  1.6064E+03  8.3580E+02  7.7060E+02 -4.5860E-01
  1.7000E+01  7.0000E+00  8.4800E+01  0.0000E+00  0.0000E+00  7.6621E+01  2.2181E-01  2.1148E-01  8.4800E+01  4.3831E+01  4.0969E+01  1.7518E-01
  1.7000E+01  9.0000E+00  1.6700E+02  0.0000E+00  0.0000E+00  1.7301E+02 -1.5512E-01 -1.6887E-01  1.6700E+02  8.7659E+01  7.9341E+01 -2.5491E-01
  1.7000E+01  1.1000E+01  3.1890E+02  0.0000E+00  0.0000E+00  3.4160E+02 -5.0709E-01 -5.0281E-01  3.1890E+02  1.5552E+02  1.6338E+02 -7.0504E-01
  1.7000E+01  1.3000E+01  6.1330E+02  0.0000E+00  0.0000E+00  6.0299E+02  1.7575E-01  2.5144E-01  6.1330E+02  2.4990E+02  3.6340E+02  2.1271E-01
  1.7000E+01  1.5000E+01  9.9640E+02  0.0000E+00  0.0000E+00  9.6929E+02  3.2901E-01  5.4634E-01  9.9640E+02  3.6995E+02  6.2645E+02  7.8861E-01
  1.7000E+01  1.7000E+01  1.4709E+03  0.0000E+00  0.0000E+00  1.4409E+03  2.5891E-01  6.7597E-01  1.4709E+03  5.1177E+02  9.5913E+02  1.1938E+00
  1.7000E+01  1.9000E+01  2.0844E+03  0.0000E+00  0.0000E+00  2.0066E+03  4.9433E-01  1.1449E+00  2.0844E+03  6.6937E+02  1.4150E+03  2.3693E+00
  1.7000E+01  2.1000E+01  2.5538E+03  0.0000E+00  0.0000E+00  2.6461E+03 -4.5020E-01  4.4602E-01  2.5538E+03  8.3580E+02  1.7180E+03  8.9826E-01
  1.8000E+01  7.0000E+00  1.2610E+02  0.0000E+00  0.0000E+00  1.0882E+02  4.6263E-01  6.6126E-01  1.2610E+02  4.3831E+01  8.2269E+01  6.7357E-01
  1.8000E+01  9.0000E+00  2.9510E+02  0.0000E+00  0.0000E+00  2.4050E+02  1.3393E+00  1.7397E+00  2.9510E+02  8.7659E+01  2.0744E+02  2.0136E+00
  1.8000E+01  1.1000E+01  4.4280E+02  0.0000E+00  0.0000E+00  4.5364E+02 -2.1580E-01  4.0596E-01  4.4280E+02  1.5552E+02  2.8728E+02  7.3529E-01
  1.8000E+01  1.3000E+01  7.0910E+02  0.0000E+00  0.0000E+00  7.5379E+02 -6.5677E-01  1.1782E-01  7.0910E+02  2.4990E+02  4.5920E+02  3.8670E-01
  1.8000E+01  1.5000E+01  1.1977E+03  0.0000E+00  0.0000E+00  1.1317E+03  7.0456E-01  1.5037E+00  1.1977E+03  3.6995E+02  8.2775E+02  3.0391E+00
  1.8000E+01  1.7000E+01  1.4647E+03  0.0000E+00  0.0000E+00  1.5666E+03 -8.1605E-01 -1.3213E-01  1.4647E+03  5.1177E+02  9.5293E+02 -2.9425E-01
  1.8000E+01  1.9000E+01  2.0507E+03  0.0000E+00  0.0000E+00  2.0323E+03  1.1582E-01  5.6602E-01  2.0507E+03  6.6937E+02  1.3813E+03  1.2801E+00
  1.8000E+01  2.1000E+01  2.6011E+03  0.0000E+00  0.0000E+00  2.5028E+03  5.0612E-01  6.3925E-01  2.6011E+03  8.3580E+02  1.7653E+03  1.5276E+00
  1.9000E+01  7.0000E+00  3.0400E+01  0.0000E+00  0.0000E+00  8.3488E+01 -1.4363E+00 -1.2755E+00  3.0400E+01  4.3831E+01 -1.3431E+01 -1.2634E+00
  1.9000E+01  9.0000E+00  2.1880E+02  0.0000E+00  0.0000E+00  1.7650E+02  1.0898E+00  1.4078E+00  2.1880E+02  8.7659E+01  1.3114E+02  1.5657E+00
  1.9000E+01  1.1000E+01  3.8150E+02  0.0000E+00  0.0000E+00  3.2135E+02  1.3707E+00  1.8646E+00  3.8150E+02  1.5552E+02  2.2598E+02  2.2899E+00
  1.9000E+01  1.3000E+01  4.4080E+02  0.0000E+00  0.0000E+00  5.1912E+02 -1.4562E+00 -8.3551E-01  4.4080E+02  2.4990E+02  1.9090E+02 -9.1350E-01
  1.9000E+01  1.5000E+01  8.1080E+02  0.0000E+00  0.0000E+00  7.6207E+02  7.1056E-01  1.3541E+00  8.1080E+02  3.6995E+02  4.4085E+02  2.0834E+00
  1.9000E+01  1.7000E+01  1.0582E+03  0.0000E+00  0.0000E+00  1.0362E+03  2.5273E-01  8.0069E-01  1.0582E+03  5.1177E+02  5.4643E+02  1.3104E+00
  1.9000E+01  1.9000E+01  1.1162E+03  0.0000E+00  0.0000E+00  1.3252E+03 -1.9454E+00 -1.5936E+00  1.1162E+03  6.6937E+02  4.4683E+02 -2.3198E+00
  1.9000E+01  2.1000E+01  1.7641E+03  0.0000E+00  0.0000E+00  1.6135E+03  1.1737E+00  1.2595E+00  1.7641E+03  8.3580E+02  9.2830E+02  1.9465E+00
  2.0000E+01  7.0000E+00  3.9100E+01  0.0000E+00  0.0000E+00  3.5710E+01  9.2846E-02  4.0430E-02  3.9100E+01  4.3831E+01 -4.7315E+00  1.2367E-01
  2.0000E+01  9.0000E+00  3.9200E+01  0.0000E+00  0.0000E+00  7.4941E+01 -9.6978E-01 -1.0772E+00  3.9200E+01  8.7659E+01 -4.8459E+01 -9.5808E-01
  2.0000E+01  1.1000E+01  1.0010E+02  0.0000E+00  0.0000E+00  1.4289E+02 -1.1258E+00 -1.3081E+00  1.0010E+02  1.5552E+02 -5.5422E+01 -1.1988E+00
  2.0000E+01  1.3000E+01  3.1480E+02  0.0000E+00  0.0000E+00  2.5061E+02  1.5610E+00  1.3047E+00  3.1480E+02  2.4990E+02  6.4903E+01  1.3176E+00
  2.0000E+01  1.5000E+01  3.7250E+02  0.0000E+00  0.0000E+00  4.0873E+02 -7.5598E-01 -1.0431E+00  3.7250E+02  3.6995E+02  2.5527E+00 -1.0970E+00
  2.0000E+01  1.7000E+01  6.6100E+02  0.0000E+00  0.0000E+00  6.2574E+02  5.8751E-01  3.6963E-01  6.6100E+02  5.1177E+02  1.4923E+02  3.5607E-01
  2.0000E+01  1.9000E+01  8.1920E+02  0.0000E+00  0.0000E+00  9.0660E+02 -1.1185E+00 -1.1174E+00  8.1920E+02  6.6937E+02  1.4983E+02 -1.1424E+00
  2.0000E+01  2.1000E+01  1.3329E+03  0.0000E+00  0.0000E+00  1.2520E+03  7.9175E-01  1.1859E+00  1.3329E+03  8.3580E+02  4.9710E+02  1.6277E+00
  2.1000E+01  7.0000E+00  1.6880E+02  0.0000E+00  1.0000E+00  1.0321E+02  1.7607E+00  2.2465E+00  1.6880E+02  4.3831E+01  1.2497E+02  2.7051E+00
  2.1000E+01  9.0000E+00  1.8370E+02  0.0000E+00  1.0000E+00  1.8481E+02 -2.8496E-02  6.5842E-01  1.8370E+02  8.7659E+01  9.6041E+01  1.2981E+00
  2.1000E+01  1.1000E+01  3.0610E+02  0.0000E+00  1.0000E+00  2.7963E+02  6.2728E-01  1.3482E+00  3.0610E+02  1.5552E+02  1.5058E+02  2.0884E+00
  2.1000E+01  1.3000E+01  3.7810E+02  0.0000E+00  1.0000E+00  3.7536E+02  5.9136E-02  6.1719E-01  3.7810E+02  2.4990E+02  1.2820E+02  1.1090E+00
  2.1000E+01  1.5000E+01  4.1210E+02  0.0000E+00  1.0000E+00  4.6275E+02 -9.9896E-01 -7.5085E-01  4.1210E+02  3.6995E+02  4.2153E+01 -5.9239E-01
  2.1000E+01  1.7000E+01  5.2810E+02  0.0000E+00  1.0000E+00  5.3699E+02 -1.6227E-01 -2.9655E-01  5.2810E+02  5.1177E+02  1.6326E+01 -1.8101E-01
  2.1000E+01  1.9000E+01  6.5170E+02  0.0000E+00  1.0000E+00  5.9691E+02  9.4004E-01  4.1321E-01  6.5170E+02  6.6937E+02 -1.7665E+01  4.3248E-01
  2.1000E+01  2.1000E+01  6.2240E+02  0.0000E+00  1.0000E+00  6.4352E+02 -3.4570E-01 -1.2362E+00  6.2240E+02  8.3580E+02 -2.1340E+02 -7.4946E-01
  2.2000E+01  7.0000E+00  5.6900E+01  0.0000E+00  1.0000E+00  5.5103E+01  4.9023E-02  2.0045E-01  5.6900E+01  4.3831E+01  1.3069E+01  2.6715E-01
  2.2000E+01  9.0000E+00  1.4010E+02  0.0000E+00  1.0000E+00  1.0329E+02  9.8826E-01  1.2299E+00  1.4010E+02  8.7659E+01  5.2441E+01  1.3324E+00
  2.2000E+01  1.1000E+01  2.4430E+02  0.0000E+00  1.0000E+00  1.6818E+02  1.9718E+00  2.2666E+00  2.4430E+02  1.5552E+02  8.8778E+01  2.3801E+00
  2.2000E+01  1.3000E+01  1.2970E+02  0.0000E+00  1.0000E+00  2.4552E+02 -2.8291E+00 -2.5600E+00  1.2970E+02  2.4990E+02 -1.2020E+02 -2.4499E+00
  2.2000E+01  1.5000E+01  3.8970E+02  0.0000E+00  1.0000E+00  3.2930E+02  1.3655E+00  1.5149E+00  3.8970E+02  3.6995E+02  1.9753E+01  1.4562E+00
  2.2000E+01  1.7000E+01  3.6060E+02  0.0000E+00  1.0000E+00  4.1356E+02 -1.0995E+00 -1.1512E+00  3.6060E+02  5.1177E+02 -1.5117E+02 -9.3942E-01
  2.2000E+01  1.9000E+01  4.8950E+02  0.0000E+00  1.0000E+00  4.9353E+02 -7.6980E-02 -3.8357E-01  4.8950E+02  6.6937E+02 -1.7987E+02 -2.8125E-01
  2.2000E+01  2.1000E+01  5.9570E+02  0.0000E+00  1.0000E+00  5.6610E+02  5.2416E-01 -6.1908E-02  5.9570E+02  8.3580E+02 -2.4010E+02 -7.8223E-02
  2.3000E+01  7.0000E+00  1.3460E+02  0.0000E+00  1.0000E+00  6.5682E+01  1.8752E+00  2.1243E+00  1.3460E+02  4.3831E+01  9.0769E+01  2.3576E+00
  2.3000E+01  9.0000E+00  1.6440E+02  0.0000E+00  1.0000E+00  1.1479E+02  1.3247E+00  1.6584E+00  1.6440E+02  8.7659E+01  7.6741E+01  1.9774E+00
  2.3000E+01  1.1000E+01  1.6870E+02  0.0000E+00  1.0000E+00  1.7235E+02 -9.4277E-02  2.2726E-01  1.6870E+02  1.5552E+02  1.3178E+01  5.1224E-01
  2.3000E+01  1.3000E+01  1.8690E+02  0.0000E+00  1.0000E+00  2.3167E+02 -1.1062E+00 -9.1362E-01  1.8690E+02  2.4990E+02 -6.2997E+01 -7.1681E-01
  2.3000E+01  1.5000E+01  2.6050E+02  0.0000E+00  1.0000E+00  2.8732E+02 -6.3114E-01 -6.6184E-01  2.6050E+02  3.6995E+02 -1.0945E+02 -5.3714E-01
  2.3000E+01  1.7000E+01  3.6690E+02  0.0000E+00  1.0000E+00  3.3606E+02  6.9267E-01  3.8545E-01  3.6690E+02  5.1177E+02 -1.4487E+02  2.8820E-01
  2.3000E+01  1.9000E+01  4.0690E+02  0.0000E+00  1.0000E+00  3.7666E+02  6.5210E-01  5.4377E-02  4.0690E+02  6.6937E+02 -2.6247E+02  1.3530E-02
  2.3000E+01  2.1000E+01  3.8370E+02  0.0000E+00  1.0000E+00  4.0926E+02 -5.3303E-01 -1.4075E+00  3.8370E+02  8.3580E+02 -4.5210E+02 -7.8540E-01
  2.4000E+01  7.0000E+00  3.6000E+00  0.0000E+00  1.0000E+00  2.7808E+01 -6.6378E-01 -7.1105E-01  3.6000E+00  4.3831E+01 -4.0231E+01 -6.9336E-01
  2.4000E+01  9.0000E+00  8.0200E+01  0.0000E+00  1.0000E+00  4.9387E+01  8.4182E-01  7.4402E-01  8.0200E+01  8.7659E+01 -7.4587E+00  7.6166E-01
  2.4000E+01  1.1000E+01  4.3000E+01  0.0000E+00  1.0000E+00  7.8517E+01 -9.6257E-01 -1.1354E+00  4.3000E+01  1.5552E+02 -1.1252E+02 -1.0540E+00
  2.4000E+01  1.3000E+01  1.3400E+02  0.0000E+00  1.0000E+00  1.1415E+02  5.3015E-01  2.5932E-01  1.3400E+02  2.4990E+02 -1.1590E+02  2.8253E-01
  2.4000E+01  1.5000E+01  1.7810E+02  0.0000E+00  1.0000E+00  1.5441E+02  6.1901E-01  2.3223E-01  1.7810E+02  3.6995E+02 -1.9185E+02  2.3463E-01
  2.4000E+01  1.7000E+01  1.4140E+02  0.0000E+00  1.0000E+00  1.9705E+02 -1.4130E+00 -1.9264E+00  1.4140E+02  5.1177E+02 -3.7037E+02 -1.2918E+00
  2.4000E+01  1.9000E+01  2.4950E+02  0.0000E+00  1.0000E+00  2.3992E+02  2.3510E-01 -4.0843E-01  2.4950E+02  6.6937E+02 -4.1987E+02 -2.3726E-01
  2.4000E+01  2.1000E+01  2.8860E+02  0.0000E+00  1.0000E+00  2.8123E+02  1.7431E-01 -5.9639E-01  2.8860E+02  8.3580E+02 -5.4720E+02 -3.2884E-01
  2.5000E+01  7.0000E+00  5.0600E+01  0.0000E+00  1.0000E+00  2.4639E+01  7.1208E-01  6.4515E-01  5.0600E+01  4.3831E+01  6.7685E+00  6.6312E-01
  2.5000E+01  9.0000E+00  6.6200E+01  0.0000E+00  1.0000E+00  4.5390E+01  5.6901E-01  4.3979E-01  6.6200E+01  8.7659E+01 -2.1459E+01  4.8762E-01
  2.5000E+01  1.1000E+01  1.9400E+01  0.0000E+00  1.0000E+00  7.5860E+01 -1.5315E+00 -1.7453E+00  1.9400E+01  1.5552E+02 -1.3612E+02 -1.5794E+00
  2.5000E+01  1.3000E+01  1.2050E+02  0.0000E+00  1.0000E+00  1.1682E+02  9.8045E-02 -2.1471E-01  1.2050E+02  2.4990E+02 -1.2940E+02 -6.4120E-02
  2.5000E+01  1.5000E+01  1.3000E+02  0.0000E+00  1.0000E+00  1.6795E+02 -9.8331E-01 -1.3963E+00  1.3000E+02  3.6995E+02 -2.3995E+02 -1.0135E+00
  2.5000E+01  1.7000E+01  2.5840E+02  0.0000E+00  1.0000E+00  2.2789E+02  7.5635E-01  2.5622E-01  2.5840E+02  5.1177E+02 -2.5337E+02  2.4545E-01
  2.5000E+01  1.9000E+01  3.0750E+02  0.0000E+00  1.0000E+00  2.9454E+02  3.0305E-01 -2.5995E-01  3.0750E+02  6.6937E+02 -3.6187E+02 -1.5941E-01
  2.5000E+01  2.1000E+01  3.5390E+02  0.0000E+00  1.0000E+00  3.6543E+02 -2.5155E-01 -8.4741E-01  3.5390E+02  8.3580E+02 -4.8190E+02 -5.0421E-01
  2.6000E+01  7.0000E+00  1.0000E+00  0.0000E+00  1.0000E+00  3.4401E+01 -9.1502E-01 -9.3294E-01  1.0000E+00  4.3831E+01 -4.2831E+01 -9.2835E-01
  2.6000E+01  9.0000E+00  3.7900E+01  0.0000E+00  1.0000E+00  6.3785E+01 -7.0470E-01 -7.4646E-01  3.7900E+01  8.7659E+01 -4.9759E+01 -7.4211E-01
  2.6000E+01  1.1000E+01  1.0490E+02  0.0000E+00  1.0000E+00  1.0522E+02 -8.4535E-03 -9.0184E-02  1.0490E+02  1.5552E+02 -5.0622E+01 -9.8254E-02
  2.6000E+01  1.3000E+01  1.5680E+02  0.0000E+00  1.0000E+00  1.5786E+02 -2.7631E-02 -1.6741E-01  1.5680E+02  2.4990E+02 -9.3097E+01 -1.7531E-01
  2.6000E+01  1.5000E+01  2.6980E+02  0.0000E+00  1.0000E+00  2.1933E+02  1.2597E+00  1.0447E+00  2.6980E+02  3.6995E+02 -1.0015E+02  8.5202E-01
  2.6000E+01  1.7000E+01  2.8670E+02  0.0000E+00  1.0000E+00  2.8633E+02  8.7410E-03 -2.9548E-01  2.8670E+02  5.1177E+02 -2.2507E+02 -2.5158E-01
  2.6000E+01  1.9000E+01  2.9950E+02  0.0000E+00  1.0000E+00  3.5539E+02 -1.2315E+00 -1.6340E+00  2.9950E+02  6.6937E+02 -3.6987E+02 -1.0853E+00
  2.6000E+01  2.1000E+01  4.4580E+02  0.0000E+00  1.0000E+00  4.2343E+02  4.5968E-01 -4.5250E-02  4.4580E+02  8.3580E+02 -3.9000E+02 -7.7607E-02
  2.7000E+01  7.0000E+00  8.6100E+01  0.0000E+00  1.0000E+00  5.7069E+01  7.9172E-01  8.9712E-01  8.6100E+01  4.3831E+01  4.2269E+01  9.5195E-01
  2.7000E+01  9.0000E+00  1.0510E+02  0.0000E+00  1.0000E+00  1.0995E+02 -1.2974E-01  4.7520E-02  1.0510E+02  8.7659E+01  1.7441E+01  1.2598E-01
  2.7000E+01  1.1000E+01  2.0620E+02  0.0000E+00  1.0000E+00  1.8417E+02  5.6442E-01  7.9536E-01  2.0620E+02  1.5552E+02  5.0678E+01  8.9195E-01
  2.7000E+01  1.3000E+01  3.0520E+02  0.0000E+00  1.0000E+00  2.7637E+02  6.8535E-01  9.1747E-01  3.0520E+02  2.4990E+02  5.5303E+01  9.9249E-01
  2.7000E+01  1.5000E+01  3.4380E+02  0.0000E+00  1.0000E+00  3.8033E+02 -7.8467E-01 -6.2406E-01  3.4380E+02  3.6995E+02 -2.6147E+01 -5.7415E-01
  2.7000E+01  1.7000E+01  4.4360E+02  0.0000E+00  1.0000E+00  4.8893E+02 -8.6986E-01 -8.5257E-01  4.4360E+02  5.1177E+02 -6.8174E+01 -7.5152E-01
  2.7000E+01  1.9000E+01  6.5630E+02  0.0000E+00  1.0000E+00  5.9576E+02  1.0398E+00  8.5845E-01  6.5630E+02  6.6937E+02 -1.3065E+01  7.1468E-01
  2.7000E+01  2.1000E+01  6.8420E+02  0.0000E+00  1.0000E+00  6.9597E+02 -1.8292E-01 -5.9613E-01  6.8420E+02  8.3580E+02 -1.5160E+02 -4.5190E-01
  2.8000E+01  7.0000E+00  1.0000E+00  0.0000E+00  1.0000E+00  3.8379E+01 -1.0233E+00 -1.0194E+00  1.0000E+00  4.3831E+01 -4.2831E+01 -1.0070E+00
  2.8000E+01  9.0000E+00  1.0580E+02  0.0000E+00  1.0000E+00  7.1832E+01  9.2259E-01  9.1875E-01  1.0580E+02  8.7659E+01  1.8141E+01  9.2441E-01
  2.8000E+01  1.1000E+01  1.1800E+02  0.0000E+00  1.0000E+00  1.1902E+02 -2.7063E-02 -5.5126E-02  1.1800E+02  1.5552E+02 -3.7522E+01 -5.0238E-02
  2.8000E+01  1.3000E+01  2.0310E+02  0.0000E+00  1.0000E+00  1.7875E+02  6.2632E-01  5.5019E-01  2.0310E+02  2.4990E+02 -4.6797E+01  5.0962E-01
  2.8000E+01  1.5000E+01  2.2960E+02  0.0000E+00  1.0000E+00  2.4805E+02 -4.4971E-01 -6.0106E-01  2.2960E+02  3.6995E+02 -1.4035E+02 -5.3128E-01
  2.8000E+01  1.7000E+01  3.0050E+02  0.0000E+00  1.0000E+00  3.2297E+02 -5.1121E-01 -7.6301E-01  3.0050E+02  5.1177E+02 -2.1127E+02 -6.0254E-01
  2.8000E+01  1.9000E+01  4.2070E+02  0.0000E+00  1.0000E+00  3.9948E+02  4.4697E-01  7.5587E-02  4.2070E+02  6.6937E+02 -2.4867E+02  2.1548E-02
  2.8000E+01  2.1000E+01  4.7340E+02  0.0000E+00  1.0000E+00  4.7410E+02 -1.3715E-02 -5.1596E-01  4.7340E+02  8.3580E+02 -3.6240E+02 -3.5043E-01
  2.9000E+01  7.0000E+00  1.4500E+02  0.0000E+00  1.0000E+00  3.5612E+01  2.9961E+00  3.0005E+00  1.4500E+02  4.3831E+01  1.0117E+02  3.0424E+00
  2.9000E+01  9.0000E+00  1.0000E+00  0.0000E+00  1.0000E+00  6.3643E+01 -1.7055E+00 -1.7192E+00  1.0000E+00  8.7659E+01 -8.6659E+01 -1.6442E+00
  2.9000E+01  1.1000E+01  1.4730E+02  0.0000E+00  1.0000E+00  1.0053E+02  1.2569E+00  1.1971E+00  1.4730E+02  1.5552E+02 -8.2215E+00  1.2241E+00
  2.9000E+01  1.3000E+01  1.2570E+02  0.0000E+00  1.0000E+00  1.4410E+02 -4.8386E-01 -6.2508E-01  1.2570E+02  2.4990E+02 -1.2420E+02 -5.2231E-01
  2.9000E+01  1.5000E+01  1.8620E+02  0.0000E+00  1.0000E+00  1.9134E+02 -1.3092E-01 -3.8883E-01  1.8620E+02  3.6995E+02 -1.8375E+02 -2.8942E-01
  2.9000E+01  1.7000E+01  1.9330E+02  0.0000E+00  1.0000E+00  2.3919E+02 -1.1270E+00 -1.5298E+00  1.9330E+02  5.1177E+02 -3.1847E+02 -1.0782E+00
  2.9000E+01  1.9000E+01  3.2130E+02  0.0000E+00  1.0000E+00  2.8517E+02  8.5200E-01  2.8689E-01  3.2130E+02  6.6937E+02 -3.4807E+02  1.4747E-01
  2.9000E+01  2.1000E+01  3.2510E+02  0.0000E+00  1.0000E+00  3.2751E+02 -5.4543E-02 -7.8804E-01  3.2510E+02  8.3580E+02 -5.1070E+02 -4.5803E-01
  3.0000E+01  7.0000E+00  1.8700E+01  0.0000E+00  1.0000E+00  3.0809E+01 -3.3189E-01 -3.6057E-01  1.8700E+01  4.3831E+01 -2.5131E+01 -3.1948E-01
  3.0000E+01  9.0000E+00  5.8000E+01  0.0000E+00  1.0000E+00  5.3754E+01  1.1589E-01  4.4235E-02  5.8000E+01  8.7659E+01 -2.9659E+01  9.5835E-02
  3.0000E+01  1.1000E+01  8.8000E+01  0.0000E+00  1.0000E+00  8.3310E+01  1.2689E-01 -1.7133E-02  8.8000E+01  1.5552E+02 -6.7522E+01  3.6672E-02
  3.0000E+01  1.3000E+01  1.4960E+02  0.0000E+00  1.0000E+00  1.1762E+02  8.5277E-01  6.0571E-01  1.4960E+02  2.4990E+02 -1.0030E+02  5.9249E-01
  3.0000E+01  1.5000E+01  9.9200E+01  0.0000E+00  1.0000E+00  1.5432E+02 -1.4405E+00 -1.8167E+00  9.9200E+01  3.6995E+02 -2.7075E+02 -1.4299E+00
  3.0000E+01  1.7000E+01  2.1830E+02  0.0000E+00  1.0000E+00  1.9109E+02  6.9386E-01  1.7069E-01  2.1830E+02  5.1177E+02 -2.9347E+02  1.2949E-01
  3.0000E+01  1.9000E+01  2.0630E+02  0.0000E+00  1.0000E+00  2.2610E+02 -4.9158E-01 -1.1696E+00  2.0630E+02  6.6937E+02 -4.6307E+02 -6.7374E-01
  3.0000E+01  2.1000E+01  2.6330E+02  0.0000E+00  1.0000E+00  2.5812E+02  1.2506E-01 -7.0677E-01  2.6330E+02  8.3580E+02 -5.7250E+02 -3.7060E-01
  3.1000E+01  7.0000E+00  5.5000E+01  0.0000E+00  1.0000E+00  4.1841E+01  3.6003E-01  3.9217E-01  5.5000E+01  4.3831E+01  1.1169E+01  4.0919E-01
  3.1000E+01  9.0000E+00  1.2940E+02  0.0000E+00  1.0000E+00  7.8151E+01  1.3891E+00  1.4332E+00  1.2940E+02  8.7659E+01  4.1741E+01  1.4445E+00
  3.1000E+01  1.1000E+01  1.2570E+02  0.0000E+00  1.0000E+00  1.2857E+02 -7.6030E-02 -3.8569E-02  1.2570E+02  1.5552E+02 -2.9822E+01 -3.1677E-02
  3.1000E+01  1.3000E+01  1.9700E+02  0.0000E+00  1.0000E+00  1.9116E+02  1.4890E-01  1.4694E-01  1.9700E+02  2.4990E+02 -5.2897E+01  1.3403E-01
  3.1000E+01  1.5000E+01  2.6830E+02  0.0000E+00  1.0000E+00  2.6222E+02  1.4640E-01  6.4129E-02  2.6830E+02  3.6995E+02 -1.0165E+02  4.9747E-02
  3.1000E+01  1.7000E+01  3.0880E+02  0.0000E+00  1.0000E+00  3.3732E+02 -6.3973E-01 -8.4200E-01  3.0880E+02  5.1177E+02 -2.0297E+02 -6.5578E-01
  3.1000E+01  1.9000E+01  3.5950E+02  0.0000E+00  1.0000E+00  4.1228E+02 -1.0972E+00 -1.4504E+00  3.5950E+02  6.6937E+02 -3.0987E+02 -9.9042E-01
  3.1000E+01  2.1000E+01  5.3910E+02  0.0000E+00  1.0000E+00  4.8377E+02  1.0675E+00  5.4468E-01  5.3910E+02  8.3580E+02 -2.9670E+02  2.9240E-01
  3.2000E+01  7.0000E+00  1.1660E+02  0.0000E+00  1.0000E+00  5.5354E+01  1.6710E+00  1.7735E+00  1.1660E+02  4.3831E+01  7.2769E+01  1.8248E+00
  3.2000E+01  9.0000E+00  1.5930E+02  0.0000E+00  1.0000E+00  1.0670E+02  1.4101E+00  1.5812E+00  1.5930E+02  8.7659E+01  7.1641E+01  1.6650E+00
  3.2000E+01  1.1000E+01  1.4330E+02  0.0000E+00  1.0000E+00  1.7911E+02 -9.2087E-01 -7.0054E-01  1.4330E+02  1.5552E+02 -1.2222E+01 -6.3008E-01
  3.2000E+01  1.3000E+01  2.8040E+02  0.0000E+00  1.0000E+00  2.6959E+02  2.5850E-01  4.7412E-01  2.8040E+02  2.4990E+02  3.0503E+01  5.4508E-01
  3.2000E+01  1.5000E+01  3.7120E+02  0.0000E+00  1.0000E+00  3.7230E+02 -2.3802E-02  1.1327E-01  3.7120E+02  3.6995E+02  1.2527E+00  1.5703E-01
  3.2000E+01  1.7000E+01  4.4080E+02  0.0000E+00  1.0000E+00  4.8034E+02 -7.6565E-01 -7.7946E-01  4.4080E+02  5.1177E+02 -7.0974E+01 -6.7019E-01
  3.2000E+01  1.9000E+01  5.9820E+02  0.0000E+00  1.0000E+00  5.8736E+02  1.8781E-01 -3.2106E-02  5.9820E+02  6.6937E+02 -7.1165E+01 -1.5577E-02
  3.2000E+01  2.1000E+01  7.1550E+02  0.0000E+00  1.0000E+00  6.8843E+02  4.2375E-01 -3.4992E-02  7.1550E+02  8.3580E+02 -1.2030E+02 -5.0268E-02
  3.3000E+01  7.0000E+00  4.8700E+01  0.0000E+00  1.0000E+00  4.1468E+01  1.9790E-01  2.5069E-01  4.8700E+01  4.3831E+01  4.8685E+00  3.0848E-01
  3.3000E+01  9.0000E+00  1.5950E+02  0.0000E+00  1.0000E+00  7.5107E+01  2.2898E+00  2.3570E+00  1.5950E+02  8.7659E+01  7.1841E+01  2.4260E+00
  3.3000E+01  1.1000E+01  1.4860E+02  0.0000E+00  1.0000E+00  1.1947E+02  7.7607E-01  8.2562E-01  1.4860E+02  1.5552E+02 -6.9215E+00  8.9270E-01
  3.3000E+01  1.3000E+01  1.7110E+02  0.0000E+00  1.0000E+00  1.7171E+02 -1.5874E-02 -3.3177E-02  1.7110E+02  2.4990E+02 -7.8797E+01  4.2870E-02
  3.3000E+01  1.5000E+01  1.4610E+02  0.0000E+00  1.0000E+00  2.2799E+02 -2.0296E+00 -2.1676E+00  1.4610E+02  3.6995E+02 -2.2385E+02 -1.7832E+00
  3.3000E+01  1.7000E+01  2.6960E+02  0.0000E+00  1.0000E+00  2.8452E+02 -3.5207E-01 -6.5614E-01  2.6960E+02  5.1177E+02 -2.4217E+02 -4.5485E-01
  3.3000E+01  1.9000E+01  3.4960E+02  0.0000E+00  1.0000E+00  3.3829E+02  2.5338E-01 -2.4658E-01  3.4960E+02  6.6937E+02 -3.1977E+02 -1.6370E-01
  3.3000E+01  2.1000E+01  4.1500E+02  0.0000E+00  1.0000E+00  3.8730E+02  5.9095E-01 -1.1765E-01  4.1500E+02  8.3580E+02 -4.2080E+02 -1.2346E-01
  3.4000E+01  7.0000E+00  6.6400E+01  0.0000E+00  1.0000E+00  5.2960E+01  3.6689E-01  4.4841E-01  6.6400E+01  4.3831E+01  2.2569E+01  5.0802E-01
  3.4000E+01  9.0000E+00  2.6500E+01  0.0000E+00  1.0000E+00  9.9031E+01 -1.9506E+00 -1.8228E+00  2.6500E+01  8.7659E+01 -6.1159E+01 -1.7631E+00
  3.4000E+01  1.1000E+01  2.1890E+02  0.0000E+00  1.0000E+00  1.6115E+02  1.5030E+00  1.6545E+00  2.1890E+02  1.5552E+02  6.3378E+01  1.6956E+00
  3.4000E+01  1.3000E+01  2.0480E+02  0.0000E+00  1.0000E+00  2.3535E+02 -7.5255E-01 -6.2337E-01  2.0480E+02  2.4990E+02 -4.5097E+01 -6.3080E-01
  3.4000E+01  1.5000E+01  3.1390E+02  0.0000E+00  1.0000E+00  3.1598E+02 -4.7726E-02  1.6192E-03  3.1390E+02  3.6995E+02 -5.6047E+01 -6.4597E-02
  3.4000E+01  1.7000E+01  4.6220E+02  0.0000E+00  1.0000E+00  3.9738E+02  1.3685E+00  1.2845E+00  4.6220E+02  5.1177E+02 -4.9574E+01  9.9186E-01
  3.4000E+01  1.9000E+01  4.8810E+02  0.0000E+00  1.0000E+00  4.7493E+02  2.5640E-01 -1.7696E-04  4.8810E+02  6.6937E+02 -1.8127E+02 -3.8734E-02
  3.4000E+01  2.1000E+01  4.8630E+02  0.0000E+00  1.0000E+00  5.4559E+02 -1.0724E+00 -1.5232E+00  4.8630E+02  8.3580E+02 -3.4950E+02 -9.6989E-01
  3.5000E+01  7.0000E+00  3.5000E+01  0.0000E+00  1.0000E+00  2.4749E+01  2.8118E-01  2.1528E-01  3.5000E+01  4.3831E+01 -8.8315E+00  2.4160E-01
  3.5000E+01  9.0000E+00  1.0000E+00  0.0000E+00  1.0000E+00  4.3422E+01 -1.1604E+00 -1.2903E+00  1.0000E+00  8.7659E+01 -8.6659E+01 -1.2214E+00
  3.5000E+01  1.1000E+01  9.5500E+01  0.0000E+00  1.0000E+00  6.8538E+01  7.3302E-01  5.1269E-01  9.5500E+01  1.5552E+02 -6.0022E+01  5.7676E-01
  3.5000E+01  1.3000E+01  7.4800E+01  0.0000E+00  1.0000E+00  9.9283E+01 -6.5837E-01 -9.9144E-01  7.4800E+01  2.4990E+02 -1.7510E+02 -7.7920E-01
  3.5000E+01  1.5000E+01  1.4370E+02  0.0000E+00  1.0000E+00  1.3414E+02  2.5289E-01 -2.0789E-01  1.4370E+02  3.6995E+02 -2.2625E+02 -5.9786E-02
  3.5000E+01  1.7000E+01  1.5160E+02  0.0000E+00  1.0000E+00  1.7125E+02 -5.0810E-01 -1.1029E+00  1.5160E+02  5.1177E+02 -3.6017E+02 -6.7564E-01
  3.5000E+01  1.9000E+01  2.1530E+02  0.0000E+00  1.0000E+00  2.0882E+02  1.6300E-01 -5.6438E-01  2.1530E+02  6.6937E+02 -4.5407E+02 -3.0561E-01
  3.5000E+01  2.1000E+01  2.4380E+02  0.0000E+00  1.0000E+00  2.4531E+02 -3.6865E-02 -8.8943E-01  2.4380E+02  8.3580E+02 -5.9200E+02 -4.6361E-01
  3.6000E+01  7.0000E+00  5.9800E+01  0.0000E+00  1.0000E+00  3.4645E+01  6.8908E-01  6.8888E-01  5.9800E+01  4.3831E+01  1.5969E+01  6.8393E-01
  3.6000E+01  9.0000E+00  7.1500E+01  0.0000E+00  1.0000E+00  6.3176E+01  2.2666E-01  2.1444E-01  7.1500E+01  8.7659E+01 -1.6159E+01  1.9493E-01
  3.6000E+01  1.1000E+01  8.9400E+01  0.0000E+00  1.0000E+00  1.0222E+02 -3.4420E-01 -3.8577E-01  8.9400E+01  1.5552E+02 -6.6122E+01 -4.0903E-01
  3.6000E+01  1.3000E+01  1.6540E+02  0.0000E+00  1.0000E+00  1.5028E+02  3.9623E-01  3.0174E-01  1.6540E+02  2.4990E+02 -8.4497E+01  2.3794E-01
  3.6000E+01  1.5000E+01  2.7790E+02  0.0000E+00  1.0000E+00  2.0462E+02  1.8500E+00  1.6765E+00  2.7790E+02  3.6995E+02 -9.2047E+01  1.3708E+00
  3.6000E+01  1.7000E+01  1.7360E+02  0.0000E+00  1.0000E+00  2.6201E+02 -2.1288E+00 -2.4052E+00  1.7360E+02  5.1177E+02 -3.3817E+02 -1.7430E+00
  3.6000E+01  1.9000E+01  2.3480E+02  0.0000E+00  1.0000E+00  3.1938E+02 -1.9310E+00 -2.3283E+00  2.3480E+02  6.6937E+02 -4.3457E+02 -1.4315E+00
  3.6000E+01  2.1000E+01  4.4800E+02  0.0000E+00  1.0000E+00  3.7428E+02  1.5936E+00  1.0652E+00  4.4800E+02  8.3580E+02 -3.8780E+02  5.5694E-01
  3.7000E+01  7.0000E+00  3.3000E+00  0.0000E+00  1.0000E+00  2.6775E+01 -6.4375E-01 -7.0401E-01  3.3000E+00  4.3831E+01 -4.0531E+01 -6.6610E-01
  3.7000E+01  9.0000E+00  3.4000E+00  0.0000E+00  1.0000E+00  4.8471E+01 -1.2316E+00 -1.3484E+00  3.4000E+00  8.7659E+01 -8.4259E+01 -1.2637E+00
  3.7000E+01  1.1000E+01  5.8400E+01  0.0000E+00  1.0000E+00  7.8948E+01 -5.5681E-01 -7.5079E-01  5.8400E+01  1.5552E+02 -9.7122E+01 -6.1922E-01
  3.7000E+01  1.3000E+01  9.4100E+01  0.0000E+00  1.0000E+00  1.1789E+02 -6.3442E-01 -9.2016E-01  9.4100E+01  2.4990E+02 -1.5580E+02 -7.1753E-01
  3.7000E+01  1.5000E+01  1.8000E+02  0.0000E+00  1.0000E+00  1.6392E+02  4.1779E-01  3.4507E-02  1.8000E+02  3.6995E+02 -1.8995E+02  1.0979E-01
  3.7000E+01  1.7000E+01  2.5250E+02  0.0000E+00  1.0000E+00  2.1492E+02  9.4116E-01  4.6334E-01  2.5250E+02  5.1177E+02 -2.5927E+02  3.3656E-01
  3.7000E+01  1.9000E+01  2.8840E+02  0.0000E+00  1.0000E+00  2.6853E+02  4.7573E-01 -8.7192E-02  2.8840E+02  6.6937E+02 -3.8097E+02 -1.1007E-01
  3.7000E+01  2.1000E+01  2.8140E+02  0.0000E+00  1.0000E+00  3.2246E+02 -9.3464E-01 -1.5699E+00  2.8140E+02  8.3580E+02 -5.5440E+02 -9.0603E-01
  3.8000E+01  7.0000E+00  1.0000E+00  0.0000E+00  1.0000E+00  2.1863E+01 -5.7242E-01 -6.4958E-01  1.0000E+00  4.3831E+01 -4.2831E+01 -6.4117E-01
  3.8000E+01  9.0000E+00  1.0000E+00  0.0000E+00  1.0000E+00  3.8706E+01 -1.0322E+00 -1.1800E+00  1.0000E+00  8.7659E+01 -8.6659E+01 -1.1339E+00
  3.8000E+01  1.1000E+01  6.7400E+01  0.0000E+00  1.0000E+00  6.2204E+01  1.4151E-01 -1.0292E-01  6.7400E+01  1.5552E+02 -8.8122E+01 -2.7575E-02
  3.8000E+01  1.3000E+01  8.3500E+01  0.0000E+00  1.0000E+00  9.2248E+01 -2.3590E-01 -5.9708E-01  8.3500E+01  2.4990E+02 -1.6640E+02 -4.2244E-01
  3.8000E+01  1.5000E+01  1.4960E+02  0.0000E+00  1.0000E+00  1.2797E+02  5.7391E-01  8.5833E-02  1.4960E+02  3.6995E+02 -2.2035E+02  1.9025E-01
  3.8000E+01  1.7000E+01  1.6270E+02  0.0000E+00  1.0000E+00  1.6794E+02 -1.3584E-01 -7.5006E-01  1.6270E+02  5.1177E+02 -3.4907E+02 -4.1179E-01
  3.8000E+01  1.9000E+01  1.5760E+02  0.0000E+00  1.0000E+00  2.1049E+02 -1.3291E+00 -2.0595E+00  1.5760E+02  6.6937E+02 -5.1177E+02 -1.1159E+00
  3.8000E+01  2.1000E+01  2.8310E+02  0.0000E+00  1.0000E+00  2.5390E+02  7.0799E-01 -1.2263E-01  2.8310E+02  8.3580E+02 -5.5270E+02 -7.5096E-02
  3.9000E+01  7.0000E+00  1.0000E+00  0.0000E+00  1.0000E+00  2.8440E+01 -7.5233E-01 -8.0675E-01  1.0000E+00  4.3831E+01 -4.2831E+01 -7.1192E-01
  3.9000E+01  9.0000E+00  5.6300E+01  0.0000E+00  1.0000E+00  4.6136E+01  2.7788E-01  1.4646E-01  5.6300E+01  8.7659E+01 -3.1359E+01  2.6266E-01
  3.9000E+01  1.1000E+01  8.9000E+01  0.0000E+00  1.0000E+00  6.6355E+01  6.1606E-01  3.6749E-01  8.9000E+01  1.5552E+02 -6.6522E+01  4.7040E-01
  3.9000E+01  1.3000E+01  5.2500E+01  0.0000E+00  1.0000E+00  8.7184E+01 -9.3715E-01 -1.3351E+00  5.2500E+01  2.4990E+02 -1.9740E+02 -1.0922E+00
  3.9000E+01  1.5000E+01  1.1800E+02  0.0000E+00  1.0000E+00  1.0703E+02  2.9398E-01 -2.7182E-01  1.1800E+02  3.6995E+02 -2.5195E+02 -1.3805E-01
  3.9000E+01  1.7000E+01  1.3160E+02  0.0000E+00  1.0000E+00  1.2486E+02  1.7912E-01 -5.5850E-01  1.3160E+02  5.1177E+02 -3.8017E+02 -3.0789E-01
  3.9000E+01  1.9000E+01  1.3040E+02  0.0000E+00  1.0000E+00  1.4018E+02 -2.5773E-01 -1.1595E+00  1.3040E+02  6.6937E+02 -5.3897E+02 -5.6951E-01
  3.9000E+01  2.1000E+01  1.3600E+02  0.0000E+00  1.0000E+00  1.5291E+02 -4.4240E-01 -1.4932E+00  1.3600E+02  8.3580E+02 -6.9980E+02 -6.0340E-01
  4.0000E+01  7.0000E+00  1.1900E+02  0.0000E+00  1.0000E+00  4.6879E+01  1.9714E+00  2.0255E+00  1.1900E+02  4.3831E+01  7.5169E+01  2.0620E+00
  4.0000E+01  9.0000E+00  1.0470E+02  0.0000E+00  1.0000E+00  8.8774E+01  4.3006E-01  5.1354E-01  1.0470E+02  8.7659E+01  1.7041E+01  5.6158E-01
  4.0000E+01  1.1000E+01  1.5490E+02  0.0000E+00  1.0000E+00  1.4741E+02  1.9668E-01  2.9085E-01  1.5490E+02  1.5552E+02 -6.2152E-01  3.3547E-01
  4.0000E+01  1.3000E+01  1.9500E+02  0.0000E+00  1.0000E+00  2.2050E+02 -6.3591E-01 -5.7000E-01  1.9500E+02  2.4990E+02 -5.4897E+01 -5.1950E-01
  4.0000E+01  1.5000E+01  3.0180E+02  0.0000E+00  1.0000E+00  3.0361E+02 -4.1910E-02 -5.4842E-02  3.0180E+02  3.6995E+02 -6.8147E+01 -3.5414E-02
  4.0000E+01  1.7000E+01  3.9220E+02  0.0000E+00  1.0000E+00  3.9140E+02  1.6931E-02 -1.2430E-01  3.9220E+02  5.1177E+02 -1.1957E+02 -1.0142E-01
  4.0000E+01  1.9000E+01  4.6910E+02  0.0000E+00  1.0000E+00  4.7888E+02 -1.8971E-01 -4.9766E-01  4.6910E+02  6.6937E+02 -2.0027E+02 -3.7861E-01
  4.0000E+01  2.1000E+01  5.8180E+02  0.0000E+00  1.0000E+00  5.6209E+02  3.5053E-01 -1.4738E-01  5.8180E+02  8.3580E+02 -2.5400E+02 -1.4051E-01
