TABLE NO.  2
 ID          A           ETA1
  1.0000E+00  4.2983E-01  3.3866E-02
  1.0000E+00  4.2983E-01  3.3866E-02
  1.0000E+00  4.2983E-01  3.3866E-02
  1.0000E+00  4.2983E-01  3.3866E-02
  1.0000E+00  4.2983E-01  3.3866E-02
  1.0000E+00  4.2983E-01  3.3866E-02
  1.0000E+00  4.2983E-01  3.3866E-02
  1.0000E+00  4.2983E-01  3.3866E-02
  2.0000E+00  4.3267E-01  4.0455E-02
  2.0000E+00  4.3267E-01  4.0455E-02
  2.0000E+00  4.3267E-01  4.0455E-02
  2.0000E+00  4.3267E-01  4.0455E-02
  2.0000E+00  4.3267E-01  4.0455E-02
  2.0000E+00  4.3267E-01  4.0455E-02
  2.0000E+00  4.3267E-01  4.0455E-02
  2.0000E+00  4.3267E-01  4.0455E-02
  2.0000E+00  4.3267E-01  4.0455E-02
  2.0000E+00  4.3267E-01  4.0455E-02
  2.0000E+00  4.3267E-01  4.0455E-02
  3.0000E+00  4.4178E-01  6.1294E-02
  3.0000E+00  4.4178E-01  6.1294E-02
  3.0000E+00  4.4178E-01  6.1294E-02
  3.0000E+00  4.4178E-01  6.1294E-02
  3.0000E+00  4.4178E-01  6.1294E-02
  3.0000E+00  4.4178E-01  6.1294E-02
  3.0000E+00  4.4178E-01  6.1294E-02
  3.0000E+00  4.4178E-01  6.1294E-02
  4.0000E+00  3.4495E-01 -1.8614E-01
  4.0000E+00  3.4495E-01 -1.8614E-01
  4.0000E+00  3.4495E-01 -1.8614E-01
  4.0000E+00  3.4495E-01 -1.8614E-01
  4.0000E+00  3.4495E-01 -1.8614E-01
  4.0000E+00  3.4495E-01 -1.8614E-01
  4.0000E+00  3.4495E-01 -1.8614E-01
  4.0000E+00  3.4495E-01 -1.8614E-01
  4.0000E+00  3.4495E-01 -1.8614E-01
  4.0000E+00  3.4495E-01 -1.8614E-01
  4.0000E+00  3.4495E-01 -1.8614E-01
  4.0000E+00  3.4495E-01 -1.8614E-01
  5.0000E+00  4.0609E-01 -2.2948E-02
  5.0000E+00  4.0609E-01 -2.2948E-02
  5.0000E+00  4.0609E-01 -2.2948E-02
  5.0000E+00  4.0609E-01 -2.2948E-02
  5.0000E+00  4.0609E-01 -2.2948E-02
  5.0000E+00  4.0609E-01 -2.2948E-02
  5.0000E+00  4.0609E-01 -2.2948E-02
  5.0000E+00  4.0609E-01 -2.2948E-02
  5.0000E+00  4.0609E-01 -2.2948E-02
  5.0000E+00  4.0609E-01 -2.2948E-02
  5.0000E+00  4.0609E-01 -2.2948E-02
  6.0000E+00  4.5285E-01  8.6032E-02
  6.0000E+00  4.5285E-01  8.6032E-02
  6.0000E+00  4.5285E-01  8.6032E-02
  6.0000E+00  4.5285E-01  8.6032E-02
  6.0000E+00  4.5285E-01  8.6032E-02
  6.0000E+00  4.5285E-01  8.6032E-02
  6.0000E+00  4.5285E-01  8.6032E-02
  6.0000E+00  4.5285E-01  8.6032E-02
  7.0000E+00  4.7985E-01  1.4395E-01
  7.0000E+00  4.7985E-01  1.4395E-01
  7.0000E+00  4.7985E-01  1.4395E-01
  7.0000E+00  4.7985E-01  1.4395E-01
  7.0000E+00  4.7985E-01  1.4395E-01
  7.0000E+00  4.7985E-01  1.4395E-01
  7.0000E+00  4.7985E-01  1.4395E-01
  8.0000E+00  4.0864E-01 -1.6682E-02
  8.0000E+00  4.0864E-01 -1.6682E-02
  8.0000E+00  4.0864E-01 -1.6682E-02
  8.0000E+00  4.0864E-01 -1.6682E-02
  8.0000E+00  4.0864E-01 -1.6682E-02
  8.0000E+00  4.0864E-01 -1.6682E-02
  8.0000E+00  4.0864E-01 -1.6682E-02
  9.0000E+00  3.7384E-01 -1.0568E-01
  9.0000E+00  3.7384E-01 -1.0568E-01
  9.0000E+00  3.7384E-01 -1.0568E-01
  9.0000E+00  3.7384E-01 -1.0568E-01
  9.0000E+00  3.7384E-01 -1.0568E-01
  9.0000E+00  3.7384E-01 -1.0568E-01
  9.0000E+00  3.7384E-01 -1.0568E-01
  9.0000E+00  3.7384E-01 -1.0568E-01
  9.0000E+00  3.7384E-01 -1.0568E-01
  9.0000E+00  3.7384E-01 -1.0568E-01
  1.0000E+01  3.6426E-01 -1.3165E-01
  1.0000E+01  3.6426E-01 -1.3165E-01
  1.0000E+01  3.6426E-01 -1.3165E-01
  1.0000E+01  3.6426E-01 -1.3165E-01
  1.0000E+01  3.6426E-01 -1.3165E-01
  1.0000E+01  3.6426E-01 -1.3165E-01
  1.0000E+01  3.6426E-01 -1.3165E-01
  1.0000E+01  3.6426E-01 -1.3165E-01
  1.0000E+01  3.6426E-01 -1.3165E-01
  1.0000E+01  3.6426E-01 -1.3165E-01
  1.1000E+01  3.7474E-01 -1.0328E-01
  1.1000E+01  3.7474E-01 -1.0328E-01
  1.1000E+01  3.7474E-01 -1.0328E-01
  1.1000E+01  3.7474E-01 -1.0328E-01
  1.1000E+01  3.7474E-01 -1.0328E-01
  1.1000E+01  3.7474E-01 -1.0328E-01
  1.1000E+01  3.7474E-01 -1.0328E-01
  1.1000E+01  3.7474E-01 -1.0328E-01
  1.1000E+01  3.7474E-01 -1.0328E-01
  1.2000E+01  3.6566E-01 -1.2781E-01
  1.2000E+01  3.6566E-01 -1.2781E-01
  1.2000E+01  3.6566E-01 -1.2781E-01
  1.2000E+01  3.6566E-01 -1.2781E-01
  1.2000E+01  3.6566E-01 -1.2781E-01
  1.2000E+01  3.6566E-01 -1.2781E-01
  1.2000E+01  3.6566E-01 -1.2781E-01
  1.2000E+01  3.6566E-01 -1.2781E-01
  1.3000E+01  4.3812E-01  5.2964E-02
  1.3000E+01  4.3812E-01  5.2964E-02
  1.3000E+01  4.3812E-01  5.2964E-02
  1.3000E+01  4.3812E-01  5.2964E-02
  1.3000E+01  4.3812E-01  5.2964E-02
  1.3000E+01  4.3812E-01  5.2964E-02
  1.3000E+01  4.3812E-01  5.2964E-02
  1.3000E+01  4.3812E-01  5.2964E-02
  1.3000E+01  4.3812E-01  5.2964E-02
  1.4000E+01  3.6159E-01 -1.3900E-01
  1.4000E+01  3.6159E-01 -1.3900E-01
  1.4000E+01  3.6159E-01 -1.3900E-01
  1.4000E+01  3.6159E-01 -1.3900E-01
  1.4000E+01  3.6159E-01 -1.3900E-01
  1.4000E+01  3.6159E-01 -1.3900E-01
  1.4000E+01  3.6159E-01 -1.3900E-01
  1.5000E+01  5.5498E-01  2.8941E-01
  1.5000E+01  5.5498E-01  2.8941E-01
  1.5000E+01  5.5498E-01  2.8941E-01
  1.5000E+01  5.5498E-01  2.8941E-01
  1.5000E+01  5.5498E-01  2.8941E-01
  1.5000E+01  5.5498E-01  2.8941E-01
  1.6000E+01  4.4086E-01  5.9201E-02
  1.6000E+01  4.4086E-01  5.9201E-02
  1.6000E+01  4.4086E-01  5.9201E-02
  1.6000E+01  4.4086E-01  5.9201E-02
  1.6000E+01  4.4086E-01  5.9201E-02
  1.6000E+01  4.4086E-01  5.9201E-02
  1.6000E+01  4.4086E-01  5.9201E-02
  1.6000E+01  4.4086E-01  5.9201E-02
  1.6000E+01  4.4086E-01  5.9201E-02
  1.7000E+01  4.4173E-01  6.1169E-02
  1.7000E+01  4.4173E-01  6.1169E-02
  1.7000E+01  4.4173E-01  6.1169E-02
  1.7000E+01  4.4173E-01  6.1169E-02
  1.7000E+01  4.4173E-01  6.1169E-02
  1.7000E+01  4.4173E-01  6.1169E-02
  1.7000E+01  4.4173E-01  6.1169E-02
  1.8000E+01  3.9434E-01 -5.2308E-02
  1.8000E+01  3.9434E-01 -5.2308E-02
  1.8000E+01  3.9434E-01 -5.2308E-02
  1.8000E+01  3.9434E-01 -5.2308E-02
  1.8000E+01  3.9434E-01 -5.2308E-02
  1.8000E+01  3.9434E-01 -5.2308E-02
  1.8000E+01  3.9434E-01 -5.2308E-02
  1.8000E+01  3.9434E-01 -5.2308E-02
  1.9000E+01  4.2215E-01  1.5838E-02
  1.9000E+01  4.2215E-01  1.5838E-02
  1.9000E+01  4.2215E-01  1.5838E-02
  1.9000E+01  4.2215E-01  1.5838E-02
  1.9000E+01  4.2215E-01  1.5838E-02
  1.9000E+01  4.2215E-01  1.5838E-02
  1.9000E+01  4.2215E-01  1.5838E-02
  1.9000E+01  4.2215E-01  1.5838E-02
  2.0000E+01  4.5003E-01  7.9796E-02
  2.0000E+01  4.5003E-01  7.9796E-02
  2.0000E+01  4.5003E-01  7.9796E-02
  2.0000E+01  4.5003E-01  7.9796E-02
  2.0000E+01  4.5003E-01  7.9796E-02
  2.0000E+01  4.5003E-01  7.9796E-02
  2.0000E+01  4.5003E-01  7.9796E-02
  2.0000E+01  4.5003E-01  7.9796E-02
  2.0000E+01  4.5003E-01  7.9796E-02
  2.0000E+01  4.5003E-01  7.9796E-02
