TABLE NO.  1
 ID          TIME        DV          MDV         IPRE        IWRE        CWRES       DV          PRED        RES         WRES
  1.0000E+00  7.0000E+00  5.0022E+01  0.0000E+00  2.0263E+01  3.0388E-01  3.2024E-01  5.0022E+01  1.8331E+01  3.1690E+01  3.1784E-01
  1.0000E+00  1.1000E+01  3.0952E+02  0.0000E+00  1.1308E+02  1.8191E+00  1.9547E+00  3.0952E+02  9.6610E+01  2.1291E+02  1.9761E+00
  1.0000E+00  1.2000E+01  3.2490E+02  0.0000E+00  1.7381E+02  1.2514E+00  1.4646E+00  3.2490E+02  1.4638E+02  1.7852E+02  1.4888E+00
  1.0000E+00  1.3000E+01  4.5084E+02  0.0000E+00  2.6714E+02  1.2538E+00  1.5704E+00  4.5084E+02  2.2179E+02  2.2906E+02  1.6077E+00
  1.0000E+00  1.4000E+01  5.7245E+02  0.0000E+00  4.1060E+02  8.3318E-01  1.2728E+00  5.7245E+02  3.3604E+02  2.3641E+02  1.2790E+00
  1.0000E+00  1.5000E+01  6.6434E+02  0.0000E+00  6.3109E+02  1.2047E-01  6.9268E-01  6.6434E+02  5.0915E+02  1.5518E+02  6.5127E-01
  1.0000E+00  1.8000E+01  1.1517E+03  0.0000E+00  2.2914E+03 -1.2093E+00 -2.8724E-01  1.1517E+03  1.7710E+03 -6.1931E+02 -3.7909E-01
  1.0000E+00  1.9000E+01  1.3384E+03  0.0000E+00  3.5219E+03 -1.5120E+00 -5.1727E-01  1.3384E+03  2.6833E+03 -1.3450E+03 -6.2077E-01
  2.0000E+00  5.0000E+00  5.4886E+01  0.0000E+00  8.7003E+00  4.7302E-01  4.8025E-01  5.4886E+01  7.9851E+00  4.6901E+01  4.8008E-01
  2.0000E+00  6.0000E+00  5.9408E+01  0.0000E+00  1.3410E+01  4.7066E-01  4.8402E-01  5.9408E+01  1.2099E+01  4.7309E+01  4.8366E-01
  2.0000E+00  7.0000E+00  8.5662E+01  0.0000E+00  2.0670E+01  6.6358E-01  6.8756E-01  8.5662E+01  1.8331E+01  6.7331E+01  6.8703E-01
  2.0000E+00  1.1000E+01  2.6157E+02  0.0000E+00  1.1667E+02  1.3339E+00  1.5316E+00  2.6157E+02  9.6610E+01  1.6496E+02  1.5606E+00
  2.0000E+00  1.2000E+01  4.1227E+02  0.0000E+00  1.7984E+02  1.9020E+00  2.2077E+00  4.1227E+02  1.4638E+02  2.6589E+02  2.3017E+00
  2.0000E+00  1.3000E+01  4.8845E+02  0.0000E+00  2.7720E+02  1.4121E+00  1.8540E+00  4.8845E+02  2.2179E+02  2.6666E+02  1.9610E+00
  2.0000E+00  1.4000E+01  6.1886E+02  0.0000E+00  4.2726E+02  9.5709E-01  1.5507E+00  6.1886E+02  3.3604E+02  2.8281E+02  1.6342E+00
  2.0000E+00  1.5000E+01  7.9900E+02  0.0000E+00  6.5857E+02  4.9008E-01  1.2389E+00  7.9900E+02  5.0915E+02  2.8984E+02  1.2780E+00
  2.0000E+00  1.8000E+01  1.2187E+03  0.0000E+00  2.4117E+03 -1.2033E+00 -4.7202E-02  1.2187E+03  1.7710E+03 -5.5228E+02 -1.4315E-01
  2.0000E+00  1.9000E+01  1.4155E+03  0.0000E+00  3.7173E+03 -1.5105E+00 -2.5931E-01  1.4155E+03  2.6833E+03 -1.2679E+03 -3.9051E-01
  2.0000E+00  2.0000E+01  1.4102E+03  0.0000E+00  5.7297E+03 -1.8412E+00 -5.2323E-01  1.4102E+03  4.0657E+03 -2.6555E+03 -6.9358E-01
  3.0000E+00  6.0000E+00  8.9231E+01  0.0000E+00  1.4164E+01  7.6797E-01  7.7322E-01  8.9231E+01  1.2099E+01  7.7133E+01  7.7321E-01
  3.0000E+00  7.0000E+00  1.5735E+02  0.0000E+00  2.2032E+01  1.3809E+00  1.3905E+00  1.5735E+02  1.8331E+01  1.3902E+02  1.3919E+00
  3.0000E+00  1.1000E+01  2.2170E+02  0.0000E+00  1.2897E+02  8.3591E-01  9.2223E-01  2.2170E+02  9.6610E+01  1.2509E+02  9.7085E-01
  3.0000E+00  1.2000E+01  3.2749E+02  0.0000E+00  2.0061E+02  9.9510E-01  1.1380E+00  3.2749E+02  1.4638E+02  1.8111E+02  1.2521E+00
  3.0000E+00  1.3000E+01  4.6144E+02  0.0000E+00  3.1205E+02  9.2972E-01  1.1570E+00  4.6144E+02  2.2179E+02  2.3965E+02  1.3340E+00
  3.0000E+00  1.4000E+01  6.4145E+02  0.0000E+00  4.8539E+02  7.0534E-01  1.0465E+00  6.4145E+02  3.3604E+02  3.0540E+02  1.2364E+00
  3.0000E+00  1.5000E+01  7.4687E+02  0.0000E+00  7.5501E+02 -2.5133E-02  4.5369E-01  7.4687E+02  5.0915E+02  2.3772E+02  5.1448E-01
  3.0000E+00  1.8000E+01  1.3595E+03  0.0000E+00  2.8415E+03 -1.2704E+00 -3.4192E-01  1.3595E+03  1.7710E+03 -4.1154E+02 -5.6286E-01
  4.0000E+00  6.0000E+00  5.5349E+01  0.0000E+00  7.9222E+00  4.8578E-01  4.8400E-01  5.5349E+01  1.2099E+01  4.3250E+01  4.6649E-01
  4.0000E+00  7.0000E+00  5.6176E+01  0.0000E+00  1.1185E+01  4.6057E-01  4.5765E-01  5.6176E+01  1.8331E+01  3.7844E+01  4.2873E-01
  4.0000E+00  1.1000E+01  1.0333E+02  0.0000E+00  4.4452E+01  5.9321E-01  5.7521E-01  1.0333E+02  9.6610E+01  6.7211E+00  3.8698E-01
  4.0000E+00  1.2000E+01  1.5532E+02  0.0000E+00  6.2762E+01  9.1735E-01  8.9000E-01  1.5532E+02  1.4638E+02  8.9411E+00  5.6523E-01
  4.0000E+00  1.3000E+01  1.6796E+02  0.0000E+00  8.8614E+01  7.6225E-01  7.2146E-01  1.6796E+02  2.2179E+02 -5.3827E+01  2.8446E-01
  4.0000E+00  1.4000E+01  2.1938E+02  0.0000E+00  1.2512E+02  8.5550E-01  7.9619E-01  2.1938E+02  3.3604E+02 -1.1666E+02  1.9820E-01
  4.0000E+00  1.5000E+01  4.1238E+02  0.0000E+00  1.7665E+02  1.9413E+00  1.8579E+00  4.1238E+02  5.0915E+02 -9.6775E+01  5.7697E-01
  4.0000E+00  1.8000E+01  5.8419E+02  0.0000E+00  4.9721E+02  3.8554E-01  1.8262E-01  5.8419E+02  1.7710E+03 -1.1868E+03 -1.6779E-01
  4.0000E+00  1.9000E+01  7.6207E+02  0.0000E+00  7.0202E+02  1.9799E-01 -7.9872E-02  7.6207E+02  2.6833E+03 -1.9213E+03 -2.2325E-01
  4.0000E+00  2.0000E+01  8.8033E+02  0.0000E+00  9.9119E+02 -2.6582E-01 -6.5465E-01  8.8033E+02  4.0657E+03 -3.1853E+03 -3.3832E-01
  4.0000E+00  2.1000E+01  1.0401E+03  0.0000E+00  1.3995E+03 -6.1883E-01 -1.1674E+00  1.0401E+03  6.1601E+03 -5.1200E+03 -4.4275E-01
  4.0000E+00  2.2000E+01  1.3351E+03  0.0000E+00  1.9759E+03 -7.8700E-01 -1.5547E+00  1.3351E+03  9.3335E+03 -7.9983E+03 -5.3725E-01
  5.0000E+00  5.0000E+00  6.8809E+01  0.0000E+00  7.6175E+00  6.2680E-01  6.3052E-01  6.8809E+01  7.9851E+00  6.0824E+01  6.2701E-01
  5.0000E+00  6.0000E+00  5.9853E+01  0.0000E+00  1.1433E+01  4.9566E-01  5.0235E-01  5.9853E+01  1.2099E+01  4.7755E+01  4.9606E-01
  5.0000E+00  7.0000E+00  5.8989E+01  0.0000E+00  1.7161E+01  4.2756E-01  4.3928E-01  5.8989E+01  1.8331E+01  4.0657E+01  4.2831E-01
  5.0000E+00  1.1000E+01  1.7966E+02  0.0000E+00  8.7094E+01  8.9115E-01  9.8106E-01  1.7966E+02  9.6610E+01  8.3055E+01  8.8906E-01
  5.0000E+00  1.2000E+01  3.0979E+02  0.0000E+00  1.3072E+02  1.6093E+00  1.7501E+00  3.0979E+02  1.4638E+02  1.6341E+02  1.5709E+00
  5.0000E+00  1.3000E+01  4.7057E+02  0.0000E+00  1.9621E+02  2.1715E+00  2.3822E+00  4.7057E+02  2.2179E+02  2.4878E+02  2.0334E+00
  5.0000E+00  1.4000E+01  4.8093E+02  0.0000E+00  2.9449E+02  1.2025E+00  1.4990E+00  4.8093E+02  3.3604E+02  1.4489E+02  1.1129E+00
  5.0000E+00  1.5000E+01  4.8878E+02  0.0000E+00  4.4202E+02  2.2757E-01  6.1694E-01  4.8878E+02  5.0915E+02 -2.0375E+01  3.3753E-01
  5.0000E+00  1.8000E+01  1.0217E+03  0.0000E+00  1.4946E+03 -7.6373E-01 -1.6194E-01  1.0217E+03  1.7710E+03 -7.4928E+02 -2.0347E-01
  5.0000E+00  1.9000E+01  1.2785E+03  0.0000E+00  2.2433E+03 -1.0454E+00 -4.2790E-01  1.2785E+03  2.6833E+03 -1.4048E+03 -3.6450E-01
  5.0000E+00  2.0000E+01  1.3774E+03  0.0000E+00  3.3671E+03 -1.4408E+00 -8.4835E-01  1.3774E+03  4.0657E+03 -2.6883E+03 -6.1366E-01
  6.0000E+00  6.0000E+00  4.6502E+01  0.0000E+00  1.5136E+01  3.2081E-01  3.3005E-01  4.6502E+01  1.2099E+01  3.4404E+01  3.3132E-01
  6.0000E+00  7.0000E+00  5.5155E+01  0.0000E+00  2.3806E+01  3.1969E-01  3.3662E-01  5.5155E+01  1.8331E+01  3.6824E+01  3.3958E-01
  6.0000E+00  1.1000E+01  2.5122E+02  0.0000E+00  1.4567E+02  9.2322E-01  1.0760E+00  2.5122E+02  9.6610E+01  1.5461E+02  1.1906E+00
  6.0000E+00  1.2000E+01  3.4118E+02  0.0000E+00  2.2910E+02  8.2834E-01  1.0725E+00  3.4118E+02  1.4638E+02  1.9480E+02  1.2831E+00
  6.0000E+00  1.3000E+01  4.3833E+02  0.0000E+00  3.6033E+02  4.4127E-01  8.1023E-01  4.3833E+02  2.2179E+02  2.1655E+02  1.0565E+00
  6.0000E+00  1.4000E+01  8.5995E+02  0.0000E+00  5.6672E+02  1.1658E+00  1.6913E+00  8.5995E+02  3.3604E+02  5.2391E+02  2.3051E+00
  6.0000E+00  1.5000E+01  8.5473E+02  0.0000E+00  8.9132E+02 -9.6951E-02  6.1075E-01  8.5473E+02  5.0915E+02  3.4558E+02  8.1650E-01
  6.0000E+00  1.8000E+01  1.1433E+03  0.0000E+00  3.4677E+03 -1.6346E+00 -3.2992E-01  1.1433E+03  1.7710E+03 -6.2772E+02 -8.1219E-01
  7.0000E+00  6.0000E+00  9.4728E+01  0.0000E+00  1.7798E+01  7.8623E-01  7.9302E-01  9.4728E+01  1.2099E+01  8.2629E+01  7.9381E-01
  7.0000E+00  7.0000E+00  1.2609E+02  0.0000E+00  2.8758E+01  9.9036E-01  1.0032E+00  1.2609E+02  1.8331E+01  1.0776E+02  1.0095E+00
  7.0000E+00  1.1000E+01  3.3314E+02  0.0000E+00  1.9604E+02  1.0854E+00  1.2278E+00  3.3314E+02  9.6610E+01  2.3653E+02  1.5494E+00
  7.0000E+00  1.2000E+01  5.3868E+02  0.0000E+00  3.1677E+02  1.3680E+00  1.6184E+00  5.3868E+02  1.4638E+02  3.9230E+02  2.3682E+00
  7.0000E+00  1.3000E+01  6.6993E+02  0.0000E+00  5.1184E+02  6.8432E-01  1.1014E+00  6.6993E+02  2.2179E+02  4.4814E+02  1.9019E+00
  7.0000E+00  1.4000E+01  7.6253E+02  0.0000E+00  8.2705E+02 -1.8323E-01  4.6496E-01  7.6253E+02  3.3604E+02  4.2649E+02  8.1612E-01
  7.0000E+00  1.5000E+01  9.2372E+02  0.0000E+00  1.3364E+03 -7.4305E-01  1.9979E-01  9.2372E+02  5.0915E+02  4.1457E+02  8.7060E-02
  8.0000E+00  1.1000E+01  2.0116E+02  0.0000E+00  8.9574E+01  1.0706E+00  1.1247E+00  2.0116E+02  9.6610E+01  1.0456E+02  1.0492E+00
  8.0000E+00  1.2000E+01  3.1638E+02  0.0000E+00  1.3479E+02  1.6202E+00  1.7065E+00  3.1638E+02  1.4638E+02  1.7000E+02  1.5618E+00
  8.0000E+00  1.3000E+01  3.3824E+02  0.0000E+00  2.0283E+02  1.0572E+00  1.1900E+00  3.3824E+02  2.2179E+02  1.1645E+02  9.8676E-01
  8.0000E+00  1.4000E+01  4.1196E+02  0.0000E+00  3.0521E+02  6.7366E-01  8.6747E-01  4.1196E+02  3.3604E+02  7.5919E+01  6.2408E-01
  8.0000E+00  1.5000E+01  5.8667E+02  0.0000E+00  4.5927E+02  6.0175E-01  8.6594E-01  5.8667E+02  5.0915E+02  7.7514E+01  5.7373E-01
  8.0000E+00  1.8000E+01  9.9188E+02  0.0000E+00  1.5649E+03 -8.8482E-01 -4.6457E-01  9.9188E+02  1.7710E+03 -7.7911E+02 -4.0301E-01
  8.0000E+00  1.9000E+01  1.2199E+03  0.0000E+00  2.3548E+03 -1.1721E+00 -7.5478E-01  1.2199E+03  2.6833E+03 -1.4634E+03 -5.8272E-01
  9.0000E+00  6.0000E+00  1.8567E+01  0.0000E+00  9.4222E+00  9.3650E-02  9.1764E-02  1.8567E+01  1.2099E+01  6.4686E+00  8.2098E-02
  9.0000E+00  7.0000E+00  7.3294E+01  0.0000E+00  1.3693E+01  6.0980E-01  6.0661E-01  7.3294E+01  1.8331E+01  5.4962E+01  5.8967E-01
  9.0000E+00  1.1000E+01  1.2682E+02  0.0000E+00  6.1087E+01  6.5261E-01  6.3098E-01  1.2682E+02  9.6610E+01  3.0211E+01  5.0289E-01
  9.0000E+00  1.2000E+01  2.2266E+02  0.0000E+00  8.8778E+01  1.2859E+00  1.2529E+00  2.2266E+02  1.4638E+02  7.6282E+01  9.8723E-01
  9.0000E+00  1.3000E+01  2.4473E+02  0.0000E+00  1.2902E+02  1.0430E+00  9.9453E-01  2.4473E+02  2.2179E+02  2.2941E+01  6.2343E-01
  9.0000E+00  1.4000E+01  3.3363E+02  0.0000E+00  1.8751E+02  1.1773E+00  1.1100E+00  3.3363E+02  3.3604E+02 -2.4104E+00  5.6083E-01
  9.0000E+00  1.5000E+01  3.6748E+02  0.0000E+00  2.7251E+02  6.4099E-01  5.5296E-01  3.6748E+02  5.0915E+02 -1.4168E+02  1.2667E-01
  9.0000E+00  1.8000E+01  8.0578E+02  0.0000E+00  8.3648E+02 -8.6290E-02 -2.8460E-01  8.0578E+02  1.7710E+03 -9.6522E+02 -2.6353E-01
  9.0000E+00  1.9000E+01  1.0300E+03  0.0000E+00  1.2157E+03 -3.6629E-01 -6.5040E-01  1.0300E+03  2.6833E+03 -1.6533E+03 -3.9374E-01
  9.0000E+00  2.0000E+01  1.2728E+03  0.0000E+00  1.7668E+03 -6.7724E-01 -1.0891E+00  1.2728E+03  4.0657E+03 -2.7928E+03 -5.4554E-01
  1.0000E+01  6.0000E+00  2.6880E+01  0.0000E+00  8.8957E+00  1.8418E-01  1.8312E-01  2.6880E+01  1.2099E+01  1.4781E+01  1.7016E-01
  1.0000E+01  1.1000E+01  1.4415E+02  0.0000E+00  5.4975E+01  8.9056E-01  8.7895E-01  1.4415E+02  9.6610E+01  4.7541E+01  7.0741E-01
  1.0000E+01  1.2000E+01  1.9340E+02  0.0000E+00  7.9134E+01  1.1115E+00  1.0938E+00  1.9340E+02  1.4638E+02  4.7023E+01  7.9544E-01
  1.0000E+01  1.3000E+01  2.8117E+02  0.0000E+00  1.1391E+02  1.5468E+00  1.5210E+00  2.8117E+02  2.2179E+02  5.9385E+01  9.6983E-01
  1.0000E+01  1.4000E+01  2.9489E+02  0.0000E+00  1.6397E+02  1.1057E+00  1.0696E+00  2.9489E+02  3.3604E+02 -4.1154E+01  4.5320E-01
  1.0000E+01  1.5000E+01  3.9188E+02  0.0000E+00  2.3602E+02  1.1354E+00  1.0879E+00  3.9188E+02  5.0915E+02 -1.1727E+02  3.3509E-01
  1.0000E+01  1.8000E+01  7.4496E+02  0.0000E+00  7.0395E+02  1.3485E-01  1.6503E-02  7.4496E+02  1.7710E+03 -1.0260E+03 -1.7241E-01
  1.0000E+01  1.9000E+01  9.9033E+02  0.0000E+00  1.0133E+03 -5.3936E-02 -2.3797E-01  9.9033E+02  2.6833E+03 -1.6930E+03 -2.4948E-01
  1.0000E+01  2.0000E+01  1.0853E+03  0.0000E+00  1.4586E+03 -6.1737E-01 -9.0832E-01  1.0853E+03  4.0657E+03 -2.9803E+03 -4.4044E-01
  1.0000E+01  2.1000E+01  1.3312E+03  0.0000E+00  2.0996E+03 -8.8886E-01 -1.3381E+00  1.3312E+03  6.1601E+03 -4.8289E+03 -5.6445E-01
  1.1000E+01  9.0000E+00  1.3992E+01  0.0000E+00  2.9157E+01 -1.5427E-01 -1.4859E-01  1.3992E+01  4.2083E+01 -2.8091E+01 -1.8850E-01
  1.1000E+01  1.0000E+01  2.3745E+01  0.0000E+00  4.2412E+01 -1.8835E-01 -1.7921E-01  2.3745E+01  6.3762E+01 -4.0017E+01 -2.3912E-01
  1.1000E+01  1.1000E+01  4.2285E+01  0.0000E+00  6.1693E+01 -1.9257E-01 -1.7801E-01  4.2285E+01  9.6610E+01 -5.4325E+01 -2.6406E-01
  1.1000E+01  1.4000E+01  3.0702E+02  0.0000E+00  1.8988E+02  9.3922E-01  9.9178E-01  3.0702E+02  3.3604E+02 -2.9017E+01  4.8729E-01
  1.1000E+01  1.5000E+01  4.3996E+02  0.0000E+00  2.7621E+02  1.0969E+00  1.1716E+00  4.3996E+02  5.0915E+02 -6.9191E+01  4.7056E-01
  1.1000E+01  1.6000E+01  5.4535E+02  0.0000E+00  4.0177E+02  7.5110E-01  8.4936E-01  5.4535E+02  7.7144E+02 -2.2610E+02  2.2319E-01
  1.1000E+01  1.7000E+01  6.0547E+02  0.0000E+00  5.8443E+02  8.1480E-02  1.9712E-01  6.0547E+02  1.1689E+03 -5.6339E+02 -9.3242E-02
  1.1000E+01  1.8000E+01  7.4313E+02  0.0000E+00  8.5012E+02 -2.9619E-01 -1.8098E-01  7.4313E+02  1.7710E+03 -1.0279E+03 -2.4443E-01
  1.1000E+01  2.1000E+01  9.6310E+02  0.0000E+00  2.6165E+03 -1.5383E+00 -1.6698E+00  9.6310E+02  6.1601E+03 -5.1970E+03 -7.4327E-01
  1.2000E+01  1.1000E+01  1.0937E+02  0.0000E+00  5.5829E+01  5.3425E-01  5.5131E-01  1.0937E+02  9.6610E+01  1.2758E+01  3.9458E-01
  1.2000E+01  1.4000E+01  3.9051E+02  0.0000E+00  1.6722E+02  1.8738E+00  1.9338E+00  3.9051E+02  3.3604E+02  5.4469E+01  1.0070E+00
  1.2000E+01  1.5000E+01  4.3064E+02  0.0000E+00  2.4104E+02  1.3668E+00  1.4521E+00  4.3064E+02  5.0915E+02 -7.8515E+01  5.1614E-01
  1.2000E+01  1.6000E+01  4.1365E+02  0.0000E+00  3.4745E+02  3.8397E-01  4.9782E-01  4.1365E+02  7.7144E+02 -3.5780E+02 -1.1176E-02
  1.2000E+01  1.7000E+01  5.4487E+02  0.0000E+00  5.0083E+02  1.9403E-01  3.3336E-01  5.4487E+02  1.1689E+03 -6.2399E+02 -8.4740E-02
  1.2000E+01  1.8000E+01  7.4950E+02  0.0000E+00  7.2193E+02  8.8608E-02  2.4059E-01  7.4950E+02  1.7710E+03 -1.0215E+03 -1.1589E-01
  1.2000E+01  2.1000E+01  1.3128E+03  0.0000E+00  2.1623E+03 -9.5449E-01 -9.6959E-01  1.3128E+03  6.1601E+03 -4.8473E+03 -4.6228E-01
  1.2000E+01  2.2000E+01  1.4148E+03  0.0000E+00  3.1169E+03 -1.3310E+00 -1.5120E+00  1.4148E+03  9.3335E+03 -7.9187E+03 -6.0940E-01
  1.3000E+01  7.0000E+00  4.9278E+01  0.0000E+00  2.1474E+01  2.8380E-01  2.7922E-01  4.9278E+01  1.8331E+01  3.0947E+01  2.7703E-01
  1.3000E+01  8.0000E+00  7.6058E+01  0.0000E+00  3.3279E+01  4.3421E-01  4.2619E-01  7.6058E+01  2.7775E+01  4.8283E+01  4.2394E-01
  1.3000E+01  9.0000E+00  1.4878E+02  0.0000E+00  5.1576E+01  9.7369E-01  9.6008E-01  1.4878E+02  4.2083E+01  1.0670E+02  9.6274E-01
  1.3000E+01  1.0000E+01  1.1859E+02  0.0000E+00  7.9932E+01  3.7566E-01  3.5365E-01  1.1859E+02  6.3762E+01  5.4829E+01  3.5489E-01
  1.3000E+01  1.1000E+01  2.0243E+02  0.0000E+00  1.2388E+02  7.1441E-01  6.8188E-01  2.0243E+02  9.6610E+01  1.0582E+02  7.0500E-01
  1.3000E+01  1.4000E+01  5.6855E+02  0.0000E+00  4.6111E+02  5.0586E-01  5.0193E-01  5.6855E+02  3.3604E+02  2.3251E+02  5.8220E-01
  1.3000E+01  1.5000E+01  1.0068E+03  0.0000E+00  7.1463E+02  9.4782E-01  1.0037E+00  1.0068E+03  5.0915E+02  4.9760E+02  1.1718E+00
  1.3000E+01  1.6000E+01  1.0851E+03  0.0000E+00  1.1075E+03 -4.8389E-02  9.5054E-02  1.0851E+03  7.7144E+02  3.1365E+02  1.2184E-01
  1.3000E+01  1.7000E+01  1.4921E+03  0.0000E+00  1.7164E+03 -3.1647E-01 -6.0903E-02  1.4921E+03  1.1689E+03  3.2320E+02 -6.3675E-02
  1.4000E+01  1.1000E+01  6.9900E+01  0.0000E+00  5.3385E+01  1.6517E-01  1.4490E-01  6.9900E+01  9.6610E+01 -2.6710E+01  3.7179E-02
  1.4000E+01  1.4000E+01  2.4218E+02  0.0000E+00  1.5796E+02  7.1970E-01  6.5346E-01  2.4218E+02  3.3604E+02 -9.3856E+01  2.2614E-01
  1.4000E+01  1.5000E+01  3.7053E+02  0.0000E+00  2.2676E+02  1.0678E+00  9.7704E-01  3.7053E+02  5.0915E+02 -1.3862E+02  3.0223E-01
  1.4000E+01  1.6000E+01  4.0819E+02  0.0000E+00  3.2554E+02  5.0055E-01  3.8038E-01  4.0819E+02  7.7144E+02 -3.6326E+02 -3.2616E-02
  1.4000E+01  1.7000E+01  5.2224E+02  0.0000E+00  4.6736E+02  2.5566E-01  9.7288E-02  5.2224E+02  1.1689E+03 -6.4662E+02 -1.5452E-01
  1.4000E+01  1.8000E+01  6.1625E+02  0.0000E+00  6.7095E+02 -1.8775E-01 -4.0237E-01  6.1625E+02  1.7710E+03 -1.1547E+03 -3.1849E-01
  1.4000E+01  2.1000E+01  1.1427E+03  0.0000E+00  1.9852E+03 -1.0300E+00 -1.6462E+00  1.1427E+03  6.1601E+03 -5.0174E+03 -6.7365E-01
  1.5000E+01  4.0000E+00  3.4157E+01  0.0000E+00  9.2065E+00  2.5551E-01  2.6832E-01  3.4157E+01  5.2702E+00  2.8887E+01  2.8237E-01
  1.5000E+01  7.0000E+00  1.5356E+02  0.0000E+00  4.8659E+01  1.0534E+00  1.1714E+00  1.5356E+02  1.8331E+01  1.3523E+02  1.2994E+00
  1.5000E+01  8.0000E+00  2.4071E+02  0.0000E+00  8.4760E+01  1.5060E+00  1.7391E+00  2.4071E+02  2.7775E+01  2.1294E+02  2.0256E+00
  1.5000E+01  9.0000E+00  2.7921E+02  0.0000E+00  1.4764E+02  1.1465E+00  1.5936E+00  2.7921E+02  4.2083E+01  2.3713E+02  2.1540E+00
  1.5000E+01  1.0000E+01  4.2300E+02  0.0000E+00  2.5718E+02  1.1556E+00  1.9739E+00  4.2300E+02  6.3762E+01  3.5924E+02  3.1638E+00
  1.5000E+01  1.1000E+01  4.2466E+02  0.0000E+00  4.4798E+02 -1.1232E-01  1.2790E+00  4.2466E+02  9.6610E+01  3.2805E+02  2.4962E+00
  1.6000E+01  7.0000E+00  6.7362E+01  0.0000E+00  2.1890E+01  4.6407E-01  4.6380E-01  6.7362E+01  1.8331E+01  4.9030E+01  4.6225E-01
  1.6000E+01  8.0000E+00  7.3277E+01  0.0000E+00  3.4017E+01  3.9832E-01  3.9791E-01  7.3277E+01  2.7775E+01  4.5502E+01  3.9638E-01
  1.6000E+01  9.0000E+00  8.1923E+01  0.0000E+00  5.2864E+01  2.9075E-01  2.9028E-01  8.1923E+01  4.2083E+01  3.9839E+01  2.8933E-01
  1.6000E+01  1.0000E+01  1.4119E+02  0.0000E+00  8.2153E+01  5.7208E-01  5.7227E-01  1.4119E+02  6.3762E+01  7.7431E+01  5.8084E-01
  1.6000E+01  1.1000E+01  2.9142E+02  0.0000E+00  1.2767E+02  1.4795E+00  1.4833E+00  2.9142E+02  9.6610E+01  1.9481E+02  1.5521E+00
  1.6000E+01  1.4000E+01  7.1939E+02  0.0000E+00  4.7915E+02  1.0972E+00  1.2002E+00  7.1939E+02  3.3604E+02  3.8335E+02  1.4252E+00
  1.6000E+01  1.5000E+01  8.9126E+02  0.0000E+00  7.4462E+02  4.5842E-01  6.4541E-01  8.9126E+02  5.0915E+02  3.8211E+02  7.7367E-01
  1.6000E+01  1.6000E+01  1.0261E+03  0.0000E+00  1.1572E+03 -2.7113E-01  2.3680E-02  1.0261E+03  7.7144E+02  2.5468E+02  2.0216E-02
  1.6000E+01  1.7000E+01  1.3878E+03  0.0000E+00  1.7983E+03 -5.5317E-01 -1.3092E-01  1.3878E+03  1.1689E+03  2.1891E+02 -1.8266E-01
  1.7000E+01  9.0000E+00  9.5995E+01  0.0000E+00  5.3279E+01  4.2724E-01  4.4059E-01  9.5995E+01  4.2083E+01  5.3912E+01  4.4373E-01
  1.7000E+01  1.0000E+01  2.6843E+02  0.0000E+00  8.2870E+01  1.7964E+00  1.8198E+00  2.6843E+02  6.3762E+01  2.0467E+02  1.8605E+00
  1.7000E+01  1.1000E+01  3.7577E+02  0.0000E+00  1.2889E+02  2.2259E+00  2.2672E+00  3.7577E+02  9.6610E+01  2.7916E+02  2.3841E+00
  1.7000E+01  1.4000E+01  6.3909E+02  0.0000E+00  4.8501E+02  6.9682E-01  8.9922E-01  6.3909E+02  3.3604E+02  3.0305E+02  1.0767E+00
  1.7000E+01  1.5000E+01  9.2436E+02  0.0000E+00  7.5438E+02  5.2513E-01  8.2762E-01  9.2436E+02  5.0915E+02  4.1520E+02  9.9628E-01
  1.7000E+01  1.6000E+01  8.8997E+02  0.0000E+00  1.1734E+03 -5.7853E-01 -1.5788E-01  8.8997E+02  7.7144E+02  1.1853E+02 -2.1708E-01
  1.7000E+01  1.7000E+01  1.2785E+03  0.0000E+00  1.8250E+03 -7.2578E-01 -1.7347E-01  1.2785E+03  1.1689E+03  1.0968E+02 -2.6150E-01
  1.8000E+01  9.0000E+00  7.0744E+01  0.0000E+00  3.4781E+01  3.6471E-01  3.3945E-01  7.0744E+01  4.2083E+01  2.8661E+01  3.2880E-01
  1.8000E+01  1.0000E+01  9.4620E+01  0.0000E+00  5.1594E+01  4.3099E-01  3.8985E-01  9.4620E+01  6.3762E+01  3.0858E+01  3.7071E-01
  1.8000E+01  1.1000E+01  1.1829E+02  0.0000E+00  7.6535E+01  4.0745E-01  3.4206E-01  1.1829E+02  9.6610E+01  2.1679E+01  3.0977E-01
  1.8000E+01  1.4000E+01  3.2642E+02  0.0000E+00  2.4983E+02  5.4203E-01  3.4384E-01  3.2642E+02  3.3604E+02 -9.6234E+00  2.1525E-01
  1.8000E+01  1.5000E+01  4.7725E+02  0.0000E+00  3.7059E+02  5.9156E-01  3.4150E-01  4.7725E+02  5.0915E+02 -3.1905E+01  1.7916E-01
  1.8000E+01  1.6000E+01  6.1731E+02  0.0000E+00  5.4974E+02  2.7561E-01 -2.4122E-02  6.1731E+02  7.7144E+02 -1.5414E+02 -7.1053E-02
  1.8000E+01  1.7000E+01  8.4731E+02  0.0000E+00  8.1549E+02  9.1561E-02 -2.6030E-01  8.4731E+02  1.1689E+03 -3.2154E+02 -2.1052E-01
  1.8000E+01  1.8000E+01  1.1687E+03  0.0000E+00  1.2097E+03 -8.1374E-02 -4.9490E-01  1.1687E+03  1.7710E+03 -6.0235E+02 -3.3770E-01
  1.9000E+01  9.0000E+00  1.0573E+02  0.0000E+00  4.4672E+01  6.1501E-01  6.2250E-01  1.0573E+02  4.2083E+01  6.3643E+01  6.1496E-01
  1.9000E+01  1.0000E+01  1.9345E+02  0.0000E+00  6.8136E+01  1.2349E+00  1.2477E+00  1.9345E+02  6.3762E+01  1.2969E+02  1.2387E+00
  1.9000E+01  1.1000E+01  2.4754E+02  0.0000E+00  1.0392E+02  1.3493E+00  1.3715E+00  2.4754E+02  9.6610E+01  1.5093E+02  1.3603E+00
  1.9000E+01  1.4000E+01  6.6064E+02  0.0000E+00  3.6874E+02  1.6247E+00  1.7339E+00  6.6064E+02  3.3604E+02  3.2460E+02  1.6443E+00
  1.9000E+01  1.5000E+01  6.7733E+02  0.0000E+00  5.6242E+02  4.5978E-01  6.2569E-01  6.7733E+02  5.0915E+02  1.6818E+02  5.4403E-01
  1.9000E+01  1.6000E+01  8.4411E+02  0.0000E+00  8.5783E+02 -3.7658E-02  1.9269E-01  8.4411E+02  7.7144E+02  7.2664E+01  1.3622E-01
  1.9000E+01  1.7000E+01  1.0202E+03  0.0000E+00  1.3084E+03 -5.2958E-01 -2.3542E-01  1.0202E+03  1.1689E+03 -1.4861E+02 -2.4329E-01
  1.9000E+01  1.8000E+01  1.2579E+03  0.0000E+00  1.9956E+03 -8.9718E-01 -5.4727E-01  1.2579E+03  1.7710E+03 -5.1307E+02 -5.0760E-01
  2.0000E+01  7.0000E+00  6.8877E+01  0.0000E+00  2.3341E+01  4.6446E-01  4.8217E-01  6.8877E+01  1.8331E+01  5.0546E+01  4.8453E-01
  2.0000E+01  8.0000E+00  1.1392E+02  0.0000E+00  3.6608E+01  7.8314E-01  8.1477E-01  1.1392E+02  2.7775E+01  8.6143E+01  8.2182E-01
  2.0000E+01  9.0000E+00  1.3339E+02  0.0000E+00  5.7414E+01  7.5697E-01  8.1226E-01  1.3339E+02  4.2083E+01  9.1303E+01  8.2857E-01
  2.0000E+01  1.0000E+01  2.1320E+02  0.0000E+00  9.0046E+01  1.1808E+00  1.2751E+00  2.1320E+02  6.3762E+01  1.4944E+02  1.3265E+00
  2.0000E+01  1.1000E+01  4.5050E+02  0.0000E+00  1.4122E+02  2.7274E+00  2.8825E+00  4.5050E+02  9.6610E+01  3.5389E+02  3.1128E+00
  2.0000E+01  1.4000E+01  8.4285E+02  0.0000E+00  5.4481E+02  1.2249E+00  1.7115E+00  8.4285E+02  3.3604E+02  5.0681E+02  2.2580E+00
  2.0000E+01  1.5000E+01  1.0696E+03  0.0000E+00  8.5447E+02  5.9286E-01  1.2267E+00  1.0696E+03  5.0915E+02  5.6048E+02  1.6432E+00
  2.0000E+01  1.6000E+01  1.0833E+03  0.0000E+00  1.3401E+03 -4.6109E-01  3.3101E-01  1.0833E+03  7.7144E+02  3.1191E+02  3.8887E-01
  2.0000E+01  1.7000E+01  1.1068E+03  0.0000E+00  2.1018E+03 -1.1498E+00 -1.9308E-01  1.1068E+03  1.1689E+03 -6.2096E+01 -3.9979E-01
  2.0000E+01  1.8000E+01  1.2896E+03  0.0000E+00  3.2964E+03 -1.4842E+00 -3.6072E-01  1.2896E+03  1.7710E+03 -4.8140E+02 -7.2043E-01
