TABLE NO.  3
 ID          CAVG
  1.0000E+00  0.0000E+00
  1.0000E+00  0.0000E+00
  2.0000E+00  0.0000E+00
  2.0000E+00  0.0000E+00
  3.0000E+00  0.0000E+00
  3.0000E+00  0.0000E+00
  4.0000E+00  0.0000E+00
  4.0000E+00  0.0000E+00
  5.0000E+00  0.0000E+00
  5.0000E+00  0.0000E+00
  6.0000E+00  0.0000E+00
  6.0000E+00  0.0000E+00
  7.0000E+00  0.0000E+00
  7.0000E+00  0.0000E+00
  8.0000E+00  0.0000E+00
  8.0000E+00  0.0000E+00
  9.0000E+00  0.0000E+00
  9.0000E+00  0.0000E+00
  1.0000E+01  0.0000E+00
  1.0000E+01  0.0000E+00
  1.1000E+01  0.0000E+00
  1.1000E+01  0.0000E+00
  1.2000E+01  0.0000E+00
  1.2000E+01  0.0000E+00
  1.3000E+01  0.0000E+00
  1.3000E+01  0.0000E+00
  1.4000E+01  0.0000E+00
  1.4000E+01  0.0000E+00
  1.5000E+01  0.0000E+00
  1.5000E+01  0.0000E+00
  1.6000E+01  0.0000E+00
  1.6000E+01  0.0000E+00
  1.7000E+01  0.0000E+00
  1.7000E+01  0.0000E+00
  1.8000E+01  0.0000E+00
  1.8000E+01  0.0000E+00
  1.9000E+01  0.0000E+00
  1.9000E+01  0.0000E+00
  2.0000E+01  0.0000E+00
  2.0000E+01  0.0000E+00
  2.1000E+01  0.0000E+00
  2.1000E+01  0.0000E+00
  2.2000E+01  0.0000E+00
  2.2000E+01  0.0000E+00
  2.3000E+01  0.0000E+00
  2.3000E+01  0.0000E+00
  2.4000E+01  0.0000E+00
  2.4000E+01  0.0000E+00
  2.5000E+01  0.0000E+00
  2.5000E+01  0.0000E+00
  2.6000E+01  0.0000E+00
  2.6000E+01  0.0000E+00
  2.7000E+01  0.0000E+00
  2.7000E+01  0.0000E+00
  2.8000E+01  0.0000E+00
  2.8000E+01  0.0000E+00
  2.9000E+01  0.0000E+00
  2.9000E+01  0.0000E+00
  3.0000E+01  0.0000E+00
  3.0000E+01  0.0000E+00
  3.1000E+01  0.0000E+00
  3.1000E+01  0.0000E+00
  3.2000E+01  0.0000E+00
  3.2000E+01  0.0000E+00
  3.3000E+01  0.0000E+00
  3.3000E+01  0.0000E+00
  3.4000E+01  0.0000E+00
  3.4000E+01  0.0000E+00
  3.5000E+01  0.0000E+00
  3.5000E+01  0.0000E+00
  3.6000E+01  0.0000E+00
  3.6000E+01  0.0000E+00
  3.7000E+01  0.0000E+00
  3.7000E+01  0.0000E+00
  3.8000E+01  0.0000E+00
  3.8000E+01  0.0000E+00
  3.9000E+01  0.0000E+00
  3.9000E+01  0.0000E+00
  4.0000E+01  0.0000E+00
  4.0000E+01  0.0000E+00
  4.1000E+01  0.0000E+00
  4.1000E+01  0.0000E+00
  4.2000E+01  0.0000E+00
  4.2000E+01  0.0000E+00
  4.3000E+01  0.0000E+00
  4.3000E+01  0.0000E+00
  4.4000E+01  0.0000E+00
  4.4000E+01  0.0000E+00
  4.5000E+01  0.0000E+00
  4.5000E+01  0.0000E+00
  4.6000E+01  0.0000E+00
  4.6000E+01  0.0000E+00
  4.7000E+01  0.0000E+00
  4.7000E+01  0.0000E+00
  4.8000E+01  0.0000E+00
  4.8000E+01  0.0000E+00
  4.9000E+01  0.0000E+00
  4.9000E+01  0.0000E+00
  5.0000E+01  0.0000E+00
  5.0000E+01  0.0000E+00
  5.1000E+01  0.0000E+00
  5.1000E+01  0.0000E+00
  5.2000E+01  0.0000E+00
  5.2000E+01  0.0000E+00
  5.3000E+01  0.0000E+00
  5.3000E+01  0.0000E+00
  5.4000E+01  0.0000E+00
  5.4000E+01  0.0000E+00
  5.5000E+01  0.0000E+00
  5.5000E+01  0.0000E+00
  5.6000E+01  0.0000E+00
  5.6000E+01  0.0000E+00
  5.7000E+01  0.0000E+00
  5.7000E+01  0.0000E+00
  5.8000E+01  0.0000E+00
  5.8000E+01  0.0000E+00
  5.9000E+01  0.0000E+00
  5.9000E+01  0.0000E+00
  6.0000E+01  0.0000E+00
  6.0000E+01  0.0000E+00
  6.1000E+01  0.0000E+00
  6.1000E+01  0.0000E+00
  6.2000E+01  0.0000E+00
  6.2000E+01  0.0000E+00
  6.3000E+01  0.0000E+00
  6.3000E+01  0.0000E+00
  6.4000E+01  0.0000E+00
  6.4000E+01  0.0000E+00
  6.5000E+01  0.0000E+00
  6.5000E+01  0.0000E+00
  6.6000E+01  0.0000E+00
  6.6000E+01  0.0000E+00
  6.7000E+01  0.0000E+00
  6.7000E+01  0.0000E+00
  6.8000E+01  0.0000E+00
  6.8000E+01  0.0000E+00
  6.9000E+01  0.0000E+00
  6.9000E+01  0.0000E+00
  7.0000E+01  0.0000E+00
  7.0000E+01  0.0000E+00
  7.1000E+01  0.0000E+00
  7.1000E+01  0.0000E+00
  7.2000E+01  0.0000E+00
  7.2000E+01  0.0000E+00
  7.3000E+01  0.0000E+00
  7.3000E+01  0.0000E+00
  7.4000E+01  0.0000E+00
  7.4000E+01  0.0000E+00
  7.5000E+01  0.0000E+00
  7.5000E+01  0.0000E+00
  7.6000E+01  0.0000E+00
  7.6000E+01  0.0000E+00
  7.7000E+01  0.0000E+00
  7.7000E+01  0.0000E+00
  7.8000E+01  0.0000E+00
  7.8000E+01  0.0000E+00
  7.9000E+01  0.0000E+00
  7.9000E+01  0.0000E+00
  8.0000E+01  0.0000E+00
  8.0000E+01  0.0000E+00
  8.1000E+01  0.0000E+00
  8.1000E+01  0.0000E+00
  8.2000E+01  0.0000E+00
  8.2000E+01  0.0000E+00
  8.3000E+01  0.0000E+00
  8.3000E+01  0.0000E+00
  8.4000E+01  0.0000E+00
  8.4000E+01  0.0000E+00
  8.5000E+01  0.0000E+00
  8.5000E+01  0.0000E+00
  8.6000E+01  0.0000E+00
  8.6000E+01  0.0000E+00
  8.7000E+01  0.0000E+00
  8.7000E+01  0.0000E+00
  8.8000E+01  0.0000E+00
  8.8000E+01  0.0000E+00
  8.9000E+01  0.0000E+00
  8.9000E+01  0.0000E+00
  9.0000E+01  0.0000E+00
  9.0000E+01  0.0000E+00
  9.1000E+01  0.0000E+00
  9.1000E+01  0.0000E+00
  9.2000E+01  0.0000E+00
  9.2000E+01  0.0000E+00
  9.3000E+01  0.0000E+00
  9.3000E+01  0.0000E+00
  9.4000E+01  0.0000E+00
  9.4000E+01  0.0000E+00
  9.5000E+01  0.0000E+00
  9.5000E+01  0.0000E+00
  9.6000E+01  0.0000E+00
  9.6000E+01  0.0000E+00
  9.7000E+01  0.0000E+00
  9.7000E+01  0.0000E+00
  9.8000E+01  0.0000E+00
  9.8000E+01  0.0000E+00
  9.9000E+01  0.0000E+00
  9.9000E+01  0.0000E+00
  1.0000E+02  0.0000E+00
  1.0000E+02  0.0000E+00
  1.0100E+02  4.4130E-01
  1.0100E+02  4.4130E-01
  1.0200E+02  3.5570E-01
  1.0200E+02  3.5570E-01
  1.0300E+02  3.3230E-01
  1.0300E+02  3.3230E-01
  1.0400E+02  3.9090E-01
  1.0400E+02  3.9090E-01
  1.0500E+02  6.0680E-01
  1.0500E+02  6.0680E-01
  1.0600E+02  3.6070E-01
  1.0600E+02  3.6070E-01
  1.0700E+02  5.6270E-01
  1.0700E+02  5.6270E-01
  1.0800E+02  4.4320E-01
  1.0800E+02  4.4320E-01
  1.0900E+02  4.3300E-01
  1.0900E+02  4.3300E-01
  1.1000E+02  4.8220E-01
  1.1000E+02  4.8220E-01
  1.1100E+02  4.7620E-01
  1.1100E+02  4.7620E-01
  1.1200E+02  1.9190E-01
  1.1200E+02  1.9190E-01
  1.1300E+02  6.8540E-01
  1.1300E+02  6.8540E-01
  1.1400E+02  5.0770E-01
  1.1400E+02  5.0770E-01
  1.1500E+02  3.6100E-01
  1.1500E+02  3.6100E-01
  1.1600E+02  3.1270E-01
  1.1600E+02  3.1270E-01
  1.1700E+02  2.9670E-01
  1.1700E+02  2.9670E-01
  1.1800E+02  5.3140E-01
  1.1800E+02  5.3140E-01
  1.1900E+02  3.1160E-01
  1.1900E+02  3.1160E-01
  1.2000E+02  5.3760E-01
  1.2000E+02  5.3760E-01
  1.2100E+02  5.2520E-01
  1.2100E+02  5.2520E-01
  1.2200E+02  2.2450E-01
  1.2200E+02  2.2450E-01
  1.2300E+02  6.2510E-01
  1.2300E+02  6.2510E-01
  1.2400E+02  2.9080E-01
  1.2400E+02  2.9080E-01
  1.2500E+02  2.4660E-01
  1.2500E+02  2.4660E-01
  1.2600E+02  7.5460E-01
  1.2600E+02  7.5460E-01
  1.2700E+02  3.4710E-01
  1.2700E+02  3.4710E-01
  1.2800E+02  2.8560E-01
  1.2800E+02  2.8560E-01
  1.2900E+02  4.3210E-01
  1.2900E+02  4.3210E-01
  1.3000E+02  4.3700E-01
  1.3000E+02  4.3700E-01
  1.3100E+02  7.4250E-01
  1.3100E+02  7.4250E-01
  1.3200E+02  2.7010E-01
  1.3200E+02  2.7010E-01
  1.3300E+02  4.1660E-01
  1.3300E+02  4.1660E-01
  1.3400E+02  3.6180E-01
  1.3400E+02  3.6180E-01
  1.3500E+02  3.5490E-01
  1.3500E+02  3.5490E-01
  1.3600E+02  3.3700E-01
  1.3600E+02  3.3700E-01
  1.3700E+02  3.2310E-01
  1.3700E+02  3.2310E-01
  1.3800E+02  3.2460E-01
  1.3800E+02  3.2460E-01
  1.3900E+02  5.6250E-01
  1.3900E+02  5.6250E-01
  1.4000E+02  3.5080E-01
  1.4000E+02  3.5080E-01
  1.4100E+02  3.7070E-01
  1.4100E+02  3.7070E-01
  1.4200E+02  5.3130E-01
  1.4200E+02  5.3130E-01
  1.4300E+02  3.7520E-01
  1.4300E+02  3.7520E-01
  1.4400E+02  5.0480E-01
  1.4400E+02  5.0480E-01
  1.4500E+02  5.7280E-01
  1.4500E+02  5.7280E-01
  1.4600E+02  6.1570E-01
  1.4600E+02  6.1570E-01
  1.4700E+02  7.9620E-01
  1.4700E+02  7.9620E-01
  1.4800E+02  3.7050E-01
  1.4800E+02  3.7050E-01
  1.4900E+02  4.1540E-01
  1.4900E+02  4.1540E-01
  1.5000E+02  3.4790E-01
  1.5000E+02  3.4790E-01
  1.5100E+02  5.6840E-01
  1.5100E+02  5.6840E-01
  1.5200E+02  4.2400E-01
  1.5200E+02  4.2400E-01
  1.5300E+02  2.7440E-01
  1.5300E+02  2.7440E-01
  1.5400E+02  5.7810E-01
  1.5400E+02  5.7810E-01
  1.5500E+02  4.2060E-01
  1.5500E+02  4.2060E-01
  1.5600E+02  3.2510E-01
  1.5600E+02  3.2510E-01
  1.5700E+02  4.1560E-01
  1.5700E+02  4.1560E-01
  1.5800E+02  3.2830E-01
  1.5800E+02  3.2830E-01
  1.5900E+02  2.6170E-01
  1.5900E+02  2.6170E-01
  1.6000E+02  6.3190E-01
  1.6000E+02  6.3190E-01
  1.6100E+02  6.7770E-01
  1.6100E+02  6.7770E-01
  1.6200E+02  2.6370E-01
  1.6200E+02  2.6370E-01
  1.6300E+02  6.3390E-01
  1.6300E+02  6.3390E-01
  1.6400E+02  3.5700E-01
  1.6400E+02  3.5700E-01
  1.6500E+02  4.7840E-01
  1.6500E+02  4.7840E-01
  1.6600E+02  2.3630E-01
  1.6600E+02  2.3630E-01
  1.6700E+02  3.5840E-01
  1.6700E+02  3.5840E-01
  1.6800E+02  5.9100E-01
  1.6800E+02  5.9100E-01
  1.6900E+02  4.0540E-01
  1.6900E+02  4.0540E-01
  1.7000E+02  4.3640E-01
  1.7000E+02  4.3640E-01
  1.7100E+02  3.7590E-01
  1.7100E+02  3.7590E-01
  1.7200E+02  3.5440E-01
  1.7200E+02  3.5440E-01
  1.7300E+02  2.8540E-01
  1.7300E+02  2.8540E-01
  1.7400E+02  2.8960E-01
  1.7400E+02  2.8960E-01
  1.7500E+02  2.8710E-01
  1.7500E+02  2.8710E-01
  1.7600E+02  3.8660E-01
  1.7600E+02  3.8660E-01
  1.7700E+02  5.0540E-01
  1.7700E+02  5.0540E-01
  1.7800E+02  4.7210E-01
  1.7800E+02  4.7210E-01
  1.7900E+02  4.5120E-01
  1.7900E+02  4.5120E-01
  1.8000E+02  4.6290E-01
  1.8000E+02  4.6290E-01
  1.8100E+02  4.0980E-01
  1.8100E+02  4.0980E-01
  1.8200E+02  2.8890E-01
  1.8200E+02  2.8890E-01
  1.8300E+02  5.4110E-01
  1.8300E+02  5.4110E-01
  1.8400E+02  2.6480E-01
  1.8400E+02  2.6480E-01
  1.8500E+02  4.0400E-01
  1.8500E+02  4.0400E-01
  1.8600E+02  3.3320E-01
  1.8600E+02  3.3320E-01
  1.8700E+02  4.2690E-01
  1.8700E+02  4.2690E-01
  1.8800E+02  6.6730E-01
  1.8800E+02  6.6730E-01
  1.8900E+02  4.5360E-01
  1.8900E+02  4.5360E-01
  1.9000E+02  1.6060E-01
  1.9000E+02  1.6060E-01
  1.9100E+02  3.5630E-01
  1.9100E+02  3.5630E-01
  1.9200E+02  3.7510E-01
  1.9200E+02  3.7510E-01
  1.9300E+02  3.5350E-01
  1.9300E+02  3.5350E-01
  1.9400E+02  7.6760E-01
  1.9400E+02  7.6760E-01
  1.9500E+02  5.4770E-01
  1.9500E+02  5.4770E-01
  1.9600E+02  5.3620E-01
  1.9600E+02  5.3620E-01
  1.9700E+02  3.7890E-01
  1.9700E+02  3.7890E-01
  1.9800E+02  4.8580E-01
  1.9800E+02  4.8580E-01
  1.9900E+02  5.0560E-01
  1.9900E+02  5.0560E-01
  2.0000E+02  4.0890E-01
  2.0000E+02  4.0890E-01
  2.0100E+02  8.5700E-01
  2.0100E+02  8.5700E-01
  2.0200E+02  8.6620E-01
  2.0200E+02  8.6620E-01
  2.0300E+02  1.4339E+00
  2.0300E+02  1.4339E+00
  2.0400E+02  7.0010E-01
  2.0400E+02  7.0010E-01
  2.0500E+02  9.1310E-01
  2.0500E+02  9.1310E-01
  2.0600E+02  9.5290E-01
  2.0600E+02  9.5290E-01
  2.0700E+02  1.1671E+00
  2.0700E+02  1.1671E+00
  2.0800E+02  7.5940E-01
  2.0800E+02  7.5940E-01
  2.0900E+02  7.2730E-01
  2.0900E+02  7.2730E-01
  2.1000E+02  1.2193E+00
  2.1000E+02  1.2193E+00
  2.1100E+02  6.2620E-01
  2.1100E+02  6.2620E-01
  2.1200E+02  7.6240E-01
  2.1200E+02  7.6240E-01
  2.1300E+02  1.0560E+00
  2.1300E+02  1.0560E+00
  2.1400E+02  5.8210E-01
  2.1400E+02  5.8210E-01
  2.1500E+02  8.8220E-01
  2.1500E+02  8.8220E-01
  2.1600E+02  7.0270E-01
  2.1600E+02  7.0270E-01
  2.1700E+02  6.0680E-01
  2.1700E+02  6.0680E-01
  2.1800E+02  5.7570E-01
  2.1800E+02  5.7570E-01
  2.1900E+02  8.1010E-01
  2.1900E+02  8.1010E-01
  2.2000E+02  1.0752E+00
  2.2000E+02  1.0752E+00
  2.2100E+02  9.3970E-01
  2.2100E+02  9.3970E-01
  2.2200E+02  1.1762E+00
  2.2200E+02  1.1762E+00
  2.2300E+02  7.7420E-01
  2.2300E+02  7.7420E-01
  2.2400E+02  7.0460E-01
  2.2400E+02  7.0460E-01
  2.2500E+02  6.5660E-01
  2.2500E+02  6.5660E-01
  2.2600E+02  6.5980E-01
  2.2600E+02  6.5980E-01
  2.2700E+02  8.6520E-01
  2.2700E+02  8.6520E-01
  2.2800E+02  8.3340E-01
  2.2800E+02  8.3340E-01
  2.2900E+02  7.8980E-01
  2.2900E+02  7.8980E-01
  2.3000E+02  8.9940E-01
  2.3000E+02  8.9940E-01
  2.3100E+02  1.3714E+00
  2.3100E+02  1.3714E+00
  2.3200E+02  7.6760E-01
  2.3200E+02  7.6760E-01
  2.3300E+02  8.1490E-01
  2.3300E+02  8.1490E-01
  2.3400E+02  1.0320E+00
  2.3400E+02  1.0320E+00
  2.3500E+02  9.9330E-01
  2.3500E+02  9.9330E-01
  2.3600E+02  1.1747E+00
  2.3600E+02  1.1747E+00
  2.3700E+02  7.6180E-01
  2.3700E+02  7.6180E-01
  2.3800E+02  7.5800E-01
  2.3800E+02  7.5800E-01
  2.3900E+02  1.0279E+00
  2.3900E+02  1.0279E+00
  2.4000E+02  6.9750E-01
  2.4000E+02  6.9750E-01
  2.4100E+02  7.0590E-01
  2.4100E+02  7.0590E-01
  2.4200E+02  7.6390E-01
  2.4200E+02  7.6390E-01
  2.4300E+02  7.5970E-01
  2.4300E+02  7.5970E-01
  2.4400E+02  8.9710E-01
  2.4400E+02  8.9710E-01
  2.4500E+02  9.4050E-01
  2.4500E+02  9.4050E-01
  2.4600E+02  9.9600E-01
  2.4600E+02  9.9600E-01
  2.4700E+02  8.1350E-01
  2.4700E+02  8.1350E-01
  2.4800E+02  7.2200E-01
  2.4800E+02  7.2200E-01
  2.4900E+02  7.6560E-01
  2.4900E+02  7.6560E-01
  2.5000E+02  1.0609E+00
  2.5000E+02  1.0609E+00
  2.5100E+02  1.2573E+00
  2.5100E+02  1.2573E+00
  2.5200E+02  5.8720E-01
  2.5200E+02  5.8720E-01
  2.5300E+02  7.9710E-01
  2.5300E+02  7.9710E-01
  2.5400E+02  1.3494E+00
  2.5400E+02  1.3494E+00
  2.5500E+02  5.9010E-01
  2.5500E+02  5.9010E-01
  2.5600E+02  8.8700E-01
  2.5600E+02  8.8700E-01
  2.5700E+02  7.0730E-01
  2.5700E+02  7.0730E-01
  2.5800E+02  9.5810E-01
  2.5800E+02  9.5810E-01
  2.5900E+02  5.8110E-01
  2.5900E+02  5.8110E-01
  2.6000E+02  1.0114E+00
  2.6000E+02  1.0114E+00
  2.6100E+02  6.1990E-01
  2.6100E+02  6.1990E-01
  2.6200E+02  9.0240E-01
  2.6200E+02  9.0240E-01
  2.6300E+02  9.3990E-01
  2.6300E+02  9.3990E-01
  2.6400E+02  7.6570E-01
  2.6400E+02  7.6570E-01
  2.6500E+02  1.6028E+00
  2.6500E+02  1.6028E+00
  2.6600E+02  7.4530E-01
  2.6600E+02  7.4530E-01
  2.6700E+02  7.6520E-01
  2.6700E+02  7.6520E-01
  2.6800E+02  8.8150E-01
  2.6800E+02  8.8150E-01
  2.6900E+02  5.5750E-01
  2.6900E+02  5.5750E-01
  2.7000E+02  8.8850E-01
  2.7000E+02  8.8850E-01
  2.7100E+02  6.5990E-01
  2.7100E+02  6.5990E-01
  2.7200E+02  7.3020E-01
  2.7200E+02  7.3020E-01
  2.7300E+02  7.8090E-01
  2.7300E+02  7.8090E-01
  2.7400E+02  6.5490E-01
  2.7400E+02  6.5490E-01
  2.7500E+02  5.5050E-01
  2.7500E+02  5.5050E-01
  2.7600E+02  1.2795E+00
  2.7600E+02  1.2795E+00
  2.7700E+02  7.2250E-01
  2.7700E+02  7.2250E-01
  2.7800E+02  1.0531E+00
  2.7800E+02  1.0531E+00
  2.7900E+02  7.4340E-01
  2.7900E+02  7.4340E-01
  2.8000E+02  6.6620E-01
  2.8000E+02  6.6620E-01
  2.8100E+02  7.9580E-01
  2.8100E+02  7.9580E-01
  2.8200E+02  6.3250E-01
  2.8200E+02  6.3250E-01
  2.8300E+02  9.6250E-01
  2.8300E+02  9.6250E-01
  2.8400E+02  9.3930E-01
  2.8400E+02  9.3930E-01
  2.8500E+02  5.8740E-01
  2.8500E+02  5.8740E-01
  2.8600E+02  5.0010E-01
  2.8600E+02  5.0010E-01
  2.8700E+02  5.1470E-01
  2.8700E+02  5.1470E-01
  2.8800E+02  7.8540E-01
  2.8800E+02  7.8540E-01
  2.8900E+02  5.9450E-01
  2.8900E+02  5.9450E-01
  2.9000E+02  1.4609E+00
  2.9000E+02  1.4609E+00
  2.9100E+02  5.2680E-01
  2.9100E+02  5.2680E-01
  2.9200E+02  7.1850E-01
  2.9200E+02  7.1850E-01
  2.9300E+02  9.0620E-01
  2.9300E+02  9.0620E-01
  2.9400E+02  6.3730E-01
  2.9400E+02  6.3730E-01
  2.9500E+02  8.8470E-01
  2.9500E+02  8.8470E-01
  2.9600E+02  1.0890E+00
  2.9600E+02  1.0890E+00
  2.9700E+02  9.8610E-01
  2.9700E+02  9.8610E-01
  2.9800E+02  6.1830E-01
  2.9800E+02  6.1830E-01
  2.9900E+02  6.0980E-01
  2.9900E+02  6.0980E-01
  3.0000E+02  1.0256E+00
  3.0000E+02  1.0256E+00
