TABLE NO.  2
 ID          KA          CL          V           ETA1        ETA2        ETA3
  1.0000E+00  2.8484E+00  1.6110E+00  3.0184E+01  9.7159E-02 -5.1464E-01 -8.9453E-02
  1.0000E+00  2.8484E+00  1.6110E+00  3.0184E+01  9.7159E-02 -5.1464E-01 -8.9453E-02
  1.0000E+00  2.8484E+00  1.6110E+00  3.0184E+01  9.7159E-02 -5.1464E-01 -8.9453E-02
  1.0000E+00  2.8484E+00  1.6110E+00  3.0184E+01  9.7159E-02 -5.1464E-01 -8.9453E-02
  1.0000E+00  2.8484E+00  1.6110E+00  3.0184E+01  9.7159E-02 -5.1464E-01 -8.9453E-02
  1.0000E+00  2.8484E+00  1.6110E+00  3.0184E+01  9.7159E-02 -5.1464E-01 -8.9453E-02
  1.0000E+00  2.8484E+00  1.6110E+00  3.0184E+01  9.7159E-02 -5.1464E-01 -8.9453E-02
  1.0000E+00  2.8484E+00  1.6110E+00  3.0184E+01  9.7159E-02 -5.1464E-01 -8.9453E-02
  1.0000E+00  2.8484E+00  1.6110E+00  3.0184E+01  9.7159E-02 -5.1464E-01 -8.9453E-02
  1.0000E+00  2.8484E+00  1.6110E+00  3.0184E+01  9.7159E-02 -5.1464E-01 -8.9453E-02
  1.0000E+00  2.8484E+00  1.6110E+00  3.0184E+01  9.7159E-02 -5.1464E-01 -8.9453E-02
  1.0000E+00  2.8484E+00  1.6110E+00  3.0184E+01  9.7159E-02 -5.1464E-01 -8.9453E-02
  2.0000E+00  3.3119E+00  3.1415E+00  3.2999E+01  2.4792E-01  1.5318E-01 -3.0490E-04
  2.0000E+00  3.3119E+00  3.1415E+00  3.2999E+01  2.4792E-01  1.5318E-01 -3.0490E-04
  2.0000E+00  3.3119E+00  3.1415E+00  3.2999E+01  2.4792E-01  1.5318E-01 -3.0490E-04
  2.0000E+00  3.3119E+00  3.1415E+00  3.2999E+01  2.4792E-01  1.5318E-01 -3.0490E-04
  2.0000E+00  3.3119E+00  3.1415E+00  3.2999E+01  2.4792E-01  1.5318E-01 -3.0490E-04
  2.0000E+00  3.3119E+00  3.1415E+00  3.2999E+01  2.4792E-01  1.5318E-01 -3.0490E-04
  2.0000E+00  3.3119E+00  3.1415E+00  3.2999E+01  2.4792E-01  1.5318E-01 -3.0490E-04
  2.0000E+00  3.3119E+00  3.1415E+00  3.2999E+01  2.4792E-01  1.5318E-01 -3.0490E-04
  2.0000E+00  3.3119E+00  3.1415E+00  3.2999E+01  2.4792E-01  1.5318E-01 -3.0490E-04
  2.0000E+00  3.3119E+00  3.1415E+00  3.2999E+01  2.4792E-01  1.5318E-01 -3.0490E-04
  2.0000E+00  3.3119E+00  3.1415E+00  3.2999E+01  2.4792E-01  1.5318E-01 -3.0490E-04
  2.0000E+00  3.3119E+00  3.1415E+00  3.2999E+01  2.4792E-01  1.5318E-01 -3.0490E-04
  3.0000E+00  5.0673E+00  2.7338E+00  3.5654E+01  6.7322E-01  1.4191E-02  7.7066E-02
  3.0000E+00  5.0673E+00  2.7338E+00  3.5654E+01  6.7322E-01  1.4191E-02  7.7066E-02
  3.0000E+00  5.0673E+00  2.7338E+00  3.5654E+01  6.7322E-01  1.4191E-02  7.7066E-02
  3.0000E+00  5.0673E+00  2.7338E+00  3.5654E+01  6.7322E-01  1.4191E-02  7.7066E-02
  3.0000E+00  5.0673E+00  2.7338E+00  3.5654E+01  6.7322E-01  1.4191E-02  7.7066E-02
  3.0000E+00  5.0673E+00  2.7338E+00  3.5654E+01  6.7322E-01  1.4191E-02  7.7066E-02
  3.0000E+00  5.0673E+00  2.7338E+00  3.5654E+01  6.7322E-01  1.4191E-02  7.7066E-02
  3.0000E+00  5.0673E+00  2.7338E+00  3.5654E+01  6.7322E-01  1.4191E-02  7.7066E-02
  3.0000E+00  5.0673E+00  2.7338E+00  3.5654E+01  6.7322E-01  1.4191E-02  7.7066E-02
  3.0000E+00  5.0673E+00  2.7338E+00  3.5654E+01  6.7322E-01  1.4191E-02  7.7066E-02
  3.0000E+00  5.0673E+00  2.7338E+00  3.5654E+01  6.7322E-01  1.4191E-02  7.7066E-02
  3.0000E+00  5.0673E+00  2.7338E+00  3.5654E+01  6.7322E-01  1.4191E-02  7.7066E-02
  4.0000E+00  1.6144E+00  2.6652E+00  3.2089E+01 -4.7065E-01 -1.1224E-02 -2.8281E-02
  4.0000E+00  1.6144E+00  2.6652E+00  3.2089E+01 -4.7065E-01 -1.1224E-02 -2.8281E-02
  4.0000E+00  1.6144E+00  2.6652E+00  3.2089E+01 -4.7065E-01 -1.1224E-02 -2.8281E-02
  4.0000E+00  1.6144E+00  2.6652E+00  3.2089E+01 -4.7065E-01 -1.1224E-02 -2.8281E-02
  4.0000E+00  1.6144E+00  2.6652E+00  3.2089E+01 -4.7065E-01 -1.1224E-02 -2.8281E-02
  4.0000E+00  1.6144E+00  2.6652E+00  3.2089E+01 -4.7065E-01 -1.1224E-02 -2.8281E-02
  4.0000E+00  1.6144E+00  2.6652E+00  3.2089E+01 -4.7065E-01 -1.1224E-02 -2.8281E-02
  4.0000E+00  1.6144E+00  2.6652E+00  3.2089E+01 -4.7065E-01 -1.1224E-02 -2.8281E-02
  4.0000E+00  1.6144E+00  2.6652E+00  3.2089E+01 -4.7065E-01 -1.1224E-02 -2.8281E-02
  4.0000E+00  1.6144E+00  2.6652E+00  3.2089E+01 -4.7065E-01 -1.1224E-02 -2.8281E-02
  4.0000E+00  1.6144E+00  2.6652E+00  3.2089E+01 -4.7065E-01 -1.1224E-02 -2.8281E-02
  4.0000E+00  1.6144E+00  2.6652E+00  3.2089E+01 -4.7065E-01 -1.1224E-02 -2.8281E-02
  5.0000E+00  2.1514E+00  2.3421E+00  2.7841E+01 -1.8346E-01 -1.4045E-01 -1.7029E-01
  5.0000E+00  2.1514E+00  2.3421E+00  2.7841E+01 -1.8346E-01 -1.4045E-01 -1.7029E-01
  5.0000E+00  2.1514E+00  2.3421E+00  2.7841E+01 -1.8346E-01 -1.4045E-01 -1.7029E-01
  5.0000E+00  2.1514E+00  2.3421E+00  2.7841E+01 -1.8346E-01 -1.4045E-01 -1.7029E-01
  5.0000E+00  2.1514E+00  2.3421E+00  2.7841E+01 -1.8346E-01 -1.4045E-01 -1.7029E-01
  5.0000E+00  2.1514E+00  2.3421E+00  2.7841E+01 -1.8346E-01 -1.4045E-01 -1.7029E-01
  5.0000E+00  2.1514E+00  2.3421E+00  2.7841E+01 -1.8346E-01 -1.4045E-01 -1.7029E-01
  5.0000E+00  2.1514E+00  2.3421E+00  2.7841E+01 -1.8346E-01 -1.4045E-01 -1.7029E-01
  5.0000E+00  2.1514E+00  2.3421E+00  2.7841E+01 -1.8346E-01 -1.4045E-01 -1.7029E-01
  5.0000E+00  2.1514E+00  2.3421E+00  2.7841E+01 -1.8346E-01 -1.4045E-01 -1.7029E-01
  5.0000E+00  2.1514E+00  2.3421E+00  2.7841E+01 -1.8346E-01 -1.4045E-01 -1.7029E-01
  5.0000E+00  2.1514E+00  2.3421E+00  2.7841E+01 -1.8346E-01 -1.4045E-01 -1.7029E-01
  6.0000E+00  1.5762E+00  3.9077E+00  4.1256E+01 -4.9460E-01  3.7144E-01  2.2302E-01
  6.0000E+00  1.5762E+00  3.9077E+00  4.1256E+01 -4.9460E-01  3.7144E-01  2.2302E-01
  6.0000E+00  1.5762E+00  3.9077E+00  4.1256E+01 -4.9460E-01  3.7144E-01  2.2302E-01
  6.0000E+00  1.5762E+00  3.9077E+00  4.1256E+01 -4.9460E-01  3.7144E-01  2.2302E-01
  6.0000E+00  1.5762E+00  3.9077E+00  4.1256E+01 -4.9460E-01  3.7144E-01  2.2302E-01
  6.0000E+00  1.5762E+00  3.9077E+00  4.1256E+01 -4.9460E-01  3.7144E-01  2.2302E-01
  6.0000E+00  1.5762E+00  3.9077E+00  4.1256E+01 -4.9460E-01  3.7144E-01  2.2302E-01
  6.0000E+00  1.5762E+00  3.9077E+00  4.1256E+01 -4.9460E-01  3.7144E-01  2.2302E-01
  6.0000E+00  1.5762E+00  3.9077E+00  4.1256E+01 -4.9460E-01  3.7144E-01  2.2302E-01
  6.0000E+00  1.5762E+00  3.9077E+00  4.1256E+01 -4.9460E-01  3.7144E-01  2.2302E-01
  6.0000E+00  1.5762E+00  3.9077E+00  4.1256E+01 -4.9460E-01  3.7144E-01  2.2302E-01
  6.0000E+00  1.5762E+00  3.9077E+00  4.1256E+01 -4.9460E-01  3.7144E-01  2.2302E-01
  7.0000E+00  9.6628E-01  3.1330E+00  3.5252E+01 -9.8390E-01  1.5048E-01  6.5730E-02
  7.0000E+00  9.6628E-01  3.1330E+00  3.5252E+01 -9.8390E-01  1.5048E-01  6.5730E-02
  7.0000E+00  9.6628E-01  3.1330E+00  3.5252E+01 -9.8390E-01  1.5048E-01  6.5730E-02
  7.0000E+00  9.6628E-01  3.1330E+00  3.5252E+01 -9.8390E-01  1.5048E-01  6.5730E-02
  7.0000E+00  9.6628E-01  3.1330E+00  3.5252E+01 -9.8390E-01  1.5048E-01  6.5730E-02
  7.0000E+00  9.6628E-01  3.1330E+00  3.5252E+01 -9.8390E-01  1.5048E-01  6.5730E-02
  7.0000E+00  9.6628E-01  3.1330E+00  3.5252E+01 -9.8390E-01  1.5048E-01  6.5730E-02
  7.0000E+00  9.6628E-01  3.1330E+00  3.5252E+01 -9.8390E-01  1.5048E-01  6.5730E-02
  7.0000E+00  9.6628E-01  3.1330E+00  3.5252E+01 -9.8390E-01  1.5048E-01  6.5730E-02
  7.0000E+00  9.6628E-01  3.1330E+00  3.5252E+01 -9.8390E-01  1.5048E-01  6.5730E-02
  7.0000E+00  9.6628E-01  3.1330E+00  3.5252E+01 -9.8390E-01  1.5048E-01  6.5730E-02
  7.0000E+00  9.6628E-01  3.1330E+00  3.5252E+01 -9.8390E-01  1.5048E-01  6.5730E-02
  8.0000E+00  2.0346E+00  3.1606E+00  3.6730E+01 -2.3930E-01  1.5926E-01  1.0681E-01
  8.0000E+00  2.0346E+00  3.1606E+00  3.6730E+01 -2.3930E-01  1.5926E-01  1.0681E-01
  8.0000E+00  2.0346E+00  3.1606E+00  3.6730E+01 -2.3930E-01  1.5926E-01  1.0681E-01
  8.0000E+00  2.0346E+00  3.1606E+00  3.6730E+01 -2.3930E-01  1.5926E-01  1.0681E-01
  8.0000E+00  2.0346E+00  3.1606E+00  3.6730E+01 -2.3930E-01  1.5926E-01  1.0681E-01
  8.0000E+00  2.0346E+00  3.1606E+00  3.6730E+01 -2.3930E-01  1.5926E-01  1.0681E-01
  8.0000E+00  2.0346E+00  3.1606E+00  3.6730E+01 -2.3930E-01  1.5926E-01  1.0681E-01
  8.0000E+00  2.0346E+00  3.1606E+00  3.6730E+01 -2.3930E-01  1.5926E-01  1.0681E-01
  8.0000E+00  2.0346E+00  3.1606E+00  3.6730E+01 -2.3930E-01  1.5926E-01  1.0681E-01
  8.0000E+00  2.0346E+00  3.1606E+00  3.6730E+01 -2.3930E-01  1.5926E-01  1.0681E-01
  8.0000E+00  2.0346E+00  3.1606E+00  3.6730E+01 -2.3930E-01  1.5926E-01  1.0681E-01
  8.0000E+00  2.0346E+00  3.1606E+00  3.6730E+01 -2.3930E-01  1.5926E-01  1.0681E-01
  9.0000E+00  1.3619E+01  2.8453E+00  3.2494E+01  1.6619E+00  5.4173E-02 -1.5718E-02
  9.0000E+00  1.3619E+01  2.8453E+00  3.2494E+01  1.6619E+00  5.4173E-02 -1.5718E-02
  9.0000E+00  1.3619E+01  2.8453E+00  3.2494E+01  1.6619E+00  5.4173E-02 -1.5718E-02
  9.0000E+00  1.3619E+01  2.8453E+00  3.2494E+01  1.6619E+00  5.4173E-02 -1.5718E-02
  9.0000E+00  1.3619E+01  2.8453E+00  3.2494E+01  1.6619E+00  5.4173E-02 -1.5718E-02
  9.0000E+00  1.3619E+01  2.8453E+00  3.2494E+01  1.6619E+00  5.4173E-02 -1.5718E-02
  9.0000E+00  1.3619E+01  2.8453E+00  3.2494E+01  1.6619E+00  5.4173E-02 -1.5718E-02
  9.0000E+00  1.3619E+01  2.8453E+00  3.2494E+01  1.6619E+00  5.4173E-02 -1.5718E-02
  9.0000E+00  1.3619E+01  2.8453E+00  3.2494E+01  1.6619E+00  5.4173E-02 -1.5718E-02
  9.0000E+00  1.3619E+01  2.8453E+00  3.2494E+01  1.6619E+00  5.4173E-02 -1.5718E-02
  9.0000E+00  1.3619E+01  2.8453E+00  3.2494E+01  1.6619E+00  5.4173E-02 -1.5718E-02
  9.0000E+00  1.3619E+01  2.8453E+00  3.2494E+01  1.6619E+00  5.4173E-02 -1.5718E-02
  1.0000E+01  9.9911E-01  1.8394E+00  2.7686E+01 -9.5048E-01 -3.8207E-01 -1.7585E-01
  1.0000E+01  9.9911E-01  1.8394E+00  2.7686E+01 -9.5048E-01 -3.8207E-01 -1.7585E-01
  1.0000E+01  9.9911E-01  1.8394E+00  2.7686E+01 -9.5048E-01 -3.8207E-01 -1.7585E-01
  1.0000E+01  9.9911E-01  1.8394E+00  2.7686E+01 -9.5048E-01 -3.8207E-01 -1.7585E-01
  1.0000E+01  9.9911E-01  1.8394E+00  2.7686E+01 -9.5048E-01 -3.8207E-01 -1.7585E-01
  1.0000E+01  9.9911E-01  1.8394E+00  2.7686E+01 -9.5048E-01 -3.8207E-01 -1.7585E-01
  1.0000E+01  9.9911E-01  1.8394E+00  2.7686E+01 -9.5048E-01 -3.8207E-01 -1.7585E-01
  1.0000E+01  9.9911E-01  1.8394E+00  2.7686E+01 -9.5048E-01 -3.8207E-01 -1.7585E-01
  1.0000E+01  9.9911E-01  1.8394E+00  2.7686E+01 -9.5048E-01 -3.8207E-01 -1.7585E-01
  1.0000E+01  9.9911E-01  1.8394E+00  2.7686E+01 -9.5048E-01 -3.8207E-01 -1.7585E-01
  1.0000E+01  9.9911E-01  1.8394E+00  2.7686E+01 -9.5048E-01 -3.8207E-01 -1.7585E-01
  1.0000E+01  9.9911E-01  1.8394E+00  2.7686E+01 -9.5048E-01 -3.8207E-01 -1.7585E-01
  1.1000E+01  8.7182E+00  3.6020E+00  3.8617E+01  1.2158E+00  2.8999E-01  1.5692E-01
  1.1000E+01  8.7182E+00  3.6020E+00  3.8617E+01  1.2158E+00  2.8999E-01  1.5692E-01
  1.1000E+01  8.7182E+00  3.6020E+00  3.8617E+01  1.2158E+00  2.8999E-01  1.5692E-01
  1.1000E+01  8.7182E+00  3.6020E+00  3.8617E+01  1.2158E+00  2.8999E-01  1.5692E-01
  1.1000E+01  8.7182E+00  3.6020E+00  3.8617E+01  1.2158E+00  2.8999E-01  1.5692E-01
  1.1000E+01  8.7182E+00  3.6020E+00  3.8617E+01  1.2158E+00  2.8999E-01  1.5692E-01
  1.1000E+01  8.7182E+00  3.6020E+00  3.8617E+01  1.2158E+00  2.8999E-01  1.5692E-01
  1.1000E+01  8.7182E+00  3.6020E+00  3.8617E+01  1.2158E+00  2.8999E-01  1.5692E-01
  1.1000E+01  8.7182E+00  3.6020E+00  3.8617E+01  1.2158E+00  2.8999E-01  1.5692E-01
  1.1000E+01  8.7182E+00  3.6020E+00  3.8617E+01  1.2158E+00  2.8999E-01  1.5692E-01
  1.1000E+01  8.7182E+00  3.6020E+00  3.8617E+01  1.2158E+00  2.8999E-01  1.5692E-01
  1.1000E+01  8.7182E+00  3.6020E+00  3.8617E+01  1.2158E+00  2.8999E-01  1.5692E-01
  1.2000E+01  1.2800E+00  2.4050E+00  2.6772E+01 -7.0274E-01 -1.1394E-01 -2.0943E-01
  1.2000E+01  1.2800E+00  2.4050E+00  2.6772E+01 -7.0274E-01 -1.1394E-01 -2.0943E-01
  1.2000E+01  1.2800E+00  2.4050E+00  2.6772E+01 -7.0274E-01 -1.1394E-01 -2.0943E-01
  1.2000E+01  1.2800E+00  2.4050E+00  2.6772E+01 -7.0274E-01 -1.1394E-01 -2.0943E-01
  1.2000E+01  1.2800E+00  2.4050E+00  2.6772E+01 -7.0274E-01 -1.1394E-01 -2.0943E-01
  1.2000E+01  1.2800E+00  2.4050E+00  2.6772E+01 -7.0274E-01 -1.1394E-01 -2.0943E-01
  1.2000E+01  1.2800E+00  2.4050E+00  2.6772E+01 -7.0274E-01 -1.1394E-01 -2.0943E-01
  1.2000E+01  1.2800E+00  2.4050E+00  2.6772E+01 -7.0274E-01 -1.1394E-01 -2.0943E-01
  1.2000E+01  1.2800E+00  2.4050E+00  2.6772E+01 -7.0274E-01 -1.1394E-01 -2.0943E-01
  1.2000E+01  1.2800E+00  2.4050E+00  2.6772E+01 -7.0274E-01 -1.1394E-01 -2.0943E-01
  1.2000E+01  1.2800E+00  2.4050E+00  2.6772E+01 -7.0274E-01 -1.1394E-01 -2.0943E-01
  1.2000E+01  1.2800E+00  2.4050E+00  2.6772E+01 -7.0274E-01 -1.1394E-01 -2.0943E-01
