TABLE NO.  1
 ID          TIME        AMT         DV          MDV         EVID        IPRE        IWRE        CWRES       DV          PRED        RES         WRES
  1.0000E+00  0.0000E+00  3.1999E+02  0.0000E+00  1.0000E+00  1.0000E+00  0.0000E+00  0.0000E+00  0.0000E+00  0.0000E+00  0.0000E+00  0.0000E+00  0.0000E+00
  1.0000E+00  0.0000E+00  0.0000E+00  7.4000E-01  1.0000E+00  0.0000E+00  0.0000E+00  1.5745E+00  0.0000E+00  7.4000E-01  0.0000E+00  0.0000E+00  0.0000E+00
  1.0000E+00  2.5000E-01  0.0000E+00  2.8400E+00  0.0000E+00  0.0000E+00  2.4492E+00  7.9819E-01  9.1772E-01  2.8400E+00  2.0534E+00  7.8659E-01  8.7776E-01
  1.0000E+00  5.7000E-01  0.0000E+00  6.5700E+00  0.0000E+00  0.0000E+00  7.2319E+00 -1.0671E+00 -8.5332E-01  6.5700E+00  6.2320E+00  3.3804E-01 -9.0478E-01
  1.0000E+00  1.1200E+00  0.0000E+00  1.0500E+01  0.0000E+00  0.0000E+00  9.5661E+00  1.3110E+00  1.4804E+00  1.0500E+01  8.4218E+00  2.0782E+00  1.6930E+00
  1.0000E+00  2.0200E+00  0.0000E+00  9.6600E+00  0.0000E+00  0.0000E+00  9.7276E+00 -9.4039E-02  9.0272E-02  9.6600E+00  8.5168E+00  1.1432E+00  2.7033E-01
  1.0000E+00  3.8200E+00  0.0000E+00  8.5800E+00  0.0000E+00  0.0000E+00  8.8850E+00 -4.4578E-01 -1.2082E-01  8.5800E+00  7.4220E+00  1.1580E+00 -3.7905E-02
  1.0000E+00  5.1000E+00  0.0000E+00  8.3600E+00  0.0000E+00  0.0000E+00  8.2986E+00  9.2977E-02  5.1168E-01  8.3600E+00  6.6861E+00  1.6739E+00  5.9472E-01
  1.0000E+00  7.0300E+00  0.0000E+00  7.4700E+00  0.0000E+00  0.0000E+00  7.4863E+00 -2.5897E-02  5.1251E-01  7.4700E+00  5.7113E+00  1.7587E+00  5.3360E-01
  1.0000E+00  9.0500E+00  0.0000E+00  6.8900E+00  0.0000E+00  0.0000E+00  6.7212E+00  2.8045E-01  9.1852E-01  6.8900E+00  4.8429E+00  2.0471E+00  9.4880E-01
  1.0000E+00  1.2120E+01  0.0000E+00  5.9400E+00  0.0000E+00  0.0000E+00  5.7054E+00  4.1292E-01  1.1588E+00  5.9400E+00  3.7691E+00  2.1709E+00  1.2079E+00
  1.0000E+00  2.4370E+01  0.0000E+00  3.2800E+00  0.0000E+00  0.0000E+00  2.9671E+00  6.2765E-01  1.4525E+00  3.2800E+00  1.3862E+00  1.8938E+00  1.6833E+00
  2.0000E+00  0.0000E+00  3.1856E+02  0.0000E+00  1.0000E+00  1.0000E+00  0.0000E+00  0.0000E+00  0.0000E+00  0.0000E+00  0.0000E+00  0.0000E+00  0.0000E+00
  2.0000E+00  0.0000E+00  0.0000E+00  0.0000E+00  1.0000E+00  0.0000E+00  0.0000E+00  0.0000E+00  0.0000E+00  0.0000E+00  0.0000E+00  0.0000E+00  0.0000E+00
  2.0000E+00  2.7000E-01  0.0000E+00  1.7200E+00  0.0000E+00  0.0000E+00  2.9858E+00 -2.5377E+00 -2.4396E+00  1.7200E+00  2.4234E+00 -7.0339E-01 -2.5267E+00
  2.0000E+00  5.2000E-01  0.0000E+00  7.9100E+00  0.0000E+00  0.0000E+00  6.6102E+00  2.1732E+00  2.3028E+00  7.9100E+00  5.7702E+00  2.1398E+00  2.2430E+00
  2.0000E+00  1.0000E+00  0.0000E+00  8.3100E+00  0.0000E+00  0.0000E+00  8.5629E+00 -3.7686E-01 -3.3071E-01  8.3100E+00  8.1738E+00  1.3624E-01 -4.4947E-01
  2.0000E+00  1.9200E+00  0.0000E+00  8.3300E+00  0.0000E+00  0.0000E+00  8.3750E+00 -6.7861E-02 -1.1785E-01  8.3300E+00  8.5250E+00 -1.9502E-01 -6.1654E-02
  2.0000E+00  3.5000E+00  0.0000E+00  6.8500E+00  0.0000E+00  0.0000E+00  7.2303E+00 -6.1318E-01 -7.3501E-01  6.8500E+00  7.5835E+00 -7.3348E-01 -6.2735E-01
  2.0000E+00  5.0200E+00  0.0000E+00  6.0800E+00  0.0000E+00  0.0000E+00  6.2563E+00 -3.0090E-01 -4.7019E-01  6.0800E+00  6.6999E+00 -6.1986E-01 -3.9900E-01
  2.0000E+00  7.0300E+00  0.0000E+00  5.4000E+00  0.0000E+00  0.0000E+00  5.1668E+00  4.2267E-01  2.1142E-01  5.4000E+00  5.6858E+00 -2.8578E-01  2.2444E-01
  2.0000E+00  9.0000E+00  0.0000E+00  4.5500E+00  0.0000E+00  0.0000E+00  4.2832E+00  5.0565E-01  2.7154E-01  4.5500E+00  4.8410E+00 -2.9096E-01  2.5386E-01
  2.0000E+00  1.2000E+01  0.0000E+00  3.0100E+00  0.0000E+00  0.0000E+00  3.2191E+00 -4.1549E-01 -6.5949E-01  3.0100E+00  3.7892E+00 -7.7919E-01 -6.8049E-01
  2.0000E+00  2.4300E+01  0.0000E+00  9.0000E-01  0.0000E+00  0.0000E+00  9.9817E-01 -2.0742E-01 -3.6922E-01  9.0000E-01  1.3879E+00 -4.8794E-01 -4.0441E-01
  3.0000E+00  0.0000E+00  3.1936E+02  0.0000E+00  1.0000E+00  1.0000E+00  0.0000E+00  0.0000E+00  0.0000E+00  0.0000E+00  0.0000E+00  0.0000E+00  0.0000E+00
  3.0000E+00  0.0000E+00  0.0000E+00  0.0000E+00  1.0000E+00  0.0000E+00  0.0000E+00  0.0000E+00  0.0000E+00  0.0000E+00  0.0000E+00  0.0000E+00  0.0000E+00
  3.0000E+00  2.7000E-01  0.0000E+00  4.4000E+00  0.0000E+00  0.0000E+00  3.8739E+00  1.0165E+00  1.6457E+00  4.4000E+00  2.4295E+00  1.9705E+00  2.6397E+00
  3.0000E+00  5.8000E-01  0.0000E+00  6.9000E+00  0.0000E+00  0.0000E+00  7.7360E+00 -1.3083E+00 -1.0318E+00  6.9000E+00  6.2996E+00  6.0043E-01 -6.2342E-01
  3.0000E+00  1.0200E+00  0.0000E+00  8.2000E+00  0.0000E+00  0.0000E+00  8.3979E+00 -2.9778E-01 -4.9374E-01  8.2000E+00  8.2361E+00 -3.6105E-02 -6.4960E-01
  3.0000E+00  2.0200E+00  0.0000E+00  7.8000E+00  0.0000E+00  0.0000E+00  7.8838E+00 -1.3006E-01 -4.1326E-01  7.8000E+00  8.5000E+00 -6.9999E-01 -5.6705E-01
  3.0000E+00  3.6200E+00  0.0000E+00  7.5000E+00  0.0000E+00  0.0000E+00  6.9742E+00  8.6061E-01  6.3540E-01  7.5000E+00  7.5288E+00 -2.8846E-02  5.5750E-01
  3.0000E+00  5.0800E+00  0.0000E+00  6.2000E+00  0.0000E+00  0.0000E+00  6.2356E+00 -6.0812E-02 -2.3923E-01  6.2000E+00  6.6839E+00 -4.8386E-01 -2.6790E-01
  3.0000E+00  7.0700E+00  0.0000E+00  5.3000E+00  0.0000E+00  0.0000E+00  5.3532E+00 -9.5376E-02 -2.2060E-01  5.3000E+00  5.6815E+00 -3.8147E-01 -2.3207E-01
  3.0000E+00  9.0000E+00  0.0000E+00  4.9000E+00  0.0000E+00  0.0000E+00  4.6168E+00  5.2806E-01  4.4426E-01  4.9000E+00  4.8531E+00  4.6888E-02  4.3771E-01
  3.0000E+00  1.2150E+01  0.0000E+00  3.7000E+00  0.0000E+00  0.0000E+00  3.6261E+00  1.4430E-01  1.1048E-01  3.7000E+00  3.7525E+00 -5.2464E-02  1.2656E-01
  3.0000E+00  2.4170E+01  0.0000E+00  1.0500E+00  0.0000E+00  0.0000E+00  1.4427E+00 -8.2346E-01 -7.8636E-01  1.0500E+00  1.4063E+00 -3.5627E-01 -7.5149E-01
  4.0000E+00  0.0000E+00  3.1988E+02  0.0000E+00  1.0000E+00  1.0000E+00  0.0000E+00  0.0000E+00  0.0000E+00  0.0000E+00  0.0000E+00  0.0000E+00  0.0000E+00
  4.0000E+00  0.0000E+00  0.0000E+00  0.0000E+00  1.0000E+00  0.0000E+00  0.0000E+00  0.0000E+00  0.0000E+00  0.0000E+00  0.0000E+00  0.0000E+00  0.0000E+00
  4.0000E+00  3.5000E-01  0.0000E+00  1.8900E+00  0.0000E+00  0.0000E+00  2.6405E+00 -1.5234E+00 -1.7981E+00  1.8900E+00  3.7665E+00 -1.8765E+00 -1.1629E+00
  4.0000E+00  6.0000E-01  0.0000E+00  4.6000E+00  0.0000E+00  0.0000E+00  4.9857E+00 -7.0575E-01 -1.0942E+00  4.6000E+00  6.4632E+00 -1.8632E+00 -6.9862E-01
  4.0000E+00  1.0700E+00  0.0000E+00  8.6000E+00  0.0000E+00  0.0000E+00  7.3334E+00  2.0299E+00  1.7294E+00  8.6000E+00  8.3421E+00  2.5794E-01  1.4924E+00
  4.0000E+00  2.1300E+00  0.0000E+00  8.3800E+00  0.0000E+00  0.0000E+00  8.4861E+00 -1.5877E-01 -1.4187E-01  8.3800E+00  8.4571E+00 -7.7077E-02 -2.8949E-01
  4.0000E+00  3.5000E+00  0.0000E+00  7.5400E+00  0.0000E+00  0.0000E+00  7.9141E+00 -5.7922E-01 -4.4253E-01  7.5400E+00  7.6149E+00 -7.4899E-02 -4.7247E-01
  4.0000E+00  5.0200E+00  0.0000E+00  6.8800E+00  0.0000E+00  0.0000E+00  7.0133E+00 -2.1774E-01 -9.3122E-02  6.8800E+00  6.7276E+00  1.5238E-01 -9.0677E-02
  4.0000E+00  7.0200E+00  0.0000E+00  5.7800E+00  0.0000E+00  0.0000E+00  5.9432E+00 -2.8350E-01 -2.0333E-01  5.7800E+00  5.7140E+00  6.5994E-02 -1.9523E-01
  4.0000E+00  9.0200E+00  0.0000E+00  5.3300E+00  0.0000E+00  0.0000E+00  5.0337E+00  5.4068E-01  5.8250E-01  5.3300E+00  4.8531E+00  4.7692E-01  6.0094E-01
  4.0000E+00  1.1980E+01  0.0000E+00  4.1900E+00  0.0000E+00  0.0000E+00  3.9366E+00  4.8823E-01  4.8895E-01  4.1900E+00  3.8111E+00  3.7889E-01  5.0700E-01
  4.0000E+00  2.4650E+01  0.0000E+00  1.1500E+00  0.0000E+00  0.0000E+00  1.3743E+00 -4.7105E-01 -5.2068E-01  1.1500E+00  1.3544E+00 -2.0442E-01 -5.0927E-01
  5.0000E+00  0.0000E+00  3.1996E+02  0.0000E+00  1.0000E+00  1.0000E+00  0.0000E+00  0.0000E+00  0.0000E+00  0.0000E+00  0.0000E+00  0.0000E+00  0.0000E+00
  5.0000E+00  0.0000E+00  0.0000E+00  0.0000E+00  1.0000E+00  0.0000E+00  0.0000E+00  0.0000E+00  0.0000E+00  0.0000E+00  0.0000E+00  0.0000E+00  0.0000E+00
  5.0000E+00  3.0000E-01  0.0000E+00  2.0200E+00  0.0000E+00  0.0000E+00  3.0155E+00 -1.9936E+00 -2.1499E+00  2.0200E+00  2.9681E+00 -9.4813E-01 -1.9547E+00
  5.0000E+00  5.2000E-01  0.0000E+00  5.6300E+00  0.0000E+00  0.0000E+00  6.1178E+00 -8.3896E-01 -9.7820E-01  5.6300E+00  5.7955E+00 -1.6551E-01 -7.6664E-01
  5.0000E+00  1.0000E+00  0.0000E+00  1.1400E+01  0.0000E+00  0.0000E+00  9.1896E+00  3.1728E+00  3.3527E+00  1.1400E+01  8.2097E+00  3.1903E+00  3.6117E+00
  5.0000E+00  2.0200E+00  0.0000E+00  9.3300E+00  0.0000E+00  0.0000E+00  1.0008E+01 -9.2754E-01 -3.7114E-01  9.3300E+00  8.5160E+00  8.1404E-01 -4.7288E-01
  5.0000E+00  3.5000E+00  0.0000E+00  8.7400E+00  0.0000E+00  0.0000E+00  9.0196E+00 -4.0537E-01  1.5275E-01  8.7400E+00  7.6168E+00  1.1232E+00  9.1693E-02
  5.0000E+00  5.0200E+00  0.0000E+00  7.5600E+00  0.0000E+00  0.0000E+00  7.9445E+00 -5.9434E-01 -1.3499E-01  7.5600E+00  6.7293E+00  8.3070E-01 -1.8962E-01
  5.0000E+00  7.0200E+00  0.0000E+00  7.0900E+00  0.0000E+00  0.0000E+00  6.7145E+00  6.2401E-01  9.6260E-01  7.0900E+00  5.7154E+00  1.3746E+00  1.0067E+00
  5.0000E+00  9.1000E+00  0.0000E+00  5.9000E+00  0.0000E+00  0.0000E+00  5.6366E+00  4.6527E-01  7.0082E-01  5.9000E+00  4.8227E+00  1.0773E+00  7.4654E-01
  5.0000E+00  1.2000E+01  0.0000E+00  4.3700E+00  0.0000E+00  0.0000E+00  4.4164E+00 -8.7365E-02  3.9272E-02  4.3700E+00  3.8058E+00  5.6416E-01  7.9679E-02
  5.0000E+00  2.4350E+01  0.0000E+00  1.5700E+00  0.0000E+00  0.0000E+00  1.5626E+00  1.5437E-02 -3.4816E-02  1.5700E+00  1.3884E+00  1.8164E-01  1.8646E-02
  6.0000E+00  0.0000E+00  3.2000E+02  0.0000E+00  1.0000E+00  1.0000E+00  0.0000E+00  0.0000E+00  0.0000E+00  0.0000E+00  0.0000E+00  0.0000E+00  0.0000E+00
  6.0000E+00  0.0000E+00  0.0000E+00  0.0000E+00  1.0000E+00  0.0000E+00  0.0000E+00  0.0000E+00  0.0000E+00  0.0000E+00  0.0000E+00  0.0000E+00  0.0000E+00
  6.0000E+00  2.7000E-01  0.0000E+00  1.2900E+00  0.0000E+00  0.0000E+00  1.2535E+00  7.6889E-02 -1.0935E-01  1.2900E+00  2.4343E+00 -1.1443E+00  2.1002E-01
  6.0000E+00  5.8000E-01  0.0000E+00  3.0800E+00  0.0000E+00  0.0000E+00  3.6886E+00 -1.1856E+00 -1.6938E+00  3.0800E+00  6.3122E+00 -3.2322E+00 -1.3526E+00
  6.0000E+00  1.1500E+00  0.0000E+00  6.4400E+00  0.0000E+00  0.0000E+00  5.7853E+00  1.1472E+00  4.4005E-01  6.4400E+00  8.4615E+00 -2.0215E+00  1.2561E-01
  6.0000E+00  2.0300E+00  0.0000E+00  6.3200E+00  0.0000E+00  0.0000E+00  6.4798E+00 -2.6922E-01 -9.8515E-01  6.3200E+00  8.5121E+00 -2.1921E+00 -9.5707E-01
  6.0000E+00  3.5700E+00  0.0000E+00  5.5300E+00  0.0000E+00  0.0000E+00  5.9350E+00 -7.0382E-01 -1.3555E+00  5.5300E+00  7.5746E+00 -2.0446E+00 -1.1084E+00
  6.0000E+00  5.0000E+00  0.0000E+00  4.9400E+00  0.0000E+00  0.0000E+00  5.2125E+00 -4.9261E-01 -1.0991E+00  4.9400E+00  6.7411E+00 -1.8011E+00 -8.9182E-01
  6.0000E+00  7.0000E+00  0.0000E+00  4.0200E+00  0.0000E+00  0.0000E+00  4.3161E+00 -5.6033E-01 -1.1094E+00  4.0200E+00  5.7255E+00 -1.7055E+00 -9.6179E-01
  6.0000E+00  9.2200E+00  0.0000E+00  3.4600E+00  0.0000E+00  0.0000E+00  3.4977E+00 -7.4119E-02 -5.6106E-01  3.4600E+00  4.7763E+00 -1.3163E+00 -5.0463E-01
  6.0000E+00  1.2100E+01  0.0000E+00  2.7800E+00  0.0000E+00  0.0000E+00  2.6627E+00  2.3796E-01 -1.7305E-01  2.7800E+00  3.7754E+00 -9.9537E-01 -1.8104E-01
  6.0000E+00  2.3850E+01  0.0000E+00  9.2000E-01  0.0000E+00  0.0000E+00  8.7494E-01  9.5353E-02 -9.1484E-02  9.2000E-01  1.4464E+00 -5.2639E-01 -1.3660E-01
  7.0000E+00  0.0000E+00  3.1977E+02  0.0000E+00  1.0000E+00  1.0000E+00  0.0000E+00  0.0000E+00  0.0000E+00  0.0000E+00  0.0000E+00  0.0000E+00  0.0000E+00
  7.0000E+00  0.0000E+00  0.0000E+00  1.5000E-01  1.0000E+00  0.0000E+00  0.0000E+00  3.1916E-01  0.0000E+00  1.5000E-01  0.0000E+00  0.0000E+00  0.0000E+00
  7.0000E+00  2.5000E-01  0.0000E+00  8.5000E-01  0.0000E+00  0.0000E+00  7.7240E-01  1.6442E-01 -1.6403E-02  8.5000E-01  2.0520E+00 -1.2020E+00  4.5835E-01
  7.0000E+00  5.0000E-01  0.0000E+00  2.3500E+00  0.0000E+00  0.0000E+00  2.5153E+00 -3.3683E-01 -8.5895E-01  2.3500E+00  5.6000E+00 -3.2500E+00 -6.5767E-01
  7.0000E+00  1.0200E+00  0.0000E+00  5.0200E+00  0.0000E+00  0.0000E+00  4.9115E+00  1.9926E-01 -5.8209E-01  5.0200E+00  8.2467E+00 -3.2267E+00 -1.4340E+00
  7.0000E+00  2.0200E+00  0.0000E+00  6.5800E+00  0.0000E+00  0.0000E+00  6.8141E+00 -3.8673E-01 -1.0206E+00  6.5800E+00  8.5109E+00 -1.9309E+00 -1.3805E+00
  7.0000E+00  3.4800E+00  0.0000E+00  7.0900E+00  0.0000E+00  0.0000E+00  7.0327E+00  9.3497E-02 -2.0728E-01  7.0900E+00  7.6246E+00 -5.3463E-01  1.8347E-01
  7.0000E+00  5.0000E+00  0.0000E+00  6.6600E+00  0.0000E+00  0.0000E+00  6.4033E+00  4.3434E-01  2.7893E-01  6.6600E+00  6.7363E+00 -7.6296E-02  7.4862E-01
  7.0000E+00  6.9800E+00  0.0000E+00  5.2500E+00  0.0000E+00  0.0000E+00  5.4342E+00 -3.2900E-01 -4.5493E-01  5.2500E+00  5.7307E+00 -4.8073E-01 -1.3543E-01
  7.0000E+00  9.0000E+00  0.0000E+00  4.3900E+00  0.0000E+00  0.0000E+00  4.5506E+00 -3.0053E-01 -4.4283E-01  4.3900E+00  4.8593E+00 -4.6934E-01 -3.0927E-01
  7.0000E+00  1.2050E+01  0.0000E+00  3.5300E+00  0.0000E+00  0.0000E+00  3.4715E+00  1.1496E-01 -4.9961E-02  3.5300E+00  3.7881E+00 -2.5809E-01 -1.4214E-01
  7.0000E+00  2.4220E+01  0.0000E+00  1.1500E+00  0.0000E+00  0.0000E+00  1.1771E+00 -5.7009E-02 -1.9290E-01  1.1500E+00  1.4023E+00 -2.5234E-01 -5.4843E-01
  8.0000E+00  0.0000E+00  3.1936E+02  0.0000E+00  1.0000E+00  1.0000E+00  0.0000E+00  0.0000E+00  0.0000E+00  0.0000E+00  0.0000E+00  0.0000E+00  0.0000E+00
  8.0000E+00  0.0000E+00  0.0000E+00  0.0000E+00  1.0000E+00  0.0000E+00  0.0000E+00  0.0000E+00  0.0000E+00  0.0000E+00  0.0000E+00  0.0000E+00  0.0000E+00
  8.0000E+00  2.5000E-01  0.0000E+00  3.0500E+00  0.0000E+00  0.0000E+00  1.4855E+00  3.2779E+00  3.2542E+00  3.0500E+00  2.0494E+00  1.0006E+00  3.2148E+00
  8.0000E+00  5.2000E-01  0.0000E+00  3.0500E+00  0.0000E+00  0.0000E+00  4.4577E+00 -2.6456E+00 -2.7708E+00  3.0500E+00  5.7846E+00 -2.7346E+00 -2.6280E+00
  8.0000E+00  9.8000E-01  0.0000E+00  7.3100E+00  0.0000E+00  0.0000E+00  6.7553E+00  9.1974E-01  6.5998E-01  7.3100E+00  8.1495E+00 -8.3947E-01  4.7031E-01
  8.0000E+00  2.0200E+00  0.0000E+00  7.5600E+00  0.0000E+00  0.0000E+00  7.5291E+00  4.8997E-02 -2.9991E-01  7.5600E+00  8.5000E+00 -9.3999E-01 -2.8329E-01
  8.0000E+00  3.5300E+00  0.0000E+00  6.5900E+00  0.0000E+00  0.0000E+00  6.7824E+00 -3.1850E-01 -6.5975E-01  6.5900E+00  7.5840E+00 -9.9405E-01 -5.6255E-01
  8.0000E+00  5.0500E+00  0.0000E+00  5.8800E+00  0.0000E+00  0.0000E+00  5.9588E+00 -1.3670E-01 -4.4928E-01  5.8800E+00  6.7003E+00 -8.2025E-01 -3.7655E-01
  8.0000E+00  7.1500E+00  0.0000E+00  4.7300E+00  0.0000E+00  0.0000E+00  4.9740E+00 -4.4675E-01 -7.1925E-01  4.7300E+00  5.6445E+00 -9.1448E-01 -6.6512E-01
  8.0000E+00  9.0700E+00  0.0000E+00  4.5700E+00  0.0000E+00  0.0000E+00  4.2165E+00  6.7210E-01  4.3353E-01  4.5700E+00  4.8255E+00 -2.5545E-01  4.2811E-01
  8.0000E+00  1.2100E+01  0.0000E+00  3.0000E+00  0.0000E+00  0.0000E+00  3.2488E+00 -4.9371E-01 -6.8525E-01  3.0000E+00  3.7678E+00 -7.6782E-01 -6.8506E-01
  8.0000E+00  2.4120E+01  0.0000E+00  1.2500E+00  0.0000E+00  0.0000E+00  1.1548E+00  2.0059E-01  1.2440E-01  1.2500E+00  1.4120E+00 -1.6202E-01  8.4943E-02
  9.0000E+00  0.0000E+00  2.6784E+02  0.0000E+00  1.0000E+00  1.0000E+00  0.0000E+00  0.0000E+00  0.0000E+00  0.0000E+00  0.0000E+00  0.0000E+00  0.0000E+00
  9.0000E+00  0.0000E+00  0.0000E+00  0.0000E+00  1.0000E+00  0.0000E+00  0.0000E+00  0.0000E+00  0.0000E+00  0.0000E+00  0.0000E+00  0.0000E+00  0.0000E+00
  9.0000E+00  3.0000E-01  0.0000E+00  7.3700E+00  0.0000E+00  0.0000E+00  7.0019E+00  6.0160E-01  2.0083E+00  7.3700E+00  2.4846E+00  4.8854E+00  4.7365E+00
  9.0000E+00  6.3000E-01  0.0000E+00  9.0300E+00  0.0000E+00  0.0000E+00  7.9465E+00  1.6746E+00  1.6003E+00  9.0300E+00  5.5912E+00  3.4388E+00  3.2871E-01
  9.0000E+00  1.0500E+00  0.0000E+00  7.1400E+00  0.0000E+00  0.0000E+00  7.6723E+00 -8.3621E-01 -9.6279E-01  7.1400E+00  6.9556E+00  1.8440E-01 -2.3433E+00
  9.0000E+00  2.0200E+00  0.0000E+00  6.3300E+00  0.0000E+00  0.0000E+00  7.0476E+00 -1.1696E+00 -1.2889E+00  6.3300E+00  7.1288E+00 -7.9875E-01 -6.0157E-01
  9.0000E+00  3.5300E+00  0.0000E+00  5.6600E+00  0.0000E+00  0.0000E+00  6.1747E+00 -8.8238E-01 -9.8988E-01  5.6600E+00  6.3606E+00 -7.0057E-01 -6.9472E-02
  9.0000E+00  5.0200E+00  0.0000E+00  5.6700E+00  0.0000E+00  0.0000E+00  5.4195E+00  4.4792E-01  3.5158E-01  5.6700E+00  5.6331E+00  3.6870E-02  9.7492E-01
  9.0000E+00  7.1700E+00  0.0000E+00  4.2400E+00  0.0000E+00  0.0000E+00  4.4895E+00 -4.6810E-01 -5.4963E-01  4.2400E+00  4.7262E+00 -4.8617E-01 -2.9485E-01
  9.0000E+00  8.8000E+00  0.0000E+00  4.1100E+00  0.0000E+00  0.0000E+00  3.8923E+00  4.2024E-01  3.4874E-01  4.1100E+00  4.1372E+00 -2.7210E-02  3.5443E-01
  9.0000E+00  1.1600E+01  0.0000E+00  3.1600E+00  0.0000E+00  0.0000E+00  3.0460E+00  2.2806E-01  1.7135E-01  3.1600E+00  3.2917E+00 -1.3166E-01 -1.2989E-01
  9.0000E+00  2.4430E+01  0.0000E+00  1.1200E+00  0.0000E+00  0.0000E+00  9.9042E-01  2.7380E-01  2.5491E-01  1.1200E+00  1.1546E+00 -3.4634E-02 -3.8754E-01
  1.0000E+01  0.0000E+00  3.2010E+02  0.0000E+00  1.0000E+00  1.0000E+00  0.0000E+00  0.0000E+00  0.0000E+00  0.0000E+00  0.0000E+00  0.0000E+00  0.0000E+00
  1.0000E+01  0.0000E+00  0.0000E+00  2.4000E-01  1.0000E+00  0.0000E+00  0.0000E+00  5.1065E-01  0.0000E+00  2.4000E-01  0.0000E+00  0.0000E+00  0.0000E+00
  1.0000E+01  3.7000E-01  0.0000E+00  2.8900E+00  0.0000E+00  0.0000E+00  2.1956E+00  1.4295E+00  1.1780E+00  2.8900E+00  4.0597E+00 -1.1697E+00  1.1750E+00
  1.0000E+01  7.7000E-01  0.0000E+00  5.2200E+00  0.0000E+00  0.0000E+00  5.1750E+00  8.1461E-02 -3.2073E-01  5.2200E+00  7.4690E+00 -2.2490E+00 -1.0554E+00
  1.0000E+01  1.0200E+00  0.0000E+00  6.4100E+00  0.0000E+00  0.0000E+00  6.4637E+00 -9.0465E-02 -4.6263E-01  6.4100E+00  8.2552E+00 -1.8452E+00 -1.3380E+00
  1.0000E+01  2.0500E+00  0.0000E+00  7.8300E+00  0.0000E+00  0.0000E+00  9.0525E+00 -1.7690E+00 -1.7202E+00  7.8300E+00  8.5047E+00 -6.7471E-01 -1.8264E+00
  1.0000E+01  3.5500E+00  0.0000E+00  1.0210E+01  0.0000E+00  0.0000E+00  9.4683E+00  1.0472E+00  1.5787E+00  1.0210E+01  7.5893E+00  2.6207E+00  2.4659E+00
  1.0000E+01  5.0500E+00  0.0000E+00  9.1800E+00  0.0000E+00  0.0000E+00  8.8550E+00  4.7587E-01  1.1808E+00  9.1800E+00  6.7158E+00  2.4642E+00  1.9585E+00
  1.0000E+01  7.0800E+00  0.0000E+00  8.0200E+00  0.0000E+00  0.0000E+00  7.8071E+00  3.3185E-01  1.0621E+00  8.0200E+00  5.6900E+00  2.3300E+00  1.4825E+00
  1.0000E+01  9.3800E+00  0.0000E+00  7.1400E+00  0.0000E+00  0.0000E+00  6.7101E+00  7.1466E-01  1.3978E+00  7.1400E+00  4.7157E+00  2.4243E+00  1.5045E+00
  1.0000E+01  1.2100E+01  0.0000E+00  5.6800E+00  0.0000E+00  0.0000E+00  5.6017E+00  1.3859E-01  7.5089E-01  5.6800E+00  3.7765E+00  1.9035E+00  4.8478E-01
  1.0000E+01  2.3700E+01  0.0000E+00  2.4200E+00  0.0000E+00  0.0000E+00  2.5920E+00 -3.4962E-01  5.0862E-03  2.4200E+00  1.4647E+00  9.5532E-01 -5.9595E-01
  1.1000E+01  0.0000E+00  3.1980E+02  0.0000E+00  1.0000E+00  1.0000E+00  0.0000E+00  0.0000E+00  0.0000E+00  0.0000E+00  0.0000E+00  0.0000E+00  0.0000E+00
  1.1000E+01  0.0000E+00  0.0000E+00  0.0000E+00  1.0000E+00  0.0000E+00  0.0000E+00  0.0000E+00  0.0000E+00  0.0000E+00  0.0000E+00  0.0000E+00  0.0000E+00
  1.1000E+01  2.5000E-01  0.0000E+00  4.8600E+00  0.0000E+00  0.0000E+00  4.5619E+00  5.5736E-01  1.5642E+00  4.8600E+00  2.0522E+00  2.8078E+00  3.5431E+00
  1.1000E+01  5.0000E-01  0.0000E+00  7.2400E+00  0.0000E+00  0.0000E+00  7.6850E+00 -6.9855E-01 -7.3183E-01  7.2400E+00  5.6005E+00  1.6395E+00 -2.4870E-01
  1.1000E+01  9.8000E-01  0.0000E+00  8.0000E+00  0.0000E+00  0.0000E+00  7.7462E+00  3.9692E-01 -1.8306E-01  8.0000E+00  8.1607E+00 -1.6070E-01 -9.9781E-01
  1.1000E+01  1.9800E+00  0.0000E+00  6.8100E+00  0.0000E+00  0.0000E+00  7.0622E+00 -4.1073E-01 -9.8828E-01  6.8100E+00  8.5310E+00 -1.7210E+00 -9.0011E-01
  1.1000E+01  3.6000E+00  0.0000E+00  5.8700E+00  0.0000E+00  0.0000E+00  6.0718E+00 -3.4794E-01 -8.8612E-01  5.8700E+00  7.5515E+00 -1.6815E+00 -5.7908E-01
  1.1000E+01  5.0200E+00  0.0000E+00  5.2200E+00  0.0000E+00  0.0000E+00  5.3186E+00 -1.7716E-01 -6.7974E-01  5.2200E+00  6.7259E+00 -1.5059E+00 -4.6142E-01
  1.1000E+01  7.0300E+00  0.0000E+00  4.4500E+00  0.0000E+00  0.0000E+00  4.4093E+00  7.6655E-02 -3.7558E-01  4.4500E+00  5.7079E+00 -1.2579E+00 -2.8207E-01
  1.1000E+01  9.0300E+00  0.0000E+00  3.6200E+00  0.0000E+00  0.0000E+00  3.6589E+00 -7.5912E-02 -4.7971E-01  3.6200E+00  4.8479E+00 -1.2279E+00 -4.6409E-01
  1.1000E+01  1.2120E+01  0.0000E+00  2.6900E+00  0.0000E+00  0.0000E+00  2.7427E+00 -1.0661E-01 -4.4134E-01  2.6900E+00  3.7669E+00 -1.0769E+00 -5.2316E-01
  1.1000E+01  2.4080E+01  0.0000E+00  8.6000E-01  0.0000E+00  0.0000E+00  8.9886E-01 -8.2212E-02 -2.3065E-01  8.6000E-01  1.4186E+00 -5.5860E-01 -4.0005E-01
  1.2000E+01  0.0000E+00  3.2065E+02  0.0000E+00  1.0000E+00  1.0000E+00  0.0000E+00  0.0000E+00  0.0000E+00  0.0000E+00  0.0000E+00  0.0000E+00  0.0000E+00
  1.2000E+01  0.0000E+00  0.0000E+00  0.0000E+00  1.0000E+00  0.0000E+00  0.0000E+00  0.0000E+00  0.0000E+00  0.0000E+00  0.0000E+00  0.0000E+00  0.0000E+00
  1.2000E+01  2.5000E-01  0.0000E+00  1.2500E+00  0.0000E+00  0.0000E+00  1.3317E+00 -1.7178E-01 -3.6734E-01  1.2500E+00  2.0576E+00 -8.0764E-01  8.8264E-02
  1.2000E+01  5.0000E-01  0.0000E+00  3.9600E+00  0.0000E+00  0.0000E+00  4.1817E+00 -4.2220E-01 -8.6928E-01  3.9600E+00  5.6154E+00 -1.6554E+00 -5.2146E-01
  1.2000E+01  1.0000E+00  0.0000E+00  7.8200E+00  0.0000E+00  0.0000E+00  7.5608E+00  4.0982E-01  7.6741E-02  7.8200E+00  8.2274E+00 -4.0739E-01 -2.6089E-01
  1.2000E+01  2.0000E+00  0.0000E+00  9.7200E+00  0.0000E+00  0.0000E+00  9.6980E+00  3.0685E-02  3.1252E-01  9.7200E+00  8.5441E+00  1.1759E+00  2.1158E-01
  1.2000E+01  3.5200E+00  0.0000E+00  9.7500E+00  0.0000E+00  0.0000E+00  9.3488E+00  5.7050E-01  1.2168E+00  9.7500E+00  7.6209E+00  2.1291E+00  1.5342E+00
  1.2000E+01  5.0700E+00  0.0000E+00  8.5700E+00  0.0000E+00  0.0000E+00  8.2611E+00  4.6856E-01  1.0633E+00  8.5700E+00  6.7163E+00  1.8537E+00  1.3409E+00
  1.2000E+01  7.0700E+00  0.0000E+00  6.5900E+00  0.0000E+00  0.0000E+00  6.9207E+00 -5.4300E-01 -1.3573E-01  6.5900E+00  5.7044E+00  8.8558E-01 -3.8031E-02
  1.2000E+01  9.0300E+00  0.0000E+00  6.1100E+00  0.0000E+00  0.0000E+00  5.8048E+00  5.3424E-01  7.7424E-01  6.1100E+00  4.8608E+00  1.2492E+00  8.5274E-01
  1.2000E+01  1.2050E+01  0.0000E+00  4.5700E+00  0.0000E+00  0.0000E+00  4.4256E+00  2.7181E-01  3.2486E-01  4.5700E+00  3.7985E+00  7.7149E-01  2.8283E-01
  1.2000E+01  2.4150E+01  0.0000E+00  1.1700E+00  0.0000E+00  0.0000E+00  1.4924E+00 -6.7547E-01 -8.4259E-01  1.1700E+00  1.4143E+00 -2.4426E-01 -1.0220E+00
