TABLE NO.  2
 ID          A1          ETA1
  1.0000E+00  6.1805E+00 -1.3816E+00
  1.0000E+00  6.1805E+00 -1.3816E+00
  1.0000E+00  6.1805E+00 -1.3816E+00
  1.0000E+00  6.1805E+00 -1.3816E+00
  1.0000E+00  6.1805E+00 -1.3816E+00
  1.0000E+00  6.1805E+00 -1.3816E+00
  1.0000E+00  6.1805E+00 -1.3816E+00
  1.0000E+00  6.1805E+00 -1.3816E+00
  1.0000E+00  6.1805E+00 -1.3816E+00
  2.0000E+00  7.3015E+00 -2.6069E-01
  2.0000E+00  7.3015E+00 -2.6069E-01
  2.0000E+00  7.3015E+00 -2.6069E-01
  2.0000E+00  7.3015E+00 -2.6069E-01
  2.0000E+00  7.3015E+00 -2.6069E-01
  2.0000E+00  7.3015E+00 -2.6069E-01
  2.0000E+00  7.3015E+00 -2.6069E-01
  2.0000E+00  7.3015E+00 -2.6069E-01
  2.0000E+00  7.3015E+00 -2.6069E-01
  3.0000E+00  7.8545E+00  2.9232E-01
  3.0000E+00  7.8545E+00  2.9232E-01
  3.0000E+00  7.8545E+00  2.9232E-01
  3.0000E+00  7.8545E+00  2.9232E-01
  3.0000E+00  7.8545E+00  2.9232E-01
  3.0000E+00  7.8545E+00  2.9232E-01
  3.0000E+00  7.8545E+00  2.9232E-01
  3.0000E+00  7.8545E+00  2.9232E-01
  3.0000E+00  7.8545E+00  2.9232E-01
  4.0000E+00  4.2738E+00 -3.2884E+00
  4.0000E+00  4.2738E+00 -3.2884E+00
  4.0000E+00  4.2738E+00 -3.2884E+00
  4.0000E+00  4.2738E+00 -3.2884E+00
  4.0000E+00  4.2738E+00 -3.2884E+00
  4.0000E+00  4.2738E+00 -3.2884E+00
  4.0000E+00  4.2738E+00 -3.2884E+00
  4.0000E+00  4.2738E+00 -3.2884E+00
  4.0000E+00  4.2738E+00 -3.2884E+00
  5.0000E+00  6.1786E+00 -1.3835E+00
  5.0000E+00  6.1786E+00 -1.3835E+00
  5.0000E+00  6.1786E+00 -1.3835E+00
  5.0000E+00  6.1786E+00 -1.3835E+00
  5.0000E+00  6.1786E+00 -1.3835E+00
  5.0000E+00  6.1786E+00 -1.3835E+00
  5.0000E+00  6.1786E+00 -1.3835E+00
  5.0000E+00  6.1786E+00 -1.3835E+00
  5.0000E+00  6.1786E+00 -1.3835E+00
  6.0000E+00  5.5728E+00 -1.9893E+00
  6.0000E+00  5.5728E+00 -1.9893E+00
  6.0000E+00  5.5728E+00 -1.9893E+00
  6.0000E+00  5.5728E+00 -1.9893E+00
  6.0000E+00  5.5728E+00 -1.9893E+00
  6.0000E+00  5.5728E+00 -1.9893E+00
  6.0000E+00  5.5728E+00 -1.9893E+00
  6.0000E+00  5.5728E+00 -1.9893E+00
  6.0000E+00  5.5728E+00 -1.9893E+00
  7.0000E+00  8.9922E+00  1.4300E+00
  7.0000E+00  8.9922E+00  1.4300E+00
  7.0000E+00  8.9922E+00  1.4300E+00
  7.0000E+00  8.9922E+00  1.4300E+00
  7.0000E+00  8.9922E+00  1.4300E+00
  7.0000E+00  8.9922E+00  1.4300E+00
  7.0000E+00  8.9922E+00  1.4300E+00
  7.0000E+00  8.9922E+00  1.4300E+00
  7.0000E+00  8.9922E+00  1.4300E+00
  8.0000E+00  6.1850E+00 -1.3772E+00
  8.0000E+00  6.1850E+00 -1.3772E+00
  8.0000E+00  6.1850E+00 -1.3772E+00
  8.0000E+00  6.1850E+00 -1.3772E+00
  8.0000E+00  6.1850E+00 -1.3772E+00
  8.0000E+00  6.1850E+00 -1.3772E+00
  8.0000E+00  6.1850E+00 -1.3772E+00
  8.0000E+00  6.1850E+00 -1.3772E+00
  8.0000E+00  6.1850E+00 -1.3772E+00
  9.0000E+00  8.4071E+00  8.4496E-01
  9.0000E+00  8.4071E+00  8.4496E-01
  9.0000E+00  8.4071E+00  8.4496E-01
  9.0000E+00  8.4071E+00  8.4496E-01
  9.0000E+00  8.4071E+00  8.4496E-01
  9.0000E+00  8.4071E+00  8.4496E-01
  9.0000E+00  8.4071E+00  8.4496E-01
  9.0000E+00  8.4071E+00  8.4496E-01
  9.0000E+00  8.4071E+00  8.4496E-01
  1.0000E+01  7.8537E+00  2.9152E-01
  1.0000E+01  7.8537E+00  2.9152E-01
  1.0000E+01  7.8537E+00  2.9152E-01
  1.0000E+01  7.8537E+00  2.9152E-01
  1.0000E+01  7.8537E+00  2.9152E-01
  1.0000E+01  7.8537E+00  2.9152E-01
  1.0000E+01  7.8537E+00  2.9152E-01
  1.0000E+01  7.8537E+00  2.9152E-01
  1.0000E+01  7.8537E+00  2.9152E-01
  1.1000E+01  1.0323E+01  2.7610E+00
  1.1000E+01  1.0323E+01  2.7610E+00
  1.1000E+01  1.0323E+01  2.7610E+00
  1.1000E+01  1.0323E+01  2.7610E+00
  1.1000E+01  1.0323E+01  2.7610E+00
  1.1000E+01  1.0323E+01  2.7610E+00
  1.1000E+01  1.0323E+01  2.7610E+00
  1.1000E+01  1.0323E+01  2.7610E+00
  1.1000E+01  1.0323E+01  2.7610E+00
  1.2000E+01  6.7521E+00 -8.1005E-01
  1.2000E+01  6.7521E+00 -8.1005E-01
  1.2000E+01  6.7521E+00 -8.1005E-01
  1.2000E+01  6.7521E+00 -8.1005E-01
  1.2000E+01  6.7521E+00 -8.1005E-01
  1.2000E+01  6.7521E+00 -8.1005E-01
  1.2000E+01  6.7521E+00 -8.1005E-01
  1.2000E+01  6.7521E+00 -8.1005E-01
  1.2000E+01  6.7521E+00 -8.1005E-01
  1.3000E+01  1.0322E+01  2.7602E+00
  1.3000E+01  1.0322E+01  2.7602E+00
  1.3000E+01  1.0322E+01  2.7602E+00
  1.3000E+01  1.0322E+01  2.7602E+00
  1.3000E+01  1.0322E+01  2.7602E+00
  1.3000E+01  1.0322E+01  2.7602E+00
  1.3000E+01  1.0322E+01  2.7602E+00
  1.3000E+01  1.0322E+01  2.7602E+00
  1.3000E+01  1.0322E+01  2.7602E+00
  1.4000E+01  9.6166E+00  2.0544E+00
  1.4000E+01  9.6166E+00  2.0544E+00
  1.4000E+01  9.6166E+00  2.0544E+00
  1.4000E+01  9.6166E+00  2.0544E+00
  1.4000E+01  9.6166E+00  2.0544E+00
  1.4000E+01  9.6166E+00  2.0544E+00
  1.4000E+01  9.6166E+00  2.0544E+00
  1.4000E+01  9.6166E+00  2.0544E+00
  1.4000E+01  9.6166E+00  2.0544E+00
  1.5000E+01  5.5729E+00 -1.9893E+00
  1.5000E+01  5.5729E+00 -1.9893E+00
  1.5000E+01  5.5729E+00 -1.9893E+00
  1.5000E+01  5.5729E+00 -1.9893E+00
  1.5000E+01  5.5729E+00 -1.9893E+00
  1.5000E+01  5.5729E+00 -1.9893E+00
  1.5000E+01  5.5729E+00 -1.9893E+00
  1.5000E+01  5.5729E+00 -1.9893E+00
  1.5000E+01  5.5729E+00 -1.9893E+00
  1.6000E+01  6.1805E+00 -1.3816E+00
  1.6000E+01  6.1805E+00 -1.3816E+00
  1.6000E+01  6.1805E+00 -1.3816E+00
  1.6000E+01  6.1805E+00 -1.3816E+00
  1.6000E+01  6.1805E+00 -1.3816E+00
  1.6000E+01  6.1805E+00 -1.3816E+00
  1.6000E+01  6.1805E+00 -1.3816E+00
  1.6000E+01  6.1805E+00 -1.3816E+00
  1.6000E+01  6.1805E+00 -1.3816E+00
  1.7000E+01  4.9300E+00 -2.6322E+00
  1.7000E+01  4.9300E+00 -2.6322E+00
  1.7000E+01  4.9300E+00 -2.6322E+00
  1.7000E+01  4.9300E+00 -2.6322E+00
  1.7000E+01  4.9300E+00 -2.6322E+00
  1.7000E+01  4.9300E+00 -2.6322E+00
  1.7000E+01  4.9300E+00 -2.6322E+00
  1.7000E+01  4.9300E+00 -2.6322E+00
  1.7000E+01  4.9300E+00 -2.6322E+00
  1.8000E+01  5.5737E+00 -1.9885E+00
  1.8000E+01  5.5737E+00 -1.9885E+00
  1.8000E+01  5.5737E+00 -1.9885E+00
  1.8000E+01  5.5737E+00 -1.9885E+00
  1.8000E+01  5.5737E+00 -1.9885E+00
  1.8000E+01  5.5737E+00 -1.9885E+00
  1.8000E+01  5.5737E+00 -1.9885E+00
  1.8000E+01  5.5737E+00 -1.9885E+00
  1.8000E+01  5.5737E+00 -1.9885E+00
  1.9000E+01  7.3049E+00 -2.5726E-01
  1.9000E+01  7.3049E+00 -2.5726E-01
  1.9000E+01  7.3049E+00 -2.5726E-01
  1.9000E+01  7.3049E+00 -2.5726E-01
  1.9000E+01  7.3049E+00 -2.5726E-01
  1.9000E+01  7.3049E+00 -2.5726E-01
  1.9000E+01  7.3049E+00 -2.5726E-01
  1.9000E+01  7.3049E+00 -2.5726E-01
  1.9000E+01  7.3049E+00 -2.5726E-01
  2.0000E+01  9.6198E+00  2.0576E+00
  2.0000E+01  9.6198E+00  2.0576E+00
  2.0000E+01  9.6198E+00  2.0576E+00
  2.0000E+01  9.6198E+00  2.0576E+00
  2.0000E+01  9.6198E+00  2.0576E+00
  2.0000E+01  9.6198E+00  2.0576E+00
  2.0000E+01  9.6198E+00  2.0576E+00
  2.0000E+01  9.6198E+00  2.0576E+00
  2.0000E+01  9.6198E+00  2.0576E+00
  2.1000E+01  1.1198E+01  3.6361E+00
  2.1000E+01  1.1198E+01  3.6361E+00
  2.1000E+01  1.1198E+01  3.6361E+00
  2.1000E+01  1.1198E+01  3.6361E+00
  2.1000E+01  1.1198E+01  3.6361E+00
  2.1000E+01  1.1198E+01  3.6361E+00
  2.1000E+01  1.1198E+01  3.6361E+00
  2.1000E+01  1.1198E+01  3.6361E+00
  2.1000E+01  1.1198E+01  3.6361E+00
  2.2000E+01  4.9300E+00 -2.6322E+00
  2.2000E+01  4.9300E+00 -2.6322E+00
  2.2000E+01  4.9300E+00 -2.6322E+00
  2.2000E+01  4.9300E+00 -2.6322E+00
  2.2000E+01  4.9300E+00 -2.6322E+00
  2.2000E+01  4.9300E+00 -2.6322E+00
  2.2000E+01  4.9300E+00 -2.6322E+00
  2.2000E+01  4.9300E+00 -2.6322E+00
  2.2000E+01  4.9300E+00 -2.6322E+00
  2.3000E+01  8.4106E+00  8.4843E-01
  2.3000E+01  8.4106E+00  8.4843E-01
  2.3000E+01  8.4106E+00  8.4843E-01
  2.3000E+01  8.4106E+00  8.4843E-01
  2.3000E+01  8.4106E+00  8.4843E-01
  2.3000E+01  8.4106E+00  8.4843E-01
  2.3000E+01  8.4106E+00  8.4843E-01
  2.3000E+01  8.4106E+00  8.4843E-01
  2.3000E+01  8.4106E+00  8.4843E-01
  2.4000E+01  8.4094E+00  8.4725E-01
  2.4000E+01  8.4094E+00  8.4725E-01
  2.4000E+01  8.4094E+00  8.4725E-01
  2.4000E+01  8.4094E+00  8.4725E-01
  2.4000E+01  8.4094E+00  8.4725E-01
  2.4000E+01  8.4094E+00  8.4725E-01
  2.4000E+01  8.4094E+00  8.4725E-01
  2.4000E+01  8.4094E+00  8.4725E-01
  2.4000E+01  8.4094E+00  8.4725E-01
  2.5000E+01  7.8522E+00  2.8998E-01
  2.5000E+01  7.8522E+00  2.8998E-01
  2.5000E+01  7.8522E+00  2.8998E-01
  2.5000E+01  7.8522E+00  2.8998E-01
  2.5000E+01  7.8522E+00  2.8998E-01
  2.5000E+01  7.8522E+00  2.8998E-01
  2.5000E+01  7.8522E+00  2.8998E-01
  2.5000E+01  7.8522E+00  2.8998E-01
  2.5000E+01  7.8522E+00  2.8998E-01
  2.6000E+01  7.3037E+00 -2.5848E-01
  2.6000E+01  7.3037E+00 -2.5848E-01
  2.6000E+01  7.3037E+00 -2.5848E-01
  2.6000E+01  7.3037E+00 -2.5848E-01
  2.6000E+01  7.3037E+00 -2.5848E-01
  2.6000E+01  7.3037E+00 -2.5848E-01
  2.6000E+01  7.3037E+00 -2.5848E-01
  2.6000E+01  7.3037E+00 -2.5848E-01
  2.6000E+01  7.3037E+00 -2.5848E-01
  2.7000E+01  6.1810E+00 -1.3812E+00
  2.7000E+01  6.1810E+00 -1.3812E+00
  2.7000E+01  6.1810E+00 -1.3812E+00
  2.7000E+01  6.1810E+00 -1.3812E+00
  2.7000E+01  6.1810E+00 -1.3812E+00
  2.7000E+01  6.1810E+00 -1.3812E+00
  2.7000E+01  6.1810E+00 -1.3812E+00
  2.7000E+01  6.1810E+00 -1.3812E+00
  2.7000E+01  6.1810E+00 -1.3812E+00
  2.8000E+01  3.6470E+00 -3.9152E+00
  2.8000E+01  3.6470E+00 -3.9152E+00
  2.8000E+01  3.6470E+00 -3.9152E+00
  2.8000E+01  3.6470E+00 -3.9152E+00
  2.8000E+01  3.6470E+00 -3.9152E+00
  2.8000E+01  3.6470E+00 -3.9152E+00
  2.8000E+01  3.6470E+00 -3.9152E+00
  2.8000E+01  3.6470E+00 -3.9152E+00
  2.8000E+01  3.6470E+00 -3.9152E+00
  2.9000E+01  8.4108E+00  8.4863E-01
  2.9000E+01  8.4108E+00  8.4863E-01
  2.9000E+01  8.4108E+00  8.4863E-01
  2.9000E+01  8.4108E+00  8.4863E-01
  2.9000E+01  8.4108E+00  8.4863E-01
  2.9000E+01  8.4108E+00  8.4863E-01
  2.9000E+01  8.4108E+00  8.4863E-01
  2.9000E+01  8.4108E+00  8.4863E-01
  2.9000E+01  8.4108E+00  8.4863E-01
  3.0000E+01  9.6192E+00  2.0570E+00
  3.0000E+01  9.6192E+00  2.0570E+00
  3.0000E+01  9.6192E+00  2.0570E+00
  3.0000E+01  9.6192E+00  2.0570E+00
  3.0000E+01  9.6192E+00  2.0570E+00
  3.0000E+01  9.6192E+00  2.0570E+00
  3.0000E+01  9.6192E+00  2.0570E+00
  3.0000E+01  9.6192E+00  2.0570E+00
  3.0000E+01  9.6192E+00  2.0570E+00
  3.1000E+01  1.0323E+01  2.7605E+00
  3.1000E+01  1.0323E+01  2.7605E+00
  3.1000E+01  1.0323E+01  2.7605E+00
  3.1000E+01  1.0323E+01  2.7605E+00
  3.1000E+01  1.0323E+01  2.7605E+00
  3.1000E+01  1.0323E+01  2.7605E+00
  3.1000E+01  1.0323E+01  2.7605E+00
  3.1000E+01  1.0323E+01  2.7605E+00
  3.1000E+01  1.0323E+01  2.7605E+00
  3.2000E+01  9.6207E+00  2.0585E+00
  3.2000E+01  9.6207E+00  2.0585E+00
  3.2000E+01  9.6207E+00  2.0585E+00
  3.2000E+01  9.6207E+00  2.0585E+00
  3.2000E+01  9.6207E+00  2.0585E+00
  3.2000E+01  9.6207E+00  2.0585E+00
  3.2000E+01  9.6207E+00  2.0585E+00
  3.2000E+01  9.6207E+00  2.0585E+00
  3.2000E+01  9.6207E+00  2.0585E+00
  3.3000E+01  7.3051E+00 -2.5710E-01
  3.3000E+01  7.3051E+00 -2.5710E-01
  3.3000E+01  7.3051E+00 -2.5710E-01
  3.3000E+01  7.3051E+00 -2.5710E-01
  3.3000E+01  7.3051E+00 -2.5710E-01
  3.3000E+01  7.3051E+00 -2.5710E-01
  3.3000E+01  7.3051E+00 -2.5710E-01
  3.3000E+01  7.3051E+00 -2.5710E-01
  3.3000E+01  7.3051E+00 -2.5710E-01
  3.4000E+01  5.5728E+00 -1.9893E+00
  3.4000E+01  5.5728E+00 -1.9893E+00
  3.4000E+01  5.5728E+00 -1.9893E+00
  3.4000E+01  5.5728E+00 -1.9893E+00
  3.4000E+01  5.5728E+00 -1.9893E+00
  3.4000E+01  5.5728E+00 -1.9893E+00
  3.4000E+01  5.5728E+00 -1.9893E+00
  3.4000E+01  5.5728E+00 -1.9893E+00
  3.4000E+01  5.5728E+00 -1.9893E+00
  3.5000E+01  4.2670E+00 -3.2951E+00
  3.5000E+01  4.2670E+00 -3.2951E+00
  3.5000E+01  4.2670E+00 -3.2951E+00
  3.5000E+01  4.2670E+00 -3.2951E+00
  3.5000E+01  4.2670E+00 -3.2951E+00
  3.5000E+01  4.2670E+00 -3.2951E+00
  3.5000E+01  4.2670E+00 -3.2951E+00
  3.5000E+01  4.2670E+00 -3.2951E+00
  3.5000E+01  4.2670E+00 -3.2951E+00
  3.6000E+01  6.1810E+00 -1.3812E+00
  3.6000E+01  6.1810E+00 -1.3812E+00
  3.6000E+01  6.1810E+00 -1.3812E+00
  3.6000E+01  6.1810E+00 -1.3812E+00
  3.6000E+01  6.1810E+00 -1.3812E+00
  3.6000E+01  6.1810E+00 -1.3812E+00
  3.6000E+01  6.1810E+00 -1.3812E+00
  3.6000E+01  6.1810E+00 -1.3812E+00
  3.6000E+01  6.1810E+00 -1.3812E+00
  3.7000E+01  8.9941E+00  1.4319E+00
  3.7000E+01  8.9941E+00  1.4319E+00
  3.7000E+01  8.9941E+00  1.4319E+00
  3.7000E+01  8.9941E+00  1.4319E+00
  3.7000E+01  8.9941E+00  1.4319E+00
  3.7000E+01  8.9941E+00  1.4319E+00
  3.7000E+01  8.9941E+00  1.4319E+00
  3.7000E+01  8.9941E+00  1.4319E+00
  3.7000E+01  8.9941E+00  1.4319E+00
  3.8000E+01  7.8545E+00  2.9232E-01
  3.8000E+01  7.8545E+00  2.9232E-01
  3.8000E+01  7.8545E+00  2.9232E-01
  3.8000E+01  7.8545E+00  2.9232E-01
  3.8000E+01  7.8545E+00  2.9232E-01
  3.8000E+01  7.8545E+00  2.9232E-01
  3.8000E+01  7.8545E+00  2.9232E-01
  3.8000E+01  7.8545E+00  2.9232E-01
  3.8000E+01  7.8545E+00  2.9232E-01
  3.9000E+01  9.6190E+00  2.0568E+00
  3.9000E+01  9.6190E+00  2.0568E+00
  3.9000E+01  9.6190E+00  2.0568E+00
  3.9000E+01  9.6190E+00  2.0568E+00
  3.9000E+01  9.6190E+00  2.0568E+00
  3.9000E+01  9.6190E+00  2.0568E+00
  3.9000E+01  9.6190E+00  2.0568E+00
  3.9000E+01  9.6190E+00  2.0568E+00
  3.9000E+01  9.6190E+00  2.0568E+00
  4.0000E+01  7.3055E+00 -2.5668E-01
  4.0000E+01  7.3055E+00 -2.5668E-01
  4.0000E+01  7.3055E+00 -2.5668E-01
  4.0000E+01  7.3055E+00 -2.5668E-01
  4.0000E+01  7.3055E+00 -2.5668E-01
  4.0000E+01  7.3055E+00 -2.5668E-01
  4.0000E+01  7.3055E+00 -2.5668E-01
  4.0000E+01  7.3055E+00 -2.5668E-01
  4.0000E+01  7.3055E+00 -2.5668E-01
  4.1000E+01  7.8720E+00  3.0984E-01
  4.1000E+01  7.8720E+00  3.0984E-01
  4.1000E+01  7.8720E+00  3.0984E-01
  4.1000E+01  7.8720E+00  3.0984E-01
  4.1000E+01  7.8720E+00  3.0984E-01
  4.1000E+01  7.8720E+00  3.0984E-01
  4.1000E+01  7.8720E+00  3.0984E-01
  4.1000E+01  7.8720E+00  3.0984E-01
  4.1000E+01  7.8720E+00  3.0984E-01
  4.2000E+01  7.8927E+00  3.3055E-01
  4.2000E+01  7.8927E+00  3.3055E-01
  4.2000E+01  7.8927E+00  3.3055E-01
  4.2000E+01  7.8927E+00  3.3055E-01
  4.2000E+01  7.8927E+00  3.3055E-01
  4.2000E+01  7.8927E+00  3.3055E-01
  4.2000E+01  7.8927E+00  3.3055E-01
  4.2000E+01  7.8927E+00  3.3055E-01
  4.2000E+01  7.8927E+00  3.3055E-01
  4.3000E+01  8.7683E+00  1.2062E+00
  4.3000E+01  8.7683E+00  1.2062E+00
  4.3000E+01  8.7683E+00  1.2062E+00
  4.3000E+01  8.7683E+00  1.2062E+00
  4.3000E+01  8.7683E+00  1.2062E+00
  4.3000E+01  8.7683E+00  1.2062E+00
  4.3000E+01  8.7683E+00  1.2062E+00
  4.3000E+01  8.7683E+00  1.2062E+00
  4.3000E+01  8.7683E+00  1.2062E+00
  4.4000E+01  3.5232E+00 -4.0389E+00
  4.4000E+01  3.5232E+00 -4.0389E+00
  4.4000E+01  3.5232E+00 -4.0389E+00
  4.4000E+01  3.5232E+00 -4.0389E+00
  4.4000E+01  3.5232E+00 -4.0389E+00
  4.4000E+01  3.5232E+00 -4.0389E+00
  4.4000E+01  3.5232E+00 -4.0389E+00
  4.4000E+01  3.5232E+00 -4.0389E+00
  4.4000E+01  3.5232E+00 -4.0389E+00
  4.5000E+01  6.3544E+00 -1.2078E+00
  4.5000E+01  6.3544E+00 -1.2078E+00
  4.5000E+01  6.3544E+00 -1.2078E+00
  4.5000E+01  6.3544E+00 -1.2078E+00
  4.5000E+01  6.3544E+00 -1.2078E+00
  4.5000E+01  6.3544E+00 -1.2078E+00
  4.5000E+01  6.3544E+00 -1.2078E+00
  4.5000E+01  6.3544E+00 -1.2078E+00
  4.5000E+01  6.3544E+00 -1.2078E+00
  4.6000E+01  7.8927E+00  3.3055E-01
  4.6000E+01  7.8927E+00  3.3055E-01
  4.6000E+01  7.8927E+00  3.3055E-01
  4.6000E+01  7.8927E+00  3.3055E-01
  4.6000E+01  7.8927E+00  3.3055E-01
  4.6000E+01  7.8927E+00  3.3055E-01
  4.6000E+01  7.8927E+00  3.3055E-01
  4.6000E+01  7.8927E+00  3.3055E-01
  4.6000E+01  7.8927E+00  3.3055E-01
  4.7000E+01  4.4678E+00 -3.0944E+00
  4.7000E+01  4.4678E+00 -3.0944E+00
  4.7000E+01  4.4678E+00 -3.0944E+00
  4.7000E+01  4.4678E+00 -3.0944E+00
  4.7000E+01  4.4678E+00 -3.0944E+00
  4.7000E+01  4.4678E+00 -3.0944E+00
  4.7000E+01  4.4678E+00 -3.0944E+00
  4.7000E+01  4.4678E+00 -3.0944E+00
  4.7000E+01  4.4678E+00 -3.0944E+00
  4.8000E+01  4.8994E+00 -2.6628E+00
  4.8000E+01  4.8994E+00 -2.6628E+00
  4.8000E+01  4.8994E+00 -2.6628E+00
  4.8000E+01  4.8994E+00 -2.6628E+00
  4.8000E+01  4.8994E+00 -2.6628E+00
  4.8000E+01  4.8994E+00 -2.6628E+00
  4.8000E+01  4.8994E+00 -2.6628E+00
  4.8000E+01  4.8994E+00 -2.6628E+00
  4.8000E+01  4.8994E+00 -2.6628E+00
  4.9000E+01  6.3570E+00 -1.2051E+00
  4.9000E+01  6.3570E+00 -1.2051E+00
  4.9000E+01  6.3570E+00 -1.2051E+00
  4.9000E+01  6.3570E+00 -1.2051E+00
  4.9000E+01  6.3570E+00 -1.2051E+00
  4.9000E+01  6.3570E+00 -1.2051E+00
  4.9000E+01  6.3570E+00 -1.2051E+00
  4.9000E+01  6.3570E+00 -1.2051E+00
  4.9000E+01  6.3570E+00 -1.2051E+00
  5.0000E+01  4.8988E+00 -2.6634E+00
  5.0000E+01  4.8988E+00 -2.6634E+00
  5.0000E+01  4.8988E+00 -2.6634E+00
  5.0000E+01  4.8988E+00 -2.6634E+00
  5.0000E+01  4.8988E+00 -2.6634E+00
  5.0000E+01  4.8988E+00 -2.6634E+00
  5.0000E+01  4.8988E+00 -2.6634E+00
  5.0000E+01  4.8988E+00 -2.6634E+00
  5.0000E+01  4.8988E+00 -2.6634E+00
  5.1000E+01  9.4763E+00  1.9141E+00
  5.1000E+01  9.4763E+00  1.9141E+00
  5.1000E+01  9.4763E+00  1.9141E+00
  5.1000E+01  9.4763E+00  1.9141E+00
  5.1000E+01  9.4763E+00  1.9141E+00
  5.1000E+01  9.4763E+00  1.9141E+00
  5.1000E+01  9.4763E+00  1.9141E+00
  5.1000E+01  9.4763E+00  1.9141E+00
  5.1000E+01  9.4763E+00  1.9141E+00
  5.2000E+01  7.8927E+00  3.3055E-01
  5.2000E+01  7.8927E+00  3.3055E-01
  5.2000E+01  7.8927E+00  3.3055E-01
  5.2000E+01  7.8927E+00  3.3055E-01
  5.2000E+01  7.8927E+00  3.3055E-01
  5.2000E+01  7.8927E+00  3.3055E-01
  5.2000E+01  7.8927E+00  3.3055E-01
  5.2000E+01  7.8927E+00  3.3055E-01
  5.2000E+01  7.8927E+00  3.3055E-01
  5.3000E+01  8.7642E+00  1.2020E+00
  5.3000E+01  8.7642E+00  1.2020E+00
  5.3000E+01  8.7642E+00  1.2020E+00
  5.3000E+01  8.7642E+00  1.2020E+00
  5.3000E+01  8.7642E+00  1.2020E+00
  5.3000E+01  8.7642E+00  1.2020E+00
  5.3000E+01  8.7642E+00  1.2020E+00
  5.3000E+01  8.7642E+00  1.2020E+00
  5.3000E+01  8.7642E+00  1.2020E+00
  5.4000E+01  7.0430E+00 -5.1915E-01
  5.4000E+01  7.0430E+00 -5.1915E-01
  5.4000E+01  7.0430E+00 -5.1915E-01
  5.4000E+01  7.0430E+00 -5.1915E-01
  5.4000E+01  7.0430E+00 -5.1915E-01
  5.4000E+01  7.0430E+00 -5.1915E-01
  5.4000E+01  7.0430E+00 -5.1915E-01
  5.4000E+01  7.0430E+00 -5.1915E-01
  5.4000E+01  7.0430E+00 -5.1915E-01
  5.5000E+01  8.7683E+00  1.2062E+00
  5.5000E+01  8.7683E+00  1.2062E+00
  5.5000E+01  8.7683E+00  1.2062E+00
  5.5000E+01  8.7683E+00  1.2062E+00
  5.5000E+01  8.7683E+00  1.2062E+00
  5.5000E+01  8.7683E+00  1.2062E+00
  5.5000E+01  8.7683E+00  1.2062E+00
  5.5000E+01  8.7683E+00  1.2062E+00
  5.5000E+01  8.7683E+00  1.2062E+00
  5.6000E+01  7.8927E+00  3.3055E-01
  5.6000E+01  7.8927E+00  3.3055E-01
  5.6000E+01  7.8927E+00  3.3055E-01
  5.6000E+01  7.8927E+00  3.3055E-01
  5.6000E+01  7.8927E+00  3.3055E-01
  5.6000E+01  7.8927E+00  3.3055E-01
  5.6000E+01  7.8927E+00  3.3055E-01
  5.6000E+01  7.8927E+00  3.3055E-01
  5.6000E+01  7.8927E+00  3.3055E-01
  5.7000E+01  7.8927E+00  3.3055E-01
  5.7000E+01  7.8927E+00  3.3055E-01
  5.7000E+01  7.8927E+00  3.3055E-01
  5.7000E+01  7.8927E+00  3.3055E-01
  5.7000E+01  7.8927E+00  3.3055E-01
  5.7000E+01  7.8927E+00  3.3055E-01
  5.7000E+01  7.8927E+00  3.3055E-01
  5.7000E+01  7.8927E+00  3.3055E-01
  5.7000E+01  7.8927E+00  3.3055E-01
  5.8000E+01  5.3331E+00 -2.2291E+00
  5.8000E+01  5.3331E+00 -2.2291E+00
  5.8000E+01  5.3331E+00 -2.2291E+00
  5.8000E+01  5.3331E+00 -2.2291E+00
  5.8000E+01  5.3331E+00 -2.2291E+00
  5.8000E+01  5.3331E+00 -2.2291E+00
  5.8000E+01  5.3331E+00 -2.2291E+00
  5.8000E+01  5.3331E+00 -2.2291E+00
  5.8000E+01  5.3331E+00 -2.2291E+00
  5.9000E+01  5.3351E+00 -2.2271E+00
  5.9000E+01  5.3351E+00 -2.2271E+00
  5.9000E+01  5.3351E+00 -2.2271E+00
  5.9000E+01  5.3351E+00 -2.2271E+00
  5.9000E+01  5.3351E+00 -2.2271E+00
  5.9000E+01  5.3351E+00 -2.2271E+00
  5.9000E+01  5.3351E+00 -2.2271E+00
  5.9000E+01  5.3351E+00 -2.2271E+00
  5.9000E+01  5.3351E+00 -2.2271E+00
  6.0000E+01  6.3514E+00 -1.2108E+00
  6.0000E+01  6.3514E+00 -1.2108E+00
  6.0000E+01  6.3514E+00 -1.2108E+00
  6.0000E+01  6.3514E+00 -1.2108E+00
  6.0000E+01  6.3514E+00 -1.2108E+00
  6.0000E+01  6.3514E+00 -1.2108E+00
  6.0000E+01  6.3514E+00 -1.2108E+00
  6.0000E+01  6.3514E+00 -1.2108E+00
  6.0000E+01  6.3514E+00 -1.2108E+00
  6.1000E+01  7.9079E+00  3.4575E-01
  6.1000E+01  7.9079E+00  3.4575E-01
  6.1000E+01  7.9079E+00  3.4575E-01
  6.1000E+01  7.9079E+00  3.4575E-01
  6.1000E+01  7.9079E+00  3.4575E-01
  6.1000E+01  7.9079E+00  3.4575E-01
  6.1000E+01  7.9079E+00  3.4575E-01
  6.1000E+01  7.9079E+00  3.4575E-01
  6.1000E+01  7.9079E+00  3.4575E-01
  6.2000E+01  1.0982E+01  3.4199E+00
  6.2000E+01  1.0982E+01  3.4199E+00
  6.2000E+01  1.0982E+01  3.4199E+00
  6.2000E+01  1.0982E+01  3.4199E+00
  6.2000E+01  1.0982E+01  3.4199E+00
  6.2000E+01  1.0982E+01  3.4199E+00
  6.2000E+01  1.0982E+01  3.4199E+00
  6.2000E+01  1.0982E+01  3.4199E+00
  6.2000E+01  1.0982E+01  3.4199E+00
  6.3000E+01  6.3545E+00 -1.2077E+00
  6.3000E+01  6.3545E+00 -1.2077E+00
  6.3000E+01  6.3545E+00 -1.2077E+00
  6.3000E+01  6.3545E+00 -1.2077E+00
  6.3000E+01  6.3545E+00 -1.2077E+00
  6.3000E+01  6.3545E+00 -1.2077E+00
  6.3000E+01  6.3545E+00 -1.2077E+00
  6.3000E+01  6.3545E+00 -1.2077E+00
  6.3000E+01  6.3545E+00 -1.2077E+00
  6.4000E+01  8.7716E+00  1.2094E+00
  6.4000E+01  8.7716E+00  1.2094E+00
  6.4000E+01  8.7716E+00  1.2094E+00
  6.4000E+01  8.7716E+00  1.2094E+00
  6.4000E+01  8.7716E+00  1.2094E+00
  6.4000E+01  8.7716E+00  1.2094E+00
  6.4000E+01  8.7716E+00  1.2094E+00
  6.4000E+01  8.7716E+00  1.2094E+00
  6.4000E+01  8.7716E+00  1.2094E+00
  6.5000E+01  4.9005E+00 -2.6617E+00
  6.5000E+01  4.9005E+00 -2.6617E+00
  6.5000E+01  4.9005E+00 -2.6617E+00
  6.5000E+01  4.9005E+00 -2.6617E+00
  6.5000E+01  4.9005E+00 -2.6617E+00
  6.5000E+01  4.9005E+00 -2.6617E+00
  6.5000E+01  4.9005E+00 -2.6617E+00
  6.5000E+01  4.9005E+00 -2.6617E+00
  6.5000E+01  4.9005E+00 -2.6617E+00
  6.6000E+01  9.4754E+00  1.9132E+00
  6.6000E+01  9.4754E+00  1.9132E+00
  6.6000E+01  9.4754E+00  1.9132E+00
  6.6000E+01  9.4754E+00  1.9132E+00
  6.6000E+01  9.4754E+00  1.9132E+00
  6.6000E+01  9.4754E+00  1.9132E+00
  6.6000E+01  9.4754E+00  1.9132E+00
  6.6000E+01  9.4754E+00  1.9132E+00
  6.6000E+01  9.4754E+00  1.9132E+00
  6.7000E+01  5.3368E+00 -2.2254E+00
  6.7000E+01  5.3368E+00 -2.2254E+00
  6.7000E+01  5.3368E+00 -2.2254E+00
  6.7000E+01  5.3368E+00 -2.2254E+00
  6.7000E+01  5.3368E+00 -2.2254E+00
  6.7000E+01  5.3368E+00 -2.2254E+00
  6.7000E+01  5.3368E+00 -2.2254E+00
  6.7000E+01  5.3368E+00 -2.2254E+00
  6.7000E+01  5.3368E+00 -2.2254E+00
  6.8000E+01  7.0388E+00 -5.2336E-01
  6.8000E+01  7.0388E+00 -5.2336E-01
  6.8000E+01  7.0388E+00 -5.2336E-01
  6.8000E+01  7.0388E+00 -5.2336E-01
  6.8000E+01  7.0388E+00 -5.2336E-01
  6.8000E+01  7.0388E+00 -5.2336E-01
  6.8000E+01  7.0388E+00 -5.2336E-01
  6.8000E+01  7.0388E+00 -5.2336E-01
  6.8000E+01  7.0388E+00 -5.2336E-01
  6.9000E+01  1.0039E+01  2.4772E+00
  6.9000E+01  1.0039E+01  2.4772E+00
  6.9000E+01  1.0039E+01  2.4772E+00
  6.9000E+01  1.0039E+01  2.4772E+00
  6.9000E+01  1.0039E+01  2.4772E+00
  6.9000E+01  1.0039E+01  2.4772E+00
  6.9000E+01  1.0039E+01  2.4772E+00
  6.9000E+01  1.0039E+01  2.4772E+00
  6.9000E+01  1.0039E+01  2.4772E+00
  7.0000E+01  7.8927E+00  3.3055E-01
  7.0000E+01  7.8927E+00  3.3055E-01
  7.0000E+01  7.8927E+00  3.3055E-01
  7.0000E+01  7.8927E+00  3.3055E-01
  7.0000E+01  7.8927E+00  3.3055E-01
  7.0000E+01  7.8927E+00  3.3055E-01
  7.0000E+01  7.8927E+00  3.3055E-01
  7.0000E+01  7.8927E+00  3.3055E-01
  7.0000E+01  7.8927E+00  3.3055E-01
  7.1000E+01  9.4739E+00  1.9117E+00
  7.1000E+01  9.4739E+00  1.9117E+00
  7.1000E+01  9.4739E+00  1.9117E+00
  7.1000E+01  9.4739E+00  1.9117E+00
  7.1000E+01  9.4739E+00  1.9117E+00
  7.1000E+01  9.4739E+00  1.9117E+00
  7.1000E+01  9.4739E+00  1.9117E+00
  7.1000E+01  9.4739E+00  1.9117E+00
  7.1000E+01  9.4739E+00  1.9117E+00
  7.2000E+01  5.3340E+00 -2.2282E+00
  7.2000E+01  5.3340E+00 -2.2282E+00
  7.2000E+01  5.3340E+00 -2.2282E+00
  7.2000E+01  5.3340E+00 -2.2282E+00
  7.2000E+01  5.3340E+00 -2.2282E+00
  7.2000E+01  5.3340E+00 -2.2282E+00
  7.2000E+01  5.3340E+00 -2.2282E+00
  7.2000E+01  5.3340E+00 -2.2282E+00
  7.2000E+01  5.3340E+00 -2.2282E+00
  7.3000E+01  7.8927E+00  3.3055E-01
  7.3000E+01  7.8927E+00  3.3055E-01
  7.3000E+01  7.8927E+00  3.3055E-01
  7.3000E+01  7.8927E+00  3.3055E-01
  7.3000E+01  7.8927E+00  3.3055E-01
  7.3000E+01  7.8927E+00  3.3055E-01
  7.3000E+01  7.8927E+00  3.3055E-01
  7.3000E+01  7.8927E+00  3.3055E-01
  7.3000E+01  7.8927E+00  3.3055E-01
  7.4000E+01  7.8408E+00  2.7865E-01
  7.4000E+01  7.8408E+00  2.7865E-01
  7.4000E+01  7.8408E+00  2.7865E-01
  7.4000E+01  7.8408E+00  2.7865E-01
  7.4000E+01  7.8408E+00  2.7865E-01
  7.4000E+01  7.8408E+00  2.7865E-01
  7.4000E+01  7.8408E+00  2.7865E-01
  7.4000E+01  7.8408E+00  2.7865E-01
  7.4000E+01  7.8408E+00  2.7865E-01
  7.5000E+01  1.0040E+01  2.4776E+00
  7.5000E+01  1.0040E+01  2.4776E+00
  7.5000E+01  1.0040E+01  2.4776E+00
  7.5000E+01  1.0040E+01  2.4776E+00
  7.5000E+01  1.0040E+01  2.4776E+00
  7.5000E+01  1.0040E+01  2.4776E+00
  7.5000E+01  1.0040E+01  2.4776E+00
  7.5000E+01  1.0040E+01  2.4776E+00
  7.5000E+01  1.0040E+01  2.4776E+00
  7.6000E+01  8.7716E+00  1.2094E+00
  7.6000E+01  8.7716E+00  1.2094E+00
  7.6000E+01  8.7716E+00  1.2094E+00
  7.6000E+01  8.7716E+00  1.2094E+00
  7.6000E+01  8.7716E+00  1.2094E+00
  7.6000E+01  8.7716E+00  1.2094E+00
  7.6000E+01  8.7716E+00  1.2094E+00
  7.6000E+01  8.7716E+00  1.2094E+00
  7.6000E+01  8.7716E+00  1.2094E+00
  7.7000E+01  7.0293E+00 -5.3291E-01
  7.7000E+01  7.0293E+00 -5.3291E-01
  7.7000E+01  7.0293E+00 -5.3291E-01
  7.7000E+01  7.0293E+00 -5.3291E-01
  7.7000E+01  7.0293E+00 -5.3291E-01
  7.7000E+01  7.0293E+00 -5.3291E-01
  7.7000E+01  7.0293E+00 -5.3291E-01
  7.7000E+01  7.0293E+00 -5.3291E-01
  7.7000E+01  7.0293E+00 -5.3291E-01
  7.8000E+01  3.5237E+00 -4.0385E+00
  7.8000E+01  3.5237E+00 -4.0385E+00
  7.8000E+01  3.5237E+00 -4.0385E+00
  7.8000E+01  3.5237E+00 -4.0385E+00
  7.8000E+01  3.5237E+00 -4.0385E+00
  7.8000E+01  3.5237E+00 -4.0385E+00
  7.8000E+01  3.5237E+00 -4.0385E+00
  7.8000E+01  3.5237E+00 -4.0385E+00
  7.8000E+01  3.5237E+00 -4.0385E+00
  7.9000E+01  5.3320E+00 -2.2302E+00
  7.9000E+01  5.3320E+00 -2.2302E+00
  7.9000E+01  5.3320E+00 -2.2302E+00
  7.9000E+01  5.3320E+00 -2.2302E+00
  7.9000E+01  5.3320E+00 -2.2302E+00
  7.9000E+01  5.3320E+00 -2.2302E+00
  7.9000E+01  5.3320E+00 -2.2302E+00
  7.9000E+01  5.3320E+00 -2.2302E+00
  7.9000E+01  5.3320E+00 -2.2302E+00
  8.0000E+01  1.0037E+01  2.4751E+00
  8.0000E+01  1.0037E+01  2.4751E+00
  8.0000E+01  1.0037E+01  2.4751E+00
  8.0000E+01  1.0037E+01  2.4751E+00
  8.0000E+01  1.0037E+01  2.4751E+00
  8.0000E+01  1.0037E+01  2.4751E+00
  8.0000E+01  1.0037E+01  2.4751E+00
  8.0000E+01  1.0037E+01  2.4751E+00
  8.0000E+01  1.0037E+01  2.4751E+00
  8.1000E+01  5.8303E+00 -1.7319E+00
  8.1000E+01  5.8303E+00 -1.7319E+00
  8.1000E+01  5.8303E+00 -1.7319E+00
  8.1000E+01  5.8303E+00 -1.7319E+00
  8.1000E+01  5.8303E+00 -1.7319E+00
  8.1000E+01  5.8303E+00 -1.7319E+00
  8.1000E+01  5.8303E+00 -1.7319E+00
  8.1000E+01  5.8303E+00 -1.7319E+00
  8.1000E+01  5.8303E+00 -1.7319E+00
  8.2000E+01  9.6119E+00  2.0498E+00
  8.2000E+01  9.6119E+00  2.0498E+00
  8.2000E+01  9.6119E+00  2.0498E+00
  8.2000E+01  9.6119E+00  2.0498E+00
  8.2000E+01  9.6119E+00  2.0498E+00
  8.2000E+01  9.6119E+00  2.0498E+00
  8.2000E+01  9.6119E+00  2.0498E+00
  8.2000E+01  9.6119E+00  2.0498E+00
  8.2000E+01  9.6119E+00  2.0498E+00
  8.3000E+01  4.4453E+00 -3.1169E+00
  8.3000E+01  4.4453E+00 -3.1169E+00
  8.3000E+01  4.4453E+00 -3.1169E+00
  8.3000E+01  4.4453E+00 -3.1169E+00
  8.3000E+01  4.4453E+00 -3.1169E+00
  8.3000E+01  4.4453E+00 -3.1169E+00
  8.3000E+01  4.4453E+00 -3.1169E+00
  8.3000E+01  4.4453E+00 -3.1169E+00
  8.3000E+01  4.4453E+00 -3.1169E+00
  8.4000E+01  7.8119E+00  2.4968E-01
  8.4000E+01  7.8119E+00  2.4968E-01
  8.4000E+01  7.8119E+00  2.4968E-01
  8.4000E+01  7.8119E+00  2.4968E-01
  8.4000E+01  7.8119E+00  2.4968E-01
  8.4000E+01  7.8119E+00  2.4968E-01
  8.4000E+01  7.8119E+00  2.4968E-01
  8.4000E+01  7.8119E+00  2.4968E-01
  8.4000E+01  7.8119E+00  2.4968E-01
  8.5000E+01  6.6798E+00 -8.8241E-01
  8.5000E+01  6.6798E+00 -8.8241E-01
  8.5000E+01  6.6798E+00 -8.8241E-01
  8.5000E+01  6.6798E+00 -8.8241E-01
  8.5000E+01  6.6798E+00 -8.8241E-01
  8.5000E+01  6.6798E+00 -8.8241E-01
  8.5000E+01  6.6798E+00 -8.8241E-01
  8.5000E+01  6.6798E+00 -8.8241E-01
  8.5000E+01  6.6798E+00 -8.8241E-01
  8.6000E+01  6.6779E+00 -8.8425E-01
  8.6000E+01  6.6779E+00 -8.8425E-01
  8.6000E+01  6.6779E+00 -8.8425E-01
  8.6000E+01  6.6779E+00 -8.8425E-01
  8.6000E+01  6.6779E+00 -8.8425E-01
  8.6000E+01  6.6779E+00 -8.8425E-01
  8.6000E+01  6.6779E+00 -8.8425E-01
  8.6000E+01  6.6779E+00 -8.8425E-01
  8.6000E+01  6.6779E+00 -8.8425E-01
  8.7000E+01  7.1751E+00 -3.8708E-01
  8.7000E+01  7.1751E+00 -3.8708E-01
  8.7000E+01  7.1751E+00 -3.8708E-01
  8.7000E+01  7.1751E+00 -3.8708E-01
  8.7000E+01  7.1751E+00 -3.8708E-01
  8.7000E+01  7.1751E+00 -3.8708E-01
  8.7000E+01  7.1751E+00 -3.8708E-01
  8.7000E+01  7.1751E+00 -3.8708E-01
  8.7000E+01  7.1751E+00 -3.8708E-01
  8.8000E+01  6.6786E+00 -8.8353E-01
  8.8000E+01  6.6786E+00 -8.8353E-01
  8.8000E+01  6.6786E+00 -8.8353E-01
  8.8000E+01  6.6786E+00 -8.8353E-01
  8.8000E+01  6.6786E+00 -8.8353E-01
  8.8000E+01  6.6786E+00 -8.8353E-01
  8.8000E+01  6.6786E+00 -8.8353E-01
  8.8000E+01  6.6786E+00 -8.8353E-01
  8.8000E+01  6.6786E+00 -8.8353E-01
  8.9000E+01  7.7967E+00  2.3449E-01
  8.9000E+01  7.7967E+00  2.3449E-01
  8.9000E+01  7.7967E+00  2.3449E-01
  8.9000E+01  7.7967E+00  2.3449E-01
  8.9000E+01  7.7967E+00  2.3449E-01
  8.9000E+01  7.7967E+00  2.3449E-01
  8.9000E+01  7.7967E+00  2.3449E-01
  8.9000E+01  7.7967E+00  2.3449E-01
  8.9000E+01  7.7967E+00  2.3449E-01
  9.0000E+01  8.6419E+00  1.0797E+00
  9.0000E+01  8.6419E+00  1.0797E+00
  9.0000E+01  8.6419E+00  1.0797E+00
  9.0000E+01  8.6419E+00  1.0797E+00
  9.0000E+01  8.6419E+00  1.0797E+00
  9.0000E+01  8.6419E+00  1.0797E+00
  9.0000E+01  8.6419E+00  1.0797E+00
  9.0000E+01  8.6419E+00  1.0797E+00
  9.0000E+01  8.6419E+00  1.0797E+00
  9.1000E+01  9.6660E+00  2.1038E+00
  9.1000E+01  9.6660E+00  2.1038E+00
  9.1000E+01  9.6660E+00  2.1038E+00
  9.1000E+01  9.6660E+00  2.1038E+00
  9.1000E+01  9.6660E+00  2.1038E+00
  9.1000E+01  9.6660E+00  2.1038E+00
  9.1000E+01  9.6660E+00  2.1038E+00
  9.1000E+01  9.6660E+00  2.1038E+00
  9.1000E+01  9.6660E+00  2.1038E+00
  9.2000E+01  5.4146E+00 -2.1476E+00
  9.2000E+01  5.4146E+00 -2.1476E+00
  9.2000E+01  5.4146E+00 -2.1476E+00
  9.2000E+01  5.4146E+00 -2.1476E+00
  9.2000E+01  5.4146E+00 -2.1476E+00
  9.2000E+01  5.4146E+00 -2.1476E+00
  9.2000E+01  5.4146E+00 -2.1476E+00
  9.2000E+01  5.4146E+00 -2.1476E+00
  9.2000E+01  5.4146E+00 -2.1476E+00
  9.3000E+01  8.6419E+00  1.0797E+00
  9.3000E+01  8.6419E+00  1.0797E+00
  9.3000E+01  8.6419E+00  1.0797E+00
  9.3000E+01  8.6419E+00  1.0797E+00
  9.3000E+01  8.6419E+00  1.0797E+00
  9.3000E+01  8.6419E+00  1.0797E+00
  9.3000E+01  8.6419E+00  1.0797E+00
  9.3000E+01  8.6419E+00  1.0797E+00
  9.3000E+01  8.6419E+00  1.0797E+00
  9.4000E+01  6.6796E+00 -8.8256E-01
  9.4000E+01  6.6796E+00 -8.8256E-01
  9.4000E+01  6.6796E+00 -8.8256E-01
  9.4000E+01  6.6796E+00 -8.8256E-01
  9.4000E+01  6.6796E+00 -8.8256E-01
  9.4000E+01  6.6796E+00 -8.8256E-01
  9.4000E+01  6.6796E+00 -8.8256E-01
  9.4000E+01  6.6796E+00 -8.8256E-01
  9.4000E+01  6.6796E+00 -8.8256E-01
  9.5000E+01  9.5960E+00  2.0339E+00
  9.5000E+01  9.5960E+00  2.0339E+00
  9.5000E+01  9.5960E+00  2.0339E+00
  9.5000E+01  9.5960E+00  2.0339E+00
  9.5000E+01  9.5960E+00  2.0339E+00
  9.5000E+01  9.5960E+00  2.0339E+00
  9.5000E+01  9.5960E+00  2.0339E+00
  9.5000E+01  9.5960E+00  2.0339E+00
  9.5000E+01  9.5960E+00  2.0339E+00
  9.6000E+01  7.8096E+00  2.4746E-01
  9.6000E+01  7.8096E+00  2.4746E-01
  9.6000E+01  7.8096E+00  2.4746E-01
  9.6000E+01  7.8096E+00  2.4746E-01
  9.6000E+01  7.8096E+00  2.4746E-01
  9.6000E+01  7.8096E+00  2.4746E-01
  9.6000E+01  7.8096E+00  2.4746E-01
  9.6000E+01  7.8096E+00  2.4746E-01
  9.6000E+01  7.8096E+00  2.4746E-01
  9.7000E+01  8.6419E+00  1.0797E+00
  9.7000E+01  8.6419E+00  1.0797E+00
  9.7000E+01  8.6419E+00  1.0797E+00
  9.7000E+01  8.6419E+00  1.0797E+00
  9.7000E+01  8.6419E+00  1.0797E+00
  9.7000E+01  8.6419E+00  1.0797E+00
  9.7000E+01  8.6419E+00  1.0797E+00
  9.7000E+01  8.6419E+00  1.0797E+00
  9.7000E+01  8.6419E+00  1.0797E+00
  9.8000E+01  8.6419E+00  1.0797E+00
  9.8000E+01  8.6419E+00  1.0797E+00
  9.8000E+01  8.6419E+00  1.0797E+00
  9.8000E+01  8.6419E+00  1.0797E+00
  9.8000E+01  8.6419E+00  1.0797E+00
  9.8000E+01  8.6419E+00  1.0797E+00
  9.8000E+01  8.6419E+00  1.0797E+00
  9.8000E+01  8.6419E+00  1.0797E+00
  9.8000E+01  8.6419E+00  1.0797E+00
  9.9000E+01  8.6419E+00  1.0797E+00
  9.9000E+01  8.6419E+00  1.0797E+00
  9.9000E+01  8.6419E+00  1.0797E+00
  9.9000E+01  8.6419E+00  1.0797E+00
  9.9000E+01  8.6419E+00  1.0797E+00
  9.9000E+01  8.6419E+00  1.0797E+00
  9.9000E+01  8.6419E+00  1.0797E+00
  9.9000E+01  8.6419E+00  1.0797E+00
  9.9000E+01  8.6419E+00  1.0797E+00
  1.0000E+02  7.8042E+00  2.4207E-01
  1.0000E+02  7.8042E+00  2.4207E-01
  1.0000E+02  7.8042E+00  2.4207E-01
  1.0000E+02  7.8042E+00  2.4207E-01
  1.0000E+02  7.8042E+00  2.4207E-01
  1.0000E+02  7.8042E+00  2.4207E-01
  1.0000E+02  7.8042E+00  2.4207E-01
  1.0000E+02  7.8042E+00  2.4207E-01
  1.0000E+02  7.8042E+00  2.4207E-01
  1.0100E+02  8.6419E+00  1.0797E+00
  1.0100E+02  8.6419E+00  1.0797E+00
  1.0100E+02  8.6419E+00  1.0797E+00
  1.0100E+02  8.6419E+00  1.0797E+00
  1.0100E+02  8.6419E+00  1.0797E+00
  1.0100E+02  8.6419E+00  1.0797E+00
  1.0100E+02  8.6419E+00  1.0797E+00
  1.0100E+02  8.6419E+00  1.0797E+00
  1.0100E+02  8.6419E+00  1.0797E+00
  1.0200E+02  7.1819E+00 -3.8024E-01
  1.0200E+02  7.1819E+00 -3.8024E-01
  1.0200E+02  7.1819E+00 -3.8024E-01
  1.0200E+02  7.1819E+00 -3.8024E-01
  1.0200E+02  7.1819E+00 -3.8024E-01
  1.0200E+02  7.1819E+00 -3.8024E-01
  1.0200E+02  7.1819E+00 -3.8024E-01
  1.0200E+02  7.1819E+00 -3.8024E-01
  1.0200E+02  7.1819E+00 -3.8024E-01
  1.0300E+02  8.6006E+00  1.0385E+00
  1.0300E+02  8.6006E+00  1.0385E+00
  1.0300E+02  8.6006E+00  1.0385E+00
  1.0300E+02  8.6006E+00  1.0385E+00
  1.0300E+02  8.6006E+00  1.0385E+00
  1.0300E+02  8.6006E+00  1.0385E+00
  1.0300E+02  8.6006E+00  1.0385E+00
  1.0300E+02  8.6006E+00  1.0385E+00
  1.0300E+02  8.6006E+00  1.0385E+00
  1.0400E+02  9.6119E+00  2.0498E+00
  1.0400E+02  9.6119E+00  2.0498E+00
  1.0400E+02  9.6119E+00  2.0498E+00
  1.0400E+02  9.6119E+00  2.0498E+00
  1.0400E+02  9.6119E+00  2.0498E+00
  1.0400E+02  9.6119E+00  2.0498E+00
  1.0400E+02  9.6119E+00  2.0498E+00
  1.0400E+02  9.6119E+00  2.0498E+00
  1.0400E+02  9.6119E+00  2.0498E+00
  1.0500E+02  7.7507E+00  1.8856E-01
  1.0500E+02  7.7507E+00  1.8856E-01
  1.0500E+02  7.7507E+00  1.8856E-01
  1.0500E+02  7.7507E+00  1.8856E-01
  1.0500E+02  7.7507E+00  1.8856E-01
  1.0500E+02  7.7507E+00  1.8856E-01
  1.0500E+02  7.7507E+00  1.8856E-01
  1.0500E+02  7.7507E+00  1.8856E-01
  1.0500E+02  7.7507E+00  1.8856E-01
  1.0600E+02  1.0420E+01  2.8577E+00
  1.0600E+02  1.0420E+01  2.8577E+00
  1.0600E+02  1.0420E+01  2.8577E+00
  1.0600E+02  1.0420E+01  2.8577E+00
  1.0600E+02  1.0420E+01  2.8577E+00
  1.0600E+02  1.0420E+01  2.8577E+00
  1.0600E+02  1.0420E+01  2.8577E+00
  1.0600E+02  1.0420E+01  2.8577E+00
  1.0600E+02  1.0420E+01  2.8577E+00
  1.0700E+02  7.8042E+00  2.4207E-01
  1.0700E+02  7.8042E+00  2.4207E-01
  1.0700E+02  7.8042E+00  2.4207E-01
  1.0700E+02  7.8042E+00  2.4207E-01
  1.0700E+02  7.8042E+00  2.4207E-01
  1.0700E+02  7.8042E+00  2.4207E-01
  1.0700E+02  7.8042E+00  2.4207E-01
  1.0700E+02  7.8042E+00  2.4207E-01
  1.0700E+02  7.8042E+00  2.4207E-01
  1.0800E+02  8.6419E+00  1.0797E+00
  1.0800E+02  8.6419E+00  1.0797E+00
  1.0800E+02  8.6419E+00  1.0797E+00
  1.0800E+02  8.6419E+00  1.0797E+00
  1.0800E+02  8.6419E+00  1.0797E+00
  1.0800E+02  8.6419E+00  1.0797E+00
  1.0800E+02  8.6419E+00  1.0797E+00
  1.0800E+02  8.6419E+00  1.0797E+00
  1.0800E+02  8.6419E+00  1.0797E+00
  1.0900E+02  8.5683E+00  1.0061E+00
  1.0900E+02  8.5683E+00  1.0061E+00
  1.0900E+02  8.5683E+00  1.0061E+00
  1.0900E+02  8.5683E+00  1.0061E+00
  1.0900E+02  8.5683E+00  1.0061E+00
  1.0900E+02  8.5683E+00  1.0061E+00
  1.0900E+02  8.5683E+00  1.0061E+00
  1.0900E+02  8.5683E+00  1.0061E+00
  1.0900E+02  8.5683E+00  1.0061E+00
  1.1000E+02  7.8028E+00  2.4063E-01
  1.1000E+02  7.8028E+00  2.4063E-01
  1.1000E+02  7.8028E+00  2.4063E-01
  1.1000E+02  7.8028E+00  2.4063E-01
  1.1000E+02  7.8028E+00  2.4063E-01
  1.1000E+02  7.8028E+00  2.4063E-01
  1.1000E+02  7.8028E+00  2.4063E-01
  1.1000E+02  7.8028E+00  2.4063E-01
  1.1000E+02  7.8028E+00  2.4063E-01
  1.1100E+02  8.6419E+00  1.0797E+00
  1.1100E+02  8.6419E+00  1.0797E+00
  1.1100E+02  8.6419E+00  1.0797E+00
  1.1100E+02  8.6419E+00  1.0797E+00
  1.1100E+02  8.6419E+00  1.0797E+00
  1.1100E+02  8.6419E+00  1.0797E+00
  1.1100E+02  8.6419E+00  1.0797E+00
  1.1100E+02  8.6419E+00  1.0797E+00
  1.1100E+02  8.6419E+00  1.0797E+00
  1.1200E+02  6.2413E+00 -1.3209E+00
  1.1200E+02  6.2413E+00 -1.3209E+00
  1.1200E+02  6.2413E+00 -1.3209E+00
  1.1200E+02  6.2413E+00 -1.3209E+00
  1.1200E+02  6.2413E+00 -1.3209E+00
  1.1200E+02  6.2413E+00 -1.3209E+00
  1.1200E+02  6.2413E+00 -1.3209E+00
  1.1200E+02  6.2413E+00 -1.3209E+00
  1.1200E+02  6.2413E+00 -1.3209E+00
  1.1300E+02  8.6436E+00  1.0814E+00
  1.1300E+02  8.6436E+00  1.0814E+00
  1.1300E+02  8.6436E+00  1.0814E+00
  1.1300E+02  8.6436E+00  1.0814E+00
  1.1300E+02  8.6436E+00  1.0814E+00
  1.1300E+02  8.6436E+00  1.0814E+00
  1.1300E+02  8.6436E+00  1.0814E+00
  1.1300E+02  8.6436E+00  1.0814E+00
  1.1300E+02  8.6436E+00  1.0814E+00
  1.1400E+02  8.6419E+00  1.0797E+00
  1.1400E+02  8.6419E+00  1.0797E+00
  1.1400E+02  8.6419E+00  1.0797E+00
  1.1400E+02  8.6419E+00  1.0797E+00
  1.1400E+02  8.6419E+00  1.0797E+00
  1.1400E+02  8.6419E+00  1.0797E+00
  1.1400E+02  8.6419E+00  1.0797E+00
  1.1400E+02  8.6419E+00  1.0797E+00
  1.1400E+02  8.6419E+00  1.0797E+00
  1.1500E+02  7.7967E+00  2.3449E-01
  1.1500E+02  7.7967E+00  2.3449E-01
  1.1500E+02  7.7967E+00  2.3449E-01
  1.1500E+02  7.7967E+00  2.3449E-01
  1.1500E+02  7.7967E+00  2.3449E-01
  1.1500E+02  7.7967E+00  2.3449E-01
  1.1500E+02  7.7967E+00  2.3449E-01
  1.1500E+02  7.7967E+00  2.3449E-01
  1.1500E+02  7.7967E+00  2.3449E-01
  1.1600E+02  3.7497E+00 -3.8125E+00
  1.1600E+02  3.7497E+00 -3.8125E+00
  1.1600E+02  3.7497E+00 -3.8125E+00
  1.1600E+02  3.7497E+00 -3.8125E+00
  1.1600E+02  3.7497E+00 -3.8125E+00
  1.1600E+02  3.7497E+00 -3.8125E+00
  1.1600E+02  3.7497E+00 -3.8125E+00
  1.1600E+02  3.7497E+00 -3.8125E+00
  1.1600E+02  3.7497E+00 -3.8125E+00
  1.1700E+02  7.1749E+00 -3.8727E-01
  1.1700E+02  7.1749E+00 -3.8727E-01
  1.1700E+02  7.1749E+00 -3.8727E-01
  1.1700E+02  7.1749E+00 -3.8727E-01
  1.1700E+02  7.1749E+00 -3.8727E-01
  1.1700E+02  7.1749E+00 -3.8727E-01
  1.1700E+02  7.1749E+00 -3.8727E-01
  1.1700E+02  7.1749E+00 -3.8727E-01
  1.1700E+02  7.1749E+00 -3.8727E-01
  1.1800E+02  3.7497E+00 -3.8125E+00
  1.1800E+02  3.7497E+00 -3.8125E+00
  1.1800E+02  3.7497E+00 -3.8125E+00
  1.1800E+02  3.7497E+00 -3.8125E+00
  1.1800E+02  3.7497E+00 -3.8125E+00
  1.1800E+02  3.7497E+00 -3.8125E+00
  1.1800E+02  3.7497E+00 -3.8125E+00
  1.1800E+02  3.7497E+00 -3.8125E+00
  1.1800E+02  3.7497E+00 -3.8125E+00
  1.1900E+02  5.4148E+00 -2.1474E+00
  1.1900E+02  5.4148E+00 -2.1474E+00
  1.1900E+02  5.4148E+00 -2.1474E+00
  1.1900E+02  5.4148E+00 -2.1474E+00
  1.1900E+02  5.4148E+00 -2.1474E+00
  1.1900E+02  5.4148E+00 -2.1474E+00
  1.1900E+02  5.4148E+00 -2.1474E+00
  1.1900E+02  5.4148E+00 -2.1474E+00
  1.1900E+02  5.4148E+00 -2.1474E+00
  1.2000E+02  5.8298E+00 -1.7324E+00
  1.2000E+02  5.8298E+00 -1.7324E+00
  1.2000E+02  5.8298E+00 -1.7324E+00
  1.2000E+02  5.8298E+00 -1.7324E+00
  1.2000E+02  5.8298E+00 -1.7324E+00
  1.2000E+02  5.8298E+00 -1.7324E+00
  1.2000E+02  5.8298E+00 -1.7324E+00
  1.2000E+02  5.8298E+00 -1.7324E+00
  1.2000E+02  5.8298E+00 -1.7324E+00
  1.2100E+02  8.6893E+00  1.1271E+00
  1.2100E+02  8.6893E+00  1.1271E+00
  1.2100E+02  8.6893E+00  1.1271E+00
  1.2100E+02  8.6893E+00  1.1271E+00
  1.2100E+02  8.6893E+00  1.1271E+00
  1.2100E+02  8.6893E+00  1.1271E+00
  1.2100E+02  8.6893E+00  1.1271E+00
  1.2100E+02  8.6893E+00  1.1271E+00
  1.2100E+02  8.6893E+00  1.1271E+00
  1.2200E+02  8.1317E+00  5.6948E-01
  1.2200E+02  8.1317E+00  5.6948E-01
  1.2200E+02  8.1317E+00  5.6948E-01
  1.2200E+02  8.1317E+00  5.6948E-01
  1.2200E+02  8.1317E+00  5.6948E-01
  1.2200E+02  8.1317E+00  5.6948E-01
  1.2200E+02  8.1317E+00  5.6948E-01
  1.2200E+02  8.1317E+00  5.6948E-01
  1.2200E+02  8.1317E+00  5.6948E-01
  1.2300E+02  6.7754E+00 -7.8679E-01
  1.2300E+02  6.7754E+00 -7.8679E-01
  1.2300E+02  6.7754E+00 -7.8679E-01
  1.2300E+02  6.7754E+00 -7.8679E-01
  1.2300E+02  6.7754E+00 -7.8679E-01
  1.2300E+02  6.7754E+00 -7.8679E-01
  1.2300E+02  6.7754E+00 -7.8679E-01
  1.2300E+02  6.7754E+00 -7.8679E-01
  1.2300E+02  6.7754E+00 -7.8679E-01
  1.2400E+02  5.8516E+00 -1.7106E+00
  1.2400E+02  5.8516E+00 -1.7106E+00
  1.2400E+02  5.8516E+00 -1.7106E+00
  1.2400E+02  5.8516E+00 -1.7106E+00
  1.2400E+02  5.8516E+00 -1.7106E+00
  1.2400E+02  5.8516E+00 -1.7106E+00
  1.2400E+02  5.8516E+00 -1.7106E+00
  1.2400E+02  5.8516E+00 -1.7106E+00
  1.2400E+02  5.8516E+00 -1.7106E+00
  1.2500E+02  5.2724E+00 -2.2898E+00
  1.2500E+02  5.2724E+00 -2.2898E+00
  1.2500E+02  5.2724E+00 -2.2898E+00
  1.2500E+02  5.2724E+00 -2.2898E+00
  1.2500E+02  5.2724E+00 -2.2898E+00
  1.2500E+02  5.2724E+00 -2.2898E+00
  1.2500E+02  5.2724E+00 -2.2898E+00
  1.2500E+02  5.2724E+00 -2.2898E+00
  1.2500E+02  5.2724E+00 -2.2898E+00
  1.2600E+02  8.1309E+00  5.6876E-01
  1.2600E+02  8.1309E+00  5.6876E-01
  1.2600E+02  8.1309E+00  5.6876E-01
  1.2600E+02  8.1309E+00  5.6876E-01
  1.2600E+02  8.1309E+00  5.6876E-01
  1.2600E+02  8.1309E+00  5.6876E-01
  1.2600E+02  8.1309E+00  5.6876E-01
  1.2600E+02  8.1309E+00  5.6876E-01
  1.2600E+02  8.1309E+00  5.6876E-01
  1.2700E+02  9.4880E+00  1.9258E+00
  1.2700E+02  9.4880E+00  1.9258E+00
  1.2700E+02  9.4880E+00  1.9258E+00
  1.2700E+02  9.4880E+00  1.9258E+00
  1.2700E+02  9.4880E+00  1.9258E+00
  1.2700E+02  9.4880E+00  1.9258E+00
  1.2700E+02  9.4880E+00  1.9258E+00
  1.2700E+02  9.4880E+00  1.9258E+00
  1.2700E+02  9.4880E+00  1.9258E+00
  1.2800E+02  8.7203E+00  1.1581E+00
  1.2800E+02  8.7203E+00  1.1581E+00
  1.2800E+02  8.7203E+00  1.1581E+00
  1.2800E+02  8.7203E+00  1.1581E+00
  1.2800E+02  8.7203E+00  1.1581E+00
  1.2800E+02  8.7203E+00  1.1581E+00
  1.2800E+02  8.7203E+00  1.1581E+00
  1.2800E+02  8.7203E+00  1.1581E+00
  1.2800E+02  8.7203E+00  1.1581E+00
  1.2900E+02  8.1328E+00  5.7061E-01
  1.2900E+02  8.1328E+00  5.7061E-01
  1.2900E+02  8.1328E+00  5.7061E-01
  1.2900E+02  8.1328E+00  5.7061E-01
  1.2900E+02  8.1328E+00  5.7061E-01
  1.2900E+02  8.1328E+00  5.7061E-01
  1.2900E+02  8.1328E+00  5.7061E-01
  1.2900E+02  8.1328E+00  5.7061E-01
  1.2900E+02  8.1328E+00  5.7061E-01
  1.3000E+02  6.3351E+00 -1.2270E+00
  1.3000E+02  6.3351E+00 -1.2270E+00
  1.3000E+02  6.3351E+00 -1.2270E+00
  1.3000E+02  6.3351E+00 -1.2270E+00
  1.3000E+02  6.3351E+00 -1.2270E+00
  1.3000E+02  6.3351E+00 -1.2270E+00
  1.3000E+02  6.3351E+00 -1.2270E+00
  1.3000E+02  6.3351E+00 -1.2270E+00
  1.3000E+02  6.3351E+00 -1.2270E+00
  1.3100E+02  9.4880E+00  1.9258E+00
  1.3100E+02  9.4880E+00  1.9258E+00
  1.3100E+02  9.4880E+00  1.9258E+00
  1.3100E+02  9.4880E+00  1.9258E+00
  1.3100E+02  9.4880E+00  1.9258E+00
  1.3100E+02  9.4880E+00  1.9258E+00
  1.3100E+02  9.4880E+00  1.9258E+00
  1.3100E+02  9.4880E+00  1.9258E+00
  1.3100E+02  9.4880E+00  1.9258E+00
  1.3200E+02  6.3355E+00 -1.2266E+00
  1.3200E+02  6.3355E+00 -1.2266E+00
  1.3200E+02  6.3355E+00 -1.2266E+00
  1.3200E+02  6.3355E+00 -1.2266E+00
  1.3200E+02  6.3355E+00 -1.2266E+00
  1.3200E+02  6.3355E+00 -1.2266E+00
  1.3200E+02  6.3355E+00 -1.2266E+00
  1.3200E+02  6.3355E+00 -1.2266E+00
  1.3200E+02  6.3355E+00 -1.2266E+00
  1.3300E+02  7.2033E+00 -3.5892E-01
  1.3300E+02  7.2033E+00 -3.5892E-01
  1.3300E+02  7.2033E+00 -3.5892E-01
  1.3300E+02  7.2033E+00 -3.5892E-01
  1.3300E+02  7.2033E+00 -3.5892E-01
  1.3300E+02  7.2033E+00 -3.5892E-01
  1.3300E+02  7.2033E+00 -3.5892E-01
  1.3300E+02  7.2033E+00 -3.5892E-01
  1.3300E+02  7.2033E+00 -3.5892E-01
  1.3400E+02  9.4880E+00  1.9258E+00
  1.3400E+02  9.4880E+00  1.9258E+00
  1.3400E+02  9.4880E+00  1.9258E+00
  1.3400E+02  9.4880E+00  1.9258E+00
  1.3400E+02  9.4880E+00  1.9258E+00
  1.3400E+02  9.4880E+00  1.9258E+00
  1.3400E+02  9.4880E+00  1.9258E+00
  1.3400E+02  9.4880E+00  1.9258E+00
  1.3400E+02  9.4880E+00  1.9258E+00
  1.3500E+02  8.7208E+00  1.1586E+00
  1.3500E+02  8.7208E+00  1.1586E+00
  1.3500E+02  8.7208E+00  1.1586E+00
  1.3500E+02  8.7208E+00  1.1586E+00
  1.3500E+02  8.7208E+00  1.1586E+00
  1.3500E+02  8.7208E+00  1.1586E+00
  1.3500E+02  8.7208E+00  1.1586E+00
  1.3500E+02  8.7208E+00  1.1586E+00
  1.3500E+02  8.7208E+00  1.1586E+00
  1.3600E+02  9.4880E+00  1.9258E+00
  1.3600E+02  9.4880E+00  1.9258E+00
  1.3600E+02  9.4880E+00  1.9258E+00
  1.3600E+02  9.4880E+00  1.9258E+00
  1.3600E+02  9.4880E+00  1.9258E+00
  1.3600E+02  9.4880E+00  1.9258E+00
  1.3600E+02  9.4880E+00  1.9258E+00
  1.3600E+02  9.4880E+00  1.9258E+00
  1.3600E+02  9.4880E+00  1.9258E+00
  1.3700E+02  9.4880E+00  1.9258E+00
  1.3700E+02  9.4880E+00  1.9258E+00
  1.3700E+02  9.4880E+00  1.9258E+00
  1.3700E+02  9.4880E+00  1.9258E+00
  1.3700E+02  9.4880E+00  1.9258E+00
  1.3700E+02  9.4880E+00  1.9258E+00
  1.3700E+02  9.4880E+00  1.9258E+00
  1.3700E+02  9.4880E+00  1.9258E+00
  1.3700E+02  9.4880E+00  1.9258E+00
  1.3800E+02  5.2728E+00 -2.2894E+00
  1.3800E+02  5.2728E+00 -2.2894E+00
  1.3800E+02  5.2728E+00 -2.2894E+00
  1.3800E+02  5.2728E+00 -2.2894E+00
  1.3800E+02  5.2728E+00 -2.2894E+00
  1.3800E+02  5.2728E+00 -2.2894E+00
  1.3800E+02  5.2728E+00 -2.2894E+00
  1.3800E+02  5.2728E+00 -2.2894E+00
  1.3800E+02  5.2728E+00 -2.2894E+00
  1.3900E+02  8.6858E+00  1.1236E+00
  1.3900E+02  8.6858E+00  1.1236E+00
  1.3900E+02  8.6858E+00  1.1236E+00
  1.3900E+02  8.6858E+00  1.1236E+00
  1.3900E+02  8.6858E+00  1.1236E+00
  1.3900E+02  8.6858E+00  1.1236E+00
  1.3900E+02  8.6858E+00  1.1236E+00
  1.3900E+02  8.6858E+00  1.1236E+00
  1.3900E+02  8.6858E+00  1.1236E+00
  1.4000E+02  6.7747E+00 -7.8752E-01
  1.4000E+02  6.7747E+00 -7.8752E-01
  1.4000E+02  6.7747E+00 -7.8752E-01
  1.4000E+02  6.7747E+00 -7.8752E-01
  1.4000E+02  6.7747E+00 -7.8752E-01
  1.4000E+02  6.7747E+00 -7.8752E-01
  1.4000E+02  6.7747E+00 -7.8752E-01
  1.4000E+02  6.7747E+00 -7.8752E-01
  1.4000E+02  6.7747E+00 -7.8752E-01
  1.4100E+02  8.7391E+00  1.1770E+00
  1.4100E+02  8.7391E+00  1.1770E+00
  1.4100E+02  8.7391E+00  1.1770E+00
  1.4100E+02  8.7391E+00  1.1770E+00
  1.4100E+02  8.7391E+00  1.1770E+00
  1.4100E+02  8.7391E+00  1.1770E+00
  1.4100E+02  8.7391E+00  1.1770E+00
  1.4100E+02  8.7391E+00  1.1770E+00
  1.4100E+02  8.7391E+00  1.1770E+00
  1.4200E+02  1.0446E+01  2.8838E+00
  1.4200E+02  1.0446E+01  2.8838E+00
  1.4200E+02  1.0446E+01  2.8838E+00
  1.4200E+02  1.0446E+01  2.8838E+00
  1.4200E+02  1.0446E+01  2.8838E+00
  1.4200E+02  1.0446E+01  2.8838E+00
  1.4200E+02  1.0446E+01  2.8838E+00
  1.4200E+02  1.0446E+01  2.8838E+00
  1.4200E+02  1.0446E+01  2.8838E+00
  1.4300E+02  7.2006E+00 -3.6154E-01
  1.4300E+02  7.2006E+00 -3.6154E-01
  1.4300E+02  7.2006E+00 -3.6154E-01
  1.4300E+02  7.2006E+00 -3.6154E-01
  1.4300E+02  7.2006E+00 -3.6154E-01
  1.4300E+02  7.2006E+00 -3.6154E-01
  1.4300E+02  7.2006E+00 -3.6154E-01
  1.4300E+02  7.2006E+00 -3.6154E-01
  1.4300E+02  7.2006E+00 -3.6154E-01
  1.4400E+02  7.2030E+00 -3.5917E-01
  1.4400E+02  7.2030E+00 -3.5917E-01
  1.4400E+02  7.2030E+00 -3.5917E-01
  1.4400E+02  7.2030E+00 -3.5917E-01
  1.4400E+02  7.2030E+00 -3.5917E-01
  1.4400E+02  7.2030E+00 -3.5917E-01
  1.4400E+02  7.2030E+00 -3.5917E-01
  1.4400E+02  7.2030E+00 -3.5917E-01
  1.4400E+02  7.2030E+00 -3.5917E-01
  1.4500E+02  6.3353E+00 -1.2269E+00
  1.4500E+02  6.3353E+00 -1.2269E+00
  1.4500E+02  6.3353E+00 -1.2269E+00
  1.4500E+02  6.3353E+00 -1.2269E+00
  1.4500E+02  6.3353E+00 -1.2269E+00
  1.4500E+02  6.3353E+00 -1.2269E+00
  1.4500E+02  6.3353E+00 -1.2269E+00
  1.4500E+02  6.3353E+00 -1.2269E+00
  1.4500E+02  6.3353E+00 -1.2269E+00
  1.4600E+02  8.7203E+00  1.1581E+00
  1.4600E+02  8.7203E+00  1.1581E+00
  1.4600E+02  8.7203E+00  1.1581E+00
  1.4600E+02  8.7203E+00  1.1581E+00
  1.4600E+02  8.7203E+00  1.1581E+00
  1.4600E+02  8.7203E+00  1.1581E+00
  1.4600E+02  8.7203E+00  1.1581E+00
  1.4600E+02  8.7203E+00  1.1581E+00
  1.4600E+02  8.7203E+00  1.1581E+00
  1.4700E+02  1.1997E+01  4.4348E+00
  1.4700E+02  1.1997E+01  4.4348E+00
  1.4700E+02  1.1997E+01  4.4348E+00
  1.4700E+02  1.1997E+01  4.4348E+00
  1.4700E+02  1.1997E+01  4.4348E+00
  1.4700E+02  1.1997E+01  4.4348E+00
  1.4700E+02  1.1997E+01  4.4348E+00
  1.4700E+02  1.1997E+01  4.4348E+00
  1.4700E+02  1.1997E+01  4.4348E+00
  1.4800E+02  8.7195E+00  1.1573E+00
  1.4800E+02  8.7195E+00  1.1573E+00
  1.4800E+02  8.7195E+00  1.1573E+00
  1.4800E+02  8.7195E+00  1.1573E+00
  1.4800E+02  8.7195E+00  1.1573E+00
  1.4800E+02  8.7195E+00  1.1573E+00
  1.4800E+02  8.7195E+00  1.1573E+00
  1.4800E+02  8.7195E+00  1.1573E+00
  1.4800E+02  8.7195E+00  1.1573E+00
  1.4900E+02  5.8519E+00 -1.7103E+00
  1.4900E+02  5.8519E+00 -1.7103E+00
  1.4900E+02  5.8519E+00 -1.7103E+00
  1.4900E+02  5.8519E+00 -1.7103E+00
  1.4900E+02  5.8519E+00 -1.7103E+00
  1.4900E+02  5.8519E+00 -1.7103E+00
  1.4900E+02  5.8519E+00 -1.7103E+00
  1.4900E+02  5.8519E+00 -1.7103E+00
  1.4900E+02  5.8519E+00 -1.7103E+00
  1.5000E+02  8.1320E+00  5.6984E-01
  1.5000E+02  8.1320E+00  5.6984E-01
  1.5000E+02  8.1320E+00  5.6984E-01
  1.5000E+02  8.1320E+00  5.6984E-01
  1.5000E+02  8.1320E+00  5.6984E-01
  1.5000E+02  8.1320E+00  5.6984E-01
  1.5000E+02  8.1320E+00  5.6984E-01
  1.5000E+02  8.1320E+00  5.6984E-01
  1.5000E+02  8.1320E+00  5.6984E-01
  1.5100E+02  5.8524E+00 -1.7098E+00
  1.5100E+02  5.8524E+00 -1.7098E+00
  1.5100E+02  5.8524E+00 -1.7098E+00
  1.5100E+02  5.8524E+00 -1.7098E+00
  1.5100E+02  5.8524E+00 -1.7098E+00
  1.5100E+02  5.8524E+00 -1.7098E+00
  1.5100E+02  5.8524E+00 -1.7098E+00
  1.5100E+02  5.8524E+00 -1.7098E+00
  1.5100E+02  5.8524E+00 -1.7098E+00
  1.5200E+02  9.4880E+00  1.9258E+00
  1.5200E+02  9.4880E+00  1.9258E+00
  1.5200E+02  9.4880E+00  1.9258E+00
  1.5200E+02  9.4880E+00  1.9258E+00
  1.5200E+02  9.4880E+00  1.9258E+00
  1.5200E+02  9.4880E+00  1.9258E+00
  1.5200E+02  9.4880E+00  1.9258E+00
  1.5200E+02  9.4880E+00  1.9258E+00
  1.5200E+02  9.4880E+00  1.9258E+00
  1.5300E+02  7.2012E+00 -3.6094E-01
  1.5300E+02  7.2012E+00 -3.6094E-01
  1.5300E+02  7.2012E+00 -3.6094E-01
  1.5300E+02  7.2012E+00 -3.6094E-01
  1.5300E+02  7.2012E+00 -3.6094E-01
  1.5300E+02  7.2012E+00 -3.6094E-01
  1.5300E+02  7.2012E+00 -3.6094E-01
  1.5300E+02  7.2012E+00 -3.6094E-01
  1.5300E+02  7.2012E+00 -3.6094E-01
  1.5400E+02  6.3349E+00 -1.2273E+00
  1.5400E+02  6.3349E+00 -1.2273E+00
  1.5400E+02  6.3349E+00 -1.2273E+00
  1.5400E+02  6.3349E+00 -1.2273E+00
  1.5400E+02  6.3349E+00 -1.2273E+00
  1.5400E+02  6.3349E+00 -1.2273E+00
  1.5400E+02  6.3349E+00 -1.2273E+00
  1.5400E+02  6.3349E+00 -1.2273E+00
  1.5400E+02  6.3349E+00 -1.2273E+00
  1.5500E+02  9.4880E+00  1.9258E+00
  1.5500E+02  9.4880E+00  1.9258E+00
  1.5500E+02  9.4880E+00  1.9258E+00
  1.5500E+02  9.4880E+00  1.9258E+00
  1.5500E+02  9.4880E+00  1.9258E+00
  1.5500E+02  9.4880E+00  1.9258E+00
  1.5500E+02  9.4880E+00  1.9258E+00
  1.5500E+02  9.4880E+00  1.9258E+00
  1.5500E+02  9.4880E+00  1.9258E+00
  1.5600E+02  7.6431E+00  8.0935E-02
  1.5600E+02  7.6431E+00  8.0935E-02
  1.5600E+02  7.6431E+00  8.0935E-02
  1.5600E+02  7.6431E+00  8.0935E-02
  1.5600E+02  7.6431E+00  8.0935E-02
  1.5600E+02  7.6431E+00  8.0935E-02
  1.5600E+02  7.6431E+00  8.0935E-02
  1.5600E+02  7.6431E+00  8.0935E-02
  1.5600E+02  7.6431E+00  8.0935E-02
  1.5700E+02  5.8523E+00 -1.7099E+00
  1.5700E+02  5.8523E+00 -1.7099E+00
  1.5700E+02  5.8523E+00 -1.7099E+00
  1.5700E+02  5.8523E+00 -1.7099E+00
  1.5700E+02  5.8523E+00 -1.7099E+00
  1.5700E+02  5.8523E+00 -1.7099E+00
  1.5700E+02  5.8523E+00 -1.7099E+00
  1.5700E+02  5.8523E+00 -1.7099E+00
  1.5700E+02  5.8523E+00 -1.7099E+00
  1.5800E+02  6.3353E+00 -1.2269E+00
  1.5800E+02  6.3353E+00 -1.2269E+00
  1.5800E+02  6.3353E+00 -1.2269E+00
  1.5800E+02  6.3353E+00 -1.2269E+00
  1.5800E+02  6.3353E+00 -1.2269E+00
  1.5800E+02  6.3353E+00 -1.2269E+00
  1.5800E+02  6.3353E+00 -1.2269E+00
  1.5800E+02  6.3353E+00 -1.2269E+00
  1.5800E+02  6.3353E+00 -1.2269E+00
  1.5900E+02  6.7743E+00 -7.8788E-01
  1.5900E+02  6.7743E+00 -7.8788E-01
  1.5900E+02  6.7743E+00 -7.8788E-01
  1.5900E+02  6.7743E+00 -7.8788E-01
  1.5900E+02  6.7743E+00 -7.8788E-01
  1.5900E+02  6.7743E+00 -7.8788E-01
  1.5900E+02  6.7743E+00 -7.8788E-01
  1.5900E+02  6.7743E+00 -7.8788E-01
  1.5900E+02  6.7743E+00 -7.8788E-01
  1.6000E+02  8.1320E+00  5.6984E-01
  1.6000E+02  8.1320E+00  5.6984E-01
  1.6000E+02  8.1320E+00  5.6984E-01
  1.6000E+02  8.1320E+00  5.6984E-01
  1.6000E+02  8.1320E+00  5.6984E-01
  1.6000E+02  8.1320E+00  5.6984E-01
  1.6000E+02  8.1320E+00  5.6984E-01
  1.6000E+02  8.1320E+00  5.6984E-01
  1.6000E+02  8.1320E+00  5.6984E-01
