TABLE NO.  2
 ID          CL          V           ETA1        ETA2        MAT
  1.0000E+00  8.9013E-02  2.2584E+00 -1.7818E-01  3.2953E-01  2.0619E-01
  1.0000E+00  8.9013E-02  2.2584E+00 -1.7818E-01  3.2953E-01  2.0619E-01
  1.0000E+00  8.9013E-02  2.2584E+00 -1.7818E-01  3.2953E-01  2.0619E-01
  1.0000E+00  8.9013E-02  2.2584E+00 -1.7818E-01  3.2953E-01  2.0619E-01
  2.0000E+00  5.7011E-02  1.4869E+00 -2.1395E-01  1.1109E-01  1.5896E-01
  2.0000E+00  5.7011E-02  1.4869E+00 -2.1395E-01  1.1109E-01  1.5896E-01
  2.0000E+00  5.7011E-02  1.4869E+00 -2.1395E-01  1.1109E-01  1.5896E-01
  3.0000E+00  6.0660E-02  8.9429E-01  8.5638E-02 -2.1242E-01  1.4399E-01
  3.0000E+00  6.0660E-02  8.9429E-01  8.5638E-02 -2.1242E-01  1.4399E-01
  3.0000E+00  6.0660E-02  8.9429E-01  8.5638E-02 -2.1242E-01  1.4399E-01
  3.0000E+00  6.0660E-02  8.9429E-01  8.5638E-02 -2.1242E-01  1.4399E-01
  4.0000E+00  3.0718E-02  5.5868E-01  1.5137E-01 -1.7031E-01  1.0029E-01
  4.0000E+00  3.0718E-02  5.5868E-01  1.5137E-01 -1.7031E-01  1.0029E-01
  4.0000E+00  3.0718E-02  5.5868E-01  1.5137E-01 -1.7031E-01  1.0029E-01
  5.0000E+00  5.7993E-02  1.1824E+00 -4.6858E-01 -2.3633E-01  1.9088E-01
  5.0000E+00  5.7993E-02  1.1824E+00 -4.6858E-01 -2.3633E-01  1.9088E-01
  5.0000E+00  5.7993E-02  1.1824E+00 -4.6858E-01 -2.3633E-01  1.9088E-01
  6.0000E+00  9.3220E-02  1.5325E+00  1.3369E-01  1.7205E-01  1.8788E-01
  6.0000E+00  9.3220E-02  1.5325E+00  1.3369E-01  1.7205E-01  1.8788E-01
  6.0000E+00  9.3220E-02  1.5325E+00  1.3369E-01  1.7205E-01  1.8788E-01
  6.0000E+00  9.3220E-02  1.5325E+00  1.3369E-01  1.7205E-01  1.8788E-01
  7.0000E+00  3.2761E-01  1.7338E+00  4.6922E-01 -2.3306E-01  3.1758E-01
  7.0000E+00  3.2761E-01  1.7338E+00  4.6922E-01 -2.3306E-01  3.1758E-01
  7.0000E+00  3.2761E-01  1.7338E+00  4.6922E-01 -2.3306E-01  3.1758E-01
  8.0000E+00  5.1707E-02  1.0055E+00  3.9963E-02 -3.0662E-02  1.3485E-01
  8.0000E+00  5.1707E-02  1.0055E+00  3.9963E-02 -3.0662E-02  1.3485E-01
  8.0000E+00  5.1707E-02  1.0055E+00  3.9963E-02 -3.0662E-02  1.3485E-01
  9.0000E+00  9.6600E-02  9.5242E-01  1.0445E-01 -3.1690E-01  1.9848E-01
  9.0000E+00  9.6600E-02  9.5242E-01  1.0445E-01 -3.1690E-01  1.9848E-01
  9.0000E+00  9.6600E-02  9.5242E-01  1.0445E-01 -3.1690E-01  1.9848E-01
  9.0000E+00  9.6600E-02  9.5242E-01  1.0445E-01 -3.1690E-01  1.9848E-01
  1.0000E+01  5.6134E-02  9.5068E-01  2.7098E-01 -5.8563E-02  1.1868E-01
  1.0000E+01  5.6134E-02  9.5068E-01  2.7098E-01 -5.8563E-02  1.1868E-01
  1.0000E+01  5.6134E-02  9.5068E-01  2.7098E-01 -5.8563E-02  1.1868E-01
  1.1000E+01  2.5469E-01  1.8875E+00  8.1064E-02 -2.3138E-01  3.4194E-01
  1.1000E+01  2.5469E-01  1.8875E+00  8.1064E-02 -2.3138E-01  3.4194E-01
  1.1000E+01  2.5469E-01  1.8875E+00  8.1064E-02 -2.3138E-01  3.4194E-01
  1.1000E+01  2.5469E-01  1.8875E+00  8.1064E-02 -2.3138E-01  3.4194E-01
  1.2000E+01  1.3499E-01  2.2681E+00 -2.3172E-01  7.3110E-02  2.7128E-01
  1.2000E+01  1.3499E-01  2.2681E+00 -2.3172E-01  7.3110E-02  2.7128E-01
  1.2000E+01  1.3499E-01  2.2681E+00 -2.3172E-01  7.3110E-02  2.7128E-01
  1.2000E+01  1.3499E-01  2.2681E+00 -2.3172E-01  7.3110E-02  2.7128E-01
  1.3000E+01  1.5377E-01  1.4745E+00 -1.0928E-01 -3.2701E-01  2.7976E-01
  1.3000E+01  1.5377E-01  1.4745E+00 -1.0928E-01 -3.2701E-01  2.7976E-01
  1.3000E+01  1.5377E-01  1.4745E+00 -1.0928E-01 -3.2701E-01  2.7976E-01
  1.3000E+01  1.5377E-01  1.4745E+00 -1.0928E-01 -3.2701E-01  2.7976E-01
  1.4000E+01  1.1419E-01  1.3015E+00  1.1225E-01 -1.3650E-01  2.1086E-01
  1.4000E+01  1.1419E-01  1.3015E+00  1.1225E-01 -1.3650E-01  2.1086E-01
  1.4000E+01  1.1419E-01  1.3015E+00  1.1225E-01 -1.3650E-01  2.1086E-01
  1.4000E+01  1.1419E-01  1.3015E+00  1.1225E-01 -1.3650E-01  2.1086E-01
  1.5000E+01  9.9890E-02  1.6311E+00 -1.0317E-01  2.9293E-02  2.1875E-01
  1.5000E+01  9.9890E-02  1.6311E+00 -1.0317E-01  2.9293E-02  2.1875E-01
  1.5000E+01  9.9890E-02  1.6311E+00 -1.0317E-01  2.9293E-02  2.1875E-01
  1.5000E+01  9.9890E-02  1.6311E+00 -1.0317E-01  2.9293E-02  2.1875E-01
  1.6000E+01  3.8389E-02  9.8286E-01 -7.0939E-01 -3.8992E-01  1.6457E-01
  1.6000E+01  3.8389E-02  9.8286E-01 -7.0939E-01 -3.8992E-01  1.6457E-01
  1.6000E+01  3.8389E-02  9.8286E-01 -7.0939E-01 -3.8992E-01  1.6457E-01
  1.7000E+01  7.9881E-02  1.4663E+00 -1.8001E-01 -8.4486E-02  1.8788E-01
  1.7000E+01  7.9881E-02  1.4663E+00 -1.8001E-01 -8.4486E-02  1.8788E-01
  1.7000E+01  7.9881E-02  1.4663E+00 -1.8001E-01 -8.4486E-02  1.8788E-01
  1.7000E+01  7.9881E-02  1.4663E+00 -1.8001E-01 -8.4486E-02  1.8788E-01
  1.8000E+01  1.0026E-01  1.4460E+00 -1.0515E-01 -1.4773E-01  2.1086E-01
  1.8000E+01  1.0026E-01  1.4460E+00 -1.0515E-01 -1.4773E-01  2.1086E-01
  1.8000E+01  1.0026E-01  1.4460E+00 -1.0515E-01 -1.4773E-01  2.1086E-01
  1.8000E+01  1.0026E-01  1.4460E+00 -1.0515E-01 -1.4773E-01  2.1086E-01
  1.9000E+01  2.0538E-01  2.1607E+00  6.3794E-02 -2.8602E-02  2.9514E-01
  1.9000E+01  2.0538E-01  2.1607E+00  6.3794E-02 -2.8602E-02  2.9514E-01
  1.9000E+01  2.0538E-01  2.1607E+00  6.3794E-02 -2.8602E-02  2.9514E-01
  2.0000E+01  1.1766E-01  2.1076E+00 -2.5268E-03  1.7224E-01  2.1400E-01
  2.0000E+01  1.1766E-01  2.1076E+00 -2.5268E-03  1.7224E-01  2.1400E-01
  2.0000E+01  1.1766E-01  2.1076E+00 -2.5268E-03  1.7224E-01  2.1400E-01
  2.0000E+01  1.1766E-01  2.1076E+00 -2.5268E-03  1.7224E-01  2.1400E-01
  2.1000E+01  1.4019E-01  1.5885E+00 -5.6996E-02 -1.8555E-01  2.5452E-01
  2.1000E+01  1.4019E-01  1.5885E+00 -5.6996E-02 -1.8555E-01  2.5452E-01
  2.1000E+01  1.4019E-01  1.5885E+00 -5.6996E-02 -1.8555E-01  2.5452E-01
  2.1000E+01  1.4019E-01  1.5885E+00 -5.6996E-02 -1.8555E-01  2.5452E-01
  2.2000E+01  6.5851E-02  1.2102E+00  7.1180E-02  1.0037E-02  1.4935E-01
  2.2000E+01  6.5851E-02  1.2102E+00  7.1180E-02  1.0037E-02  1.4935E-01
  2.2000E+01  6.5851E-02  1.2102E+00  7.1180E-02  1.0037E-02  1.4935E-01
  2.3000E+01  4.3013E-02  1.1034E+00 -4.8986E-02  1.8752E-02  1.1868E-01
  2.3000E+01  4.3013E-02  1.1034E+00 -4.8986E-02  1.8752E-02  1.1868E-01
  2.3000E+01  4.3013E-02  1.1034E+00 -4.8986E-02  1.8752E-02  1.1868E-01
  2.3000E+01  4.3013E-02  1.1034E+00 -4.8986E-02  1.8752E-02  1.1868E-01
  2.4000E+01  1.5067E-01  2.0135E+00 -1.0336E-01  2.7708E-02  2.8146E-01
  2.4000E+01  1.5067E-01  2.0135E+00 -1.0336E-01  2.7708E-02  2.8146E-01
  2.4000E+01  1.5067E-01  2.0135E+00 -1.0336E-01  2.7708E-02  2.8146E-01
  2.5000E+01  5.5606E-02  1.4692E+00 -3.5708E-02  2.3823E-01  1.4399E-01
  2.5000E+01  5.5606E-02  1.4692E+00 -3.5708E-02  2.3823E-01  1.4399E-01
  2.5000E+01  5.5606E-02  1.4692E+00 -3.5708E-02  2.3823E-01  1.4399E-01
  2.6000E+01  1.1155E-01  1.7425E+00  1.8738E-01  1.7478E-01  1.9390E-01
  2.6000E+01  1.1155E-01  1.7425E+00  1.8738E-01  1.7478E-01  1.9390E-01
  2.6000E+01  1.1155E-01  1.7425E+00  1.8738E-01  1.7478E-01  1.9390E-01
  2.6000E+01  1.1155E-01  1.7425E+00  1.8738E-01  1.7478E-01  1.9390E-01
  2.7000E+01  2.1671E-01  1.6058E+00  1.7870E-01 -2.3607E-01  2.9685E-01
  2.7000E+01  2.1671E-01  1.6058E+00  1.7870E-01 -2.3607E-01  2.9685E-01
  2.7000E+01  2.1671E-01  1.6058E+00  1.7870E-01 -2.3607E-01  2.9685E-01
  2.7000E+01  2.1671E-01  1.6058E+00  1.7870E-01 -2.3607E-01  2.9685E-01
  2.8000E+01  1.2336E-01  2.1515E+00 -3.5007E-01  7.9406E-02  2.9170E-01
  2.8000E+01  1.2336E-01  2.1515E+00 -3.5007E-01  7.9406E-02  2.9170E-01
  2.8000E+01  1.2336E-01  2.1515E+00 -3.5007E-01  7.9406E-02  2.9170E-01
  2.9000E+01  1.6346E-01  2.4479E+00 -2.4396E-01  2.8574E-02  3.0374E-01
  2.9000E+01  1.6346E-01  2.4479E+00 -2.4396E-01  2.8574E-02  3.0374E-01
  2.9000E+01  1.6346E-01  2.4479E+00 -2.4396E-01  2.8574E-02  3.0374E-01
  2.9000E+01  1.6346E-01  2.4479E+00 -2.4396E-01  2.8574E-02  3.0374E-01
  3.0000E+01  9.6892E-02  1.0711E+00  6.3602E-01  8.9645E-02  1.4533E-01
  3.0000E+01  9.6892E-02  1.0711E+00  6.3602E-01  8.9645E-02  1.4533E-01
  3.0000E+01  9.6892E-02  1.0711E+00  6.3602E-01  8.9645E-02  1.4533E-01
  3.0000E+01  9.6892E-02  1.0711E+00  6.3602E-01  8.9645E-02  1.4533E-01
  3.1000E+01  1.4009E+00  6.9534E+00 -1.6686E-02 -2.3599E-02  9.1148E-01
  3.1000E+01  1.4009E+00  6.9534E+00 -1.6686E-02 -2.3599E-02  9.1148E-01
  3.1000E+01  1.4009E+00  6.9534E+00 -1.6686E-02 -2.3599E-02  9.1148E-01
  3.1000E+01  1.4009E+00  6.9534E+00 -1.6686E-02 -2.3599E-02  9.1148E-01
  3.1000E+01  1.4009E+00  6.9534E+00 -1.6686E-02 -2.3599E-02  9.1148E-01
  3.2000E+01  1.0239E+00  7.4151E+00 -1.5305E-01  1.6090E-01  8.3553E-01
  3.2000E+01  1.0239E+00  7.4151E+00 -1.5305E-01  1.6090E-01  8.3553E-01
  3.2000E+01  1.0239E+00  7.4151E+00 -1.5305E-01  1.6090E-01  8.3553E-01
  3.2000E+01  1.0239E+00  7.4151E+00 -1.5305E-01  1.6090E-01  8.3553E-01
  3.2000E+01  1.0239E+00  7.4151E+00 -1.5305E-01  1.6090E-01  8.3553E-01
  3.3000E+01  2.0713E+00  6.7616E+00  3.2619E-01 -4.7530E-02  9.5939E-01
  3.3000E+01  2.0713E+00  6.7616E+00  3.2619E-01 -4.7530E-02  9.5939E-01
  3.3000E+01  2.0713E+00  6.7616E+00  3.2619E-01 -4.7530E-02  9.5939E-01
  3.3000E+01  2.0713E+00  6.7616E+00  3.2619E-01 -4.7530E-02  9.5939E-01
  3.4000E+01  6.9359E-01  6.1568E+00  3.2700E-02  3.3187E-01  6.1435E-01
  3.4000E+01  6.9359E-01  6.1568E+00  3.2700E-02  3.3187E-01  6.1435E-01
  3.4000E+01  6.9359E-01  6.1568E+00  3.2700E-02  3.3187E-01  6.1435E-01
  3.4000E+01  6.9359E-01  6.1568E+00  3.2700E-02  3.3187E-01  6.1435E-01
  3.5000E+01  1.7082E+00  8.6888E+00  8.2525E-02  1.3420E-01  9.5859E-01
  3.5000E+01  1.7082E+00  8.6888E+00  8.2525E-02  1.3420E-01  9.5859E-01
  3.5000E+01  1.7082E+00  8.6888E+00  8.2525E-02  1.3420E-01  9.5859E-01
  3.5000E+01  1.7082E+00  8.6888E+00  8.2525E-02  1.3420E-01  9.5859E-01
  3.6000E+01  1.0784E+00  6.8576E+00 -3.9958E-01 -1.2050E-01  9.6689E-01
  3.6000E+01  1.0784E+00  6.8576E+00 -3.9958E-01 -1.2050E-01  9.6689E-01
  3.6000E+01  1.0784E+00  6.8576E+00 -3.9958E-01 -1.2050E-01  9.6689E-01
  3.6000E+01  1.0784E+00  6.8576E+00 -3.9958E-01 -1.2050E-01  9.6689E-01
  3.6000E+01  1.0784E+00  6.8576E+00 -3.9958E-01 -1.2050E-01  9.6689E-01
  3.7000E+01  8.5348E-01  3.1228E+00  6.4291E-01 -2.3827E-01  4.4555E-01
  3.7000E+01  8.5348E-01  3.1228E+00  6.4291E-01 -2.3827E-01  4.4555E-01
  3.7000E+01  8.5348E-01  3.1228E+00  6.4291E-01 -2.3827E-01  4.4555E-01
  3.7000E+01  8.5348E-01  3.1228E+00  6.4291E-01 -2.3827E-01  4.4555E-01
  3.7000E+01  8.5348E-01  3.1228E+00  6.4291E-01 -2.3827E-01  4.4555E-01
  3.8000E+01  7.4296E-01  5.6170E+00  6.1497E-02  1.3267E-01  5.8990E-01
  3.8000E+01  7.4296E-01  5.6170E+00  6.1497E-02  1.3267E-01  5.8990E-01
  3.8000E+01  7.4296E-01  5.6170E+00  6.1497E-02  1.3267E-01  5.8990E-01
  3.8000E+01  7.4296E-01  5.6170E+00  6.1497E-02  1.3267E-01  5.8990E-01
  3.9000E+01  1.1212E+00  6.8807E+00  1.2277E-01  1.2518E-01  7.1509E-01
  3.9000E+01  1.1212E+00  6.8807E+00  1.2277E-01  1.2518E-01  7.1509E-01
  3.9000E+01  1.1212E+00  6.8807E+00  1.2277E-01  1.2518E-01  7.1509E-01
  3.9000E+01  1.1212E+00  6.8807E+00  1.2277E-01  1.2518E-01  7.1509E-01
  4.0000E+01  1.5664E+00  8.6992E+00 -8.7198E-02  2.1582E-02  9.5639E-01
  4.0000E+01  1.5664E+00  8.6992E+00 -8.7198E-02  2.1582E-02  9.5639E-01
  4.0000E+01  1.5664E+00  8.6992E+00 -8.7198E-02  2.1582E-02  9.5639E-01
  4.0000E+01  1.5664E+00  8.6992E+00 -8.7198E-02  2.1582E-02  9.5639E-01
  4.0000E+01  1.5664E+00  8.6992E+00 -8.7198E-02  2.1582E-02  9.5639E-01
  4.1000E+01  6.8373E-01  6.2500E+00  7.2566E-02  4.0458E-01  6.0768E-01
  4.1000E+01  6.8373E-01  6.2500E+00  7.2566E-02  4.0458E-01  6.0768E-01
  4.1000E+01  6.8373E-01  6.2500E+00  7.2566E-02  4.0458E-01  6.0768E-01
  4.1000E+01  6.8373E-01  6.2500E+00  7.2566E-02  4.0458E-01  6.0768E-01
  4.1000E+01  6.8373E-01  6.2500E+00  7.2566E-02  4.0458E-01  6.0768E-01
  4.2000E+01  7.8985E-01  4.3475E+00 -1.7091E-02 -2.1286E-02  7.3247E-01
  4.2000E+01  7.8985E-01  4.3475E+00 -1.7091E-02 -2.1286E-02  7.3247E-01
  4.2000E+01  7.8985E-01  4.3475E+00 -1.7091E-02 -2.1286E-02  7.3247E-01
  4.2000E+01  7.8985E-01  4.3475E+00 -1.7091E-02 -2.1286E-02  7.3247E-01
  4.3000E+01  1.3021E+00  6.0083E+00 -2.3148E-01 -2.8784E-01  9.6113E-01
  4.3000E+01  1.3021E+00  6.0083E+00 -2.3148E-01 -2.8784E-01  9.6113E-01
  4.3000E+01  1.3021E+00  6.0083E+00 -2.3148E-01 -2.8784E-01  9.6113E-01
  4.3000E+01  1.3021E+00  6.0083E+00 -2.3148E-01 -2.8784E-01  9.6113E-01
  4.3000E+01  1.3021E+00  6.0083E+00 -2.3148E-01 -2.8784E-01  9.6113E-01
  4.4000E+01  4.0024E-01  5.3998E+00 -4.8686E-02  3.6618E-01  4.3540E-01
  4.4000E+01  4.0024E-01  5.3998E+00 -4.8686E-02  3.6618E-01  4.3540E-01
  4.4000E+01  4.0024E-01  5.3998E+00 -4.8686E-02  3.6618E-01  4.3540E-01
  4.4000E+01  4.0024E-01  5.3998E+00 -4.8686E-02  3.6618E-01  4.3540E-01
  4.4000E+01  4.0024E-01  5.3998E+00 -4.8686E-02  3.6618E-01  4.3540E-01
  4.5000E+01  4.1310E-01  3.4726E+00 -1.3822E-01 -1.3787E-01  4.6893E-01
  4.5000E+01  4.1310E-01  3.4726E+00 -1.3822E-01 -1.3787E-01  4.6893E-01
  4.5000E+01  4.1310E-01  3.4726E+00 -1.3822E-01 -1.3787E-01  4.6893E-01
  4.5000E+01  4.1310E-01  3.4726E+00 -1.3822E-01 -1.3787E-01  4.6893E-01
  4.6000E+01  7.9750E-01  4.1163E+00 -6.2031E-02 -1.8635E-01  7.1208E-01
  4.6000E+01  7.9750E-01  4.1163E+00 -6.2031E-02 -1.8635E-01  7.1208E-01
  4.6000E+01  7.9750E-01  4.1163E+00 -6.2031E-02 -1.8635E-01  7.1208E-01
  4.6000E+01  7.9750E-01  4.1163E+00 -6.2031E-02 -1.8635E-01  7.1208E-01
  4.6000E+01  7.9750E-01  4.1163E+00 -6.2031E-02 -1.8635E-01  7.1208E-01
  4.7000E+01  1.2795E+00  7.5072E+00  8.6067E-02  1.5337E-01  8.0994E-01
  4.7000E+01  1.2795E+00  7.5072E+00  8.6067E-02  1.5337E-01  8.0994E-01
  4.7000E+01  1.2795E+00  7.5072E+00  8.6067E-02  1.5337E-01  8.0994E-01
  4.7000E+01  1.2795E+00  7.5072E+00  8.6067E-02  1.5337E-01  8.0994E-01
  4.8000E+01  3.3407E-01  3.2803E+00 -5.3928E-01 -2.6865E-01  5.3584E-01
  4.8000E+01  3.3407E-01  3.2803E+00 -5.3928E-01 -2.6865E-01  5.3584E-01
  4.8000E+01  3.3407E-01  3.2803E+00 -5.3928E-01 -2.6865E-01  5.3584E-01
  4.8000E+01  3.3407E-01  3.2803E+00 -5.3928E-01 -2.6865E-01  5.3584E-01
  4.8000E+01  3.3407E-01  3.2803E+00 -5.3928E-01 -2.6865E-01  5.3584E-01
  4.9000E+01  9.0816E-01  7.0112E+00 -3.7586E-01  6.1145E-02  8.9619E-01
  4.9000E+01  9.0816E-01  7.0112E+00 -3.7586E-01  6.1145E-02  8.9619E-01
  4.9000E+01  9.0816E-01  7.0112E+00 -3.7586E-01  6.1145E-02  8.9619E-01
  4.9000E+01  9.0816E-01  7.0112E+00 -3.7586E-01  6.1145E-02  8.9619E-01
  4.9000E+01  9.0816E-01  7.0112E+00 -3.7586E-01  6.1145E-02  8.9619E-01
  5.0000E+01  9.4624E-01  7.9318E+00 -4.5663E-01  1.1454E-01  9.6056E-01
  5.0000E+01  9.4624E-01  7.9318E+00 -4.5663E-01  1.1454E-01  9.6056E-01
  5.0000E+01  9.4624E-01  7.9318E+00 -4.5663E-01  1.1454E-01  9.6056E-01
  5.0000E+01  9.4624E-01  7.9318E+00 -4.5663E-01  1.1454E-01  9.6056E-01
  5.1000E+01  1.6887E+00  6.4741E+00  3.4589E-02 -1.9723E-01  9.6682E-01
  5.1000E+01  1.6887E+00  6.4741E+00  3.4589E-02 -1.9723E-01  9.6682E-01
  5.1000E+01  1.6887E+00  6.4741E+00  3.4589E-02 -1.9723E-01  9.6682E-01
  5.1000E+01  1.6887E+00  6.4741E+00  3.4589E-02 -1.9723E-01  9.6682E-01
  5.1000E+01  1.6887E+00  6.4741E+00  3.4589E-02 -1.9723E-01  9.6682E-01
  5.2000E+01  6.6182E-01  6.8146E+00  1.7951E-02  3.5927E-01  5.6276E-01
  5.2000E+01  6.6182E-01  6.8146E+00  1.7951E-02  3.5927E-01  5.6276E-01
  5.2000E+01  6.6182E-01  6.8146E+00  1.7951E-02  3.5927E-01  5.6276E-01
  5.2000E+01  6.6182E-01  6.8146E+00  1.7951E-02  3.5927E-01  5.6276E-01
  5.3000E+01  5.0885E-01  3.4857E+00  1.9119E-03 -1.1073E-01  5.1099E-01
  5.3000E+01  5.0885E-01  3.4857E+00  1.9119E-03 -1.1073E-01  5.1099E-01
  5.3000E+01  5.0885E-01  3.4857E+00  1.9119E-03 -1.1073E-01  5.1099E-01
  5.3000E+01  5.0885E-01  3.4857E+00  1.9119E-03 -1.1073E-01  5.1099E-01
  5.4000E+01  1.4027E+00  7.5355E+00 -3.4274E-02  2.0245E-02  9.0378E-01
  5.4000E+01  1.4027E+00  7.5355E+00 -3.4274E-02  2.0245E-02  9.0378E-01
  5.4000E+01  1.4027E+00  7.5355E+00 -3.4274E-02  2.0245E-02  9.0378E-01
  5.4000E+01  1.4027E+00  7.5355E+00 -3.4274E-02  2.0245E-02  9.0378E-01
  5.5000E+01  1.1928E+00  6.9368E+00  1.4433E-01  9.0570E-02  7.2101E-01
  5.5000E+01  1.1928E+00  6.9368E+00  1.4433E-01  9.0570E-02  7.2101E-01
  5.5000E+01  1.1928E+00  6.9368E+00  1.4433E-01  9.0570E-02  7.2101E-01
  5.5000E+01  1.1928E+00  6.9368E+00  1.4433E-01  9.0570E-02  7.2101E-01
  5.6000E+01  1.2456E+00  6.6717E+00 -1.2991E-01 -3.2896E-02  9.2968E-01
  5.6000E+01  1.2456E+00  6.6717E+00 -1.2991E-01 -3.2896E-02  9.2968E-01
  5.6000E+01  1.2456E+00  6.6717E+00 -1.2991E-01 -3.2896E-02  9.2968E-01
  5.6000E+01  1.2456E+00  6.6717E+00 -1.2991E-01 -3.2896E-02  9.2968E-01
  5.6000E+01  1.2456E+00  6.6717E+00 -1.2991E-01 -3.2896E-02  9.2968E-01
  5.7000E+01  2.1146E+00  9.6625E+00  4.6275E-01  2.8222E-01  8.3716E-01
  5.7000E+01  2.1146E+00  9.6625E+00  4.6275E-01  2.8222E-01  8.3716E-01
  5.7000E+01  2.1146E+00  9.6625E+00  4.6275E-01  2.8222E-01  8.3716E-01
  5.7000E+01  2.1146E+00  9.6625E+00  4.6275E-01  2.8222E-01  8.3716E-01
  5.7000E+01  2.1146E+00  9.6625E+00  4.6275E-01  2.8222E-01  8.3716E-01
  5.8000E+01  1.5402E+00  6.1724E+00  2.0348E-01 -1.3626E-01  8.0800E-01
  5.8000E+01  1.5402E+00  6.1724E+00  2.0348E-01 -1.3626E-01  8.0800E-01
  5.8000E+01  1.5402E+00  6.1724E+00  2.0348E-01 -1.3626E-01  8.0800E-01
  5.8000E+01  1.5402E+00  6.1724E+00  2.0348E-01 -1.3626E-01  8.0800E-01
  5.9000E+01  1.3319E+00  6.1346E+00  1.5872E-01  3.6347E-02  8.3553E-01
  5.9000E+01  1.3319E+00  6.1346E+00  1.5872E-01  3.6347E-02  8.3553E-01
  5.9000E+01  1.3319E+00  6.1346E+00  1.5872E-01  3.6347E-02  8.3553E-01
  5.9000E+01  1.3319E+00  6.1346E+00  1.5872E-01  3.6347E-02  8.3553E-01
  5.9000E+01  1.3319E+00  6.1346E+00  1.5872E-01  3.6347E-02  8.3553E-01
  6.0000E+01  2.0930E+00  1.0085E+01  1.3455E-01  8.1990E-02  9.5879E-01
  6.0000E+01  2.0930E+00  1.0085E+01  1.3455E-01  8.1990E-02  9.5879E-01
  6.0000E+01  2.0930E+00  1.0085E+01  1.3455E-01  8.1990E-02  9.5879E-01
  6.0000E+01  2.0930E+00  1.0085E+01  1.3455E-01  8.1990E-02  9.5879E-01
  6.1000E+01  4.5720E+00  2.2170E+01  3.7112E-01  1.9910E-01  9.9977E-01
  6.1000E+01  4.5720E+00  2.2170E+01  3.7112E-01  1.9910E-01  9.9977E-01
  6.1000E+01  4.5720E+00  2.2170E+01  3.7112E-01  1.9910E-01  9.9977E-01
  6.1000E+01  4.5720E+00  2.2170E+01  3.7112E-01  1.9910E-01  9.9977E-01
  6.1000E+01  4.5720E+00  2.2170E+01  3.7112E-01  1.9910E-01  9.9977E-01
  6.1000E+01  4.5720E+00  2.2170E+01  3.7112E-01  1.9910E-01  9.9977E-01
  6.1000E+01  4.5720E+00  2.2170E+01  3.7112E-01  1.9910E-01  9.9977E-01
  6.2000E+01  2.4468E+00  1.9076E+01 -1.6448E-01  1.6749E-01  9.9922E-01
  6.2000E+01  2.4468E+00  1.9076E+01 -1.6448E-01  1.6749E-01  9.9922E-01
  6.2000E+01  2.4468E+00  1.9076E+01 -1.6448E-01  1.6749E-01  9.9922E-01
  6.2000E+01  2.4468E+00  1.9076E+01 -1.6448E-01  1.6749E-01  9.9922E-01
  6.2000E+01  2.4468E+00  1.9076E+01 -1.6448E-01  1.6749E-01  9.9922E-01
  6.2000E+01  2.4468E+00  1.9076E+01 -1.6448E-01  1.6749E-01  9.9922E-01
  6.2000E+01  2.4468E+00  1.9076E+01 -1.6448E-01  1.6749E-01  9.9922E-01
  6.3000E+01  4.3276E+00  2.3339E+01  2.6789E-01  1.8602E-01  9.9972E-01
  6.3000E+01  4.3276E+00  2.3339E+01  2.6789E-01  1.8602E-01  9.9972E-01
  6.3000E+01  4.3276E+00  2.3339E+01  2.6789E-01  1.8602E-01  9.9972E-01
  6.3000E+01  4.3276E+00  2.3339E+01  2.6789E-01  1.8602E-01  9.9972E-01
  6.3000E+01  4.3276E+00  2.3339E+01  2.6789E-01  1.8602E-01  9.9972E-01
  6.3000E+01  4.3276E+00  2.3339E+01  2.6789E-01  1.8602E-01  9.9972E-01
  6.3000E+01  4.3276E+00  2.3339E+01  2.6789E-01  1.8602E-01  9.9972E-01
  6.4000E+01  3.1583E+00  1.5067E+01  2.6133E-01  1.5863E-01  9.9896E-01
  6.4000E+01  3.1583E+00  1.5067E+01  2.6133E-01  1.5863E-01  9.9896E-01
  6.4000E+01  3.1583E+00  1.5067E+01  2.6133E-01  1.5863E-01  9.9896E-01
  6.4000E+01  3.1583E+00  1.5067E+01  2.6133E-01  1.5863E-01  9.9896E-01
  6.4000E+01  3.1583E+00  1.5067E+01  2.6133E-01  1.5863E-01  9.9896E-01
  6.4000E+01  3.1583E+00  1.5067E+01  2.6133E-01  1.5863E-01  9.9896E-01
  6.4000E+01  3.1583E+00  1.5067E+01  2.6133E-01  1.5863E-01  9.9896E-01
  6.5000E+01  1.7953E+00  9.5090E+00 -6.0266E-02  5.3708E-03  9.8605E-01
  6.5000E+01  1.7953E+00  9.5090E+00 -6.0266E-02  5.3708E-03  9.8605E-01
  6.5000E+01  1.7953E+00  9.5090E+00 -6.0266E-02  5.3708E-03  9.8605E-01
  6.5000E+01  1.7953E+00  9.5090E+00 -6.0266E-02  5.3708E-03  9.8605E-01
  6.5000E+01  1.7953E+00  9.5090E+00 -6.0266E-02  5.3708E-03  9.8605E-01
  6.5000E+01  1.7953E+00  9.5090E+00 -6.0266E-02  5.3708E-03  9.8605E-01
  6.5000E+01  1.7953E+00  9.5090E+00 -6.0266E-02  5.3708E-03  9.8605E-01
  6.6000E+01  2.7087E+00  1.7247E+01 -6.8556E-02  5.9585E-02  9.9966E-01
  6.6000E+01  2.7087E+00  1.7247E+01 -6.8556E-02  5.9585E-02  9.9966E-01
  6.6000E+01  2.7087E+00  1.7247E+01 -6.8556E-02  5.9585E-02  9.9966E-01
  6.6000E+01  2.7087E+00  1.7247E+01 -6.8556E-02  5.9585E-02  9.9966E-01
  6.6000E+01  2.7087E+00  1.7247E+01 -6.8556E-02  5.9585E-02  9.9966E-01
  6.6000E+01  2.7087E+00  1.7247E+01 -6.8556E-02  5.9585E-02  9.9966E-01
  6.6000E+01  2.7087E+00  1.7247E+01 -6.8556E-02  5.9585E-02  9.9966E-01
  6.7000E+01  5.1147E+00  2.0192E+01  5.0142E-01  1.2974E-01  9.9969E-01
  6.7000E+01  5.1147E+00  2.0192E+01  5.0142E-01  1.2974E-01  9.9969E-01
  6.7000E+01  5.1147E+00  2.0192E+01  5.0142E-01  1.2974E-01  9.9969E-01
  6.7000E+01  5.1147E+00  2.0192E+01  5.0142E-01  1.2974E-01  9.9969E-01
  6.7000E+01  5.1147E+00  2.0192E+01  5.0142E-01  1.2974E-01  9.9969E-01
  6.7000E+01  5.1147E+00  2.0192E+01  5.0142E-01  1.2974E-01  9.9969E-01
  6.7000E+01  5.1147E+00  2.0192E+01  5.0142E-01  1.2974E-01  9.9969E-01
  6.8000E+01  2.5586E+00  1.3571E+01 -1.4406E-01 -2.0499E-01  9.9948E-01
  6.8000E+01  2.5586E+00  1.3571E+01 -1.4406E-01 -2.0499E-01  9.9948E-01
  6.8000E+01  2.5586E+00  1.3571E+01 -1.4406E-01 -2.0499E-01  9.9948E-01
  6.8000E+01  2.5586E+00  1.3571E+01 -1.4406E-01 -2.0499E-01  9.9948E-01
  6.8000E+01  2.5586E+00  1.3571E+01 -1.4406E-01 -2.0499E-01  9.9948E-01
  6.8000E+01  2.5586E+00  1.3571E+01 -1.4406E-01 -2.0499E-01  9.9948E-01
  6.8000E+01  2.5586E+00  1.3571E+01 -1.4406E-01 -2.0499E-01  9.9948E-01
  6.9000E+01  1.7337E+00  9.7407E+00  3.0092E-03  1.6908E-01  9.9252E-01
  6.9000E+01  1.7337E+00  9.7407E+00  3.0092E-03  1.6908E-01  9.9252E-01
  6.9000E+01  1.7337E+00  9.7407E+00  3.0092E-03  1.6908E-01  9.9252E-01
  6.9000E+01  1.7337E+00  9.7407E+00  3.0092E-03  1.6908E-01  9.9252E-01
  6.9000E+01  1.7337E+00  9.7407E+00  3.0092E-03  1.6908E-01  9.9252E-01
  6.9000E+01  1.7337E+00  9.7407E+00  3.0092E-03  1.6908E-01  9.9252E-01
  6.9000E+01  1.7337E+00  9.7407E+00  3.0092E-03  1.6908E-01  9.9252E-01
  7.0000E+01  2.8957E+00  1.8658E+01 -8.3529E-02  2.9523E-02  9.9982E-01
  7.0000E+01  2.8957E+00  1.8658E+01 -8.3529E-02  2.9523E-02  9.9982E-01
  7.0000E+01  2.8957E+00  1.8658E+01 -8.3529E-02  2.9523E-02  9.9982E-01
  7.0000E+01  2.8957E+00  1.8658E+01 -8.3529E-02  2.9523E-02  9.9982E-01
  7.0000E+01  2.8957E+00  1.8658E+01 -8.3529E-02  2.9523E-02  9.9982E-01
  7.0000E+01  2.8957E+00  1.8658E+01 -8.3529E-02  2.9523E-02  9.9982E-01
  7.0000E+01  2.8957E+00  1.8658E+01 -8.3529E-02  2.9523E-02  9.9982E-01
  7.1000E+01  1.7332E+00  9.5814E+00 -6.9225E-02  6.2903E-02  9.9718E-01
  7.1000E+01  1.7332E+00  9.5814E+00 -6.9225E-02  6.2903E-02  9.9718E-01
  7.1000E+01  1.7332E+00  9.5814E+00 -6.9225E-02  6.2903E-02  9.9718E-01
  7.1000E+01  1.7332E+00  9.5814E+00 -6.9225E-02  6.2903E-02  9.9718E-01
  7.1000E+01  1.7332E+00  9.5814E+00 -6.9225E-02  6.2903E-02  9.9718E-01
  7.1000E+01  1.7332E+00  9.5814E+00 -6.9225E-02  6.2903E-02  9.9718E-01
  7.1000E+01  1.7332E+00  9.5814E+00 -6.9225E-02  6.2903E-02  9.9718E-01
  7.2000E+01  1.3352E+00  7.4485E+00 -2.9544E-01 -1.5571E-01  9.8748E-01
  7.2000E+01  1.3352E+00  7.4485E+00 -2.9544E-01 -1.5571E-01  9.8748E-01
  7.2000E+01  1.3352E+00  7.4485E+00 -2.9544E-01 -1.5571E-01  9.8748E-01
  7.2000E+01  1.3352E+00  7.4485E+00 -2.9544E-01 -1.5571E-01  9.8748E-01
  7.2000E+01  1.3352E+00  7.4485E+00 -2.9544E-01 -1.5571E-01  9.8748E-01
  7.2000E+01  1.3352E+00  7.4485E+00 -2.9544E-01 -1.5571E-01  9.8748E-01
  7.2000E+01  1.3352E+00  7.4485E+00 -2.9544E-01 -1.5571E-01  9.8748E-01
  7.3000E+01  1.9293E+00  1.4715E+01 -2.7641E-01  7.5869E-02  9.9948E-01
  7.3000E+01  1.9293E+00  1.4715E+01 -2.7641E-01  7.5869E-02  9.9948E-01
  7.3000E+01  1.9293E+00  1.4715E+01 -2.7641E-01  7.5869E-02  9.9948E-01
  7.3000E+01  1.9293E+00  1.4715E+01 -2.7641E-01  7.5869E-02  9.9948E-01
  7.3000E+01  1.9293E+00  1.4715E+01 -2.7641E-01  7.5869E-02  9.9948E-01
  7.3000E+01  1.9293E+00  1.4715E+01 -2.7641E-01  7.5869E-02  9.9948E-01
  7.3000E+01  1.9293E+00  1.4715E+01 -2.7641E-01  7.5869E-02  9.9948E-01
  7.4000E+01  2.2185E+00  1.9400E+01 -3.7029E-01  4.1216E-02  9.9974E-01
  7.4000E+01  2.2185E+00  1.9400E+01 -3.7029E-01  4.1216E-02  9.9974E-01
  7.4000E+01  2.2185E+00  1.9400E+01 -3.7029E-01  4.1216E-02  9.9974E-01
  7.4000E+01  2.2185E+00  1.9400E+01 -3.7029E-01  4.1216E-02  9.9974E-01
  7.4000E+01  2.2185E+00  1.9400E+01 -3.7029E-01  4.1216E-02  9.9974E-01
  7.4000E+01  2.2185E+00  1.9400E+01 -3.7029E-01  4.1216E-02  9.9974E-01
  7.4000E+01  2.2185E+00  1.9400E+01 -3.7029E-01  4.1216E-02  9.9974E-01
  7.5000E+01  2.3784E+00  2.3887E+01 -2.5087E-01  3.1578E-01  9.9982E-01
  7.5000E+01  2.3784E+00  2.3887E+01 -2.5087E-01  3.1578E-01  9.9982E-01
  7.5000E+01  2.3784E+00  2.3887E+01 -2.5087E-01  3.1578E-01  9.9982E-01
  7.5000E+01  2.3784E+00  2.3887E+01 -2.5087E-01  3.1578E-01  9.9982E-01
  7.5000E+01  2.3784E+00  2.3887E+01 -2.5087E-01  3.1578E-01  9.9982E-01
  7.5000E+01  2.3784E+00  2.3887E+01 -2.5087E-01  3.1578E-01  9.9982E-01
  7.5000E+01  2.3784E+00  2.3887E+01 -2.5087E-01  3.1578E-01  9.9982E-01
  7.6000E+01  4.9849E+00  1.2503E+01  4.9611E-01 -3.2226E-01  9.9978E-01
  7.6000E+01  4.9849E+00  1.2503E+01  4.9611E-01 -3.2226E-01  9.9978E-01
  7.6000E+01  4.9849E+00  1.2503E+01  4.9611E-01 -3.2226E-01  9.9978E-01
  7.6000E+01  4.9849E+00  1.2503E+01  4.9611E-01 -3.2226E-01  9.9978E-01
  7.6000E+01  4.9849E+00  1.2503E+01  4.9611E-01 -3.2226E-01  9.9978E-01
  7.6000E+01  4.9849E+00  1.2503E+01  4.9611E-01 -3.2226E-01  9.9978E-01
  7.6000E+01  4.9849E+00  1.2503E+01  4.9611E-01 -3.2226E-01  9.9978E-01
  7.7000E+01  2.4812E+00  2.2483E+01 -1.9601E-01  2.7191E-01  9.9976E-01
  7.7000E+01  2.4812E+00  2.2483E+01 -1.9601E-01  2.7191E-01  9.9976E-01
  7.7000E+01  2.4812E+00  2.2483E+01 -1.9601E-01  2.7191E-01  9.9976E-01
  7.7000E+01  2.4812E+00  2.2483E+01 -1.9601E-01  2.7191E-01  9.9976E-01
  7.7000E+01  2.4812E+00  2.2483E+01 -1.9601E-01  2.7191E-01  9.9976E-01
  7.7000E+01  2.4812E+00  2.2483E+01 -1.9601E-01  2.7191E-01  9.9976E-01
  7.7000E+01  2.4812E+00  2.2483E+01 -1.9601E-01  2.7191E-01  9.9976E-01
  7.8000E+01  1.6004E+00  2.1313E+01 -4.9319E-01  4.0576E-01  9.9893E-01
  7.8000E+01  1.6004E+00  2.1313E+01 -4.9319E-01  4.0576E-01  9.9893E-01
  7.8000E+01  1.6004E+00  2.1313E+01 -4.9319E-01  4.0576E-01  9.9893E-01
  7.8000E+01  1.6004E+00  2.1313E+01 -4.9319E-01  4.0576E-01  9.9893E-01
  7.8000E+01  1.6004E+00  2.1313E+01 -4.9319E-01  4.0576E-01  9.9893E-01
  7.8000E+01  1.6004E+00  2.1313E+01 -4.9319E-01  4.0576E-01  9.9893E-01
  7.8000E+01  1.6004E+00  2.1313E+01 -4.9319E-01  4.0576E-01  9.9893E-01
  7.9000E+01  1.9889E+00  1.2021E+01 -1.5381E-01 -5.3257E-03  9.9811E-01
  7.9000E+01  1.9889E+00  1.2021E+01 -1.5381E-01 -5.3257E-03  9.9811E-01
  7.9000E+01  1.9889E+00  1.2021E+01 -1.5381E-01 -5.3257E-03  9.9811E-01
  7.9000E+01  1.9889E+00  1.2021E+01 -1.5381E-01 -5.3257E-03  9.9811E-01
  7.9000E+01  1.9889E+00  1.2021E+01 -1.5381E-01 -5.3257E-03  9.9811E-01
  7.9000E+01  1.9889E+00  1.2021E+01 -1.5381E-01 -5.3257E-03  9.9811E-01
  7.9000E+01  1.9889E+00  1.2021E+01 -1.5381E-01 -5.3257E-03  9.9811E-01
  8.0000E+01  2.2747E+00  1.4260E+01 -9.9090E-02  6.1041E-02  9.9927E-01
  8.0000E+01  2.2747E+00  1.4260E+01 -9.9090E-02  6.1041E-02  9.9927E-01
  8.0000E+01  2.2747E+00  1.4260E+01 -9.9090E-02  6.1041E-02  9.9927E-01
  8.0000E+01  2.2747E+00  1.4260E+01 -9.9090E-02  6.1041E-02  9.9927E-01
  8.0000E+01  2.2747E+00  1.4260E+01 -9.9090E-02  6.1041E-02  9.9927E-01
  8.0000E+01  2.2747E+00  1.4260E+01 -9.9090E-02  6.1041E-02  9.9927E-01
  8.0000E+01  2.2747E+00  1.4260E+01 -9.9090E-02  6.1041E-02  9.9927E-01
  8.1000E+01  4.2852E+00  1.8242E+01  2.8914E-01 -1.8809E-02  9.9980E-01
  8.1000E+01  4.2852E+00  1.8242E+01  2.8914E-01 -1.8809E-02  9.9980E-01
  8.1000E+01  4.2852E+00  1.8242E+01  2.8914E-01 -1.8809E-02  9.9980E-01
  8.1000E+01  4.2852E+00  1.8242E+01  2.8914E-01 -1.8809E-02  9.9980E-01
  8.1000E+01  4.2852E+00  1.8242E+01  2.8914E-01 -1.8809E-02  9.9980E-01
  8.1000E+01  4.2852E+00  1.8242E+01  2.8914E-01 -1.8809E-02  9.9980E-01
  8.1000E+01  4.2852E+00  1.8242E+01  2.8914E-01 -1.8809E-02  9.9980E-01
  8.2000E+01  2.0272E+00  1.2132E+01 -9.0134E-03  1.6885E-01  9.9609E-01
  8.2000E+01  2.0272E+00  1.2132E+01 -9.0134E-03  1.6885E-01  9.9609E-01
  8.2000E+01  2.0272E+00  1.2132E+01 -9.0134E-03  1.6885E-01  9.9609E-01
  8.2000E+01  2.0272E+00  1.2132E+01 -9.0134E-03  1.6885E-01  9.9609E-01
  8.2000E+01  2.0272E+00  1.2132E+01 -9.0134E-03  1.6885E-01  9.9609E-01
  8.2000E+01  2.0272E+00  1.2132E+01 -9.0134E-03  1.6885E-01  9.9609E-01
  8.2000E+01  2.0272E+00  1.2132E+01 -9.0134E-03  1.6885E-01  9.9609E-01
  8.3000E+01  2.1309E+00  1.2664E+01 -1.5038E-01 -3.9844E-02  9.9863E-01
  8.3000E+01  2.1309E+00  1.2664E+01 -1.5038E-01 -3.9844E-02  9.9863E-01
  8.3000E+01  2.1309E+00  1.2664E+01 -1.5038E-01 -3.9844E-02  9.9863E-01
  8.3000E+01  2.1309E+00  1.2664E+01 -1.5038E-01 -3.9844E-02  9.9863E-01
  8.3000E+01  2.1309E+00  1.2664E+01 -1.5038E-01 -3.9844E-02  9.9863E-01
  8.3000E+01  2.1309E+00  1.2664E+01 -1.5038E-01 -3.9844E-02  9.9863E-01
  8.3000E+01  2.1309E+00  1.2664E+01 -1.5038E-01 -3.9844E-02  9.9863E-01
  8.4000E+01  2.1258E+00  1.8197E+01 -3.5287E-01  5.7028E-02  9.9950E-01
  8.4000E+01  2.1258E+00  1.8197E+01 -3.5287E-01  5.7028E-02  9.9950E-01
  8.4000E+01  2.1258E+00  1.8197E+01 -3.5287E-01  5.7028E-02  9.9950E-01
  8.4000E+01  2.1258E+00  1.8197E+01 -3.5287E-01  5.7028E-02  9.9950E-01
  8.4000E+01  2.1258E+00  1.8197E+01 -3.5287E-01  5.7028E-02  9.9950E-01
  8.4000E+01  2.1258E+00  1.8197E+01 -3.5287E-01  5.7028E-02  9.9950E-01
  8.4000E+01  2.1258E+00  1.8197E+01 -3.5287E-01  5.7028E-02  9.9950E-01
  8.5000E+01  2.3948E+00  8.5221E+00  2.7119E-01 -3.4865E-02  9.9464E-01
  8.5000E+01  2.3948E+00  8.5221E+00  2.7119E-01 -3.4865E-02  9.9464E-01
  8.5000E+01  2.3948E+00  8.5221E+00  2.7119E-01 -3.4865E-02  9.9464E-01
  8.5000E+01  2.3948E+00  8.5221E+00  2.7119E-01 -3.4865E-02  9.9464E-01
  8.5000E+01  2.3948E+00  8.5221E+00  2.7119E-01 -3.4865E-02  9.9464E-01
  8.5000E+01  2.3948E+00  8.5221E+00  2.7119E-01 -3.4865E-02  9.9464E-01
  8.5000E+01  2.3948E+00  8.5221E+00  2.7119E-01 -3.4865E-02  9.9464E-01
  8.6000E+01  4.2663E+00  2.0190E+01  2.3650E-01  1.8159E-02  9.9964E-01
  8.6000E+01  4.2663E+00  2.0190E+01  2.3650E-01  1.8159E-02  9.9964E-01
  8.6000E+01  4.2663E+00  2.0190E+01  2.3650E-01  1.8159E-02  9.9964E-01
  8.6000E+01  4.2663E+00  2.0190E+01  2.3650E-01  1.8159E-02  9.9964E-01
  8.6000E+01  4.2663E+00  2.0190E+01  2.3650E-01  1.8159E-02  9.9964E-01
  8.6000E+01  4.2663E+00  2.0190E+01  2.3650E-01  1.8159E-02  9.9964E-01
  8.6000E+01  4.2663E+00  2.0190E+01  2.3650E-01  1.8159E-02  9.9964E-01
  8.7000E+01  2.1953E+00  9.2892E+00  1.4295E-01 -3.2910E-03  9.9491E-01
  8.7000E+01  2.1953E+00  9.2892E+00  1.4295E-01 -3.2910E-03  9.9491E-01
  8.7000E+01  2.1953E+00  9.2892E+00  1.4295E-01 -3.2910E-03  9.9491E-01
  8.7000E+01  2.1953E+00  9.2892E+00  1.4295E-01 -3.2910E-03  9.9491E-01
  8.7000E+01  2.1953E+00  9.2892E+00  1.4295E-01 -3.2910E-03  9.9491E-01
  8.7000E+01  2.1953E+00  9.2892E+00  1.4295E-01 -3.2910E-03  9.9491E-01
  8.7000E+01  2.1953E+00  9.2892E+00  1.4295E-01 -3.2910E-03  9.9491E-01
  8.8000E+01  2.4118E+00  7.1463E+00  1.3600E-01 -4.0386E-01  9.9220E-01
  8.8000E+01  2.4118E+00  7.1463E+00  1.3600E-01 -4.0386E-01  9.9220E-01
  8.8000E+01  2.4118E+00  7.1463E+00  1.3600E-01 -4.0386E-01  9.9220E-01
  8.8000E+01  2.4118E+00  7.1463E+00  1.3600E-01 -4.0386E-01  9.9220E-01
  8.8000E+01  2.4118E+00  7.1463E+00  1.3600E-01 -4.0386E-01  9.9220E-01
  8.8000E+01  2.4118E+00  7.1463E+00  1.3600E-01 -4.0386E-01  9.9220E-01
  8.8000E+01  2.4118E+00  7.1463E+00  1.3600E-01 -4.0386E-01  9.9220E-01
  8.9000E+01  3.7109E+00  1.4565E+01  2.3119E-01 -1.2941E-01  9.9969E-01
  8.9000E+01  3.7109E+00  1.4565E+01  2.3119E-01 -1.2941E-01  9.9969E-01
  8.9000E+01  3.7109E+00  1.4565E+01  2.3119E-01 -1.2941E-01  9.9969E-01
  8.9000E+01  3.7109E+00  1.4565E+01  2.3119E-01 -1.2941E-01  9.9969E-01
  8.9000E+01  3.7109E+00  1.4565E+01  2.3119E-01 -1.2941E-01  9.9969E-01
  8.9000E+01  3.7109E+00  1.4565E+01  2.3119E-01 -1.2941E-01  9.9969E-01
  8.9000E+01  3.7109E+00  1.4565E+01  2.3119E-01 -1.2941E-01  9.9969E-01
  9.0000E+01  2.2476E+00  1.4223E+01  3.8793E-02  2.5682E-01  9.9817E-01
  9.0000E+01  2.2476E+00  1.4223E+01  3.8793E-02  2.5682E-01  9.9817E-01
  9.0000E+01  2.2476E+00  1.4223E+01  3.8793E-02  2.5682E-01  9.9817E-01
  9.0000E+01  2.2476E+00  1.4223E+01  3.8793E-02  2.5682E-01  9.9817E-01
  9.0000E+01  2.2476E+00  1.4223E+01  3.8793E-02  2.5682E-01  9.9817E-01
  9.0000E+01  2.2476E+00  1.4223E+01  3.8793E-02  2.5682E-01  9.9817E-01
  9.0000E+01  2.2476E+00  1.4223E+01  3.8793E-02  2.5682E-01  9.9817E-01
  9.1000E+01  3.9853E+00  2.2533E+01 -4.7237E-02 -1.5921E-01  9.9988E-01
  9.1000E+01  3.9853E+00  2.2533E+01 -4.7237E-02 -1.5921E-01  9.9988E-01
  9.1000E+01  3.9853E+00  2.2533E+01 -4.7237E-02 -1.5921E-01  9.9988E-01
  9.1000E+01  3.9853E+00  2.2533E+01 -4.7237E-02 -1.5921E-01  9.9988E-01
  9.1000E+01  3.9853E+00  2.2533E+01 -4.7237E-02 -1.5921E-01  9.9988E-01
  9.1000E+01  3.9853E+00  2.2533E+01 -4.7237E-02 -1.5921E-01  9.9988E-01
  9.1000E+01  3.9853E+00  2.2533E+01 -4.7237E-02 -1.5921E-01  9.9988E-01
  9.2000E+01  3.4689E+00  2.5252E+01 -1.9061E-01 -5.1345E-02  9.9991E-01
  9.2000E+01  3.4689E+00  2.5252E+01 -1.9061E-01 -5.1345E-02  9.9991E-01
  9.2000E+01  3.4689E+00  2.5252E+01 -1.9061E-01 -5.1345E-02  9.9991E-01
  9.2000E+01  3.4689E+00  2.5252E+01 -1.9061E-01 -5.1345E-02  9.9991E-01
  9.2000E+01  3.4689E+00  2.5252E+01 -1.9061E-01 -5.1345E-02  9.9991E-01
  9.2000E+01  3.4689E+00  2.5252E+01 -1.9061E-01 -5.1345E-02  9.9991E-01
  9.2000E+01  3.4689E+00  2.5252E+01 -1.9061E-01 -5.1345E-02  9.9991E-01
  9.3000E+01  5.3378E+00  3.8734E+01 -4.3085E-02 -1.4017E-03  9.9995E-01
  9.3000E+01  5.3378E+00  3.8734E+01 -4.3085E-02 -1.4017E-03  9.9995E-01
  9.3000E+01  5.3378E+00  3.8734E+01 -4.3085E-02 -1.4017E-03  9.9995E-01
  9.3000E+01  5.3378E+00  3.8734E+01 -4.3085E-02 -1.4017E-03  9.9995E-01
  9.3000E+01  5.3378E+00  3.8734E+01 -4.3085E-02 -1.4017E-03  9.9995E-01
  9.3000E+01  5.3378E+00  3.8734E+01 -4.3085E-02 -1.4017E-03  9.9995E-01
  9.3000E+01  5.3378E+00  3.8734E+01 -4.3085E-02 -1.4017E-03  9.9995E-01
  9.4000E+01  8.3704E+00  2.8601E+01  4.5202E-01 -2.4439E-01  9.9995E-01
  9.4000E+01  8.3704E+00  2.8601E+01  4.5202E-01 -2.4439E-01  9.9995E-01
  9.4000E+01  8.3704E+00  2.8601E+01  4.5202E-01 -2.4439E-01  9.9995E-01
  9.4000E+01  8.3704E+00  2.8601E+01  4.5202E-01 -2.4439E-01  9.9995E-01
  9.4000E+01  8.3704E+00  2.8601E+01  4.5202E-01 -2.4439E-01  9.9995E-01
  9.4000E+01  8.3704E+00  2.8601E+01  4.5202E-01 -2.4439E-01  9.9995E-01
  9.4000E+01  8.3704E+00  2.8601E+01  4.5202E-01 -2.4439E-01  9.9995E-01
  9.5000E+01  5.5473E+00  3.9313E+01  6.9340E-02  1.1198E-01  9.9995E-01
  9.5000E+01  5.5473E+00  3.9313E+01  6.9340E-02  1.1198E-01  9.9995E-01
  9.5000E+01  5.5473E+00  3.9313E+01  6.9340E-02  1.1198E-01  9.9995E-01
  9.5000E+01  5.5473E+00  3.9313E+01  6.9340E-02  1.1198E-01  9.9995E-01
  9.5000E+01  5.5473E+00  3.9313E+01  6.9340E-02  1.1198E-01  9.9995E-01
  9.5000E+01  5.5473E+00  3.9313E+01  6.9340E-02  1.1198E-01  9.9995E-01
  9.5000E+01  5.5473E+00  3.9313E+01  6.9340E-02  1.1198E-01  9.9995E-01
  9.6000E+01  3.9261E+00  3.3573E+01 -2.8318E-01 -5.4994E-02  9.9994E-01
  9.6000E+01  3.9261E+00  3.3573E+01 -2.8318E-01 -5.4994E-02  9.9994E-01
  9.6000E+01  3.9261E+00  3.3573E+01 -2.8318E-01 -5.4994E-02  9.9994E-01
  9.6000E+01  3.9261E+00  3.3573E+01 -2.8318E-01 -5.4994E-02  9.9994E-01
  9.6000E+01  3.9261E+00  3.3573E+01 -2.8318E-01 -5.4994E-02  9.9994E-01
  9.6000E+01  3.9261E+00  3.3573E+01 -2.8318E-01 -5.4994E-02  9.9994E-01
  9.6000E+01  3.9261E+00  3.3573E+01 -2.8318E-01 -5.4994E-02  9.9994E-01
  9.7000E+01  3.9493E+00  2.8556E+01 -1.5631E-01 -5.5616E-02  9.9991E-01
  9.7000E+01  3.9493E+00  2.8556E+01 -1.5631E-01 -5.5616E-02  9.9991E-01
  9.7000E+01  3.9493E+00  2.8556E+01 -1.5631E-01 -5.5616E-02  9.9991E-01
  9.7000E+01  3.9493E+00  2.8556E+01 -1.5631E-01 -5.5616E-02  9.9991E-01
  9.7000E+01  3.9493E+00  2.8556E+01 -1.5631E-01 -5.5616E-02  9.9991E-01
  9.7000E+01  3.9493E+00  2.8556E+01 -1.5631E-01 -5.5616E-02  9.9991E-01
  9.7000E+01  3.9493E+00  2.8556E+01 -1.5631E-01 -5.5616E-02  9.9991E-01
  9.8000E+01  5.7058E+00  3.4121E+01  1.0892E-01 -1.4462E-02  9.9994E-01
  9.8000E+01  5.7058E+00  3.4121E+01  1.0892E-01 -1.4462E-02  9.9994E-01
  9.8000E+01  5.7058E+00  3.4121E+01  1.0892E-01 -1.4462E-02  9.9994E-01
  9.8000E+01  5.7058E+00  3.4121E+01  1.0892E-01 -1.4462E-02  9.9994E-01
  9.8000E+01  5.7058E+00  3.4121E+01  1.0892E-01 -1.4462E-02  9.9994E-01
  9.8000E+01  5.7058E+00  3.4121E+01  1.0892E-01 -1.4462E-02  9.9994E-01
  9.8000E+01  5.7058E+00  3.4121E+01  1.0892E-01 -1.4462E-02  9.9994E-01
  9.9000E+01  3.1187E+00  3.1895E+01 -4.1870E-01  1.9911E-02  9.9988E-01
  9.9000E+01  3.1187E+00  3.1895E+01 -4.1870E-01  1.9911E-02  9.9988E-01
  9.9000E+01  3.1187E+00  3.1895E+01 -4.1870E-01  1.9911E-02  9.9988E-01
  9.9000E+01  3.1187E+00  3.1895E+01 -4.1870E-01  1.9911E-02  9.9988E-01
  9.9000E+01  3.1187E+00  3.1895E+01 -4.1870E-01  1.9911E-02  9.9988E-01
  9.9000E+01  3.1187E+00  3.1895E+01 -4.1870E-01  1.9911E-02  9.9988E-01
  9.9000E+01  3.1187E+00  3.1895E+01 -4.1870E-01  1.9911E-02  9.9988E-01
  1.0000E+02  4.1461E+00  3.6508E+01 -1.7156E-01  1.0489E-01  9.9990E-01
  1.0000E+02  4.1461E+00  3.6508E+01 -1.7156E-01  1.0489E-01  9.9990E-01
  1.0000E+02  4.1461E+00  3.6508E+01 -1.7156E-01  1.0489E-01  9.9990E-01
  1.0000E+02  4.1461E+00  3.6508E+01 -1.7156E-01  1.0489E-01  9.9990E-01
  1.0000E+02  4.1461E+00  3.6508E+01 -1.7156E-01  1.0489E-01  9.9990E-01
  1.0000E+02  4.1461E+00  3.6508E+01 -1.7156E-01  1.0489E-01  9.9990E-01
  1.0000E+02  4.1461E+00  3.6508E+01 -1.7156E-01  1.0489E-01  9.9990E-01
  1.0100E+02  2.3453E+00  1.5738E+01 -3.7693E-01 -2.5076E-01  9.9986E-01
  1.0100E+02  2.3453E+00  1.5738E+01 -3.7693E-01 -2.5076E-01  9.9986E-01
  1.0100E+02  2.3453E+00  1.5738E+01 -3.7693E-01 -2.5076E-01  9.9986E-01
  1.0100E+02  2.3453E+00  1.5738E+01 -3.7693E-01 -2.5076E-01  9.9986E-01
  1.0100E+02  2.3453E+00  1.5738E+01 -3.7693E-01 -2.5076E-01  9.9986E-01
  1.0100E+02  2.3453E+00  1.5738E+01 -3.7693E-01 -2.5076E-01  9.9986E-01
  1.0100E+02  2.3453E+00  1.5738E+01 -3.7693E-01 -2.5076E-01  9.9986E-01
  1.0200E+02  3.8963E+00  1.9214E+01 -5.4373E-02 -2.9782E-01  9.9994E-01
  1.0200E+02  3.8963E+00  1.9214E+01 -5.4373E-02 -2.9782E-01  9.9994E-01
  1.0200E+02  3.8963E+00  1.9214E+01 -5.4373E-02 -2.9782E-01  9.9994E-01
  1.0200E+02  3.8963E+00  1.9214E+01 -5.4373E-02 -2.9782E-01  9.9994E-01
  1.0200E+02  3.8963E+00  1.9214E+01 -5.4373E-02 -2.9782E-01  9.9994E-01
  1.0200E+02  3.8963E+00  1.9214E+01 -5.4373E-02 -2.9782E-01  9.9994E-01
  1.0200E+02  3.8963E+00  1.9214E+01 -5.4373E-02 -2.9782E-01  9.9994E-01
  1.0300E+02  8.8453E+00  3.6402E+01  4.3714E-01 -9.6656E-02  9.9995E-01
  1.0300E+02  8.8453E+00  3.6402E+01  4.3714E-01 -9.6656E-02  9.9995E-01
  1.0300E+02  8.8453E+00  3.6402E+01  4.3714E-01 -9.6656E-02  9.9995E-01
  1.0300E+02  8.8453E+00  3.6402E+01  4.3714E-01 -9.6656E-02  9.9995E-01
  1.0300E+02  8.8453E+00  3.6402E+01  4.3714E-01 -9.6656E-02  9.9995E-01
  1.0300E+02  8.8453E+00  3.6402E+01  4.3714E-01 -9.6656E-02  9.9995E-01
  1.0300E+02  8.8453E+00  3.6402E+01  4.3714E-01 -9.6656E-02  9.9995E-01
  1.0400E+02  5.2291E+00  5.1750E+01  5.3427E-02  4.4436E-01  9.9992E-01
  1.0400E+02  5.2291E+00  5.1750E+01  5.3427E-02  4.4436E-01  9.9992E-01
  1.0400E+02  5.2291E+00  5.1750E+01  5.3427E-02  4.4436E-01  9.9992E-01
  1.0400E+02  5.2291E+00  5.1750E+01  5.3427E-02  4.4436E-01  9.9992E-01
  1.0400E+02  5.2291E+00  5.1750E+01  5.3427E-02  4.4436E-01  9.9992E-01
  1.0400E+02  5.2291E+00  5.1750E+01  5.3427E-02  4.4436E-01  9.9992E-01
  1.0400E+02  5.2291E+00  5.1750E+01  5.3427E-02  4.4436E-01  9.9992E-01
  1.0500E+02  7.5128E+00  2.3206E+01  5.5115E-01 -1.7725E-01  9.9987E-01
  1.0500E+02  7.5128E+00  2.3206E+01  5.5115E-01 -1.7725E-01  9.9987E-01
  1.0500E+02  7.5128E+00  2.3206E+01  5.5115E-01 -1.7725E-01  9.9987E-01
  1.0500E+02  7.5128E+00  2.3206E+01  5.5115E-01 -1.7725E-01  9.9987E-01
  1.0500E+02  7.5128E+00  2.3206E+01  5.5115E-01 -1.7725E-01  9.9987E-01
  1.0500E+02  7.5128E+00  2.3206E+01  5.5115E-01 -1.7725E-01  9.9987E-01
  1.0500E+02  7.5128E+00  2.3206E+01  5.5115E-01 -1.7725E-01  9.9987E-01
  1.0600E+02  2.7839E+00  4.6418E+01 -5.3756E-01  3.8819E-01  9.9993E-01
  1.0600E+02  2.7839E+00  4.6418E+01 -5.3756E-01  3.8819E-01  9.9993E-01
  1.0600E+02  2.7839E+00  4.6418E+01 -5.3756E-01  3.8819E-01  9.9993E-01
  1.0600E+02  2.7839E+00  4.6418E+01 -5.3756E-01  3.8819E-01  9.9993E-01
  1.0600E+02  2.7839E+00  4.6418E+01 -5.3756E-01  3.8819E-01  9.9993E-01
  1.0600E+02  2.7839E+00  4.6418E+01 -5.3756E-01  3.8819E-01  9.9993E-01
  1.0600E+02  2.7839E+00  4.6418E+01 -5.3756E-01  3.8819E-01  9.9993E-01
  1.0700E+02  8.0782E+00  4.6646E+01  4.0325E-01  2.2708E-01  9.9994E-01
  1.0700E+02  8.0782E+00  4.6646E+01  4.0325E-01  2.2708E-01  9.9994E-01
  1.0700E+02  8.0782E+00  4.6646E+01  4.0325E-01  2.2708E-01  9.9994E-01
  1.0700E+02  8.0782E+00  4.6646E+01  4.0325E-01  2.2708E-01  9.9994E-01
  1.0700E+02  8.0782E+00  4.6646E+01  4.0325E-01  2.2708E-01  9.9994E-01
  1.0700E+02  8.0782E+00  4.6646E+01  4.0325E-01  2.2708E-01  9.9994E-01
  1.0700E+02  8.0782E+00  4.6646E+01  4.0325E-01  2.2708E-01  9.9994E-01
  1.0800E+02  5.5525E+00  3.8841E+01  8.0941E-02  1.1409E-01  9.9992E-01
  1.0800E+02  5.5525E+00  3.8841E+01  8.0941E-02  1.1409E-01  9.9992E-01
  1.0800E+02  5.5525E+00  3.8841E+01  8.0941E-02  1.1409E-01  9.9992E-01
  1.0800E+02  5.5525E+00  3.8841E+01  8.0941E-02  1.1409E-01  9.9992E-01
  1.0800E+02  5.5525E+00  3.8841E+01  8.0941E-02  1.1409E-01  9.9992E-01
  1.0800E+02  5.5525E+00  3.8841E+01  8.0941E-02  1.1409E-01  9.9992E-01
  1.0800E+02  5.5525E+00  3.8841E+01  8.0941E-02  1.1409E-01  9.9992E-01
  1.0900E+02  4.8965E+00  2.2570E+01  1.4749E-01 -1.7248E-01  9.9984E-01
  1.0900E+02  4.8965E+00  2.2570E+01  1.4749E-01 -1.7248E-01  9.9984E-01
  1.0900E+02  4.8965E+00  2.2570E+01  1.4749E-01 -1.7248E-01  9.9984E-01
  1.0900E+02  4.8965E+00  2.2570E+01  1.4749E-01 -1.7248E-01  9.9984E-01
  1.0900E+02  4.8965E+00  2.2570E+01  1.4749E-01 -1.7248E-01  9.9984E-01
  1.0900E+02  4.8965E+00  2.2570E+01  1.4749E-01 -1.7248E-01  9.9984E-01
  1.0900E+02  4.8965E+00  2.2570E+01  1.4749E-01 -1.7248E-01  9.9984E-01
  1.1000E+02  5.3028E+00  2.1189E+01 -3.5262E-02 -5.8545E-01  9.9995E-01
  1.1000E+02  5.3028E+00  2.1189E+01 -3.5262E-02 -5.8545E-01  9.9995E-01
  1.1000E+02  5.3028E+00  2.1189E+01 -3.5262E-02 -5.8545E-01  9.9995E-01
  1.1000E+02  5.3028E+00  2.1189E+01 -3.5262E-02 -5.8545E-01  9.9995E-01
  1.1000E+02  5.3028E+00  2.1189E+01 -3.5262E-02 -5.8545E-01  9.9995E-01
  1.1000E+02  5.3028E+00  2.1189E+01 -3.5262E-02 -5.8545E-01  9.9995E-01
  1.1000E+02  5.3028E+00  2.1189E+01 -3.5262E-02 -5.8545E-01  9.9995E-01
  1.1100E+02  4.9010E+00  2.2024E+01  1.8539E-01 -1.4767E-01  9.9986E-01
  1.1100E+02  4.9010E+00  2.2024E+01  1.8539E-01 -1.4767E-01  9.9986E-01
  1.1100E+02  4.9010E+00  2.2024E+01  1.8539E-01 -1.4767E-01  9.9986E-01
  1.1100E+02  4.9010E+00  2.2024E+01  1.8539E-01 -1.4767E-01  9.9986E-01
  1.1100E+02  4.9010E+00  2.2024E+01  1.8539E-01 -1.4767E-01  9.9986E-01
  1.1100E+02  4.9010E+00  2.2024E+01  1.8539E-01 -1.4767E-01  9.9986E-01
  1.1100E+02  4.9010E+00  2.2024E+01  1.8539E-01 -1.4767E-01  9.9986E-01
  1.1200E+02  5.9473E+00  2.0632E+01  2.3596E-01 -4.0345E-01  9.9992E-01
  1.1200E+02  5.9473E+00  2.0632E+01  2.3596E-01 -4.0345E-01  9.9992E-01
  1.1200E+02  5.9473E+00  2.0632E+01  2.3596E-01 -4.0345E-01  9.9992E-01
  1.1200E+02  5.9473E+00  2.0632E+01  2.3596E-01 -4.0345E-01  9.9992E-01
  1.1200E+02  5.9473E+00  2.0632E+01  2.3596E-01 -4.0345E-01  9.9992E-01
  1.1200E+02  5.9473E+00  2.0632E+01  2.3596E-01 -4.0345E-01  9.9992E-01
  1.1200E+02  5.9473E+00  2.0632E+01  2.3596E-01 -4.0345E-01  9.9992E-01
  1.1300E+02  5.3132E+00  3.3724E+01  1.2714E-01  9.3144E-02  9.9991E-01
  1.1300E+02  5.3132E+00  3.3724E+01  1.2714E-01  9.3144E-02  9.9991E-01
  1.1300E+02  5.3132E+00  3.3724E+01  1.2714E-01  9.3144E-02  9.9991E-01
  1.1300E+02  5.3132E+00  3.3724E+01  1.2714E-01  9.3144E-02  9.9991E-01
  1.1300E+02  5.3132E+00  3.3724E+01  1.2714E-01  9.3144E-02  9.9991E-01
  1.1300E+02  5.3132E+00  3.3724E+01  1.2714E-01  9.3144E-02  9.9991E-01
  1.1300E+02  5.3132E+00  3.3724E+01  1.2714E-01  9.3144E-02  9.9991E-01
  1.1400E+02  4.0492E+00  2.8655E+01 -4.7394E-02  5.9802E-02  9.9992E-01
  1.1400E+02  4.0492E+00  2.8655E+01 -4.7394E-02  5.9802E-02  9.9992E-01
  1.1400E+02  4.0492E+00  2.8655E+01 -4.7394E-02  5.9802E-02  9.9992E-01
  1.1400E+02  4.0492E+00  2.8655E+01 -4.7394E-02  5.9802E-02  9.9992E-01
  1.1400E+02  4.0492E+00  2.8655E+01 -4.7394E-02  5.9802E-02  9.9992E-01
  1.1400E+02  4.0492E+00  2.8655E+01 -4.7394E-02  5.9802E-02  9.9992E-01
  1.1400E+02  4.0492E+00  2.8655E+01 -4.7394E-02  5.9802E-02  9.9992E-01
  1.1500E+02  5.3098E+00  2.0946E+01  4.0840E-01 -7.3051E-03  9.9988E-01
  1.1500E+02  5.3098E+00  2.0946E+01  4.0840E-01 -7.3051E-03  9.9988E-01
  1.1500E+02  5.3098E+00  2.0946E+01  4.0840E-01 -7.3051E-03  9.9988E-01
  1.1500E+02  5.3098E+00  2.0946E+01  4.0840E-01 -7.3051E-03  9.9988E-01
  1.1500E+02  5.3098E+00  2.0946E+01  4.0840E-01 -7.3051E-03  9.9988E-01
  1.1500E+02  5.3098E+00  2.0946E+01  4.0840E-01 -7.3051E-03  9.9988E-01
  1.1500E+02  5.3098E+00  2.0946E+01  4.0840E-01 -7.3051E-03  9.9988E-01
  1.1600E+02  3.3171E+00  3.4369E+01 -4.7641E-01 -6.4465E-02  9.9993E-01
  1.1600E+02  3.3171E+00  3.4369E+01 -4.7641E-01 -6.4465E-02  9.9993E-01
  1.1600E+02  3.3171E+00  3.4369E+01 -4.7641E-01 -6.4465E-02  9.9993E-01
  1.1600E+02  3.3171E+00  3.4369E+01 -4.7641E-01 -6.4465E-02  9.9993E-01
  1.1600E+02  3.3171E+00  3.4369E+01 -4.7641E-01 -6.4465E-02  9.9993E-01
  1.1600E+02  3.3171E+00  3.4369E+01 -4.7641E-01 -6.4465E-02  9.9993E-01
  1.1600E+02  3.3171E+00  3.4369E+01 -4.7641E-01 -6.4465E-02  9.9993E-01
  1.1700E+02  6.7185E+00  3.4601E+01  4.7839E-01  2.7429E-01  9.9993E-01
  1.1700E+02  6.7185E+00  3.4601E+01  4.7839E-01  2.7429E-01  9.9993E-01
  1.1700E+02  6.7185E+00  3.4601E+01  4.7839E-01  2.7429E-01  9.9993E-01
  1.1700E+02  6.7185E+00  3.4601E+01  4.7839E-01  2.7429E-01  9.9993E-01
  1.1700E+02  6.7185E+00  3.4601E+01  4.7839E-01  2.7429E-01  9.9993E-01
  1.1700E+02  6.7185E+00  3.4601E+01  4.7839E-01  2.7429E-01  9.9993E-01
  1.1700E+02  6.7185E+00  3.4601E+01  4.7839E-01  2.7429E-01  9.9993E-01
  1.1800E+02  3.0418E+00  2.9494E+01 -4.6887E-01 -9.1869E-02  9.9993E-01
  1.1800E+02  3.0418E+00  2.9494E+01 -4.6887E-01 -9.1869E-02  9.9993E-01
  1.1800E+02  3.0418E+00  2.9494E+01 -4.6887E-01 -9.1869E-02  9.9993E-01
  1.1800E+02  3.0418E+00  2.9494E+01 -4.6887E-01 -9.1869E-02  9.9993E-01
  1.1800E+02  3.0418E+00  2.9494E+01 -4.6887E-01 -9.1869E-02  9.9993E-01
  1.1800E+02  3.0418E+00  2.9494E+01 -4.6887E-01 -9.1869E-02  9.9993E-01
  1.1800E+02  3.0418E+00  2.9494E+01 -4.6887E-01 -9.1869E-02  9.9993E-01
  1.1900E+02  2.9550E+00  1.9646E+01 -2.5070E-01 -1.6884E-01  9.9982E-01
  1.1900E+02  2.9550E+00  1.9646E+01 -2.5070E-01 -1.6884E-01  9.9982E-01
  1.1900E+02  2.9550E+00  1.9646E+01 -2.5070E-01 -1.6884E-01  9.9982E-01
  1.1900E+02  2.9550E+00  1.9646E+01 -2.5070E-01 -1.6884E-01  9.9982E-01
  1.1900E+02  2.9550E+00  1.9646E+01 -2.5070E-01 -1.6884E-01  9.9982E-01
  1.1900E+02  2.9550E+00  1.9646E+01 -2.5070E-01 -1.6884E-01  9.9982E-01
  1.1900E+02  2.9550E+00  1.9646E+01 -2.5070E-01 -1.6884E-01  9.9982E-01
  1.2000E+02  5.7126E+00  3.4819E+01 -8.6579E-03 -1.5253E-01  9.9995E-01
  1.2000E+02  5.7126E+00  3.4819E+01 -8.6579E-03 -1.5253E-01  9.9995E-01
  1.2000E+02  5.7126E+00  3.4819E+01 -8.6579E-03 -1.5253E-01  9.9995E-01
  1.2000E+02  5.7126E+00  3.4819E+01 -8.6579E-03 -1.5253E-01  9.9995E-01
  1.2000E+02  5.7126E+00  3.4819E+01 -8.6579E-03 -1.5253E-01  9.9995E-01
  1.2000E+02  5.7126E+00  3.4819E+01 -8.6579E-03 -1.5253E-01  9.9995E-01
  1.2000E+02  5.7126E+00  3.4819E+01 -8.6579E-03 -1.5253E-01  9.9995E-01
