TABLE NO.  2
 ID          KA          CL          V           ETA1        ETA2        ETA3
  1.0000E+00  8.9099E-01  1.5000E-01  8.5183E+00 -5.6955E-01 -2.7348E-02  8.5410E-02
  1.0000E+00  8.9099E-01  1.5000E-01  8.5183E+00 -5.6955E-01 -2.7348E-02  8.5410E-02
  1.0000E+00  8.9099E-01  1.5000E-01  8.5183E+00 -5.6955E-01 -2.7348E-02  8.5410E-02
  1.0000E+00  8.9099E-01  1.5000E-01  8.5183E+00 -5.6955E-01 -2.7348E-02  8.5410E-02
  1.0000E+00  8.9099E-01  1.5000E-01  8.5183E+00 -5.6955E-01 -2.7348E-02  8.5410E-02
  1.0000E+00  8.9099E-01  1.5000E-01  8.5183E+00 -5.6955E-01 -2.7348E-02  8.5410E-02
  1.0000E+00  8.9099E-01  1.5000E-01  8.5183E+00 -5.6955E-01 -2.7348E-02  8.5410E-02
  1.0000E+00  8.9099E-01  1.5000E-01  8.5183E+00 -5.6955E-01 -2.7348E-02  8.5410E-02
  1.0000E+00  8.9099E-01  1.5000E-01  8.5183E+00 -5.6955E-01 -2.7348E-02  8.5410E-02
  1.0000E+00  8.9099E-01  1.5000E-01  8.5183E+00 -5.6955E-01 -2.7348E-02  8.5410E-02
  2.0000E+00  1.6267E+00  1.6213E-01  9.3866E+00  3.2419E-02  5.0467E-02  1.8247E-01
  2.0000E+00  1.6267E+00  1.6213E-01  9.3866E+00  3.2419E-02  5.0467E-02  1.8247E-01
  2.0000E+00  1.6267E+00  1.6213E-01  9.3866E+00  3.2419E-02  5.0467E-02  1.8247E-01
  2.0000E+00  1.6267E+00  1.6213E-01  9.3866E+00  3.2419E-02  5.0467E-02  1.8247E-01
  2.0000E+00  1.6267E+00  1.6213E-01  9.3866E+00  3.2419E-02  5.0467E-02  1.8247E-01
  2.0000E+00  1.6267E+00  1.6213E-01  9.3866E+00  3.2419E-02  5.0467E-02  1.8247E-01
  2.0000E+00  1.6267E+00  1.6213E-01  9.3866E+00  3.2419E-02  5.0467E-02  1.8247E-01
  2.0000E+00  1.6267E+00  1.6213E-01  9.3866E+00  3.2419E-02  5.0467E-02  1.8247E-01
  2.0000E+00  1.6267E+00  1.6213E-01  9.3866E+00  3.2419E-02  5.0467E-02  1.8247E-01
  2.0000E+00  1.6267E+00  1.6213E-01  9.3866E+00  3.2419E-02  5.0467E-02  1.8247E-01
  3.0000E+00  1.3116E+00  1.8483E-01  7.7834E+00 -1.8290E-01  1.8148E-01 -4.8154E-03
  3.0000E+00  1.3116E+00  1.8483E-01  7.7834E+00 -1.8290E-01  1.8148E-01 -4.8154E-03
  3.0000E+00  1.3116E+00  1.8483E-01  7.7834E+00 -1.8290E-01  1.8148E-01 -4.8154E-03
  3.0000E+00  1.3116E+00  1.8483E-01  7.7834E+00 -1.8290E-01  1.8148E-01 -4.8154E-03
  3.0000E+00  1.3116E+00  1.8483E-01  7.7834E+00 -1.8290E-01  1.8148E-01 -4.8154E-03
  3.0000E+00  1.3116E+00  1.8483E-01  7.7834E+00 -1.8290E-01  1.8148E-01 -4.8154E-03
  3.0000E+00  1.3116E+00  1.8483E-01  7.7834E+00 -1.8290E-01  1.8148E-01 -4.8154E-03
  3.0000E+00  1.3116E+00  1.8483E-01  7.7834E+00 -1.8290E-01  1.8148E-01 -4.8154E-03
  3.0000E+00  1.3116E+00  1.8483E-01  7.7834E+00 -1.8290E-01  1.8148E-01 -4.8154E-03
  3.0000E+00  1.3116E+00  1.8483E-01  7.7834E+00 -1.8290E-01  1.8148E-01 -4.8154E-03
  4.0000E+00  8.2932E-01  1.2249E-01  1.0969E+01 -6.4127E-01 -2.2992E-01  3.3825E-01
  4.0000E+00  8.2932E-01  1.2249E-01  1.0969E+01 -6.4127E-01 -2.2992E-01  3.3825E-01
  4.0000E+00  8.2932E-01  1.2249E-01  1.0969E+01 -6.4127E-01 -2.2992E-01  3.3825E-01
  4.0000E+00  8.2932E-01  1.2249E-01  1.0969E+01 -6.4127E-01 -2.2992E-01  3.3825E-01
  4.0000E+00  8.2932E-01  1.2249E-01  1.0969E+01 -6.4127E-01 -2.2992E-01  3.3825E-01
  4.0000E+00  8.2932E-01  1.2249E-01  1.0969E+01 -6.4127E-01 -2.2992E-01  3.3825E-01
  4.0000E+00  8.2932E-01  1.2249E-01  1.0969E+01 -6.4127E-01 -2.2992E-01  3.3825E-01
  4.0000E+00  8.2932E-01  1.2249E-01  1.0969E+01 -6.4127E-01 -2.2992E-01  3.3825E-01
  4.0000E+00  8.2932E-01  1.2249E-01  1.0969E+01 -6.4127E-01 -2.2992E-01  3.3825E-01
  4.0000E+00  8.2932E-01  1.2249E-01  1.0969E+01 -6.4127E-01 -2.2992E-01  3.3825E-01
  5.0000E+00  2.3147E+00  1.0844E-01  7.1334E+00  3.8518E-01 -3.5174E-01 -9.2019E-02
  5.0000E+00  2.3147E+00  1.0844E-01  7.1334E+00  3.8518E-01 -3.5174E-01 -9.2019E-02
  5.0000E+00  2.3147E+00  1.0844E-01  7.1334E+00  3.8518E-01 -3.5174E-01 -9.2019E-02
  5.0000E+00  2.3147E+00  1.0844E-01  7.1334E+00  3.8518E-01 -3.5174E-01 -9.2019E-02
  5.0000E+00  2.3147E+00  1.0844E-01  7.1334E+00  3.8518E-01 -3.5174E-01 -9.2019E-02
  5.0000E+00  2.3147E+00  1.0844E-01  7.1334E+00  3.8518E-01 -3.5174E-01 -9.2019E-02
  5.0000E+00  2.3147E+00  1.0844E-01  7.1334E+00  3.8518E-01 -3.5174E-01 -9.2019E-02
  5.0000E+00  2.3147E+00  1.0844E-01  7.1334E+00  3.8518E-01 -3.5174E-01 -9.2019E-02
  5.0000E+00  2.3147E+00  1.0844E-01  7.1334E+00  3.8518E-01 -3.5174E-01 -9.2019E-02
  5.0000E+00  2.3147E+00  1.0844E-01  7.1334E+00  3.8518E-01 -3.5174E-01 -9.2019E-02
  6.0000E+00  1.9575E+00  2.4012E-01  7.6649E+00  2.1756E-01  4.4319E-01 -2.0161E-02
  6.0000E+00  1.9575E+00  2.4012E-01  7.6649E+00  2.1756E-01  4.4319E-01 -2.0161E-02
  6.0000E+00  1.9575E+00  2.4012E-01  7.6649E+00  2.1756E-01  4.4319E-01 -2.0161E-02
  6.0000E+00  1.9575E+00  2.4012E-01  7.6649E+00  2.1756E-01  4.4319E-01 -2.0161E-02
  6.0000E+00  1.9575E+00  2.4012E-01  7.6649E+00  2.1756E-01  4.4319E-01 -2.0161E-02
  6.0000E+00  1.9575E+00  2.4012E-01  7.6649E+00  2.1756E-01  4.4319E-01 -2.0161E-02
  6.0000E+00  1.9575E+00  2.4012E-01  7.6649E+00  2.1756E-01  4.4319E-01 -2.0161E-02
  6.0000E+00  1.9575E+00  2.4012E-01  7.6649E+00  2.1756E-01  4.4319E-01 -2.0161E-02
  6.0000E+00  1.9575E+00  2.4012E-01  7.6649E+00  2.1756E-01  4.4319E-01 -2.0161E-02
  6.0000E+00  1.9575E+00  2.4012E-01  7.6649E+00  2.1756E-01  4.4319E-01 -2.0161E-02
  7.0000E+00  1.1693E+00  1.8948E-01  8.4801E+00 -2.9770E-01  2.0634E-01  8.0910E-02
  7.0000E+00  1.1693E+00  1.8948E-01  8.4801E+00 -2.9770E-01  2.0634E-01  8.0910E-02
  7.0000E+00  1.1693E+00  1.8948E-01  8.4801E+00 -2.9770E-01  2.0634E-01  8.0910E-02
  7.0000E+00  1.1693E+00  1.8948E-01  8.4801E+00 -2.9770E-01  2.0634E-01  8.0910E-02
  7.0000E+00  1.1693E+00  1.8948E-01  8.4801E+00 -2.9770E-01  2.0634E-01  8.0910E-02
  7.0000E+00  1.1693E+00  1.8948E-01  8.4801E+00 -2.9770E-01  2.0634E-01  8.0910E-02
  7.0000E+00  1.1693E+00  1.8948E-01  8.4801E+00 -2.9770E-01  2.0634E-01  8.0910E-02
  7.0000E+00  1.1693E+00  1.8948E-01  8.4801E+00 -2.9770E-01  2.0634E-01  8.0910E-02
  7.0000E+00  1.1693E+00  1.8948E-01  8.4801E+00 -2.9770E-01  2.0634E-01  8.0910E-02
  7.0000E+00  1.1693E+00  1.8948E-01  8.4801E+00 -2.9770E-01  2.0634E-01  8.0910E-02
  8.0000E+00  1.2179E+00  1.4050E-01  7.2395E+00 -2.5697E-01 -9.2753E-02 -7.7250E-02
  8.0000E+00  1.2179E+00  1.4050E-01  7.2395E+00 -2.5697E-01 -9.2753E-02 -7.7250E-02
  8.0000E+00  1.2179E+00  1.4050E-01  7.2395E+00 -2.5697E-01 -9.2753E-02 -7.7250E-02
  8.0000E+00  1.2179E+00  1.4050E-01  7.2395E+00 -2.5697E-01 -9.2753E-02 -7.7250E-02
  8.0000E+00  1.2179E+00  1.4050E-01  7.2395E+00 -2.5697E-01 -9.2753E-02 -7.7250E-02
  8.0000E+00  1.2179E+00  1.4050E-01  7.2395E+00 -2.5697E-01 -9.2753E-02 -7.7250E-02
  8.0000E+00  1.2179E+00  1.4050E-01  7.2395E+00 -2.5697E-01 -9.2753E-02 -7.7250E-02
  8.0000E+00  1.2179E+00  1.4050E-01  7.2395E+00 -2.5697E-01 -9.2753E-02 -7.7250E-02
  8.0000E+00  1.2179E+00  1.4050E-01  7.2395E+00 -2.5697E-01 -9.2753E-02 -7.7250E-02
  8.0000E+00  1.2179E+00  1.4050E-01  7.2395E+00 -2.5697E-01 -9.2753E-02 -7.7250E-02
  9.0000E+00  1.6614E+00  1.7689E-01  9.3522E+00  5.3555E-02  1.3758E-01  1.7880E-01
  9.0000E+00  1.6614E+00  1.7689E-01  9.3522E+00  5.3555E-02  1.3758E-01  1.7880E-01
  9.0000E+00  1.6614E+00  1.7689E-01  9.3522E+00  5.3555E-02  1.3758E-01  1.7880E-01
  9.0000E+00  1.6614E+00  1.7689E-01  9.3522E+00  5.3555E-02  1.3758E-01  1.7880E-01
  9.0000E+00  1.6614E+00  1.7689E-01  9.3522E+00  5.3555E-02  1.3758E-01  1.7880E-01
  9.0000E+00  1.6614E+00  1.7689E-01  9.3522E+00  5.3555E-02  1.3758E-01  1.7880E-01
  9.0000E+00  1.6614E+00  1.7689E-01  9.3522E+00  5.3555E-02  1.3758E-01  1.7880E-01
  9.0000E+00  1.6614E+00  1.7689E-01  9.3522E+00  5.3555E-02  1.3758E-01  1.7880E-01
  9.0000E+00  1.6614E+00  1.7689E-01  9.3522E+00  5.3555E-02  1.3758E-01  1.7880E-01
  9.0000E+00  1.6614E+00  1.7689E-01  9.3522E+00  5.3555E-02  1.3758E-01  1.7880E-01
  1.0000E+01  2.2079E+00  1.4393E-01  7.4383E+00  3.3793E-01 -6.8623E-02 -5.0162E-02
  1.0000E+01  2.2079E+00  1.4393E-01  7.4383E+00  3.3793E-01 -6.8623E-02 -5.0162E-02
  1.0000E+01  2.2079E+00  1.4393E-01  7.4383E+00  3.3793E-01 -6.8623E-02 -5.0162E-02
  1.0000E+01  2.2079E+00  1.4393E-01  7.4383E+00  3.3793E-01 -6.8623E-02 -5.0162E-02
  1.0000E+01  2.2079E+00  1.4393E-01  7.4383E+00  3.3793E-01 -6.8623E-02 -5.0162E-02
  1.0000E+01  2.2079E+00  1.4393E-01  7.4383E+00  3.3793E-01 -6.8623E-02 -5.0162E-02
  1.0000E+01  2.2079E+00  1.4393E-01  7.4383E+00  3.3793E-01 -6.8623E-02 -5.0162E-02
  1.0000E+01  2.2079E+00  1.4393E-01  7.4383E+00  3.3793E-01 -6.8623E-02 -5.0162E-02
  1.0000E+01  2.2079E+00  1.4393E-01  7.4383E+00  3.3793E-01 -6.8623E-02 -5.0162E-02
  1.0000E+01  2.2079E+00  1.4393E-01  7.4383E+00  3.3793E-01 -6.8623E-02 -5.0162E-02
  1.1000E+01  1.1895E+00  1.4084E-01  9.8234E+00 -2.8063E-01 -9.0323E-02  2.2796E-01
  1.1000E+01  1.1895E+00  1.4084E-01  9.8234E+00 -2.8063E-01 -9.0323E-02  2.2796E-01
  1.1000E+01  1.1895E+00  1.4084E-01  9.8234E+00 -2.8063E-01 -9.0323E-02  2.2796E-01
  1.1000E+01  1.1895E+00  1.4084E-01  9.8234E+00 -2.8063E-01 -9.0323E-02  2.2796E-01
  1.1000E+01  1.1895E+00  1.4084E-01  9.8234E+00 -2.8063E-01 -9.0323E-02  2.2796E-01
  1.1000E+01  1.1895E+00  1.4084E-01  9.8234E+00 -2.8063E-01 -9.0323E-02  2.2796E-01
  1.1000E+01  1.1895E+00  1.4084E-01  9.8234E+00 -2.8063E-01 -9.0323E-02  2.2796E-01
  1.1000E+01  1.1895E+00  1.4084E-01  9.8234E+00 -2.8063E-01 -9.0323E-02  2.2796E-01
  1.1000E+01  1.1895E+00  1.4084E-01  9.8234E+00 -2.8063E-01 -9.0323E-02  2.2796E-01
  1.1000E+01  1.1895E+00  1.4084E-01  9.8234E+00 -2.8063E-01 -9.0323E-02  2.2796E-01
  1.2000E+01  2.1885E+00  1.1429E-01  6.6606E+00  3.2910E-01 -2.9918E-01 -1.6060E-01
  1.2000E+01  2.1885E+00  1.1429E-01  6.6606E+00  3.2910E-01 -2.9918E-01 -1.6060E-01
  1.2000E+01  2.1885E+00  1.1429E-01  6.6606E+00  3.2910E-01 -2.9918E-01 -1.6060E-01
  1.2000E+01  2.1885E+00  1.1429E-01  6.6606E+00  3.2910E-01 -2.9918E-01 -1.6060E-01
  1.2000E+01  2.1885E+00  1.1429E-01  6.6606E+00  3.2910E-01 -2.9918E-01 -1.6060E-01
  1.2000E+01  2.1885E+00  1.1429E-01  6.6606E+00  3.2910E-01 -2.9918E-01 -1.6060E-01
  1.2000E+01  2.1885E+00  1.1429E-01  6.6606E+00  3.2910E-01 -2.9918E-01 -1.6060E-01
  1.2000E+01  2.1885E+00  1.1429E-01  6.6606E+00  3.2910E-01 -2.9918E-01 -1.6060E-01
  1.2000E+01  2.1885E+00  1.1429E-01  6.6606E+00  3.2910E-01 -2.9918E-01 -1.6060E-01
  1.2000E+01  2.1885E+00  1.1429E-01  6.6606E+00  3.2910E-01 -2.9918E-01 -1.6060E-01
  1.3000E+01  1.2490E+00  1.1963E-01  5.8901E+00 -2.3175E-01 -2.5354E-01 -2.8353E-01
  1.3000E+01  1.2490E+00  1.1963E-01  5.8901E+00 -2.3175E-01 -2.5354E-01 -2.8353E-01
  1.3000E+01  1.2490E+00  1.1963E-01  5.8901E+00 -2.3175E-01 -2.5354E-01 -2.8353E-01
  1.3000E+01  1.2490E+00  1.1963E-01  5.8901E+00 -2.3175E-01 -2.5354E-01 -2.8353E-01
  1.3000E+01  1.2490E+00  1.1963E-01  5.8901E+00 -2.3175E-01 -2.5354E-01 -2.8353E-01
  1.3000E+01  1.2490E+00  1.1963E-01  5.8901E+00 -2.3175E-01 -2.5354E-01 -2.8353E-01
  1.3000E+01  1.2490E+00  1.1963E-01  5.8901E+00 -2.3175E-01 -2.5354E-01 -2.8353E-01
  1.3000E+01  1.2490E+00  1.1963E-01  5.8901E+00 -2.3175E-01 -2.5354E-01 -2.8353E-01
  1.3000E+01  1.2490E+00  1.1963E-01  5.8901E+00 -2.3175E-01 -2.5354E-01 -2.8353E-01
  1.3000E+01  1.2490E+00  1.1963E-01  5.8901E+00 -2.3175E-01 -2.5354E-01 -2.8353E-01
  1.4000E+01  2.5095E+00  1.3187E-01  7.6279E+00  4.6595E-01 -1.5615E-01 -2.5002E-02
  1.4000E+01  2.5095E+00  1.3187E-01  7.6279E+00  4.6595E-01 -1.5615E-01 -2.5002E-02
  1.4000E+01  2.5095E+00  1.3187E-01  7.6279E+00  4.6595E-01 -1.5615E-01 -2.5002E-02
  1.4000E+01  2.5095E+00  1.3187E-01  7.6279E+00  4.6595E-01 -1.5615E-01 -2.5002E-02
  1.4000E+01  2.5095E+00  1.3187E-01  7.6279E+00  4.6595E-01 -1.5615E-01 -2.5002E-02
  1.4000E+01  2.5095E+00  1.3187E-01  7.6279E+00  4.6595E-01 -1.5615E-01 -2.5002E-02
  1.4000E+01  2.5095E+00  1.3187E-01  7.6279E+00  4.6595E-01 -1.5615E-01 -2.5002E-02
  1.4000E+01  2.5095E+00  1.3187E-01  7.6279E+00  4.6595E-01 -1.5615E-01 -2.5002E-02
  1.4000E+01  2.5095E+00  1.3187E-01  7.6279E+00  4.6595E-01 -1.5615E-01 -2.5002E-02
  1.4000E+01  2.5095E+00  1.3187E-01  7.6279E+00  4.6595E-01 -1.5615E-01 -2.5002E-02
  1.5000E+01  1.5959E+00  1.4322E-01  7.5927E+00  1.3346E-02 -7.3571E-02 -2.9618E-02
  1.5000E+01  1.5959E+00  1.4322E-01  7.5927E+00  1.3346E-02 -7.3571E-02 -2.9618E-02
  1.5000E+01  1.5959E+00  1.4322E-01  7.5927E+00  1.3346E-02 -7.3571E-02 -2.9618E-02
  1.5000E+01  1.5959E+00  1.4322E-01  7.5927E+00  1.3346E-02 -7.3571E-02 -2.9618E-02
  1.5000E+01  1.5959E+00  1.4322E-01  7.5927E+00  1.3346E-02 -7.3571E-02 -2.9618E-02
  1.5000E+01  1.5959E+00  1.4322E-01  7.5927E+00  1.3346E-02 -7.3571E-02 -2.9618E-02
  1.5000E+01  1.5959E+00  1.4322E-01  7.5927E+00  1.3346E-02 -7.3571E-02 -2.9618E-02
  1.5000E+01  1.5959E+00  1.4322E-01  7.5927E+00  1.3346E-02 -7.3571E-02 -2.9618E-02
  1.5000E+01  1.5959E+00  1.4322E-01  7.5927E+00  1.3346E-02 -7.3571E-02 -2.9618E-02
  1.5000E+01  1.5959E+00  1.4322E-01  7.5927E+00  1.3346E-02 -7.3571E-02 -2.9618E-02
  1.6000E+01  1.3835E+00  1.0818E-01  6.6300E+00 -1.2949E-01 -3.5417E-01 -1.6521E-01
  1.6000E+01  1.3835E+00  1.0818E-01  6.6300E+00 -1.2949E-01 -3.5417E-01 -1.6521E-01
  1.6000E+01  1.3835E+00  1.0818E-01  6.6300E+00 -1.2949E-01 -3.5417E-01 -1.6521E-01
  1.6000E+01  1.3835E+00  1.0818E-01  6.6300E+00 -1.2949E-01 -3.5417E-01 -1.6521E-01
  1.6000E+01  1.3835E+00  1.0818E-01  6.6300E+00 -1.2949E-01 -3.5417E-01 -1.6521E-01
  1.6000E+01  1.3835E+00  1.0818E-01  6.6300E+00 -1.2949E-01 -3.5417E-01 -1.6521E-01
  1.6000E+01  1.3835E+00  1.0818E-01  6.6300E+00 -1.2949E-01 -3.5417E-01 -1.6521E-01
  1.6000E+01  1.3835E+00  1.0818E-01  6.6300E+00 -1.2949E-01 -3.5417E-01 -1.6521E-01
  1.6000E+01  1.3835E+00  1.0818E-01  6.6300E+00 -1.2949E-01 -3.5417E-01 -1.6521E-01
  1.6000E+01  1.3835E+00  1.0818E-01  6.6300E+00 -1.2949E-01 -3.5417E-01 -1.6521E-01
  1.7000E+01  1.7963E+00  1.3397E-01  9.4557E+00  1.3160E-01 -1.4033E-01  1.8981E-01
  1.7000E+01  1.7963E+00  1.3397E-01  9.4557E+00  1.3160E-01 -1.4033E-01  1.8981E-01
  1.7000E+01  1.7963E+00  1.3397E-01  9.4557E+00  1.3160E-01 -1.4033E-01  1.8981E-01
  1.7000E+01  1.7963E+00  1.3397E-01  9.4557E+00  1.3160E-01 -1.4033E-01  1.8981E-01
  1.7000E+01  1.7963E+00  1.3397E-01  9.4557E+00  1.3160E-01 -1.4033E-01  1.8981E-01
  1.7000E+01  1.7963E+00  1.3397E-01  9.4557E+00  1.3160E-01 -1.4033E-01  1.8981E-01
  1.7000E+01  1.7963E+00  1.3397E-01  9.4557E+00  1.3160E-01 -1.4033E-01  1.8981E-01
  1.7000E+01  1.7963E+00  1.3397E-01  9.4557E+00  1.3160E-01 -1.4033E-01  1.8981E-01
  1.7000E+01  1.7963E+00  1.3397E-01  9.4557E+00  1.3160E-01 -1.4033E-01  1.8981E-01
  1.7000E+01  1.7963E+00  1.3397E-01  9.4557E+00  1.3160E-01 -1.4033E-01  1.8981E-01
  1.8000E+01  1.5879E+00  1.5083E-01  8.3896E+00  8.2772E-03 -2.1769E-02  7.0188E-02
  1.8000E+01  1.5879E+00  1.5083E-01  8.3896E+00  8.2772E-03 -2.1769E-02  7.0188E-02
  1.8000E+01  1.5879E+00  1.5083E-01  8.3896E+00  8.2772E-03 -2.1769E-02  7.0188E-02
  1.8000E+01  1.5879E+00  1.5083E-01  8.3896E+00  8.2772E-03 -2.1769E-02  7.0188E-02
  1.8000E+01  1.5879E+00  1.5083E-01  8.3896E+00  8.2772E-03 -2.1769E-02  7.0188E-02
  1.8000E+01  1.5879E+00  1.5083E-01  8.3896E+00  8.2772E-03 -2.1769E-02  7.0188E-02
  1.8000E+01  1.5879E+00  1.5083E-01  8.3896E+00  8.2772E-03 -2.1769E-02  7.0188E-02
  1.8000E+01  1.5879E+00  1.5083E-01  8.3896E+00  8.2772E-03 -2.1769E-02  7.0188E-02
  1.8000E+01  1.5879E+00  1.5083E-01  8.3896E+00  8.2772E-03 -2.1769E-02  7.0188E-02
  1.8000E+01  1.5879E+00  1.5083E-01  8.3896E+00  8.2772E-03 -2.1769E-02  7.0188E-02
  1.9000E+01  4.1136E+00  1.7612E-01  8.3730E+00  9.6018E-01  1.3319E-01  6.8205E-02
  1.9000E+01  4.1136E+00  1.7612E-01  8.3730E+00  9.6018E-01  1.3319E-01  6.8205E-02
  1.9000E+01  4.1136E+00  1.7612E-01  8.3730E+00  9.6018E-01  1.3319E-01  6.8205E-02
  1.9000E+01  4.1136E+00  1.7612E-01  8.3730E+00  9.6018E-01  1.3319E-01  6.8205E-02
  1.9000E+01  4.1136E+00  1.7612E-01  8.3730E+00  9.6018E-01  1.3319E-01  6.8205E-02
  1.9000E+01  4.1136E+00  1.7612E-01  8.3730E+00  9.6018E-01  1.3319E-01  6.8205E-02
  1.9000E+01  4.1136E+00  1.7612E-01  8.3730E+00  9.6018E-01  1.3319E-01  6.8205E-02
  1.9000E+01  4.1136E+00  1.7612E-01  8.3730E+00  9.6018E-01  1.3319E-01  6.8205E-02
  1.9000E+01  4.1136E+00  1.7612E-01  8.3730E+00  9.6018E-01  1.3319E-01  6.8205E-02
  1.9000E+01  4.1136E+00  1.7612E-01  8.3730E+00  9.6018E-01  1.3319E-01  6.8205E-02
  2.0000E+01  3.6125E+00  2.1386E-01  6.2548E+00  8.3027E-01  3.2738E-01 -2.2346E-01
  2.0000E+01  3.6125E+00  2.1386E-01  6.2548E+00  8.3027E-01  3.2738E-01 -2.2346E-01
  2.0000E+01  3.6125E+00  2.1386E-01  6.2548E+00  8.3027E-01  3.2738E-01 -2.2346E-01
  2.0000E+01  3.6125E+00  2.1386E-01  6.2548E+00  8.3027E-01  3.2738E-01 -2.2346E-01
  2.0000E+01  3.6125E+00  2.1386E-01  6.2548E+00  8.3027E-01  3.2738E-01 -2.2346E-01
  2.0000E+01  3.6125E+00  2.1386E-01  6.2548E+00  8.3027E-01  3.2738E-01 -2.2346E-01
  2.0000E+01  3.6125E+00  2.1386E-01  6.2548E+00  8.3027E-01  3.2738E-01 -2.2346E-01
  2.0000E+01  3.6125E+00  2.1386E-01  6.2548E+00  8.3027E-01  3.2738E-01 -2.2346E-01
  2.0000E+01  3.6125E+00  2.1386E-01  6.2548E+00  8.3027E-01  3.2738E-01 -2.2346E-01
  2.0000E+01  3.6125E+00  2.1386E-01  6.2548E+00  8.3027E-01  3.2738E-01 -2.2346E-01
  2.1000E+01  1.0228E+00  1.4865E-01  7.6135E+00 -4.3157E-01 -3.6375E-02 -2.6890E-02
  2.1000E+01  1.0228E+00  1.4865E-01  7.6135E+00 -4.3157E-01 -3.6375E-02 -2.6890E-02
  2.1000E+01  1.0228E+00  1.4865E-01  7.6135E+00 -4.3157E-01 -3.6375E-02 -2.6890E-02
  2.1000E+01  1.0228E+00  1.4865E-01  7.6135E+00 -4.3157E-01 -3.6375E-02 -2.6890E-02
  2.1000E+01  1.0228E+00  1.4865E-01  7.6135E+00 -4.3157E-01 -3.6375E-02 -2.6890E-02
  2.1000E+01  1.0228E+00  1.4865E-01  7.6135E+00 -4.3157E-01 -3.6375E-02 -2.6890E-02
  2.1000E+01  1.0228E+00  1.4865E-01  7.6135E+00 -4.3157E-01 -3.6375E-02 -2.6890E-02
  2.1000E+01  1.0228E+00  1.4865E-01  7.6135E+00 -4.3157E-01 -3.6375E-02 -2.6890E-02
  2.1000E+01  1.0228E+00  1.4865E-01  7.6135E+00 -4.3157E-01 -3.6375E-02 -2.6890E-02
  2.1000E+01  1.0228E+00  1.4865E-01  7.6135E+00 -4.3157E-01 -3.6375E-02 -2.6890E-02
  2.2000E+01  8.2600E-01  1.0621E-01  7.6808E+00 -6.4528E-01 -3.7251E-01 -1.8086E-02
  2.2000E+01  8.2600E-01  1.0621E-01  7.6808E+00 -6.4528E-01 -3.7251E-01 -1.8086E-02
  2.2000E+01  8.2600E-01  1.0621E-01  7.6808E+00 -6.4528E-01 -3.7251E-01 -1.8086E-02
  2.2000E+01  8.2600E-01  1.0621E-01  7.6808E+00 -6.4528E-01 -3.7251E-01 -1.8086E-02
  2.2000E+01  8.2600E-01  1.0621E-01  7.6808E+00 -6.4528E-01 -3.7251E-01 -1.8086E-02
  2.2000E+01  8.2600E-01  1.0621E-01  7.6808E+00 -6.4528E-01 -3.7251E-01 -1.8086E-02
  2.2000E+01  8.2600E-01  1.0621E-01  7.6808E+00 -6.4528E-01 -3.7251E-01 -1.8086E-02
  2.2000E+01  8.2600E-01  1.0621E-01  7.6808E+00 -6.4528E-01 -3.7251E-01 -1.8086E-02
  2.2000E+01  8.2600E-01  1.0621E-01  7.6808E+00 -6.4528E-01 -3.7251E-01 -1.8086E-02
  2.2000E+01  8.2600E-01  1.0621E-01  7.6808E+00 -6.4528E-01 -3.7251E-01 -1.8086E-02
  2.3000E+01  9.9900E-01  1.4621E-01  8.0504E+00 -4.5512E-01 -5.2896E-02  2.8907E-02
  2.3000E+01  9.9900E-01  1.4621E-01  8.0504E+00 -4.5512E-01 -5.2896E-02  2.8907E-02
  2.3000E+01  9.9900E-01  1.4621E-01  8.0504E+00 -4.5512E-01 -5.2896E-02  2.8907E-02
  2.3000E+01  9.9900E-01  1.4621E-01  8.0504E+00 -4.5512E-01 -5.2896E-02  2.8907E-02
  2.3000E+01  9.9900E-01  1.4621E-01  8.0504E+00 -4.5512E-01 -5.2896E-02  2.8907E-02
  2.3000E+01  9.9900E-01  1.4621E-01  8.0504E+00 -4.5512E-01 -5.2896E-02  2.8907E-02
  2.3000E+01  9.9900E-01  1.4621E-01  8.0504E+00 -4.5512E-01 -5.2896E-02  2.8907E-02
  2.3000E+01  9.9900E-01  1.4621E-01  8.0504E+00 -4.5512E-01 -5.2896E-02  2.8907E-02
  2.3000E+01  9.9900E-01  1.4621E-01  8.0504E+00 -4.5512E-01 -5.2896E-02  2.8907E-02
  2.3000E+01  9.9900E-01  1.4621E-01  8.0504E+00 -4.5512E-01 -5.2896E-02  2.8907E-02
  2.4000E+01  6.3881E-01  1.8489E-01  5.9919E+00 -9.0227E-01  1.8182E-01 -2.6640E-01
  2.4000E+01  6.3881E-01  1.8489E-01  5.9919E+00 -9.0227E-01  1.8182E-01 -2.6640E-01
  2.4000E+01  6.3881E-01  1.8489E-01  5.9919E+00 -9.0227E-01  1.8182E-01 -2.6640E-01
  2.4000E+01  6.3881E-01  1.8489E-01  5.9919E+00 -9.0227E-01  1.8182E-01 -2.6640E-01
  2.4000E+01  6.3881E-01  1.8489E-01  5.9919E+00 -9.0227E-01  1.8182E-01 -2.6640E-01
  2.4000E+01  6.3881E-01  1.8489E-01  5.9919E+00 -9.0227E-01  1.8182E-01 -2.6640E-01
  2.4000E+01  6.3881E-01  1.8489E-01  5.9919E+00 -9.0227E-01  1.8182E-01 -2.6640E-01
  2.4000E+01  6.3881E-01  1.8489E-01  5.9919E+00 -9.0227E-01  1.8182E-01 -2.6640E-01
  2.4000E+01  6.3881E-01  1.8489E-01  5.9919E+00 -9.0227E-01  1.8182E-01 -2.6640E-01
  2.4000E+01  6.3881E-01  1.8489E-01  5.9919E+00 -9.0227E-01  1.8182E-01 -2.6640E-01
  2.5000E+01  1.7269E+00  1.6622E-01  7.0897E+00  9.2197E-02  7.5364E-02 -9.8168E-02
  2.5000E+01  1.7269E+00  1.6622E-01  7.0897E+00  9.2197E-02  7.5364E-02 -9.8168E-02
  2.5000E+01  1.7269E+00  1.6622E-01  7.0897E+00  9.2197E-02  7.5364E-02 -9.8168E-02
  2.5000E+01  1.7269E+00  1.6622E-01  7.0897E+00  9.2197E-02  7.5364E-02 -9.8168E-02
  2.5000E+01  1.7269E+00  1.6622E-01  7.0897E+00  9.2197E-02  7.5364E-02 -9.8168E-02
  2.5000E+01  1.7269E+00  1.6622E-01  7.0897E+00  9.2197E-02  7.5364E-02 -9.8168E-02
  2.5000E+01  1.7269E+00  1.6622E-01  7.0897E+00  9.2197E-02  7.5364E-02 -9.8168E-02
  2.5000E+01  1.7269E+00  1.6622E-01  7.0897E+00  9.2197E-02  7.5364E-02 -9.8168E-02
  2.5000E+01  1.7269E+00  1.6622E-01  7.0897E+00  9.2197E-02  7.5364E-02 -9.8168E-02
  2.5000E+01  1.7269E+00  1.6622E-01  7.0897E+00  9.2197E-02  7.5364E-02 -9.8168E-02
  2.6000E+01  1.9626E+00  1.8387E-01  9.8728E+00  2.2016E-01  1.7628E-01  2.3297E-01
  2.6000E+01  1.9626E+00  1.8387E-01  9.8728E+00  2.2016E-01  1.7628E-01  2.3297E-01
  2.6000E+01  1.9626E+00  1.8387E-01  9.8728E+00  2.2016E-01  1.7628E-01  2.3297E-01
  2.6000E+01  1.9626E+00  1.8387E-01  9.8728E+00  2.2016E-01  1.7628E-01  2.3297E-01
  2.6000E+01  1.9626E+00  1.8387E-01  9.8728E+00  2.2016E-01  1.7628E-01  2.3297E-01
  2.6000E+01  1.9626E+00  1.8387E-01  9.8728E+00  2.2016E-01  1.7628E-01  2.3297E-01
  2.6000E+01  1.9626E+00  1.8387E-01  9.8728E+00  2.2016E-01  1.7628E-01  2.3297E-01
  2.6000E+01  1.9626E+00  1.8387E-01  9.8728E+00  2.2016E-01  1.7628E-01  2.3297E-01
  2.6000E+01  1.9626E+00  1.8387E-01  9.8728E+00  2.2016E-01  1.7628E-01  2.3297E-01
  2.6000E+01  1.9626E+00  1.8387E-01  9.8728E+00  2.2016E-01  1.7628E-01  2.3297E-01
  2.7000E+01  4.0764E+00  2.0714E-01  5.9384E+00  9.5110E-01  2.9544E-01 -2.7537E-01
  2.7000E+01  4.0764E+00  2.0714E-01  5.9384E+00  9.5110E-01  2.9544E-01 -2.7537E-01
  2.7000E+01  4.0764E+00  2.0714E-01  5.9384E+00  9.5110E-01  2.9544E-01 -2.7537E-01
  2.7000E+01  4.0764E+00  2.0714E-01  5.9384E+00  9.5110E-01  2.9544E-01 -2.7537E-01
  2.7000E+01  4.0764E+00  2.0714E-01  5.9384E+00  9.5110E-01  2.9544E-01 -2.7537E-01
  2.7000E+01  4.0764E+00  2.0714E-01  5.9384E+00  9.5110E-01  2.9544E-01 -2.7537E-01
  2.7000E+01  4.0764E+00  2.0714E-01  5.9384E+00  9.5110E-01  2.9544E-01 -2.7537E-01
  2.7000E+01  4.0764E+00  2.0714E-01  5.9384E+00  9.5110E-01  2.9544E-01 -2.7537E-01
  2.7000E+01  4.0764E+00  2.0714E-01  5.9384E+00  9.5110E-01  2.9544E-01 -2.7537E-01
  2.7000E+01  4.0764E+00  2.0714E-01  5.9384E+00  9.5110E-01  2.9544E-01 -2.7537E-01
  2.8000E+01  2.5757E-01  1.4762E-01  7.3467E+00 -1.8106E+00 -4.3282E-02 -6.2555E-02
  2.8000E+01  2.5757E-01  1.4762E-01  7.3467E+00 -1.8106E+00 -4.3282E-02 -6.2555E-02
  2.8000E+01  2.5757E-01  1.4762E-01  7.3467E+00 -1.8106E+00 -4.3282E-02 -6.2555E-02
  2.8000E+01  2.5757E-01  1.4762E-01  7.3467E+00 -1.8106E+00 -4.3282E-02 -6.2555E-02
  2.8000E+01  2.5757E-01  1.4762E-01  7.3467E+00 -1.8106E+00 -4.3282E-02 -6.2555E-02
  2.8000E+01  2.5757E-01  1.4762E-01  7.3467E+00 -1.8106E+00 -4.3282E-02 -6.2555E-02
  2.8000E+01  2.5757E-01  1.4762E-01  7.3467E+00 -1.8106E+00 -4.3282E-02 -6.2555E-02
  2.8000E+01  2.5757E-01  1.4762E-01  7.3467E+00 -1.8106E+00 -4.3282E-02 -6.2555E-02
  2.8000E+01  2.5757E-01  1.4762E-01  7.3467E+00 -1.8106E+00 -4.3282E-02 -6.2555E-02
  2.8000E+01  2.5757E-01  1.4762E-01  7.3467E+00 -1.8106E+00 -4.3282E-02 -6.2555E-02
  2.9000E+01  7.6623E-01  1.6976E-01  8.4291E+00 -7.2039E-01  9.6451E-02  7.4880E-02
  2.9000E+01  7.6623E-01  1.6976E-01  8.4291E+00 -7.2039E-01  9.6451E-02  7.4880E-02
  2.9000E+01  7.6623E-01  1.6976E-01  8.4291E+00 -7.2039E-01  9.6451E-02  7.4880E-02
  2.9000E+01  7.6623E-01  1.6976E-01  8.4291E+00 -7.2039E-01  9.6451E-02  7.4880E-02
  2.9000E+01  7.6623E-01  1.6976E-01  8.4291E+00 -7.2039E-01  9.6451E-02  7.4880E-02
  2.9000E+01  7.6623E-01  1.6976E-01  8.4291E+00 -7.2039E-01  9.6451E-02  7.4880E-02
  2.9000E+01  7.6623E-01  1.6976E-01  8.4291E+00 -7.2039E-01  9.6451E-02  7.4880E-02
  2.9000E+01  7.6623E-01  1.6976E-01  8.4291E+00 -7.2039E-01  9.6451E-02  7.4880E-02
  2.9000E+01  7.6623E-01  1.6976E-01  8.4291E+00 -7.2039E-01  9.6451E-02  7.4880E-02
  2.9000E+01  7.6623E-01  1.6976E-01  8.4291E+00 -7.2039E-01  9.6451E-02  7.4880E-02
  3.0000E+01  1.8069E+00  1.5126E-01  1.0665E+01  1.3751E-01 -1.8978E-02  3.1019E-01
  3.0000E+01  1.8069E+00  1.5126E-01  1.0665E+01  1.3751E-01 -1.8978E-02  3.1019E-01
  3.0000E+01  1.8069E+00  1.5126E-01  1.0665E+01  1.3751E-01 -1.8978E-02  3.1019E-01
  3.0000E+01  1.8069E+00  1.5126E-01  1.0665E+01  1.3751E-01 -1.8978E-02  3.1019E-01
  3.0000E+01  1.8069E+00  1.5126E-01  1.0665E+01  1.3751E-01 -1.8978E-02  3.1019E-01
  3.0000E+01  1.8069E+00  1.5126E-01  1.0665E+01  1.3751E-01 -1.8978E-02  3.1019E-01
  3.0000E+01  1.8069E+00  1.5126E-01  1.0665E+01  1.3751E-01 -1.8978E-02  3.1019E-01
  3.0000E+01  1.8069E+00  1.5126E-01  1.0665E+01  1.3751E-01 -1.8978E-02  3.1019E-01
  3.0000E+01  1.8069E+00  1.5126E-01  1.0665E+01  1.3751E-01 -1.8978E-02  3.1019E-01
  3.0000E+01  1.8069E+00  1.5126E-01  1.0665E+01  1.3751E-01 -1.8978E-02  3.1019E-01
  3.1000E+01  1.3192E+00  1.7060E-01  7.2214E+00 -1.7709E-01  1.0138E-01 -7.9758E-02
  3.1000E+01  1.3192E+00  1.7060E-01  7.2214E+00 -1.7709E-01  1.0138E-01 -7.9758E-02
  3.1000E+01  1.3192E+00  1.7060E-01  7.2214E+00 -1.7709E-01  1.0138E-01 -7.9758E-02
  3.1000E+01  1.3192E+00  1.7060E-01  7.2214E+00 -1.7709E-01  1.0138E-01 -7.9758E-02
  3.1000E+01  1.3192E+00  1.7060E-01  7.2214E+00 -1.7709E-01  1.0138E-01 -7.9758E-02
  3.1000E+01  1.3192E+00  1.7060E-01  7.2214E+00 -1.7709E-01  1.0138E-01 -7.9758E-02
  3.1000E+01  1.3192E+00  1.7060E-01  7.2214E+00 -1.7709E-01  1.0138E-01 -7.9758E-02
  3.1000E+01  1.3192E+00  1.7060E-01  7.2214E+00 -1.7709E-01  1.0138E-01 -7.9758E-02
  3.1000E+01  1.3192E+00  1.7060E-01  7.2214E+00 -1.7709E-01  1.0138E-01 -7.9758E-02
  3.1000E+01  1.3192E+00  1.7060E-01  7.2214E+00 -1.7709E-01  1.0138E-01 -7.9758E-02
  3.2000E+01  1.7100E+00  1.5981E-01  1.1097E+01  8.2369E-02  3.6045E-02  3.4984E-01
  3.2000E+01  1.7100E+00  1.5981E-01  1.1097E+01  8.2369E-02  3.6045E-02  3.4984E-01
  3.2000E+01  1.7100E+00  1.5981E-01  1.1097E+01  8.2369E-02  3.6045E-02  3.4984E-01
  3.2000E+01  1.7100E+00  1.5981E-01  1.1097E+01  8.2369E-02  3.6045E-02  3.4984E-01
  3.2000E+01  1.7100E+00  1.5981E-01  1.1097E+01  8.2369E-02  3.6045E-02  3.4984E-01
  3.2000E+01  1.7100E+00  1.5981E-01  1.1097E+01  8.2369E-02  3.6045E-02  3.4984E-01
  3.2000E+01  1.7100E+00  1.5981E-01  1.1097E+01  8.2369E-02  3.6045E-02  3.4984E-01
  3.2000E+01  1.7100E+00  1.5981E-01  1.1097E+01  8.2369E-02  3.6045E-02  3.4984E-01
  3.2000E+01  1.7100E+00  1.5981E-01  1.1097E+01  8.2369E-02  3.6045E-02  3.4984E-01
  3.2000E+01  1.7100E+00  1.5981E-01  1.1097E+01  8.2369E-02  3.6045E-02  3.4984E-01
  3.3000E+01  1.0158E+00  1.8638E-01  7.6641E+00 -4.3843E-01  1.8983E-01 -2.0262E-02
  3.3000E+01  1.0158E+00  1.8638E-01  7.6641E+00 -4.3843E-01  1.8983E-01 -2.0262E-02
  3.3000E+01  1.0158E+00  1.8638E-01  7.6641E+00 -4.3843E-01  1.8983E-01 -2.0262E-02
  3.3000E+01  1.0158E+00  1.8638E-01  7.6641E+00 -4.3843E-01  1.8983E-01 -2.0262E-02
  3.3000E+01  1.0158E+00  1.8638E-01  7.6641E+00 -4.3843E-01  1.8983E-01 -2.0262E-02
  3.3000E+01  1.0158E+00  1.8638E-01  7.6641E+00 -4.3843E-01  1.8983E-01 -2.0262E-02
  3.3000E+01  1.0158E+00  1.8638E-01  7.6641E+00 -4.3843E-01  1.8983E-01 -2.0262E-02
  3.3000E+01  1.0158E+00  1.8638E-01  7.6641E+00 -4.3843E-01  1.8983E-01 -2.0262E-02
  3.3000E+01  1.0158E+00  1.8638E-01  7.6641E+00 -4.3843E-01  1.8983E-01 -2.0262E-02
  3.3000E+01  1.0158E+00  1.8638E-01  7.6641E+00 -4.3843E-01  1.8983E-01 -2.0262E-02
  3.4000E+01  1.3870E+00  8.8053E-02  8.0165E+00 -1.2695E-01 -5.6001E-01  2.4690E-02
  3.4000E+01  1.3870E+00  8.8053E-02  8.0165E+00 -1.2695E-01 -5.6001E-01  2.4690E-02
  3.4000E+01  1.3870E+00  8.8053E-02  8.0165E+00 -1.2695E-01 -5.6001E-01  2.4690E-02
  3.4000E+01  1.3870E+00  8.8053E-02  8.0165E+00 -1.2695E-01 -5.6001E-01  2.4690E-02
  3.4000E+01  1.3870E+00  8.8053E-02  8.0165E+00 -1.2695E-01 -5.6001E-01  2.4690E-02
  3.4000E+01  1.3870E+00  8.8053E-02  8.0165E+00 -1.2695E-01 -5.6001E-01  2.4690E-02
  3.4000E+01  1.3870E+00  8.8053E-02  8.0165E+00 -1.2695E-01 -5.6001E-01  2.4690E-02
  3.4000E+01  1.3870E+00  8.8053E-02  8.0165E+00 -1.2695E-01 -5.6001E-01  2.4690E-02
  3.4000E+01  1.3870E+00  8.8053E-02  8.0165E+00 -1.2695E-01 -5.6001E-01  2.4690E-02
  3.4000E+01  1.3870E+00  8.8053E-02  8.0165E+00 -1.2695E-01 -5.6001E-01  2.4690E-02
  3.5000E+01  4.7355E+00  1.2599E-01  8.5722E+00  1.1010E+00 -2.0175E-01  9.1713E-02
  3.5000E+01  4.7355E+00  1.2599E-01  8.5722E+00  1.1010E+00 -2.0175E-01  9.1713E-02
  3.5000E+01  4.7355E+00  1.2599E-01  8.5722E+00  1.1010E+00 -2.0175E-01  9.1713E-02
  3.5000E+01  4.7355E+00  1.2599E-01  8.5722E+00  1.1010E+00 -2.0175E-01  9.1713E-02
  3.5000E+01  4.7355E+00  1.2599E-01  8.5722E+00  1.1010E+00 -2.0175E-01  9.1713E-02
  3.5000E+01  4.7355E+00  1.2599E-01  8.5722E+00  1.1010E+00 -2.0175E-01  9.1713E-02
  3.5000E+01  4.7355E+00  1.2599E-01  8.5722E+00  1.1010E+00 -2.0175E-01  9.1713E-02
  3.5000E+01  4.7355E+00  1.2599E-01  8.5722E+00  1.1010E+00 -2.0175E-01  9.1713E-02
  3.5000E+01  4.7355E+00  1.2599E-01  8.5722E+00  1.1010E+00 -2.0175E-01  9.1713E-02
  3.5000E+01  4.7355E+00  1.2599E-01  8.5722E+00  1.1010E+00 -2.0175E-01  9.1713E-02
  3.6000E+01  1.8398E+00  1.5672E-01  6.6498E+00  1.5552E-01  1.6509E-02 -1.6222E-01
  3.6000E+01  1.8398E+00  1.5672E-01  6.6498E+00  1.5552E-01  1.6509E-02 -1.6222E-01
  3.6000E+01  1.8398E+00  1.5672E-01  6.6498E+00  1.5552E-01  1.6509E-02 -1.6222E-01
  3.6000E+01  1.8398E+00  1.5672E-01  6.6498E+00  1.5552E-01  1.6509E-02 -1.6222E-01
  3.6000E+01  1.8398E+00  1.5672E-01  6.6498E+00  1.5552E-01  1.6509E-02 -1.6222E-01
  3.6000E+01  1.8398E+00  1.5672E-01  6.6498E+00  1.5552E-01  1.6509E-02 -1.6222E-01
  3.6000E+01  1.8398E+00  1.5672E-01  6.6498E+00  1.5552E-01  1.6509E-02 -1.6222E-01
  3.6000E+01  1.8398E+00  1.5672E-01  6.6498E+00  1.5552E-01  1.6509E-02 -1.6222E-01
  3.6000E+01  1.8398E+00  1.5672E-01  6.6498E+00  1.5552E-01  1.6509E-02 -1.6222E-01
  3.6000E+01  1.8398E+00  1.5672E-01  6.6498E+00  1.5552E-01  1.6509E-02 -1.6222E-01
  3.7000E+01  2.9665E+00  1.2821E-01  6.5102E+00  6.3327E-01 -1.8428E-01 -1.8344E-01
  3.7000E+01  2.9665E+00  1.2821E-01  6.5102E+00  6.3327E-01 -1.8428E-01 -1.8344E-01
  3.7000E+01  2.9665E+00  1.2821E-01  6.5102E+00  6.3327E-01 -1.8428E-01 -1.8344E-01
  3.7000E+01  2.9665E+00  1.2821E-01  6.5102E+00  6.3327E-01 -1.8428E-01 -1.8344E-01
  3.7000E+01  2.9665E+00  1.2821E-01  6.5102E+00  6.3327E-01 -1.8428E-01 -1.8344E-01
  3.7000E+01  2.9665E+00  1.2821E-01  6.5102E+00  6.3327E-01 -1.8428E-01 -1.8344E-01
  3.7000E+01  2.9665E+00  1.2821E-01  6.5102E+00  6.3327E-01 -1.8428E-01 -1.8344E-01
  3.7000E+01  2.9665E+00  1.2821E-01  6.5102E+00  6.3327E-01 -1.8428E-01 -1.8344E-01
  3.7000E+01  2.9665E+00  1.2821E-01  6.5102E+00  6.3327E-01 -1.8428E-01 -1.8344E-01
  3.7000E+01  2.9665E+00  1.2821E-01  6.5102E+00  6.3327E-01 -1.8428E-01 -1.8344E-01
  3.8000E+01  2.5037E+00  1.7017E-01  6.2608E+00  4.6366E-01  9.8845E-02 -2.2251E-01
  3.8000E+01  2.5037E+00  1.7017E-01  6.2608E+00  4.6366E-01  9.8845E-02 -2.2251E-01
  3.8000E+01  2.5037E+00  1.7017E-01  6.2608E+00  4.6366E-01  9.8845E-02 -2.2251E-01
  3.8000E+01  2.5037E+00  1.7017E-01  6.2608E+00  4.6366E-01  9.8845E-02 -2.2251E-01
  3.8000E+01  2.5037E+00  1.7017E-01  6.2608E+00  4.6366E-01  9.8845E-02 -2.2251E-01
  3.8000E+01  2.5037E+00  1.7017E-01  6.2608E+00  4.6366E-01  9.8845E-02 -2.2251E-01
  3.8000E+01  2.5037E+00  1.7017E-01  6.2608E+00  4.6366E-01  9.8845E-02 -2.2251E-01
  3.8000E+01  2.5037E+00  1.7017E-01  6.2608E+00  4.6366E-01  9.8845E-02 -2.2251E-01
  3.8000E+01  2.5037E+00  1.7017E-01  6.2608E+00  4.6366E-01  9.8845E-02 -2.2251E-01
  3.8000E+01  2.5037E+00  1.7017E-01  6.2608E+00  4.6366E-01  9.8845E-02 -2.2251E-01
  3.9000E+01  1.6268E+00  1.8697E-01  7.0567E+00  3.2475E-02  1.9302E-01 -1.0283E-01
  3.9000E+01  1.6268E+00  1.8697E-01  7.0567E+00  3.2475E-02  1.9302E-01 -1.0283E-01
  3.9000E+01  1.6268E+00  1.8697E-01  7.0567E+00  3.2475E-02  1.9302E-01 -1.0283E-01
  3.9000E+01  1.6268E+00  1.8697E-01  7.0567E+00  3.2475E-02  1.9302E-01 -1.0283E-01
  3.9000E+01  1.6268E+00  1.8697E-01  7.0567E+00  3.2475E-02  1.9302E-01 -1.0283E-01
  3.9000E+01  1.6268E+00  1.8697E-01  7.0567E+00  3.2475E-02  1.9302E-01 -1.0283E-01
  3.9000E+01  1.6268E+00  1.8697E-01  7.0567E+00  3.2475E-02  1.9302E-01 -1.0283E-01
  3.9000E+01  1.6268E+00  1.8697E-01  7.0567E+00  3.2475E-02  1.9302E-01 -1.0283E-01
  3.9000E+01  1.6268E+00  1.8697E-01  7.0567E+00  3.2475E-02  1.9302E-01 -1.0283E-01
  3.9000E+01  1.6268E+00  1.8697E-01  7.0567E+00  3.2475E-02  1.9302E-01 -1.0283E-01
  4.0000E+01  1.3894E+00  3.0627E-01  7.5370E+00 -1.2525E-01  6.8652E-01 -3.6982E-02
  4.0000E+01  1.3894E+00  3.0627E-01  7.5370E+00 -1.2525E-01  6.8652E-01 -3.6982E-02
  4.0000E+01  1.3894E+00  3.0627E-01  7.5370E+00 -1.2525E-01  6.8652E-01 -3.6982E-02
  4.0000E+01  1.3894E+00  3.0627E-01  7.5370E+00 -1.2525E-01  6.8652E-01 -3.6982E-02
  4.0000E+01  1.3894E+00  3.0627E-01  7.5370E+00 -1.2525E-01  6.8652E-01 -3.6982E-02
  4.0000E+01  1.3894E+00  3.0627E-01  7.5370E+00 -1.2525E-01  6.8652E-01 -3.6982E-02
  4.0000E+01  1.3894E+00  3.0627E-01  7.5370E+00 -1.2525E-01  6.8652E-01 -3.6982E-02
  4.0000E+01  1.3894E+00  3.0627E-01  7.5370E+00 -1.2525E-01  6.8652E-01 -3.6982E-02
  4.0000E+01  1.3894E+00  3.0627E-01  7.5370E+00 -1.2525E-01  6.8652E-01 -3.6982E-02
  4.0000E+01  1.3894E+00  3.0627E-01  7.5370E+00 -1.2525E-01  6.8652E-01 -3.6982E-02
