TABLE NO.  1
 ID          TIME        AMT         CMT         DV          DVID        MDV         EVID        IPRE        IWRE        CWRES       DV          PRED        RES         WRES
  1.0000E+00  0.0000E+00  1.0000E+02  1.0000E+00  0.0000E+00  0.0000E+00  1.0000E+00  1.0000E+00  0.0000E+00  0.0000E+00  0.0000E+00  0.0000E+00  0.0000E+00  0.0000E+00  0.0000E+00
  1.0000E+00  5.0000E-01  0.0000E+00  2.0000E+00  4.4100E+00  1.0000E+00  0.0000E+00  0.0000E+00  4.2003E+00  4.9181E-01  1.3561E-01  4.4100E+00  6.9294E+00 -2.5194E+00 -3.5691E-01
  1.0000E+00  2.0000E+00  0.0000E+00  2.0000E+00  8.1680E+00  1.0000E+00  0.0000E+00  0.0000E+00  9.5460E+00 -1.4223E+00 -1.8740E+00  8.1680E+00  1.1893E+01 -3.7246E+00 -1.8177E+00
  1.0000E+00  6.0000E+00  0.0000E+00  2.0000E+00  1.0264E+01  1.0000E+00  0.0000E+00  0.0000E+00  1.0718E+01 -4.1756E-01 -5.5591E-01  1.0264E+01  1.1503E+01 -1.2390E+00 -3.5749E-01
  1.0000E+00  1.2000E+01  0.0000E+00  2.0000E+00  1.1279E+01  1.0000E+00  0.0000E+00  0.0000E+00  9.6947E+00  1.6101E+00  1.5313E+00  1.1279E+01  1.0221E+01  1.0581E+00  1.5904E+00
  1.0000E+00  2.4000E+01  0.0000E+00  2.0000E+00  7.7040E+00  1.0000E+00  0.0000E+00  0.0000E+00  7.8484E+00 -1.8125E-01 -2.1066E-01  7.7040E+00  8.0680E+00 -3.6402E-01 -9.6691E-02
  1.0000E+00  4.8000E+01  0.0000E+00  2.0000E+00  4.6530E+00  1.0000E+00  0.0000E+00  0.0000E+00  5.1433E+00 -9.3929E-01 -9.1747E-01  4.6530E+00  5.0272E+00 -3.7419E-01 -9.0418E-01
  1.0000E+00  7.2000E+01  0.0000E+00  2.0000E+00  3.5320E+00  1.0000E+00  0.0000E+00  0.0000E+00  3.3706E+00  4.7172E-01  4.9848E-01  3.5320E+00  3.1324E+00  3.9955E-01  4.4972E-01
  1.0000E+00  9.6000E+01  0.0000E+00  2.0000E+00  2.3720E+00  1.0000E+00  0.0000E+00  0.0000E+00  2.2089E+00  7.2751E-01  7.3052E-01  2.3720E+00  1.9518E+00  4.2017E-01  6.5859E-01
  1.0000E+00  1.2000E+02  0.0000E+00  2.0000E+00  1.3940E+00  1.0000E+00  0.0000E+00  0.0000E+00  1.4476E+00 -3.6463E-01 -3.9935E-01  1.3940E+00  1.2162E+00  1.7781E-01 -4.8724E-01
  2.0000E+00  0.0000E+00  1.0000E+02  1.0000E+00  0.0000E+00  0.0000E+00  1.0000E+00  1.0000E+00  0.0000E+00  0.0000E+00  0.0000E+00  0.0000E+00  0.0000E+00  0.0000E+00  0.0000E+00
  2.0000E+00  5.0000E-01  0.0000E+00  2.0000E+00  5.8590E+00  1.0000E+00  0.0000E+00  0.0000E+00  5.9011E+00 -7.0213E-02 -3.4314E-01  5.8590E+00  6.9294E+00 -1.0704E+00 -3.0597E-01
  2.0000E+00  2.0000E+00  0.0000E+00  2.0000E+00  1.0868E+01  1.0000E+00  0.0000E+00  0.0000E+00  9.9861E+00  8.7012E-01  2.7591E-01  1.0868E+01  1.1893E+01 -1.0246E+00  1.7554E-01
  2.0000E+00  6.0000E+00  0.0000E+00  2.0000E+00  9.6460E+00  1.0000E+00  0.0000E+00  0.0000E+00  9.7071E+00 -6.2061E-02 -6.6374E-01  9.6460E+00  1.1503E+01 -1.8570E+00 -6.0490E-01
  2.0000E+00  1.2000E+01  0.0000E+00  2.0000E+00  8.4110E+00  1.0000E+00  0.0000E+00  0.0000E+00  8.7521E+00 -3.8395E-01 -8.9152E-01  8.4110E+00  1.0221E+01 -1.8099E+00 -7.9359E-01
  2.0000E+00  2.4000E+01  0.0000E+00  2.0000E+00  6.9450E+00  1.0000E+00  0.0000E+00  0.0000E+00  7.1136E+00 -2.3358E-01 -5.7017E-01  6.9450E+00  8.0680E+00 -1.1230E+00 -5.1519E-01
  2.0000E+00  4.8000E+01  0.0000E+00  2.0000E+00  4.5820E+00  1.0000E+00  0.0000E+00  0.0000E+00  4.6996E+00 -2.4644E-01 -3.1052E-01  4.5820E+00  5.0272E+00 -4.4519E-01 -2.7939E-01
  2.0000E+00  7.2000E+01  0.0000E+00  2.0000E+00  3.0600E+00  1.0000E+00  0.0000E+00  0.0000E+00  3.1047E+00 -1.4187E-01 -1.9480E-02  3.0600E+00  3.1324E+00 -7.2445E-02 -1.4498E-03
  2.0000E+00  9.6000E+01  0.0000E+00  2.0000E+00  1.8620E+00  1.0000E+00  0.0000E+00  0.0000E+00  2.0511E+00 -9.0830E-01 -6.7376E-01  1.8620E+00  1.9518E+00 -8.9829E-02 -6.0078E-01
  2.0000E+00  1.2000E+02  0.0000E+00  2.0000E+00  1.5020E+00  1.0000E+00  0.0000E+00  0.0000E+00  1.3550E+00  1.0686E+00  1.3559E+00  1.5020E+00  1.2162E+00  2.8581E-01  1.3727E+00
  3.0000E+00  0.0000E+00  1.0000E+02  1.0000E+00  0.0000E+00  0.0000E+00  1.0000E+00  1.0000E+00  0.0000E+00  0.0000E+00  0.0000E+00  0.0000E+00  0.0000E+00  0.0000E+00  0.0000E+00
  3.0000E+00  5.0000E-01  0.0000E+00  2.0000E+00  6.1160E+00  1.0000E+00  0.0000E+00  0.0000E+00  6.1389E+00 -3.6707E-02 -3.5767E-01  6.1160E+00  6.9294E+00 -8.1341E-01 -3.3013E-01
  3.0000E+00  2.0000E+00  0.0000E+00  2.0000E+00  1.1847E+01  1.0000E+00  0.0000E+00  0.0000E+00  1.1528E+01  2.7245E-01  2.5978E-02  1.1847E+01  1.1893E+01 -4.5603E-02  3.9554E-02
  3.0000E+00  6.0000E+00  0.0000E+00  2.0000E+00  1.2133E+01  1.0000E+00  0.0000E+00  0.0000E+00  1.1342E+01  6.8698E-01  4.9457E-01  1.2133E+01  1.1503E+01  6.3003E-01  5.2658E-01
  3.0000E+00  1.2000E+01  0.0000E+00  2.0000E+00  9.6540E+00  1.0000E+00  0.0000E+00  0.0000E+00  9.8403E+00 -1.8655E-01 -4.2978E-01  9.6540E+00  1.0221E+01 -5.6688E-01 -3.9102E-01
  3.0000E+00  2.4000E+01  0.0000E+00  2.0000E+00  7.8050E+00  1.0000E+00  0.0000E+00  0.0000E+00  7.4004E+00  5.3873E-01  2.4693E-01  7.8050E+00  8.0680E+00 -2.6302E-01  1.8066E-01
  3.0000E+00  4.8000E+01  0.0000E+00  2.0000E+00  3.7160E+00  1.0000E+00  0.0000E+00  0.0000E+00  4.1854E+00 -1.1050E+00 -1.3340E+00  3.7160E+00  5.0272E+00 -1.3112E+00 -1.2314E+00
  3.0000E+00  7.2000E+01  0.0000E+00  2.0000E+00  2.1140E+00  1.0000E+00  0.0000E+00  0.0000E+00  2.3672E+00 -1.0537E+00 -1.1339E+00  2.1140E+00  3.1324E+00 -1.0184E+00 -9.6741E-01
  3.0000E+00  9.6000E+01  0.0000E+00  2.0000E+00  1.4270E+00  1.0000E+00  0.0000E+00  0.0000E+00  1.3388E+00  6.4912E-01  6.9286E-01  1.4270E+00  1.9518E+00 -5.2483E-01  3.7606E-01
  3.0000E+00  1.2000E+02  0.0000E+00  2.0000E+00  7.9200E-01  1.0000E+00  0.0000E+00  0.0000E+00  7.5718E-01  4.5303E-01  5.5588E-01  7.9200E-01  1.2162E+00 -4.2419E-01  4.2568E-01
  4.0000E+00  0.0000E+00  1.0000E+02  1.0000E+00  0.0000E+00  0.0000E+00  1.0000E+00  1.0000E+00  0.0000E+00  0.0000E+00  0.0000E+00  0.0000E+00  0.0000E+00  0.0000E+00  0.0000E+00
  4.0000E+00  5.0000E-01  0.0000E+00  2.0000E+00  2.9400E+00  1.0000E+00  0.0000E+00  0.0000E+00  3.0853E+00 -4.6401E-01 -1.4965E+00  2.9400E+00  6.9294E+00 -3.9894E+00 -9.7754E-01
  4.0000E+00  2.0000E+00  0.0000E+00  2.0000E+00  7.8470E+00  1.0000E+00  0.0000E+00  0.0000E+00  7.2775E+00  7.7097E-01 -5.2893E-01  7.8470E+00  1.1893E+01 -4.0456E+00 -7.1634E-01
  4.0000E+00  6.0000E+00  0.0000E+00  2.0000E+00  7.4540E+00  1.0000E+00  0.0000E+00  0.0000E+00  8.5785E+00 -1.2915E+00 -2.0881E+00  7.4540E+00  1.1503E+01 -4.0490E+00 -1.4683E+00
  4.0000E+00  1.2000E+01  0.0000E+00  2.0000E+00  8.0590E+00  1.0000E+00  0.0000E+00  0.0000E+00  8.0817E+00 -2.7697E-02 -6.1045E-01  8.0590E+00  1.0221E+01 -2.1619E+00 -4.1332E-01
  4.0000E+00  2.4000E+01  0.0000E+00  2.0000E+00  7.9890E+00  1.0000E+00  0.0000E+00  0.0000E+00  7.0685E+00  1.2830E+00  9.8722E-01  7.9890E+00  8.0680E+00 -7.9024E-02  8.4218E-01
  4.0000E+00  4.8000E+01  0.0000E+00  2.0000E+00  4.2790E+00  1.0000E+00  0.0000E+00  0.0000E+00  5.4067E+00 -2.0550E+00 -1.9048E+00  4.2790E+00  5.0272E+00 -7.4819E-01 -2.2288E+00
  4.0000E+00  7.2000E+01  0.0000E+00  2.0000E+00  3.8620E+00  1.0000E+00  0.0000E+00  0.0000E+00  4.1356E+00 -6.5185E-01 -2.0253E-01  3.8620E+00  3.1324E+00  7.2955E-01 -6.0317E-01
  4.0000E+00  9.6000E+01  0.0000E+00  2.0000E+00  3.6070E+00  1.0000E+00  0.0000E+00  0.0000E+00  3.1633E+00  1.3819E+00  2.0109E+00  3.6070E+00  1.9518E+00  1.6552E+00  2.7582E+00
  4.0000E+00  1.2000E+02  0.0000E+00  2.0000E+00  2.4520E+00  1.0000E+00  0.0000E+00  0.0000E+00  2.4196E+00  1.3179E-01  8.4818E-01  2.4520E+00  1.2162E+00  1.2358E+00  1.8499E+00
  5.0000E+00  0.0000E+00  1.0000E+02  1.0000E+00  0.0000E+00  0.0000E+00  1.0000E+00  1.0000E+00  0.0000E+00  0.0000E+00  0.0000E+00  0.0000E+00  0.0000E+00  0.0000E+00  0.0000E+00
  5.0000E+00  5.0000E-01  0.0000E+00  2.0000E+00  9.7540E+00  1.0000E+00  0.0000E+00  0.0000E+00  9.5690E+00  1.9044E-01  6.5176E-01  9.7540E+00  6.9294E+00  2.8246E+00  5.2662E-01
  5.0000E+00  2.0000E+00  0.0000E+00  2.0000E+00  1.5460E+01  1.0000E+00  0.0000E+00  0.0000E+00  1.3551E+01  1.3881E+00  1.5014E+00  1.5460E+01  1.1893E+01  3.5674E+00  1.6354E+00
  5.0000E+00  6.0000E+00  0.0000E+00  2.0000E+00  1.3234E+01  1.0000E+00  0.0000E+00  0.0000E+00  1.2881E+01  2.6997E-01  4.0091E-01  1.3234E+01  1.1503E+01  1.7310E+00  5.8149E-01
  5.0000E+00  1.2000E+01  0.0000E+00  2.0000E+00  1.0026E+01  1.0000E+00  0.0000E+00  0.0000E+00  1.1758E+01 -1.4514E+00 -1.2253E+00  1.0026E+01  1.0221E+01 -1.9488E-01 -1.2837E+00
  5.0000E+00  2.4000E+01  0.0000E+00  2.0000E+00  1.0444E+01  1.0000E+00  0.0000E+00  0.0000E+00  9.7975E+00  6.5017E-01  1.0377E+00  1.0444E+01  8.0680E+00  2.3760E+00  1.2808E+00
  5.0000E+00  4.8000E+01  0.0000E+00  2.0000E+00  6.2800E+00  1.0000E+00  0.0000E+00  0.0000E+00  6.8024E+00 -7.5668E-01 -1.5617E-01  6.2800E+00  5.0272E+00  1.2528E+00 -3.6420E-01
  5.0000E+00  7.2000E+01  0.0000E+00  2.0000E+00  4.6150E+00  1.0000E+00  0.0000E+00  0.0000E+00  4.7230E+00 -2.2520E-01  4.6307E-01  4.6150E+00  3.1324E+00  1.4826E+00  3.5523E-01
  5.0000E+00  9.6000E+01  0.0000E+00  2.0000E+00  3.6380E+00  1.0000E+00  0.0000E+00  0.0000E+00  3.2792E+00  1.0781E+00  1.7604E+00  3.6380E+00  1.9518E+00  1.6862E+00  2.3523E+00
  5.0000E+00  1.2000E+02  0.0000E+00  2.0000E+00  2.2920E+00  1.0000E+00  0.0000E+00  0.0000E+00  2.2767E+00  6.6038E-02  6.8068E-01  2.2920E+00  1.2162E+00  1.0758E+00  9.3054E-01
  6.0000E+00  0.0000E+00  1.0000E+02  1.0000E+00  0.0000E+00  0.0000E+00  1.0000E+00  1.0000E+00  0.0000E+00  0.0000E+00  0.0000E+00  0.0000E+00  0.0000E+00  0.0000E+00  0.0000E+00
  6.0000E+00  5.0000E-01  0.0000E+00  2.0000E+00  8.2660E+00  1.0000E+00  0.0000E+00  0.0000E+00  8.0704E+00  2.3885E-01  4.6615E-01  8.2660E+00  6.9294E+00  1.3366E+00  5.1672E-01
  6.0000E+00  2.0000E+00  0.0000E+00  2.0000E+00  1.1804E+01  1.0000E+00  0.0000E+00  0.0000E+00  1.2189E+01 -3.1129E-01 -2.8087E-01  1.1804E+01  1.1893E+01 -8.8603E-02 -1.4453E-01
  6.0000E+00  6.0000E+00  0.0000E+00  2.0000E+00  1.0746E+01  1.0000E+00  0.0000E+00  0.0000E+00  1.0987E+01 -2.1581E-01 -4.3796E-01  1.0746E+01  1.1503E+01 -7.5697E-01 -2.4154E-01
  6.0000E+00  1.2000E+01  0.0000E+00  2.0000E+00  1.0149E+01  1.0000E+00  0.0000E+00  0.0000E+00  9.1041E+00  1.1308E+00  6.4609E-01  1.0149E+01  1.0221E+01 -7.1876E-02  6.3241E-01
  6.0000E+00  2.4000E+01  0.0000E+00  2.0000E+00  5.5680E+00  1.0000E+00  0.0000E+00  0.0000E+00  6.2514E+00 -1.0770E+00 -1.8925E+00  5.5680E+00  8.0680E+00 -2.5000E+00 -1.6661E+00
  6.0000E+00  4.8000E+01  0.0000E+00  2.0000E+00  2.9690E+00  1.0000E+00  0.0000E+00  0.0000E+00  2.9475E+00  7.1986E-02 -8.6125E-01  2.9690E+00  5.0272E+00 -2.0582E+00 -1.1474E+00
  6.0000E+00  7.2000E+01  0.0000E+00  2.0000E+00  1.3780E+00  1.0000E+00  0.0000E+00  0.0000E+00  1.3897E+00 -8.2979E-02 -8.1085E-01  1.3780E+00  3.1324E+00 -1.7544E+00 -9.9423E-01
  6.0000E+00  9.6000E+01  0.0000E+00  2.0000E+00  6.4200E-01  1.0000E+00  0.0000E+00  0.0000E+00  6.5523E-01 -1.9899E-01 -6.8878E-01  6.4200E-01  1.9518E+00 -1.3098E+00 -4.5151E-01
  6.0000E+00  1.2000E+02  0.0000E+00  2.0000E+00  3.2000E-01  1.0000E+00  0.0000E+00  0.0000E+00  3.0894E-01  3.5282E-01  3.1560E-02  3.2000E-01  1.2162E+00 -8.9619E-01  4.1754E-01
  7.0000E+00  0.0000E+00  1.0000E+02  1.0000E+00  0.0000E+00  0.0000E+00  1.0000E+00  1.0000E+00  0.0000E+00  0.0000E+00  0.0000E+00  0.0000E+00  0.0000E+00  0.0000E+00  0.0000E+00
  7.0000E+00  5.0000E-01  0.0000E+00  2.0000E+00  5.1490E+00  1.0000E+00  0.0000E+00  0.0000E+00  5.1887E+00 -7.5317E-02 -6.2674E-01  5.1490E+00  6.9294E+00 -1.7804E+00 -5.1855E-01
  7.0000E+00  2.0000E+00  0.0000E+00  2.0000E+00  1.0567E+01  1.0000E+00  0.0000E+00  0.0000E+00  1.0337E+01  2.1921E-01 -1.4461E-01  1.0567E+01  1.1893E+01 -1.3256E+00 -1.7195E-01
  7.0000E+00  6.0000E+00  0.0000E+00  2.0000E+00  1.0733E+01  1.0000E+00  0.0000E+00  0.0000E+00  1.0503E+01  2.1585E-01  5.0830E-02  1.0733E+01  1.1503E+01 -7.6997E-01  5.8458E-02
  7.0000E+00  1.2000E+01  0.0000E+00  2.0000E+00  8.0730E+00  1.0000E+00  0.0000E+00  0.0000E+00  9.1946E+00 -1.2018E+00 -1.4289E+00  8.0730E+00  1.0221E+01 -2.1479E+00 -1.2656E+00
  7.0000E+00  2.4000E+01  0.0000E+00  2.0000E+00  7.2800E+00  1.0000E+00  0.0000E+00  0.0000E+00  7.0321E+00  3.4736E-01  7.0816E-03  7.2800E+00  8.0680E+00 -7.8802E-01 -4.9197E-03
  7.0000E+00  4.8000E+01  0.0000E+00  2.0000E+00  4.3370E+00  1.0000E+00  0.0000E+00  0.0000E+00  4.1133E+00  5.3588E-01  6.2551E-02  4.3370E+00  5.0272E+00 -6.9019E-01 -5.9186E-03
  7.0000E+00  7.2000E+01  0.0000E+00  2.0000E+00  2.5010E+00  1.0000E+00  0.0000E+00  0.0000E+00  2.4060E+00  3.8909E-01 -1.1733E-01  2.5010E+00  3.1324E+00 -6.3145E-01 -1.7977E-01
  7.0000E+00  9.6000E+01  0.0000E+00  2.0000E+00  1.3270E+00  1.0000E+00  0.0000E+00  0.0000E+00  1.4073E+00 -5.6241E-01 -1.0368E+00  1.3270E+00  1.9518E+00 -6.2483E-01 -7.8549E-01
  7.0000E+00  1.2000E+02  0.0000E+00  2.0000E+00  8.3600E-01  1.0000E+00  0.0000E+00  0.0000E+00  8.2319E-01  1.5328E-01 -2.5780E-01  8.3600E-01  1.2162E+00 -3.8019E-01 -2.4289E-01
  8.0000E+00  0.0000E+00  1.0000E+02  1.0000E+00  0.0000E+00  0.0000E+00  1.0000E+00  1.0000E+00  0.0000E+00  0.0000E+00  0.0000E+00  0.0000E+00  0.0000E+00  0.0000E+00  0.0000E+00
  8.0000E+00  5.0000E-01  0.0000E+00  2.0000E+00  6.4610E+00  1.0000E+00  0.0000E+00  0.0000E+00  6.2664E+00  3.0598E-01  1.2608E-01  6.4610E+00  6.9294E+00 -4.6841E-01 -7.5009E-03
  8.0000E+00  2.0000E+00  0.0000E+00  2.0000E+00  1.1150E+01  1.0000E+00  0.0000E+00  0.0000E+00  1.2274E+01 -9.0209E-01 -8.3552E-01  1.1150E+01  1.1893E+01 -7.4260E-01 -8.8566E-01
  8.0000E+00  6.0000E+00  0.0000E+00  2.0000E+00  1.1946E+01  1.0000E+00  0.0000E+00  0.0000E+00  1.2484E+01 -4.2488E-01 -1.8674E-01  1.1946E+01  1.1503E+01  4.4303E-01 -1.7044E-01
  8.0000E+00  1.2000E+01  0.0000E+00  2.0000E+00  1.2897E+01  1.0000E+00  0.0000E+00  0.0000E+00  1.1120E+01  1.5740E+00  1.7913E+00  1.2897E+01  1.0221E+01  2.6761E+00  1.9551E+00
  8.0000E+00  2.4000E+01  0.0000E+00  2.0000E+00  9.2830E+00  1.0000E+00  0.0000E+00  0.0000E+00  8.8101E+00  5.2881E-01  6.9880E-01  9.2830E+00  8.0680E+00  1.2150E+00  7.7171E-01
  8.0000E+00  4.8000E+01  0.0000E+00  2.0000E+00  5.2780E+00  1.0000E+00  0.0000E+00  0.0000E+00  5.5297E+00 -4.4846E-01 -3.5788E-01  5.2780E+00  5.0272E+00  2.5081E-01 -3.8568E-01
  8.0000E+00  7.2000E+01  0.0000E+00  2.0000E+00  3.5110E+00  1.0000E+00  0.0000E+00  0.0000E+00  3.4707E+00  1.1434E-01  1.4761E-01  3.5110E+00  3.1324E+00  3.7855E-01  1.3890E-01
  8.0000E+00  9.6000E+01  0.0000E+00  2.0000E+00  2.1180E+00  1.0000E+00  0.0000E+00  0.0000E+00  2.1784E+00 -2.7320E-01 -2.8141E-01  2.1180E+00  1.9518E+00  1.6617E-01 -3.0910E-01
  8.0000E+00  1.2000E+02  0.0000E+00  2.0000E+00  1.4270E+00  1.0000E+00  0.0000E+00  0.0000E+00  1.3673E+00  4.3036E-01  3.8775E-01  1.4270E+00  1.2162E+00  2.1081E-01  3.4298E-01
  9.0000E+00  0.0000E+00  1.0000E+02  1.0000E+00  0.0000E+00  0.0000E+00  1.0000E+00  1.0000E+00  0.0000E+00  0.0000E+00  0.0000E+00  0.0000E+00  0.0000E+00  0.0000E+00  0.0000E+00
  9.0000E+00  5.0000E-01  0.0000E+00  2.0000E+00  6.1220E+00  1.0000E+00  0.0000E+00  0.0000E+00  6.0011E+00  1.9845E-01  3.0861E-02  6.1220E+00  6.9294E+00 -8.0741E-01  2.6376E-02
  9.0000E+00  2.0000E+00  0.0000E+00  2.0000E+00  9.6420E+00  1.0000E+00  0.0000E+00  0.0000E+00  1.0024E+01 -3.7582E-01 -8.1117E-01  9.6420E+00  1.1893E+01 -2.2506E+00 -7.1556E-01
  9.0000E+00  6.0000E+00  0.0000E+00  2.0000E+00  9.4660E+00  1.0000E+00  0.0000E+00  0.0000E+00  9.6549E+00 -1.9279E-01 -6.6796E-01  9.4660E+00  1.1503E+01 -2.0370E+00 -6.0935E-01
  9.0000E+00  1.2000E+01  0.0000E+00  2.0000E+00  8.7180E+00  1.0000E+00  0.0000E+00  0.0000E+00  8.6196E+00  1.1252E-01 -3.3188E-01  8.7180E+00  1.0221E+01 -1.5029E+00 -3.2726E-01
  9.0000E+00  2.4000E+01  0.0000E+00  2.0000E+00  6.5120E+00  1.0000E+00  0.0000E+00  0.0000E+00  6.8693E+00 -5.1247E-01 -9.0392E-01  6.5120E+00  8.0680E+00 -1.5560E+00 -8.0321E-01
  9.0000E+00  4.8000E+01  0.0000E+00  2.0000E+00  4.7890E+00  1.0000E+00  0.0000E+00  0.0000E+00  4.3628E+00  9.6245E-01  6.4888E-01  4.7890E+00  5.0272E+00 -2.3819E-01  5.2122E-01
  9.0000E+00  7.2000E+01  0.0000E+00  2.0000E+00  2.6550E+00  1.0000E+00  0.0000E+00  0.0000E+00  2.7709E+00 -4.1213E-01 -6.7178E-01  2.6550E+00  3.1324E+00 -4.7745E-01 -5.7979E-01
  9.0000E+00  9.6000E+01  0.0000E+00  2.0000E+00  1.7510E+00  1.0000E+00  0.0000E+00  0.0000E+00  1.7599E+00 -4.9563E-02 -2.6857E-01  1.7510E+00  1.9518E+00 -2.0083E-01 -2.2629E-01
  9.0000E+00  1.2000E+02  0.0000E+00  2.0000E+00  1.1360E+00  1.0000E+00  0.0000E+00  0.0000E+00  1.1177E+00  1.6118E-01 -2.5820E-02  1.1360E+00  1.2162E+00 -8.0186E-02 -1.6751E-02
  1.0000E+01  0.0000E+00  1.0000E+02  1.0000E+00  0.0000E+00  0.0000E+00  1.0000E+00  1.0000E+00  0.0000E+00  0.0000E+00  0.0000E+00  0.0000E+00  0.0000E+00  0.0000E+00  0.0000E+00
  1.0000E+01  5.0000E-01  0.0000E+00  2.0000E+00  9.0880E+00  1.0000E+00  0.0000E+00  0.0000E+00  8.9353E+00  1.6834E-01  5.3029E-01  9.0880E+00  6.9294E+00  2.1586E+00  4.3576E-01
  1.0000E+01  2.0000E+00  0.0000E+00  2.0000E+00  1.4326E+01  1.0000E+00  0.0000E+00  0.0000E+00  1.2884E+01  1.1027E+00  1.1566E+00  1.4326E+01  1.1893E+01  2.4334E+00  1.1623E+00
  1.0000E+01  6.0000E+00  0.0000E+00  2.0000E+00  1.2270E+01  1.0000E+00  0.0000E+00  0.0000E+00  1.2076E+01  1.5824E-01  1.8306E-01  1.2270E+01  1.1503E+01  7.6703E-01  2.5186E-01
  1.0000E+01  1.2000E+01  0.0000E+00  2.0000E+00  9.3220E+00  1.0000E+00  0.0000E+00  0.0000E+00  1.0752E+01 -1.3107E+00 -1.2530E+00  9.3220E+00  1.0221E+01 -8.9888E-01 -1.2462E+00
  1.0000E+01  2.4000E+01  0.0000E+00  2.0000E+00  9.1360E+00  1.0000E+00  0.0000E+00  0.0000E+00  8.5244E+00  7.0691E-01  8.2385E-01  9.1360E+00  8.0680E+00  1.0680E+00  9.0808E-01
  1.0000E+01  4.8000E+01  0.0000E+00  2.0000E+00  4.5890E+00  1.0000E+00  0.0000E+00  0.0000E+00  5.3577E+00 -1.4136E+00 -1.2142E+00  4.5890E+00  5.0272E+00 -4.3819E-01 -1.2426E+00
  1.0000E+01  7.2000E+01  0.0000E+00  2.0000E+00  3.4550E+00  1.0000E+00  0.0000E+00  0.0000E+00  3.3674E+00  2.5629E-01  4.8457E-01  3.4550E+00  3.1324E+00  3.2255E-01  4.9031E-01
  1.0000E+01  9.6000E+01  0.0000E+00  2.0000E+00  2.4350E+00  1.0000E+00  0.0000E+00  0.0000E+00  2.1165E+00  1.4828E+00  1.6965E+00  2.4350E+00  1.9518E+00  4.8317E-01  1.6440E+00
  1.0000E+01  1.2000E+02  0.0000E+00  2.0000E+00  1.2230E+00  1.0000E+00  0.0000E+00  0.0000E+00  1.3302E+00 -7.9423E-01 -6.1780E-01  1.2230E+00  1.2162E+00  6.8145E-03 -6.0842E-01
  1.1000E+01  0.0000E+00  1.0000E+02  1.0000E+00  0.0000E+00  0.0000E+00  1.0000E+00  1.0000E+00  0.0000E+00  0.0000E+00  0.0000E+00  0.0000E+00  0.0000E+00  0.0000E+00  0.0000E+00
  1.1000E+01  5.0000E-01  0.0000E+00  2.0000E+00  4.3180E+00  1.0000E+00  0.0000E+00  0.0000E+00  4.5455E+00 -4.9320E-01 -1.1941E+00  4.3180E+00  6.9294E+00 -2.6114E+00 -8.2491E-01
  1.1000E+01  2.0000E+00  0.0000E+00  2.0000E+00  1.0223E+01  1.0000E+00  0.0000E+00  0.0000E+00  9.0580E+00  1.2672E+00  4.0865E-01  1.0223E+01  1.1893E+01 -1.6696E+00  1.6017E-01
  1.1000E+01  6.0000E+00  0.0000E+00  2.0000E+00  9.6630E+00  1.0000E+00  0.0000E+00  0.0000E+00  9.4464E+00  2.2586E-01 -4.4627E-01  9.6630E+00  1.1503E+01 -1.8400E+00 -3.9848E-01
  1.1000E+01  1.2000E+01  0.0000E+00  2.0000E+00  8.4320E+00  1.0000E+00  0.0000E+00  0.0000E+00  8.6753E+00 -2.7633E-01 -8.0091E-01  8.4320E+00  1.0221E+01 -1.7889E+00 -6.8599E-01
  1.1000E+01  2.4000E+01  0.0000E+00  2.0000E+00  7.1140E+00  1.0000E+00  0.0000E+00  0.0000E+00  7.3041E+00 -2.5643E-01 -5.2219E-01  7.1140E+00  8.0680E+00 -9.5402E-01 -4.6097E-01
  1.1000E+01  4.8000E+01  0.0000E+00  2.0000E+00  4.4180E+00  1.0000E+00  0.0000E+00  0.0000E+00  5.1776E+00 -1.4455E+00 -1.3097E+00  4.4180E+00  5.0272E+00 -6.0919E-01 -1.3251E+00
  1.1000E+01  7.2000E+01  0.0000E+00  2.0000E+00  3.3510E+00  1.0000E+00  0.0000E+00  0.0000E+00  3.6702E+00 -8.5691E-01 -4.5941E-01  3.3510E+00  3.1324E+00  2.1855E-01 -5.4227E-01
  1.1000E+01  9.6000E+01  0.0000E+00  2.0000E+00  2.8620E+00  1.0000E+00  0.0000E+00  0.0000E+00  2.6017E+00  9.8586E-01  1.5288E+00  2.8620E+00  1.9518E+00  9.1017E-01  1.8531E+00
  1.1000E+01  1.2000E+02  0.0000E+00  2.0000E+00  1.9420E+00  1.0000E+00  0.0000E+00  0.0000E+00  1.8442E+00  5.2233E-01  1.1209E+00  1.9420E+00  1.2162E+00  7.2581E-01  1.6398E+00
  1.2000E+01  0.0000E+00  1.0000E+02  1.0000E+00  0.0000E+00  0.0000E+00  1.0000E+00  1.0000E+00  0.0000E+00  0.0000E+00  0.0000E+00  0.0000E+00  0.0000E+00  0.0000E+00  0.0000E+00
  1.2000E+01  5.0000E-01  0.0000E+00  2.0000E+00  1.0249E+01  1.0000E+00  0.0000E+00  0.0000E+00  9.9369E+00  3.0943E-01  8.2188E-01  1.0249E+01  6.9294E+00  3.3196E+00  1.0152E+00
  1.2000E+01  2.0000E+00  0.0000E+00  2.0000E+00  1.4165E+01  1.0000E+00  0.0000E+00  0.0000E+00  1.4432E+01 -1.8210E-01  1.0451E-01  1.4165E+01  1.1893E+01  2.2724E+00  3.8965E-02
  1.2000E+01  6.0000E+00  0.0000E+00  2.0000E+00  1.4325E+01  1.0000E+00  0.0000E+00  0.0000E+00  1.3652E+01  4.8580E-01  7.5619E-01  1.4325E+01  1.1503E+01  2.8220E+00  8.9881E-01
  1.2000E+01  1.2000E+01  0.0000E+00  2.0000E+00  1.3177E+01  1.0000E+00  0.0000E+00  0.0000E+00  1.2316E+01  6.8856E-01  1.0021E+00  1.3177E+01  1.0221E+01  2.9561E+00  1.1913E+00
  1.2000E+01  2.4000E+01  0.0000E+00  2.0000E+00  1.0338E+01  1.0000E+00  0.0000E+00  0.0000E+00  1.0024E+01  3.0840E-01  6.9129E-01  1.0338E+01  8.0680E+00  2.2700E+00  8.0872E-01
  1.2000E+01  4.8000E+01  0.0000E+00  2.0000E+00  6.4720E+00  1.0000E+00  0.0000E+00  0.0000E+00  6.6404E+00 -2.4987E-01  2.0999E-01  6.4720E+00  5.0272E+00  1.4448E+00  1.6141E-01
  1.2000E+01  7.2000E+01  0.0000E+00  2.0000E+00  4.5000E+00  1.0000E+00  0.0000E+00  0.0000E+00  4.3988E+00  2.2657E-01  6.9777E-01  4.5000E+00  3.1324E+00  1.3676E+00  7.8588E-01
  1.2000E+01  9.6000E+01  0.0000E+00  2.0000E+00  2.7930E+00  1.0000E+00  0.0000E+00  0.0000E+00  2.9140E+00 -4.0896E-01  2.9116E-02  2.7930E+00  1.9518E+00  8.4117E-01 -8.0398E-02
  1.2000E+01  1.2000E+02  0.0000E+00  2.0000E+00  2.0580E+00  1.0000E+00  0.0000E+00  0.0000E+00  1.9303E+00  6.5177E-01  1.0307E+00  2.0580E+00  1.2162E+00  8.4181E-01  1.3534E+00
  1.3000E+01  0.0000E+00  1.0000E+02  1.0000E+00  0.0000E+00  0.0000E+00  1.0000E+00  1.0000E+00  0.0000E+00  0.0000E+00  0.0000E+00  0.0000E+00  0.0000E+00  0.0000E+00  0.0000E+00
  1.3000E+01  5.0000E-01  0.0000E+00  2.0000E+00  7.7900E+00  1.0000E+00  0.0000E+00  0.0000E+00  7.8417E+00 -6.4930E-02 -2.5990E-01  7.7900E+00  6.9294E+00  8.6059E-01 -2.3189E-01
  1.3000E+01  2.0000E+00  0.0000E+00  2.0000E+00  1.5800E+01  1.0000E+00  0.0000E+00  0.0000E+00  1.5152E+01  4.2152E-01  8.5342E-01  1.5800E+01  1.1893E+01  3.9074E+00  9.9867E-01
  1.3000E+01  6.0000E+00  0.0000E+00  2.0000E+00  1.4912E+01  1.0000E+00  0.0000E+00  0.0000E+00  1.5269E+01 -2.3006E-01  4.9545E-01  1.4912E+01  1.1503E+01  3.4090E+00  4.8903E-01
  1.3000E+01  1.2000E+01  0.0000E+00  2.0000E+00  1.6109E+01  1.0000E+00  0.0000E+00  0.0000E+00  1.3525E+01  1.8821E+00  2.5605E+00  1.6109E+01  1.0221E+01  5.8881E+00  3.2048E+00
  1.3000E+01  2.4000E+01  0.0000E+00  2.0000E+00  1.0121E+01  1.0000E+00  0.0000E+00  0.0000E+00  1.0600E+01 -4.4504E-01  1.4055E-01  1.0121E+01  8.0680E+00  2.0530E+00  6.2646E-02
  1.3000E+01  4.8000E+01  0.0000E+00  2.0000E+00  6.6550E+00  1.0000E+00  0.0000E+00  0.0000E+00  6.5103E+00  2.1901E-01  6.6439E-01  6.6550E+00  5.0272E+00  1.6278E+00  7.7297E-01
  1.3000E+01  7.2000E+01  0.0000E+00  2.0000E+00  3.4760E+00  1.0000E+00  0.0000E+00  0.0000E+00  3.9986E+00 -1.2876E+00 -9.4219E-01  3.4760E+00  3.1324E+00  3.4355E-01 -1.1570E+00
  1.3000E+01  9.6000E+01  0.0000E+00  2.0000E+00  2.7860E+00  1.0000E+00  0.0000E+00  0.0000E+00  2.4559E+00  1.3244E+00  1.5897E+00  2.7860E+00  1.9518E+00  8.3417E-01  1.8302E+00
  1.3000E+01  1.2000E+02  0.0000E+00  2.0000E+00  1.4710E+00  1.0000E+00  0.0000E+00  0.0000E+00  1.5084E+00 -2.4412E-01 -4.9086E-02  1.4710E+00  1.2162E+00  2.5481E-01  6.6918E-03
  1.4000E+01  0.0000E+00  1.0000E+02  1.0000E+00  0.0000E+00  0.0000E+00  1.0000E+00  1.0000E+00  0.0000E+00  0.0000E+00  0.0000E+00  0.0000E+00  0.0000E+00  0.0000E+00  0.0000E+00
  1.4000E+01  5.0000E-01  0.0000E+00  2.0000E+00  9.6890E+00  1.0000E+00  0.0000E+00  0.0000E+00  9.3229E+00  3.8687E-01  8.9649E-01  9.6890E+00  6.9294E+00  2.7596E+00  1.0428E+00
  1.4000E+01  2.0000E+00  0.0000E+00  2.0000E+00  1.2309E+01  1.0000E+00  0.0000E+00  0.0000E+00  1.2665E+01 -2.7685E-01 -2.1270E-01  1.2309E+01  1.1893E+01  4.1640E-01 -3.2098E-01
  1.4000E+01  6.0000E+00  0.0000E+00  2.0000E+00  1.4644E+01  1.0000E+00  0.0000E+00  0.0000E+00  1.1900E+01  2.2718E+00  2.3467E+00  1.4644E+01  1.1503E+01  3.1410E+00  2.4594E+00
  1.4000E+01  1.2000E+01  0.0000E+00  2.0000E+00  7.4460E+00  1.0000E+00  0.0000E+00  0.0000E+00  1.0728E+01 -3.0139E+00 -2.8605E+00  7.4460E+00  1.0221E+01 -2.7749E+00 -2.9104E+00
  1.4000E+01  2.4000E+01  0.0000E+00  2.0000E+00  9.1240E+00  1.0000E+00  0.0000E+00  0.0000E+00  8.7178E+00  4.5902E-01  7.4892E-01  9.1240E+00  8.0680E+00  1.0560E+00  8.5125E-01
  1.4000E+01  4.8000E+01  0.0000E+00  2.0000E+00  5.7440E+00  1.0000E+00  0.0000E+00  0.0000E+00  5.7573E+00 -2.2760E-02  4.5734E-01  5.7440E+00  5.0272E+00  7.1681E-01  5.1980E-01
  1.4000E+01  7.2000E+01  0.0000E+00  2.0000E+00  3.0420E+00  1.0000E+00  0.0000E+00  0.0000E+00  3.8021E+00 -1.9698E+00 -1.4042E+00  3.0420E+00  3.1324E+00 -9.0445E-02 -1.6429E+00
  1.4000E+01  9.6000E+01  0.0000E+00  2.0000E+00  2.7130E+00  1.0000E+00  0.0000E+00  0.0000E+00  2.5110E+00  7.9280E-01  1.3546E+00  2.7130E+00  1.9518E+00  7.6117E-01  1.5350E+00
  1.4000E+01  1.2000E+02  0.0000E+00  2.0000E+00  1.7690E+00  1.0000E+00  0.0000E+00  0.0000E+00  1.6582E+00  6.5807E-01  1.1488E+00  1.7690E+00  1.2162E+00  5.5281E-01  1.3347E+00
  1.5000E+01  0.0000E+00  1.0000E+02  1.0000E+00  0.0000E+00  0.0000E+00  1.0000E+00  1.0000E+00  0.0000E+00  0.0000E+00  0.0000E+00  0.0000E+00  0.0000E+00  0.0000E+00  0.0000E+00
  1.5000E+01  5.0000E-01  0.0000E+00  2.0000E+00  7.4040E+00  1.0000E+00  0.0000E+00  0.0000E+00  7.2021E+00  2.7621E-01  3.0690E-01  7.4040E+00  6.9294E+00  4.7459E-01  3.1464E-01
  1.5000E+01  2.0000E+00  0.0000E+00  2.0000E+00  1.1338E+01  1.0000E+00  0.0000E+00  0.0000E+00  1.2287E+01 -7.6088E-01 -6.0458E-01  1.1338E+01  1.1893E+01 -5.5460E-01 -6.0650E-01
  1.5000E+01  6.0000E+00  0.0000E+00  2.0000E+00  1.1582E+01  1.0000E+00  0.0000E+00  0.0000E+00  1.1901E+01 -2.6401E-01 -9.6115E-02  1.1582E+01  1.1503E+01  7.9028E-02 -9.3773E-02
  1.5000E+01  1.2000E+01  0.0000E+00  2.0000E+00  1.1175E+01  1.0000E+00  0.0000E+00  0.0000E+00  1.0628E+01  5.0685E-01  6.5438E-01  1.1175E+01  1.0221E+01  9.5412E-01  6.7374E-01
  1.5000E+01  2.4000E+01  0.0000E+00  2.0000E+00  8.7400E+00  1.0000E+00  0.0000E+00  0.0000E+00  8.4754E+00  3.0765E-01  4.0547E-01  8.7400E+00  8.0680E+00  6.7198E-01  4.1349E-01
  1.5000E+01  4.8000E+01  0.0000E+00  2.0000E+00  5.3520E+00  1.0000E+00  0.0000E+00  0.0000E+00  5.3895E+00 -6.8591E-02 -8.7483E-02  5.3520E+00  5.0272E+00  3.2481E-01 -1.1184E-01
  1.5000E+01  7.2000E+01  0.0000E+00  2.0000E+00  3.8060E+00  1.0000E+00  0.0000E+00  0.0000E+00  3.4272E+00  1.0889E+00  9.6314E-01  3.8060E+00  3.1324E+00  6.7355E-01  9.7050E-01
  1.5000E+01  9.6000E+01  0.0000E+00  2.0000E+00  2.4190E+00  1.0000E+00  0.0000E+00  0.0000E+00  2.1794E+00  1.0832E+00  8.9067E-01  2.4190E+00  1.9518E+00  4.6717E-01  8.6703E-01
  1.5000E+01  1.2000E+02  0.0000E+00  2.0000E+00  1.1540E+00  1.0000E+00  0.0000E+00  0.0000E+00  1.3859E+00 -1.6485E+00 -1.8544E+00  1.1540E+00  1.2162E+00 -6.2186E-02 -1.8478E+00
  1.6000E+01  0.0000E+00  1.0000E+02  1.0000E+00  0.0000E+00  0.0000E+00  1.0000E+00  1.0000E+00  0.0000E+00  0.0000E+00  0.0000E+00  0.0000E+00  0.0000E+00  0.0000E+00  0.0000E+00
  1.6000E+01  5.0000E-01  0.0000E+00  2.0000E+00  7.4460E+00  1.0000E+00  0.0000E+00  0.0000E+00  7.4969E+00 -6.6887E-02 -2.1316E-01  7.4460E+00  6.9294E+00  5.1659E-01 -1.9275E-01
  1.6000E+01  2.0000E+00  0.0000E+00  2.0000E+00  1.4590E+01  1.0000E+00  0.0000E+00  0.0000E+00  1.3814E+01  5.5369E-01  6.4840E-01  1.4590E+01  1.1893E+01  2.6974E+00  7.3756E-01
  1.6000E+01  6.0000E+00  0.0000E+00  2.0000E+00  1.4976E+01  1.0000E+00  0.0000E+00  0.0000E+00  1.3836E+01  8.1197E-01  1.0618E+00  1.4976E+01  1.1503E+01  3.4730E+00  1.2444E+00
  1.6000E+01  1.2000E+01  0.0000E+00  2.0000E+00  1.3286E+01  1.0000E+00  0.0000E+00  0.0000E+00  1.2549E+01  5.7873E-01  9.0608E-01  1.3286E+01  1.0221E+01  3.0651E+00  1.0698E+00
  1.6000E+01  2.4000E+01  0.0000E+00  2.0000E+00  1.0785E+01  1.0000E+00  0.0000E+00  0.0000E+00  1.0317E+01  4.4650E-01  9.0920E-01  1.0785E+01  8.0680E+00  2.7170E+00  1.0865E+00
  1.6000E+01  4.8000E+01  0.0000E+00  2.0000E+00  6.4510E+00  1.0000E+00  0.0000E+00  0.0000E+00  6.9744E+00 -7.3935E-01 -7.5844E-02  6.4510E+00  5.0272E+00  1.4238E+00 -2.3818E-01
  1.6000E+01  7.2000E+01  0.0000E+00  2.0000E+00  4.1340E+00  1.0000E+00  0.0000E+00  0.0000E+00  4.7145E+00 -1.2132E+00 -4.3774E-01  4.1340E+00  3.1324E+00  1.0016E+00 -8.0470E-01
  1.6000E+01  9.6000E+01  0.0000E+00  2.0000E+00  3.2280E+00  1.0000E+00  0.0000E+00  0.0000E+00  3.1869E+00  1.2702E-01  9.3635E-01  3.2280E+00  1.9518E+00  1.2762E+00  1.2128E+00
  1.6000E+01  1.2000E+02  0.0000E+00  2.0000E+00  2.4000E+00  1.0000E+00  0.0000E+00  0.0000E+00  2.1543E+00  1.1238E+00  1.9053E+00  2.4000E+00  1.2162E+00  1.1838E+00  2.8083E+00
  1.7000E+01  0.0000E+00  1.0000E+02  1.0000E+00  0.0000E+00  0.0000E+00  1.0000E+00  1.0000E+00  0.0000E+00  0.0000E+00  0.0000E+00  0.0000E+00  0.0000E+00  0.0000E+00  0.0000E+00
  1.7000E+01  5.0000E-01  0.0000E+00  2.0000E+00  6.4260E+00  1.0000E+00  0.0000E+00  0.0000E+00  6.2425E+00  2.8966E-01  2.2291E-01  6.4260E+00  6.9294E+00 -5.0341E-01  2.2735E-01
  1.7000E+01  2.0000E+00  0.0000E+00  2.0000E+00  9.2540E+00  1.0000E+00  0.0000E+00  0.0000E+00  1.0068E+01 -7.9696E-01 -1.2492E+00  9.2540E+00  1.1893E+01 -2.6386E+00 -1.0303E+00
  1.7000E+01  6.0000E+00  0.0000E+00  2.0000E+00  9.6750E+00  1.0000E+00  0.0000E+00  0.0000E+00  9.7907E+00 -1.1646E-01 -5.7540E-01  9.6750E+00  1.1503E+01 -1.8280E+00 -4.9034E-01
  1.7000E+01  1.2000E+01  0.0000E+00  2.0000E+00  9.8080E+00  1.0000E+00  0.0000E+00  0.0000E+00  8.9930E+00  8.9287E-01  5.4430E-01  9.8080E+00  1.0221E+01 -4.1288E-01  4.6117E-01
  1.7000E+01  2.4000E+01  0.0000E+00  2.0000E+00  7.1050E+00  1.0000E+00  0.0000E+00  0.0000E+00  7.5870E+00 -6.2588E-01 -7.8555E-01  7.1050E+00  8.0680E+00 -9.6302E-01 -7.7706E-01
  1.7000E+01  4.8000E+01  0.0000E+00  2.0000E+00  5.0450E+00  1.0000E+00  0.0000E+00  0.0000E+00  5.4000E+00 -6.4766E-01 -5.4410E-01  5.0450E+00  5.0272E+00  1.7809E-02 -7.1075E-01
  1.7000E+01  7.2000E+01  0.0000E+00  2.0000E+00  4.0730E+00  1.0000E+00  0.0000E+00  0.0000E+00  3.8434E+00  5.8860E-01  8.3335E-01  4.0730E+00  3.1324E+00  9.4055E-01  7.9203E-01
  1.7000E+01  9.6000E+01  0.0000E+00  2.0000E+00  3.0860E+00  1.0000E+00  0.0000E+00  0.0000E+00  2.7355E+00  1.2624E+00  1.5636E+00  3.0860E+00  1.9518E+00  1.1342E+00  1.9182E+00
  1.7000E+01  1.2000E+02  0.0000E+00  2.0000E+00  1.7810E+00  1.0000E+00  0.0000E+00  0.0000E+00  1.9470E+00 -8.3993E-01 -5.3406E-01  1.7810E+00  1.2162E+00  5.6481E-01 -4.8835E-01
  1.8000E+01  0.0000E+00  1.0000E+02  1.0000E+00  0.0000E+00  0.0000E+00  1.0000E+00  1.0000E+00  0.0000E+00  0.0000E+00  0.0000E+00  0.0000E+00  0.0000E+00  0.0000E+00  0.0000E+00
  1.8000E+01  5.0000E-01  0.0000E+00  2.0000E+00  6.5020E+00  1.0000E+00  0.0000E+00  0.0000E+00  6.4981E+00  5.9802E-03 -1.7131E-01  6.5020E+00  6.9294E+00 -4.2741E-01 -1.6145E-01
  1.8000E+01  2.0000E+00  0.0000E+00  2.0000E+00  1.1717E+01  1.0000E+00  0.0000E+00  0.0000E+00  1.1127E+01  5.2272E-01  3.0137E-01  1.1717E+01  1.1893E+01 -1.7560E-01  2.7032E-01
  1.8000E+01  6.0000E+00  0.0000E+00  2.0000E+00  9.6870E+00  1.0000E+00  0.0000E+00  0.0000E+00  1.0822E+01 -1.0336E+00 -1.2336E+00  9.6870E+00  1.1503E+01 -1.8160E+00 -1.1514E+00
  1.8000E+01  1.2000E+01  0.0000E+00  2.0000E+00  1.0265E+01  1.0000E+00  0.0000E+00  0.0000E+00  9.7164E+00  5.5628E-01  3.9845E-01  1.0265E+01  1.0221E+01  4.4124E-02  3.7095E-01
  1.8000E+01  2.4000E+01  0.0000E+00  2.0000E+00  8.1440E+00  1.0000E+00  0.0000E+00  0.0000E+00  7.8309E+00  3.9398E-01  3.0675E-01  8.1440E+00  8.0680E+00  7.5976E-02  2.8974E-01
  1.8000E+01  4.8000E+01  0.0000E+00  2.0000E+00  4.6620E+00  1.0000E+00  0.0000E+00  0.0000E+00  5.0865E+00 -8.2221E-01 -8.1610E-01  4.6620E+00  5.0272E+00 -3.6519E-01 -8.1540E-01
  1.8000E+01  7.2000E+01  0.0000E+00  2.0000E+00  3.6300E+00  1.0000E+00  0.0000E+00  0.0000E+00  3.3039E+00  9.7253E-01  1.0234E+00  3.6300E+00  3.1324E+00  4.9755E-01  1.0142E+00
  1.8000E+01  9.6000E+01  0.0000E+00  2.0000E+00  1.9970E+00  1.0000E+00  0.0000E+00  0.0000E+00  2.1460E+00 -6.8412E-01 -6.2047E-01  1.9970E+00  1.9518E+00  4.5171E-02 -6.0670E-01
  1.8000E+01  1.2000E+02  0.0000E+00  2.0000E+00  1.4490E+00  1.0000E+00  0.0000E+00  0.0000E+00  1.3939E+00  3.8929E-01  4.4654E-01  1.4490E+00  1.2162E+00  2.3281E-01  4.7851E-01
  1.9000E+01  0.0000E+00  1.0000E+02  1.0000E+00  0.0000E+00  0.0000E+00  1.0000E+00  1.0000E+00  0.0000E+00  0.0000E+00  0.0000E+00  0.0000E+00  0.0000E+00  0.0000E+00  0.0000E+00
  1.9000E+01  5.0000E-01  0.0000E+00  2.0000E+00  1.1326E+01  1.0000E+00  0.0000E+00  0.0000E+00  1.0344E+01  9.3535E-01  1.6584E+00  1.1326E+01  6.9294E+00  4.3966E+00  1.9732E+00
  1.9000E+01  2.0000E+00  0.0000E+00  2.0000E+00  1.0635E+01  1.0000E+00  0.0000E+00  0.0000E+00  1.1507E+01 -7.4645E-01 -1.0922E+00  1.0635E+01  1.1893E+01 -1.2576E+00 -1.3152E+00
  1.9000E+01  6.0000E+00  0.0000E+00  2.0000E+00  1.0547E+01  1.0000E+00  0.0000E+00  0.0000E+00  1.0581E+01 -3.1856E-02 -3.8024E-01  1.0547E+01  1.1503E+01 -9.5597E-01 -1.6046E-01
  1.9000E+01  1.2000E+01  0.0000E+00  2.0000E+00  9.3430E+00  1.0000E+00  0.0000E+00  0.0000E+00  9.3267E+00  1.7250E-02 -3.2009E-01  9.3430E+00  1.0221E+01 -8.7788E-01 -1.2327E-01
  1.9000E+01  2.4000E+01  0.0000E+00  2.0000E+00  7.1470E+00  1.0000E+00  0.0000E+00  0.0000E+00  7.2462E+00 -1.3486E-01 -4.4460E-01  7.1470E+00  8.0680E+00 -9.2102E-01 -2.8141E-01
  1.9000E+01  4.8000E+01  0.0000E+00  2.0000E+00  4.1400E+00  1.0000E+00  0.0000E+00  0.0000E+00  4.3740E+00 -5.2700E-01 -7.7646E-01  4.1400E+00  5.0272E+00 -8.8719E-01 -6.5305E-01
  1.9000E+01  7.2000E+01  0.0000E+00  2.0000E+00  2.7350E+00  1.0000E+00  0.0000E+00  0.0000E+00  2.6402E+00  3.5371E-01  1.5149E-01  2.7350E+00  3.1324E+00 -3.9745E-01  3.4828E-02
  1.9000E+01  9.6000E+01  0.0000E+00  2.0000E+00  1.7060E+00  1.0000E+00  0.0000E+00  0.0000E+00  1.5937E+00  6.9431E-01  5.2069E-01  1.7060E+00  1.9518E+00 -2.4583E-01  2.3039E-01
  1.9000E+01  1.2000E+02  0.0000E+00  2.0000E+00  9.2600E-01  1.0000E+00  0.0000E+00  0.0000E+00  9.6199E-01 -3.6858E-01 -5.2566E-01  9.2600E-01  1.2162E+00 -2.9019E-01 -5.5546E-01
  2.0000E+01  0.0000E+00  1.0000E+02  1.0000E+00  0.0000E+00  0.0000E+00  1.0000E+00  1.0000E+00  0.0000E+00  0.0000E+00  0.0000E+00  0.0000E+00  0.0000E+00  0.0000E+00  0.0000E+00
  2.0000E+01  5.0000E-01  0.0000E+00  2.0000E+00  1.4203E+01  1.0000E+00  0.0000E+00  0.0000E+00  1.3216E+01  7.3618E-01  2.0084E+00  1.4203E+01  6.9294E+00  7.2736E+00  2.5742E+00
  2.0000E+01  2.0000E+00  0.0000E+00  2.0000E+00  1.4016E+01  1.0000E+00  0.0000E+00  0.0000E+00  1.5062E+01 -6.8418E-01 -1.4138E-01  1.4016E+01  1.1893E+01  2.1234E+00 -4.2936E-01
  2.0000E+01  6.0000E+00  0.0000E+00  2.0000E+00  1.2969E+01  1.0000E+00  0.0000E+00  0.0000E+00  1.3147E+01 -1.3329E-01  7.9144E-02  1.2969E+01  1.1503E+01  1.4660E+00  5.4035E-01
  2.0000E+01  1.2000E+01  0.0000E+00  2.0000E+00  1.1469E+01  1.0000E+00  0.0000E+00  0.0000E+00  1.0708E+01  6.9978E-01  5.1424E-01  1.1469E+01  1.0221E+01  1.2481E+00  8.5952E-01
  2.0000E+01  2.4000E+01  0.0000E+00  2.0000E+00  6.9440E+00  1.0000E+00  0.0000E+00  0.0000E+00  7.1045E+00 -2.2259E-01 -9.4847E-01  6.9440E+00  8.0680E+00 -1.1240E+00 -8.9402E-01
  2.0000E+01  4.8000E+01  0.0000E+00  2.0000E+00  3.4670E+00  1.0000E+00  0.0000E+00  0.0000E+00  3.1272E+00  1.0707E+00  2.4517E-03  3.4670E+00  5.0272E+00 -1.5602E+00 -7.5067E-01
  2.0000E+01  7.2000E+01  0.0000E+00  2.0000E+00  1.2040E+00  1.0000E+00  0.0000E+00  0.0000E+00  1.3765E+00 -1.2345E+00 -2.1365E+00  1.2040E+00  3.1324E+00 -1.9284E+00 -1.6982E+00
  2.0000E+01  9.6000E+01  0.0000E+00  2.0000E+00  6.3500E-01  1.0000E+00  0.0000E+00  0.0000E+00  6.0587E-01  4.7363E-01 -1.4003E-01  6.3500E-01  1.9518E+00 -1.3168E+00 -3.0270E-01
  2.0000E+01  1.2000E+02  0.0000E+00  2.0000E+00  2.6500E-01  1.0000E+00  0.0000E+00  0.0000E+00  2.6669E-01 -6.2257E-02 -4.4255E-01  2.6500E-01  1.2162E+00 -9.5119E-01  5.5727E-01
  2.1000E+01  0.0000E+00  1.0000E+02  1.0000E+00  0.0000E+00  0.0000E+00  1.0000E+00  1.0000E+00  0.0000E+00  0.0000E+00  0.0000E+00  0.0000E+00  0.0000E+00  0.0000E+00  0.0000E+00
  2.1000E+01  5.0000E-01  0.0000E+00  2.0000E+00  5.4050E+00  1.0000E+00  0.0000E+00  0.0000E+00  5.2306E+00  3.2843E-01 -6.2847E-02  5.4050E+00  6.9294E+00 -1.5244E+00 -2.7651E-01
  2.1000E+01  2.0000E+00  0.0000E+00  2.0000E+00  1.0133E+01  1.0000E+00  0.0000E+00  0.0000E+00  1.1146E+01 -8.9549E-01 -9.5312E-01  1.0133E+01  1.1893E+01 -1.7596E+00 -9.6252E-01
  2.1000E+01  6.0000E+00  0.0000E+00  2.0000E+00  1.0169E+01  1.0000E+00  0.0000E+00  0.0000E+00  1.1881E+01 -1.4198E+00 -1.0890E+00  1.0169E+01  1.1503E+01 -1.3340E+00 -1.0377E+00
  2.1000E+01  1.2000E+01  0.0000E+00  2.0000E+00  1.1836E+01  1.0000E+00  0.0000E+00  0.0000E+00  1.0593E+01  1.1557E+00  1.4452E+00  1.1836E+01  1.0221E+01  1.6151E+00  1.5474E+00
  2.1000E+01  2.4000E+01  0.0000E+00  2.0000E+00  8.8780E+00  1.0000E+00  0.0000E+00  0.0000E+00  8.3808E+00  5.8452E-01  7.4911E-01  8.8780E+00  8.0680E+00  8.0998E-01  8.1772E-01
  2.1000E+01  4.8000E+01  0.0000E+00  2.0000E+00  5.2130E+00  1.0000E+00  0.0000E+00  0.0000E+00  5.2454E+00 -6.0951E-02 -1.1879E-01  5.2130E+00  5.0272E+00  1.8581E-01 -1.1332E-01
  2.1000E+01  7.2000E+01  0.0000E+00  2.0000E+00  3.9740E+00  1.0000E+00  0.0000E+00  0.0000E+00  3.2831E+00  2.0735E+00  1.8628E+00  3.9740E+00  3.1324E+00  8.4155E-01  1.8081E+00
  2.1000E+01  9.6000E+01  0.0000E+00  2.0000E+00  1.6870E+00  1.0000E+00  0.0000E+00  0.0000E+00  2.0548E+00 -1.7637E+00 -2.0435E+00  1.6870E+00  1.9518E+00 -2.6483E-01 -2.0351E+00
  2.1000E+01  1.2000E+02  0.0000E+00  2.0000E+00  1.2660E+00  1.0000E+00  0.0000E+00  0.0000E+00  1.2861E+00 -1.5400E-01 -4.3082E-01  1.2660E+00  1.2162E+00  4.9814E-02 -5.3448E-01
  2.2000E+01  0.0000E+00  1.0000E+02  1.0000E+00  0.0000E+00  0.0000E+00  1.0000E+00  1.0000E+00  0.0000E+00  0.0000E+00  0.0000E+00  0.0000E+00  0.0000E+00  0.0000E+00  0.0000E+00
  2.2000E+01  5.0000E-01  0.0000E+00  2.0000E+00  4.3400E+00  1.0000E+00  0.0000E+00  0.0000E+00  4.3888E+00 -1.0948E-01 -8.6101E-01  4.3400E+00  6.9294E+00 -2.5894E+00 -7.4678E-01
  2.2000E+01  2.0000E+00  0.0000E+00  2.0000E+00  1.0414E+01  1.0000E+00  0.0000E+00  0.0000E+00  1.0342E+01  6.8488E-02 -5.8368E-01  1.0414E+01  1.1893E+01 -1.4786E+00 -6.7829E-01
  2.2000E+01  6.0000E+00  0.0000E+00  2.0000E+00  1.2497E+01  1.0000E+00  0.0000E+00  0.0000E+00  1.2094E+01  3.2860E-01  3.6314E-01  1.2497E+01  1.1503E+01  9.9403E-01  6.1954E-01
  2.2000E+01  1.2000E+01  0.0000E+00  2.0000E+00  1.0763E+01  1.0000E+00  0.0000E+00  0.0000E+00  1.1216E+01 -3.9784E-01 -2.0053E-01  1.0763E+01  1.0221E+01  5.4212E-01 -4.3581E-02
  2.2000E+01  2.4000E+01  0.0000E+00  2.0000E+00  1.1086E+01  1.0000E+00  0.0000E+00  0.0000E+00  9.5015E+00  1.6430E+00  1.9972E+00  1.1086E+01  8.0680E+00  3.0180E+00  2.3458E+00
  2.2000E+01  4.8000E+01  0.0000E+00  2.0000E+00  6.1580E+00  1.0000E+00  0.0000E+00  0.0000E+00  6.8180E+00 -9.5379E-01 -3.8930E-01  6.1580E+00  5.0272E+00  1.1308E+00 -8.1177E-01
  2.2000E+01  7.2000E+01  0.0000E+00  2.0000E+00  4.8050E+00  1.0000E+00  0.0000E+00  0.0000E+00  4.8924E+00 -1.7609E-01  4.8833E-01  4.8050E+00  3.1324E+00  1.6726E+00  2.3534E-01
  2.2000E+01  9.6000E+01  0.0000E+00  2.0000E+00  3.5480E+00  1.0000E+00  0.0000E+00  0.0000E+00  3.5107E+00  1.0473E-01  7.8744E-01  3.5480E+00  1.9518E+00  1.5962E+00  8.3688E-01
  2.2000E+01  1.2000E+02  0.0000E+00  2.0000E+00  2.6940E+00  1.0000E+00  0.0000E+00  0.0000E+00  2.5192E+00  6.8375E-01  1.3288E+00  2.6940E+00  1.2162E+00  1.4778E+00  2.2396E+00
  2.3000E+01  0.0000E+00  1.0000E+02  1.0000E+00  0.0000E+00  0.0000E+00  1.0000E+00  1.0000E+00  0.0000E+00  0.0000E+00  0.0000E+00  0.0000E+00  0.0000E+00  0.0000E+00  0.0000E+00
  2.3000E+01  5.0000E-01  0.0000E+00  2.0000E+00  4.9780E+00  1.0000E+00  0.0000E+00  0.0000E+00  4.8599E+00  2.3943E-01 -2.0828E-01  4.9780E+00  6.9294E+00 -1.9514E+00 -3.7820E-01
  2.3000E+01  2.0000E+00  0.0000E+00  2.0000E+00  9.6070E+00  1.0000E+00  0.0000E+00  0.0000E+00  1.0485E+01 -8.2490E-01 -1.2124E+00  9.6070E+00  1.1893E+01 -2.2856E+00 -1.2341E+00
  2.3000E+01  6.0000E+00  0.0000E+00  2.0000E+00  1.3337E+01  1.0000E+00  0.0000E+00  0.0000E+00  1.1314E+01  1.7617E+00  1.6895E+00  1.3337E+01  1.1503E+01  1.8340E+00  1.7354E+00
  2.3000E+01  1.2000E+01  0.0000E+00  2.0000E+00  1.0229E+01  1.0000E+00  0.0000E+00  0.0000E+00  1.0174E+01  5.3137E-02  4.0842E-02  1.0229E+01  1.0221E+01  8.1244E-03  1.3291E-01
  2.3000E+01  2.4000E+01  0.0000E+00  2.0000E+00  7.0280E+00  1.0000E+00  0.0000E+00  0.0000E+00  8.1818E+00 -1.3894E+00 -1.3266E+00  7.0280E+00  8.0680E+00 -1.0400E+00 -1.2598E+00
  2.3000E+01  4.8000E+01  0.0000E+00  2.0000E+00  4.9970E+00  1.0000E+00  0.0000E+00  0.0000E+00  5.2911E+00 -5.4758E-01 -3.8391E-01  4.9970E+00  5.0272E+00 -3.0191E-02 -3.7176E-01
  2.3000E+01  7.2000E+01  0.0000E+00  2.0000E+00  3.6510E+00  1.0000E+00  0.0000E+00  0.0000E+00  3.4217E+00  6.6035E-01  8.6072E-01  3.6510E+00  3.1324E+00  5.1855E-01  8.7015E-01
  2.3000E+01  9.6000E+01  0.0000E+00  2.0000E+00  2.2170E+00  1.0000E+00  0.0000E+00  0.0000E+00  2.2128E+00  1.8906E-02  2.0263E-01  2.2170E+00  1.9518E+00  2.6517E-01  1.6758E-01
  2.3000E+01  1.2000E+02  0.0000E+00  2.0000E+00  1.4700E+00  1.0000E+00  0.0000E+00  0.0000E+00  1.4310E+00  2.6879E-01  3.9962E-01  1.4700E+00  1.2162E+00  2.5381E-01  3.6495E-01
  2.4000E+01  0.0000E+00  1.0000E+02  1.0000E+00  0.0000E+00  0.0000E+00  1.0000E+00  1.0000E+00  0.0000E+00  0.0000E+00  0.0000E+00  0.0000E+00  0.0000E+00  0.0000E+00  0.0000E+00
  2.4000E+01  5.0000E-01  0.0000E+00  2.0000E+00  3.7400E+00  1.0000E+00  0.0000E+00  0.0000E+00  4.5263E+00 -1.7115E+00 -2.9603E+00  3.7400E+00  6.9294E+00 -3.1894E+00 -1.6044E+00
  2.4000E+01  2.0000E+00  0.0000E+00  2.0000E+00  1.3860E+01  1.0000E+00  0.0000E+00  0.0000E+00  1.1599E+01  1.9201E+00  1.1759E+00  1.3860E+01  1.1893E+01  1.9674E+00  1.2466E+00
  2.4000E+01  6.0000E+00  0.0000E+00  2.0000E+00  1.3655E+01  1.0000E+00  0.0000E+00  0.0000E+00  1.4193E+01 -3.7334E-01  6.1048E-01  1.3655E+01  1.1503E+01  2.1520E+00  8.3665E-01
  2.4000E+01  1.2000E+01  0.0000E+00  2.0000E+00  1.0734E+01  1.0000E+00  0.0000E+00  0.0000E+00  1.2101E+01 -1.1132E+00 -1.7190E-01  1.0734E+01  1.0221E+01  5.1312E-01 -2.7353E-01
  2.4000E+01  2.4000E+01  0.0000E+00  2.0000E+00  8.4410E+00  1.0000E+00  0.0000E+00  0.0000E+00  8.3620E+00  9.3051E-02  1.7165E-01  8.4410E+00  8.0680E+00  3.7298E-01  2.1410E-01
  2.4000E+01  4.8000E+01  0.0000E+00  2.0000E+00  4.4860E+00  1.0000E+00  0.0000E+00  0.0000E+00  3.9874E+00  1.2321E+00  2.0164E-01  4.4860E+00  5.0272E+00 -5.4119E-01  6.0102E-03
  2.4000E+01  7.2000E+01  0.0000E+00  2.0000E+00  2.2150E+00  1.0000E+00  0.0000E+00  0.0000E+00  1.9013E+00  1.6254E+00  1.8130E-01  2.2150E+00  3.1324E+00 -9.1745E-01 -2.6251E-01
  2.4000E+01  9.6000E+01  0.0000E+00  2.0000E+00  8.9500E-01  1.0000E+00  0.0000E+00  0.0000E+00  9.0663E-01 -1.2643E-01 -1.5187E+00  8.9500E-01  1.9518E+00 -1.0568E+00 -9.3958E-01
  2.4000E+01  1.2000E+02  0.0000E+00  2.0000E+00  3.6600E-01  1.0000E+00  0.0000E+00  0.0000E+00  4.3232E-01 -1.5114E+00 -2.5960E+00  3.6600E-01  1.2162E+00 -8.5019E-01 -7.0417E-01
  2.5000E+01  0.0000E+00  1.0000E+02  1.0000E+00  0.0000E+00  0.0000E+00  1.0000E+00  1.0000E+00  0.0000E+00  0.0000E+00  0.0000E+00  0.0000E+00  0.0000E+00  0.0000E+00  0.0000E+00
  2.5000E+01  5.0000E-01  0.0000E+00  2.0000E+00  8.2510E+00  1.0000E+00  0.0000E+00  0.0000E+00  8.1024E+00  1.8067E-01  3.2306E-01  8.2510E+00  6.9294E+00  1.3216E+00  3.4602E-01
  2.5000E+01  2.0000E+00  0.0000E+00  2.0000E+00  1.3063E+01  1.0000E+00  0.0000E+00  0.0000E+00  1.3192E+01 -9.6255E-02  1.5743E-01  1.3063E+01  1.1893E+01  1.1704E+00  1.6215E-01
  2.5000E+01  6.0000E+00  0.0000E+00  2.0000E+00  1.3112E+01  1.0000E+00  0.0000E+00  0.0000E+00  1.2422E+01  5.4706E-01  7.3249E-01  1.3112E+01  1.1503E+01  1.6090E+00  7.9400E-01
  2.5000E+01  1.2000E+01  0.0000E+00  2.0000E+00  1.0620E+01  1.0000E+00  0.0000E+00  0.0000E+00  1.0793E+01 -1.5750E-01 -7.6344E-02  1.0620E+01  1.0221E+01  3.9912E-01 -7.0524E-02
  2.5000E+01  2.4000E+01  0.0000E+00  2.0000E+00  7.9700E+00  1.0000E+00  0.0000E+00  0.0000E+00  8.1459E+00 -2.1270E-01 -3.0089E-01  7.9700E+00  8.0680E+00 -9.8024E-02 -3.0842E-01
  2.5000E+01  4.8000E+01  0.0000E+00  2.0000E+00  4.8920E+00  1.0000E+00  0.0000E+00  0.0000E+00  4.6405E+00  5.3399E-01  2.3567E-01  4.8920E+00  5.0272E+00 -1.3519E-01  1.5980E-01
  2.5000E+01  7.2000E+01  0.0000E+00  2.0000E+00  2.6770E+00  1.0000E+00  0.0000E+00  0.0000E+00  2.6436E+00  1.2458E-01 -2.6264E-01  2.6770E+00  3.1324E+00 -4.5545E-01 -2.8221E-01
  2.5000E+01  9.6000E+01  0.0000E+00  2.0000E+00  1.5930E+00  1.0000E+00  0.0000E+00  0.0000E+00  1.5060E+00  5.6932E-01  1.6924E-01  1.5930E+00  1.9518E+00 -3.5883E-01  7.1252E-02
  2.5000E+01  1.2000E+02  0.0000E+00  2.0000E+00  8.1400E-01  1.0000E+00  0.0000E+00  0.0000E+00  8.5792E-01 -5.0437E-01 -8.7182E-01  8.1400E-01  1.2162E+00 -4.0219E-01 -4.9850E-01
  2.6000E+01  0.0000E+00  1.0000E+02  1.0000E+00  0.0000E+00  0.0000E+00  1.0000E+00  1.0000E+00  0.0000E+00  0.0000E+00  0.0000E+00  0.0000E+00  0.0000E+00  0.0000E+00  0.0000E+00
  2.6000E+01  5.0000E-01  0.0000E+00  2.0000E+00  6.4270E+00  1.0000E+00  0.0000E+00  0.0000E+00  6.2983E+00  2.0139E-01  1.2196E-01  6.4270E+00  6.9294E+00 -5.0241E-01  1.2577E-01
  2.6000E+01  2.0000E+00  0.0000E+00  2.0000E+00  9.6540E+00  1.0000E+00  0.0000E+00  0.0000E+00  9.6502E+00  3.8951E-03 -5.6023E-01  9.6540E+00  1.1893E+01 -2.2386E+00 -5.1804E-01
  2.6000E+01  6.0000E+00  0.0000E+00  2.0000E+00  8.7760E+00  1.0000E+00  0.0000E+00  0.0000E+00  9.1447E+00 -3.9721E-01 -1.0092E+00  8.7760E+00  1.1503E+01 -2.7270E+00 -8.7479E-01
  2.6000E+01  1.2000E+01  0.0000E+00  2.0000E+00  7.6840E+00  1.0000E+00  0.0000E+00  0.0000E+00  8.1779E+00 -5.9505E-01 -1.1576E+00  7.6840E+00  1.0221E+01 -2.5369E+00 -9.8936E-01
  2.6000E+01  2.4000E+01  0.0000E+00  2.0000E+00  6.5640E+00  1.0000E+00  0.0000E+00  0.0000E+00  6.5401E+00  3.6039E-02 -4.4101E-01  6.5640E+00  8.0680E+00 -1.5040E+00 -4.1152E-01
  2.6000E+01  4.8000E+01  0.0000E+00  2.0000E+00  4.1430E+00  1.0000E+00  0.0000E+00  0.0000E+00  4.1828E+00 -9.3682E-02 -4.4617E-01  4.1430E+00  5.0272E+00 -8.8419E-01 -4.0069E-01
  2.6000E+01  7.2000E+01  0.0000E+00  2.0000E+00  2.6460E+00  1.0000E+00  0.0000E+00  0.0000E+00  2.6751E+00 -1.0730E-01 -3.7974E-01  2.6460E+00  3.1324E+00 -4.8645E-01 -3.3289E-01
  2.6000E+01  9.6000E+01  0.0000E+00  2.0000E+00  1.9750E+00  1.0000E+00  0.0000E+00  0.0000E+00  1.7109E+00  1.5208E+00  1.3054E+00  1.9750E+00  1.9518E+00  2.3171E-02  1.0176E+00
  2.6000E+01  1.2000E+02  0.0000E+00  2.0000E+00  9.6000E-01  1.0000E+00  0.0000E+00  0.0000E+00  1.0942E+00 -1.2086E+00 -1.3724E+00  9.6000E-01  1.2162E+00 -2.5619E-01 -1.0633E+00
  2.7000E+01  0.0000E+00  1.0000E+02  1.0000E+00  0.0000E+00  0.0000E+00  1.0000E+00  1.0000E+00  0.0000E+00  0.0000E+00  0.0000E+00  0.0000E+00  0.0000E+00  0.0000E+00  0.0000E+00
  2.7000E+01  5.0000E-01  0.0000E+00  2.0000E+00  1.5827E+01  1.0000E+00  0.0000E+00  0.0000E+00  1.4479E+01  9.1743E-01  2.2877E+00  1.5827E+01  6.9294E+00  8.8976E+00  2.6087E+00
  2.7000E+01  2.0000E+00  0.0000E+00  2.0000E+00  1.7382E+01  1.0000E+00  0.0000E+00  0.0000E+00  1.5836E+01  9.6219E-01  1.4011E+00  1.7382E+01  1.1893E+01  5.4894E+00  1.5557E+00
  2.7000E+01  6.0000E+00  0.0000E+00  2.0000E+00  1.4585E+01  1.0000E+00  0.0000E+00  0.0000E+00  1.3778E+01  5.7743E-01  7.6061E-01  1.4585E+01  1.1503E+01  3.0820E+00  1.5481E+00
  2.7000E+01  1.2000E+01  0.0000E+00  2.0000E+00  9.0630E+00  1.0000E+00  0.0000E+00  0.0000E+00  1.1176E+01 -1.8627E+00 -1.9635E+00  9.0630E+00  1.0221E+01 -1.1579E+00 -1.7323E+00
  2.7000E+01  2.4000E+01  0.0000E+00  2.0000E+00  6.8270E+00  1.0000E+00  0.0000E+00  0.0000E+00  7.3535E+00 -7.0543E-01 -1.1193E+00  6.8270E+00  8.0680E+00 -1.2410E+00 -1.2073E+00
  2.7000E+01  4.8000E+01  0.0000E+00  2.0000E+00  3.6020E+00  1.0000E+00  0.0000E+00  0.0000E+00  3.1836E+00  1.2947E+00  8.3917E-01  3.6020E+00  5.0272E+00 -1.4252E+00 -4.3480E-01
  2.7000E+01  7.2000E+01  0.0000E+00  2.0000E+00  1.1390E+00  1.0000E+00  0.0000E+00  0.0000E+00  1.3783E+00 -1.7108E+00 -1.9551E+00  1.1390E+00  3.1324E+00 -1.9934E+00 -1.6552E+00
  2.7000E+01  9.6000E+01  0.0000E+00  2.0000E+00  6.2200E-01  1.0000E+00  0.0000E+00  0.0000E+00  5.9674E-01  4.1707E-01  3.5475E-01  6.2200E-01  1.9518E+00 -1.3298E+00 -2.3194E-03
  2.7000E+01  1.2000E+02  0.0000E+00  2.0000E+00  2.6700E-01  1.0000E+00  0.0000E+00  0.0000E+00  2.5835E-01  3.2973E-01  3.4062E-01  2.6700E-01  1.2162E+00 -9.4919E-01  1.0102E+00
  2.8000E+01  0.0000E+00  1.0000E+02  1.0000E+00  0.0000E+00  0.0000E+00  1.0000E+00  1.0000E+00  0.0000E+00  0.0000E+00  0.0000E+00  0.0000E+00  0.0000E+00  0.0000E+00  0.0000E+00
  2.8000E+01  5.0000E-01  0.0000E+00  2.0000E+00  1.5380E+00  1.0000E+00  0.0000E+00  0.0000E+00  1.6364E+00 -5.9225E-01 -1.7491E+00  1.5380E+00  6.9294E+00 -5.3914E+00 -9.7239E-01
  2.8000E+01  2.0000E+00  0.0000E+00  2.0000E+00  5.3420E+00  1.0000E+00  0.0000E+00  0.0000E+00  5.3619E+00 -3.6554E-02 -2.2474E+00  5.3420E+00  1.1893E+01 -6.5506E+00 -3.3788E+00
  2.8000E+01  6.0000E+00  0.0000E+00  2.0000E+00  1.0666E+01  1.0000E+00  0.0000E+00  0.0000E+00  9.9386E+00  7.2111E-01 -7.8981E-01  1.0666E+01  1.1503E+01 -8.3697E-01  3.7669E-02
  2.8000E+01  1.2000E+01  0.0000E+00  2.0000E+00  1.0658E+01  1.0000E+00  0.0000E+00  0.0000E+00  1.0929E+01 -2.4423E-01 -2.4896E-01  1.0658E+01  1.0221E+01  4.3712E-01  9.6517E-01
  2.8000E+01  2.4000E+01  0.0000E+00  2.0000E+00  9.8680E+00  1.0000E+00  0.0000E+00  0.0000E+00  9.0842E+00  8.5012E-01  1.5389E+00  9.8680E+00  8.0680E+00  1.8000E+00  2.3274E+00
  2.8000E+01  4.8000E+01  0.0000E+00  2.0000E+00  5.5190E+00  1.0000E+00  0.0000E+00  0.0000E+00  5.6273E+00 -1.8956E-01  9.3207E-02  5.5190E+00  5.0272E+00  4.9181E-01  3.1991E-01
  2.8000E+01  7.2000E+01  0.0000E+00  2.0000E+00  3.4210E+00  1.0000E+00  0.0000E+00  0.0000E+00  3.4743E+00 -1.5104E-01 -2.1026E-01  3.4210E+00  3.1324E+00  2.8855E-01 -4.1359E-01
  2.8000E+01  9.6000E+01  0.0000E+00  2.0000E+00  2.4550E+00  1.0000E+00  0.0000E+00  0.0000E+00  2.1450E+00  1.4240E+00  1.1792E+00  2.4550E+00  1.9518E+00  5.0317E-01  5.3679E-01
  2.8000E+01  1.2000E+02  0.0000E+00  2.0000E+00  1.1800E+00  1.0000E+00  0.0000E+00  0.0000E+00  1.3243E+00 -1.0735E+00 -1.3827E+00  1.1800E+00  1.2162E+00 -3.6186E-02 -2.3429E+00
  2.9000E+01  0.0000E+00  1.0000E+02  1.0000E+00  0.0000E+00  0.0000E+00  1.0000E+00  1.0000E+00  0.0000E+00  0.0000E+00  0.0000E+00  0.0000E+00  0.0000E+00  0.0000E+00  0.0000E+00
  2.9000E+01  5.0000E-01  0.0000E+00  2.0000E+00  3.8650E+00  1.0000E+00  0.0000E+00  0.0000E+00  3.7557E+00  2.8686E-01 -3.5874E-01  3.8650E+00  6.9294E+00 -3.0644E+00 -5.9538E-01
  2.9000E+01  2.0000E+00  0.0000E+00  2.0000E+00  8.2100E+00  1.0000E+00  0.0000E+00  0.0000E+00  9.0711E+00 -9.3532E-01 -1.6089E+00  8.2100E+00  1.1893E+01 -3.6826E+00 -1.6295E+00
  2.9000E+01  6.0000E+00  0.0000E+00  2.0000E+00  1.1449E+01  1.0000E+00  0.0000E+00  0.0000E+00  1.0674E+01  7.1507E-01  6.4417E-01  1.1449E+01  1.1503E+01 -5.3972E-02  7.6001E-01
  2.9000E+01  1.2000E+01  0.0000E+00  2.0000E+00  8.6640E+00  1.0000E+00  0.0000E+00  0.0000E+00  9.5669E+00 -9.2984E-01 -9.4569E-01  8.6640E+00  1.0221E+01 -1.5569E+00 -7.1301E-01
  2.9000E+01  2.4000E+01  0.0000E+00  2.0000E+00  7.7950E+00  1.0000E+00  0.0000E+00  0.0000E+00  7.5139E+00  3.6859E-01  2.7564E-01  7.7950E+00  8.0680E+00 -2.7302E-01  3.7891E-01
  2.9000E+01  4.8000E+01  0.0000E+00  2.0000E+00  4.4110E+00  1.0000E+00  0.0000E+00  0.0000E+00  4.6339E+00 -4.7387E-01 -6.9912E-01  4.4110E+00  5.0272E+00 -6.1619E-01 -5.9226E-01
  2.9000E+01  7.2000E+01  0.0000E+00  2.0000E+00  3.1390E+00  1.0000E+00  0.0000E+00  0.0000E+00  2.8577E+00  9.6970E-01  6.6104E-01  3.1390E+00  3.1324E+00  6.5546E-03  5.1263E-01
  2.9000E+01  9.6000E+01  0.0000E+00  2.0000E+00  2.0290E+00  1.0000E+00  0.0000E+00  0.0000E+00  1.7624E+00  1.4905E+00  1.1596E+00  2.0290E+00  1.9518E+00  7.7171E-02  7.9356E-01
  2.9000E+01  1.2000E+02  0.0000E+00  2.0000E+00  8.6500E-01  1.0000E+00  0.0000E+00  0.0000E+00  1.0869E+00 -2.0113E+00 -2.3001E+00  8.6500E-01  1.2162E+00 -3.5119E-01 -2.0015E+00
  3.0000E+01  0.0000E+00  1.0000E+02  1.0000E+00  0.0000E+00  0.0000E+00  1.0000E+00  1.0000E+00  0.0000E+00  0.0000E+00  0.0000E+00  0.0000E+00  0.0000E+00  0.0000E+00  0.0000E+00
  3.0000E+01  5.0000E-01  0.0000E+00  2.0000E+00  5.6800E+00  1.0000E+00  0.0000E+00  0.0000E+00  5.5547E+00  2.2231E-01  4.6930E-03  5.6800E+00  6.9294E+00 -1.2494E+00  3.0957E-04
  3.0000E+01  2.0000E+00  0.0000E+00  2.0000E+00  8.6050E+00  1.0000E+00  0.0000E+00  0.0000E+00  8.9314E+00 -3.6009E-01 -1.0871E+00  8.6050E+00  1.1893E+01 -3.2876E+00 -8.8186E-01
  3.0000E+01  6.0000E+00  0.0000E+00  2.0000E+00  9.1800E+00  1.0000E+00  0.0000E+00  0.0000E+00  8.6793E+00  5.6839E-01 -1.7336E-01  9.1800E+00  1.1503E+01 -2.3230E+00 -2.2716E-01
  3.0000E+01  1.2000E+01  0.0000E+00  2.0000E+00  7.0080E+00  1.0000E+00  0.0000E+00  0.0000E+00  7.9715E+00 -1.1908E+00 -1.8112E+00  7.0080E+00  1.0221E+01 -3.2129E+00 -1.4835E+00
  3.0000E+01  2.4000E+01  0.0000E+00  2.0000E+00  6.5300E+00  1.0000E+00  0.0000E+00  0.0000E+00  6.7240E+00 -2.8428E-01 -6.9508E-01  6.5300E+00  8.0680E+00 -1.5380E+00 -6.5428E-01
  3.0000E+01  4.8000E+01  0.0000E+00  2.0000E+00  4.5050E+00  1.0000E+00  0.0000E+00  0.0000E+00  4.7842E+00 -5.7495E-01 -6.8623E-01  4.5050E+00  5.0272E+00 -5.2219E-01 -7.4735E-01
  3.0000E+01  7.2000E+01  0.0000E+00  2.0000E+00  3.6970E+00  1.0000E+00  0.0000E+00  0.0000E+00  3.4040E+00  8.4811E-01  9.0815E-01  3.6970E+00  3.1324E+00  5.6455E-01  8.3141E-01
  3.0000E+01  9.6000E+01  0.0000E+00  2.0000E+00  2.6580E+00  1.0000E+00  0.0000E+00  0.0000E+00  2.4220E+00  9.6022E-01  1.1015E+00  2.6580E+00  1.9518E+00  7.0617E-01  1.2595E+00
  3.0000E+01  1.2000E+02  0.0000E+00  2.0000E+00  1.5890E+00  1.0000E+00  0.0000E+00  0.0000E+00  1.7232E+00 -7.6752E-01 -6.0166E-01  1.5890E+00  1.2162E+00  3.7281E-01 -4.1663E-01
  3.1000E+01  0.0000E+00  1.0000E+02  1.0000E+00  0.0000E+00  0.0000E+00  1.0000E+00  1.0000E+00  0.0000E+00  0.0000E+00  0.0000E+00  0.0000E+00  0.0000E+00  0.0000E+00  0.0000E+00
  3.1000E+01  5.0000E-01  0.0000E+00  2.0000E+00  6.6220E+00  1.0000E+00  0.0000E+00  0.0000E+00  6.6440E+00 -3.2676E-02 -3.2157E-01  6.6220E+00  6.9294E+00 -3.0741E-01 -2.8221E-01
  3.1000E+01  2.0000E+00  0.0000E+00  2.0000E+00  1.2823E+01  1.0000E+00  0.0000E+00  0.0000E+00  1.2442E+01  3.0197E-01  4.1046E-01  1.2823E+01  1.1893E+01  9.3040E-01  4.4571E-01
  3.1000E+01  6.0000E+00  0.0000E+00  2.0000E+00  1.3003E+01  1.0000E+00  0.0000E+00  0.0000E+00  1.2232E+01  6.2137E-01  8.6056E-01  1.3003E+01  1.1503E+01  1.5000E+00  9.1214E-01
  3.1000E+01  1.2000E+01  0.0000E+00  2.0000E+00  9.3020E+00  1.0000E+00  0.0000E+00  0.0000E+00  1.0620E+01 -1.2224E+00 -1.0959E+00  9.3020E+00  1.0221E+01 -9.1888E-01 -1.1209E+00
  3.1000E+01  2.4000E+01  0.0000E+00  2.0000E+00  8.4560E+00  1.0000E+00  0.0000E+00  0.0000E+00  7.9981E+00  5.6406E-01  5.0115E-01  8.4560E+00  8.0680E+00  3.8798E-01  4.8264E-01
  3.1000E+01  4.8000E+01  0.0000E+00  2.0000E+00  4.4570E+00  1.0000E+00  0.0000E+00  0.0000E+00  4.5368E+00 -1.7330E-01 -4.7482E-01  4.4570E+00  5.0272E+00 -5.7019E-01 -4.7501E-01
  3.1000E+01  7.2000E+01  0.0000E+00  2.0000E+00  2.6520E+00  1.0000E+00  0.0000E+00  0.0000E+00  2.5734E+00  3.0082E-01 -1.0585E-01  2.6520E+00  3.1324E+00 -4.8045E-01 -1.6479E-01
  3.1000E+01  9.6000E+01  0.0000E+00  2.0000E+00  1.6620E+00  1.0000E+00  0.0000E+00  0.0000E+00  1.4597E+00  1.3652E+00  9.4227E-01  1.6620E+00  1.9518E+00 -2.8983E-01  5.7363E-01
  3.1000E+01  1.2000E+02  0.0000E+00  2.0000E+00  7.1600E-01  1.0000E+00  0.0000E+00  0.0000E+00  8.2801E-01 -1.3328E+00 -1.7087E+00  7.1600E-01  1.2162E+00 -5.0019E-01 -9.9144E-01
  3.2000E+01  0.0000E+00  1.0000E+02  1.0000E+00  0.0000E+00  0.0000E+00  1.0000E+00  1.0000E+00  0.0000E+00  0.0000E+00  0.0000E+00  0.0000E+00  0.0000E+00  0.0000E+00  0.0000E+00
  3.2000E+01  5.0000E-01  0.0000E+00  2.0000E+00  5.3870E+00  1.0000E+00  0.0000E+00  0.0000E+00  5.1580E+00  4.3752E-01  3.1565E-01  5.3870E+00  6.9294E+00 -1.5424E+00  2.3830E-01
  3.2000E+01  2.0000E+00  0.0000E+00  2.0000E+00  6.6400E+00  1.0000E+00  0.0000E+00  0.0000E+00  8.5329E+00 -2.1857E+00 -2.9329E+00  6.6400E+00  1.1893E+01 -5.2526E+00 -2.1865E+00
  3.2000E+01  6.0000E+00  0.0000E+00  2.0000E+00  9.3860E+00  1.0000E+00  0.0000E+00  0.0000E+00  8.3356E+00  1.2416E+00  4.4403E-01  9.3860E+00  1.1503E+01 -2.1170E+00  1.6280E-01
  3.2000E+01  1.2000E+01  0.0000E+00  2.0000E+00  7.2220E+00  1.0000E+00  0.0000E+00  0.0000E+00  7.6458E+00 -5.4616E-01 -1.2218E+00  7.2220E+00  1.0221E+01 -2.9989E+00 -1.0411E+00
  3.2000E+01  2.4000E+01  0.0000E+00  2.0000E+00  6.4240E+00  1.0000E+00  0.0000E+00  0.0000E+00  6.4323E+00 -1.2789E-02 -4.7596E-01  6.4240E+00  8.0680E+00 -1.6440E+00 -4.9034E-01
  3.2000E+01  4.8000E+01  0.0000E+00  2.0000E+00  4.1850E+00  1.0000E+00  0.0000E+00  0.0000E+00  4.5526E+00 -7.9554E-01 -9.4848E-01  4.1850E+00  5.0272E+00 -8.4219E-01 -9.3692E-01
  3.2000E+01  7.2000E+01  0.0000E+00  2.0000E+00  3.4770E+00  1.0000E+00  0.0000E+00  0.0000E+00  3.2222E+00  7.7920E-01  8.1152E-01  3.4770E+00  3.1324E+00  3.4455E-01  7.3877E-01
  3.2000E+01  9.6000E+01  0.0000E+00  2.0000E+00  2.0750E+00  1.0000E+00  0.0000E+00  0.0000E+00  2.2805E+00 -8.8800E-01 -7.6298E-01  2.0750E+00  1.9518E+00  1.2317E-01 -7.1592E-01
  3.2000E+01  1.2000E+02  0.0000E+00  2.0000E+00  1.7250E+00  1.0000E+00  0.0000E+00  0.0000E+00  1.6141E+00  6.7701E-01  8.3010E-01  1.7250E+00  1.2162E+00  5.0881E-01  1.2977E+00
  3.3000E+01  0.0000E+00  1.0000E+02  1.0000E+00  0.0000E+00  0.0000E+00  1.0000E+00  1.0000E+00  0.0000E+00  0.0000E+00  0.0000E+00  0.0000E+00  0.0000E+00  0.0000E+00  0.0000E+00
  3.3000E+01  5.0000E-01  0.0000E+00  2.0000E+00  5.1110E+00  1.0000E+00  0.0000E+00  0.0000E+00  5.1621E+00 -9.7594E-02 -7.1094E-01  5.1110E+00  6.9294E+00 -1.8184E+00 -6.0980E-01
  3.3000E+01  2.0000E+00  0.0000E+00  2.0000E+00  1.1185E+01  1.0000E+00  0.0000E+00  0.0000E+00  1.0980E+01  1.8356E-01 -1.2523E-01  1.1185E+01  1.1893E+01 -7.0760E-01 -1.6385E-01
  3.3000E+01  6.0000E+00  0.0000E+00  2.0000E+00  1.1166E+01  1.0000E+00  0.0000E+00  0.0000E+00  1.1523E+01 -3.0512E-01 -2.3186E-01  1.1166E+01  1.1503E+01 -3.3697E-01 -1.6388E-01
  3.3000E+01  1.2000E+01  0.0000E+00  2.0000E+00  9.8290E+00  1.0000E+00  0.0000E+00  0.0000E+00  9.9844E+00 -1.5338E-01 -2.0483E-01  9.8290E+00  1.0221E+01 -3.9188E-01 -1.3792E-01
  3.3000E+01  2.4000E+01  0.0000E+00  2.0000E+00  8.0400E+00  1.0000E+00  0.0000E+00  0.0000E+00  7.4575E+00  7.6965E-01  4.8260E-01  8.0400E+00  8.0680E+00 -2.8024E-02  4.7161E-01
  3.3000E+01  4.8000E+01  0.0000E+00  2.0000E+00  4.5060E+00  1.0000E+00  0.0000E+00  0.0000E+00  4.1602E+00  8.1884E-01  2.9818E-01  4.5060E+00  5.0272E+00 -5.2119E-01  1.5918E-01
  3.3000E+01  7.2000E+01  0.0000E+00  2.0000E+00  2.2080E+00  1.0000E+00  0.0000E+00  0.0000E+00  2.3209E+00 -4.7908E-01 -9.9302E-01  2.2080E+00  3.1324E+00 -9.2445E-01 -8.6958E-01
  3.3000E+01  9.6000E+01  0.0000E+00  2.0000E+00  1.1070E+00  1.0000E+00  0.0000E+00  0.0000E+00  1.2947E+00 -1.4285E+00 -1.8110E+00  1.1070E+00  1.9518E+00 -8.4483E-01 -1.2597E+00
  3.3000E+01  1.2000E+02  0.0000E+00  2.0000E+00  7.8700E-01  1.0000E+00  0.0000E+00  0.0000E+00  7.2228E-01  8.8288E-01  6.5707E-01  7.8700E-01  1.2162E+00 -4.2919E-01  2.6795E-01
  3.4000E+01  0.0000E+00  1.0000E+02  1.0000E+00  0.0000E+00  0.0000E+00  1.0000E+00  1.0000E+00  0.0000E+00  0.0000E+00  0.0000E+00  0.0000E+00  0.0000E+00  0.0000E+00  0.0000E+00
  3.4000E+01  5.0000E-01  0.0000E+00  2.0000E+00  6.4220E+00  1.0000E+00  0.0000E+00  0.0000E+00  6.2204E+00  3.1926E-01  1.9482E-01  6.4220E+00  6.9294E+00 -5.0741E-01  9.4952E-02
  3.4000E+01  2.0000E+00  0.0000E+00  2.0000E+00  1.0325E+01  1.0000E+00  0.0000E+00  0.0000E+00  1.1516E+01 -1.0190E+00 -1.1804E+00  1.0325E+01  1.1893E+01 -1.5676E+00 -8.7338E-01
  3.4000E+01  6.0000E+00  0.0000E+00  2.0000E+00  1.2894E+01  1.0000E+00  0.0000E+00  0.0000E+00  1.1769E+01  9.4193E-01  8.7738E-01  1.2894E+01  1.1503E+01  1.3910E+00  1.1904E+00
  3.4000E+01  1.2000E+01  0.0000E+00  2.0000E+00  1.1151E+01  1.0000E+00  0.0000E+00  0.0000E+00  1.1021E+01  1.1611E-01  1.8802E-01  1.1151E+01  1.0221E+01  9.3012E-01  3.8306E-01
  3.4000E+01  2.4000E+01  0.0000E+00  2.0000E+00  8.8340E+00  1.0000E+00  0.0000E+00  0.0000E+00  9.6601E+00 -8.4258E-01 -5.3105E-01  8.8340E+00  8.0680E+00  7.6598E-01 -7.4161E-01
  3.4000E+01  4.8000E+01  0.0000E+00  2.0000E+00  8.5470E+00  1.0000E+00  0.0000E+00  0.0000E+00  7.4216E+00  1.4941E+00  2.1622E+00  8.5470E+00  5.0272E+00  3.5198E+00  2.3629E+00
  3.4000E+01  7.2000E+01  0.0000E+00  2.0000E+00  5.2450E+00  1.0000E+00  0.0000E+00  0.0000E+00  5.7018E+00 -7.8928E-01  9.4338E-02  5.2450E+00  3.1324E+00  2.1126E+00 -1.0083E+00
  3.4000E+01  9.6000E+01  0.0000E+00  2.0000E+00  4.5930E+00  1.0000E+00  0.0000E+00  0.0000E+00  4.3805E+00  4.7798E-01  1.4650E+00  4.5930E+00  1.9518E+00  2.6412E+00  1.8962E+00
  3.4000E+01  1.2000E+02  0.0000E+00  2.0000E+00  3.5390E+00  1.0000E+00  0.0000E+00  0.0000E+00  3.3654E+00  5.0825E-01  1.5148E+00  3.5390E+00  1.2162E+00  2.3228E+00  3.3172E+00
  3.5000E+01  0.0000E+00  1.0000E+02  1.0000E+00  0.0000E+00  0.0000E+00  1.0000E+00  1.0000E+00  0.0000E+00  0.0000E+00  0.0000E+00  0.0000E+00  0.0000E+00  0.0000E+00  0.0000E+00
  3.5000E+01  5.0000E-01  0.0000E+00  2.0000E+00  1.1860E+01  1.0000E+00  0.0000E+00  0.0000E+00  1.0520E+01  1.2551E+00  2.0437E+00  1.1860E+01  6.9294E+00  4.9306E+00  2.1488E+00
  3.5000E+01  2.0000E+00  0.0000E+00  2.0000E+00  1.0865E+01  1.0000E+00  0.0000E+00  0.0000E+00  1.1362E+01 -4.3104E-01 -6.5566E-01  1.0865E+01  1.1893E+01 -1.0276E+00 -9.1100E-01
  3.5000E+01  6.0000E+00  0.0000E+00  2.0000E+00  9.5450E+00  1.0000E+00  0.0000E+00  0.0000E+00  1.0714E+01 -1.0752E+00 -1.2365E+00  9.5450E+00  1.1503E+01 -1.9580E+00 -7.7108E-01
  3.5000E+01  1.2000E+01  0.0000E+00  2.0000E+00  7.7900E+00  1.0000E+00  0.0000E+00  0.0000E+00  9.8098E+00 -2.0286E+00 -2.0995E+00  7.7900E+00  1.0221E+01 -2.4309E+00 -1.6757E+00
  3.5000E+01  2.4000E+01  0.0000E+00  2.0000E+00  8.7220E+00  1.0000E+00  0.0000E+00  0.0000E+00  8.2237E+00  5.9704E-01  6.7515E-01  8.7220E+00  8.0680E+00  6.5398E-01  8.6495E-01
  3.5000E+01  4.8000E+01  0.0000E+00  2.0000E+00  7.1190E+00  1.0000E+00  0.0000E+00  0.0000E+00  5.7793E+00  2.2840E+00  2.5491E+00  7.1190E+00  5.0272E+00  2.0918E+00  2.7455E+00
  3.5000E+01  7.2000E+01  0.0000E+00  2.0000E+00  3.7670E+00  1.0000E+00  0.0000E+00  0.0000E+00  4.0614E+00 -7.1426E-01 -3.7486E-01  3.7670E+00  3.1324E+00  6.3455E-01 -7.7726E-01
  3.5000E+01  9.6000E+01  0.0000E+00  2.0000E+00  2.6340E+00  1.0000E+00  0.0000E+00  0.0000E+00  2.8542E+00 -7.6016E-01 -4.1901E-01  2.6340E+00  1.9518E+00  6.8217E-01 -8.8506E-01
  3.5000E+01  1.2000E+02  0.0000E+00  2.0000E+00  2.0920E+00  1.0000E+00  0.0000E+00  0.0000E+00  2.0058E+00  4.2328E-01  7.2518E-01  2.0920E+00  1.2162E+00  8.7581E-01  8.9005E-01
  3.6000E+01  0.0000E+00  1.0000E+02  1.0000E+00  0.0000E+00  0.0000E+00  1.0000E+00  1.0000E+00  0.0000E+00  0.0000E+00  0.0000E+00  0.0000E+00  0.0000E+00  0.0000E+00  0.0000E+00
  3.6000E+01  5.0000E-01  0.0000E+00  2.0000E+00  8.9640E+00  1.0000E+00  0.0000E+00  0.0000E+00  8.9834E+00 -2.1232E-02  2.1750E-01  8.9640E+00  6.9294E+00  2.0346E+00  1.3282E-01
  3.6000E+01  2.0000E+00  0.0000E+00  2.0000E+00  1.5920E+01  1.0000E+00  0.0000E+00  0.0000E+00  1.4147E+01  1.2344E+00  1.4182E+00  1.5920E+01  1.1893E+01  4.0274E+00  1.6332E+00
  3.6000E+01  6.0000E+00  0.0000E+00  2.0000E+00  1.3868E+01  1.0000E+00  0.0000E+00  0.0000E+00  1.3224E+01  4.7961E-01  5.9860E-01  1.3868E+01  1.1503E+01  2.3650E+00  7.0444E-01
  3.6000E+01  1.2000E+01  0.0000E+00  2.0000E+00  1.2123E+01  1.0000E+00  0.0000E+00  0.0000E+00  1.1481E+01  5.5123E-01  6.3761E-01  1.2123E+01  1.0221E+01  1.9021E+00  7.0592E-01
  3.6000E+01  2.4000E+01  0.0000E+00  2.0000E+00  7.7860E+00  1.0000E+00  0.0000E+00  0.0000E+00  8.6526E+00 -9.8673E-01 -9.1560E-01  7.7860E+00  8.0680E+00 -2.8202E-01 -1.0341E+00
  3.6000E+01  4.8000E+01  0.0000E+00  2.0000E+00  4.7370E+00  1.0000E+00  0.0000E+00  0.0000E+00  4.9147E+00 -3.5624E-01 -1.9502E-01  4.7370E+00  5.0272E+00 -2.9019E-01 -3.2189E-01
  3.6000E+01  7.2000E+01  0.0000E+00  2.0000E+00  2.3500E+00  1.0000E+00  0.0000E+00  0.0000E+00  2.7916E+00 -1.5585E+00 -1.2747E+00  2.3500E+00  3.1324E+00 -7.8245E-01 -1.1655E+00
  3.6000E+01  9.6000E+01  0.0000E+00  2.0000E+00  1.7470E+00  1.0000E+00  0.0000E+00  0.0000E+00  1.5856E+00  1.0027E+00  1.3516E+00  1.7470E+00  1.9518E+00 -2.0483E-01  1.0622E+00
  3.6000E+01  1.2000E+02  0.0000E+00  2.0000E+00  9.3800E-01  1.0000E+00  0.0000E+00  0.0000E+00  9.0065E-01  4.0860E-01  7.4934E-01  9.3800E-01  1.2162E+00 -2.7819E-01  7.7225E-01
  3.7000E+01  0.0000E+00  1.0000E+02  1.0000E+00  0.0000E+00  0.0000E+00  1.0000E+00  1.0000E+00  0.0000E+00  0.0000E+00  0.0000E+00  0.0000E+00  0.0000E+00  0.0000E+00  0.0000E+00
  3.7000E+01  5.0000E-01  0.0000E+00  2.0000E+00  1.2355E+01  1.0000E+00  0.0000E+00  0.0000E+00  1.1803E+01  4.6067E-01  1.3619E+00  1.2355E+01  6.9294E+00  5.4256E+00  1.3358E+00
  3.7000E+01  2.0000E+00  0.0000E+00  2.0000E+00  1.6938E+01  1.0000E+00  0.0000E+00  0.0000E+00  1.4825E+01  1.4043E+00  1.7320E+00  1.6938E+01  1.1893E+01  5.0454E+00  1.8250E+00
  3.7000E+01  6.0000E+00  0.0000E+00  2.0000E+00  1.2471E+01  1.0000E+00  0.0000E+00  0.0000E+00  1.3740E+01 -9.0984E-01 -6.0688E-01  1.2471E+01  1.1503E+01  9.6803E-01 -5.4887E-01
  3.7000E+01  1.2000E+01  0.0000E+00  2.0000E+00  1.2172E+01  1.0000E+00  0.0000E+00  0.0000E+00  1.2209E+01 -2.9484E-02  2.7888E-01  1.2172E+01  1.0221E+01  1.9511E+00  4.8099E-01
  3.7000E+01  2.4000E+01  0.0000E+00  2.0000E+00  9.5740E+00  1.0000E+00  0.0000E+00  0.0000E+00  9.6389E+00 -6.6368E-02  2.4838E-01  9.5740E+00  8.0680E+00  1.5060E+00  4.0170E-01
  3.7000E+01  4.8000E+01  0.0000E+00  2.0000E+00  6.1420E+00  1.0000E+00  0.0000E+00  0.0000E+00  6.0084E+00  2.1907E-01  5.2169E-01  6.1420E+00  5.0272E+00  1.1148E+00  6.3027E-01
  3.7000E+01  7.2000E+01  0.0000E+00  2.0000E+00  3.7660E+00  1.0000E+00  0.0000E+00  0.0000E+00  3.7453E+00  5.4379E-02  3.1093E-01  3.7660E+00  3.1324E+00  6.3355E-01  3.0063E-01
  3.7000E+01  9.6000E+01  0.0000E+00  2.0000E+00  2.4000E+00  1.0000E+00  0.0000E+00  0.0000E+00  2.3346E+00  2.7582E-01  4.6342E-01  2.4000E+00  1.9518E+00  4.4817E-01  3.9466E-01
  3.7000E+01  1.2000E+02  0.0000E+00  2.0000E+00  1.4760E+00  1.0000E+00  0.0000E+00  0.0000E+00  1.4553E+00  1.4018E-01  2.5015E-01  1.4760E+00  1.2162E+00  2.5981E-01  1.0749E-01
  3.8000E+01  0.0000E+00  1.0000E+02  1.0000E+00  0.0000E+00  0.0000E+00  1.0000E+00  1.0000E+00  0.0000E+00  0.0000E+00  0.0000E+00  0.0000E+00  0.0000E+00  0.0000E+00  0.0000E+00
  3.8000E+01  5.0000E-01  0.0000E+00  2.0000E+00  1.1662E+01  1.0000E+00  0.0000E+00  0.0000E+00  1.1312E+01  3.0481E-01  1.0683E+00  1.1662E+01  6.9294E+00  4.7326E+00  1.0898E+00
  3.8000E+01  2.0000E+00  0.0000E+00  2.0000E+00  1.6668E+01  1.0000E+00  0.0000E+00  0.0000E+00  1.5185E+01  9.6193E-01  1.3727E+00  1.6668E+01  1.1893E+01  4.7754E+00  1.5768E+00
  3.8000E+01  6.0000E+00  0.0000E+00  2.0000E+00  1.4366E+01  1.0000E+00  0.0000E+00  0.0000E+00  1.3718E+01  4.6550E-01  7.2632E-01  1.4366E+01  1.1503E+01  2.8630E+00  1.0097E+00
  3.8000E+01  1.2000E+01  0.0000E+00  2.0000E+00  1.0932E+01  1.0000E+00  0.0000E+00  0.0000E+00  1.1654E+01 -6.1011E-01 -4.8341E-01  1.0932E+01  1.0221E+01  7.1112E-01 -4.5633E-01
  3.8000E+01  2.4000E+01  0.0000E+00  2.0000E+00  8.7780E+00  1.0000E+00  0.0000E+00  0.0000E+00  8.4103E+00  4.3078E-01  3.9098E-01  8.7780E+00  8.0680E+00  7.0998E-01  3.3057E-01
  3.8000E+01  4.8000E+01  0.0000E+00  2.0000E+00  3.6150E+00  1.0000E+00  0.0000E+00  0.0000E+00  4.3803E+00 -1.7215E+00 -1.8340E+00  3.6150E+00  5.0272E+00 -1.4122E+00 -1.8745E+00
  3.8000E+01  7.2000E+01  0.0000E+00  2.0000E+00  2.3820E+00  1.0000E+00  0.0000E+00  0.0000E+00  2.2814E+00  4.3434E-01  3.6891E-01  2.3820E+00  3.1324E+00 -7.5045E-01 -2.9313E-02
  3.8000E+01  9.6000E+01  0.0000E+00  2.0000E+00  1.3200E+00  1.0000E+00  0.0000E+00  0.0000E+00  1.1882E+00  1.0925E+00  1.0582E+00  1.3200E+00  1.9518E+00 -6.3183E-01  5.8518E-01
  3.8000E+01  1.2000E+02  0.0000E+00  2.0000E+00  5.8700E-01  1.0000E+00  0.0000E+00  0.0000E+00  6.1887E-01 -5.0744E-01 -5.3902E-01  5.8700E-01  1.2162E+00 -6.2919E-01  2.0352E-01
  3.9000E+01  0.0000E+00  1.0000E+02  1.0000E+00  0.0000E+00  0.0000E+00  1.0000E+00  1.0000E+00  0.0000E+00  0.0000E+00  0.0000E+00  0.0000E+00  0.0000E+00  0.0000E+00  0.0000E+00
  3.9000E+01  5.0000E-01  0.0000E+00  2.0000E+00  7.9030E+00  1.0000E+00  0.0000E+00  0.0000E+00  7.8292E+00  9.2870E-02  1.3602E-01  7.9030E+00  6.9294E+00  9.7359E-01  1.3193E-01
  3.9000E+01  2.0000E+00  0.0000E+00  2.0000E+00  1.3385E+01  1.0000E+00  0.0000E+00  0.0000E+00  1.3105E+01  2.1016E-01  6.0622E-01  1.3385E+01  1.1893E+01  1.4924E+00  6.6698E-01
  3.9000E+01  6.0000E+00  0.0000E+00  2.0000E+00  1.0701E+01  1.0000E+00  0.0000E+00  0.0000E+00  1.2287E+01 -1.2720E+00 -9.5764E-01  1.0701E+01  1.1503E+01 -8.0197E-01 -9.7053E-01
  3.9000E+01  1.2000E+01  0.0000E+00  2.0000E+00  1.0793E+01  1.0000E+00  0.0000E+00  0.0000E+00  1.0482E+01  2.9229E-01  3.7651E-01  1.0793E+01  1.0221E+01  5.7212E-01  4.2617E-01
  3.9000E+01  2.4000E+01  0.0000E+00  2.0000E+00  8.3440E+00  1.0000E+00  0.0000E+00  0.0000E+00  7.6271E+00  9.2604E-01  6.3613E-01  8.3440E+00  8.0680E+00  2.7598E-01  6.0189E-01
  3.9000E+01  4.8000E+01  0.0000E+00  2.0000E+00  4.1630E+00  1.0000E+00  0.0000E+00  0.0000E+00  4.0382E+00  3.0438E-01 -4.2629E-01  4.1630E+00  5.0272E+00 -8.6419E-01 -4.7521E-01
  3.9000E+01  7.2000E+01  0.0000E+00  2.0000E+00  2.2360E+00  1.0000E+00  0.0000E+00  0.0000E+00  2.1381E+00  4.5123E-01 -4.1284E-01  2.2360E+00  3.1324E+00 -8.9645E-01 -5.0149E-01
  3.9000E+01  9.6000E+01  0.0000E+00  2.0000E+00  1.1310E+00  1.0000E+00  0.0000E+00  0.0000E+00  1.1320E+00 -8.8997E-03 -8.2426E-01  1.1310E+00  1.9518E+00 -8.2083E-01 -6.1644E-01
  3.9000E+01  1.2000E+02  0.0000E+00  2.0000E+00  5.7600E-01  1.0000E+00  0.0000E+00  0.0000E+00  5.9936E-01 -3.8397E-01 -1.0692E+00  5.7600E-01  1.2162E+00 -6.4019E-01 -4.3227E-01
  4.0000E+01  0.0000E+00  1.0000E+02  1.0000E+00  0.0000E+00  0.0000E+00  1.0000E+00  1.0000E+00  0.0000E+00  0.0000E+00  0.0000E+00  0.0000E+00  0.0000E+00  0.0000E+00  0.0000E+00
  4.0000E+01  5.0000E-01  0.0000E+00  2.0000E+00  6.8720E+00  1.0000E+00  0.0000E+00  0.0000E+00  6.5695E+00  4.5368E-01  4.6496E-01  6.8720E+00  6.9294E+00 -5.7415E-02  3.6001E-01
  4.0000E+01  2.0000E+00  0.0000E+00  2.0000E+00  9.3880E+00  1.0000E+00  0.0000E+00  0.0000E+00  1.1752E+01 -1.9818E+00 -1.5751E+00  9.3880E+00  1.1893E+01 -2.5046E+00 -1.2408E+00
  4.0000E+01  6.0000E+00  0.0000E+00  2.0000E+00  1.0469E+01  1.0000E+00  0.0000E+00  0.0000E+00  1.0707E+01 -2.1908E-01 -1.4140E-01  1.0469E+01  1.1503E+01 -1.0340E+00  2.0818E-01
  4.0000E+01  1.2000E+01  0.0000E+00  2.0000E+00  9.0180E+00  1.0000E+00  0.0000E+00  0.0000E+00  8.3930E+00  7.3370E-01  1.1874E-01  9.0180E+00  1.0221E+01 -1.2029E+00  2.8840E-01
  4.0000E+01  2.4000E+01  0.0000E+00  2.0000E+00  4.6060E+00  1.0000E+00  0.0000E+00  0.0000E+00  5.1540E+00 -1.0475E+00 -2.5851E+00  4.6060E+00  8.0680E+00 -3.4620E+00 -1.9823E+00
  4.0000E+01  4.8000E+01  0.0000E+00  2.0000E+00  2.1970E+00  1.0000E+00  0.0000E+00  0.0000E+00  1.9435E+00  1.2849E+00 -8.0704E-01  2.1970E+00  5.0272E+00 -2.8302E+00 -1.5402E+00
  4.0000E+01  7.2000E+01  0.0000E+00  2.0000E+00  7.6800E-01  1.0000E+00  0.0000E+00  0.0000E+00  7.3290E-01  4.7184E-01 -1.3849E+00  7.6800E-01  3.1324E+00 -2.3644E+00 -1.4959E+00
  4.0000E+01  9.6000E+01  0.0000E+00  2.0000E+00  2.7800E-01  1.0000E+00  0.0000E+00  0.0000E+00  2.7637E-01  5.7968E-02 -1.3327E+00  2.7800E-01  1.9518E+00 -1.6738E+00 -6.0204E-01
  4.0000E+01  1.2000E+02  0.0000E+00  2.0000E+00  9.6000E-02  1.0000E+00  0.0000E+00  0.0000E+00  1.0422E-01 -7.7704E-01 -1.6960E+00  9.6000E-02  1.2162E+00 -1.1202E+00  5.3138E-01
