TABLE NO.  2
 ID          KA          CL          V           ETA1        ETA2        ETA3
  1.0000E+00  8.5045E-02  2.1535E+00  1.6288E+00 -3.5565E-10 -2.3825E-01 -5.5056E-02
  1.0000E+00  8.5045E-02  2.1535E+00  1.6288E+00 -3.5565E-10 -2.3825E-01 -5.5056E-02
  1.0000E+00  8.5045E-02  2.1535E+00  1.6288E+00 -3.5565E-10 -2.3825E-01 -5.5056E-02
  1.0000E+00  8.5045E-02  2.1535E+00  1.6288E+00 -3.5565E-10 -2.3825E-01 -5.5056E-02
  1.0000E+00  8.5045E-02  2.1535E+00  1.6288E+00 -3.5565E-10 -2.3825E-01 -5.5056E-02
  1.0000E+00  8.5045E-02  2.1535E+00  1.6288E+00 -3.5565E-10 -2.3825E-01 -5.5056E-02
  1.0000E+00  8.5045E-02  2.1535E+00  1.6288E+00 -3.5565E-10 -2.3825E-01 -5.5056E-02
  1.0000E+00  8.5045E-02  2.1535E+00  1.6288E+00 -3.5565E-10 -2.3825E-01 -5.5056E-02
  1.0000E+00  8.5045E-02  2.1535E+00  1.6288E+00 -3.5565E-10 -2.3825E-01 -5.5056E-02
  1.0000E+00  8.5045E-02  2.1535E+00  1.6288E+00 -3.5565E-10 -2.3825E-01 -5.5056E-02
  1.0000E+00  8.5045E-02  2.1535E+00  1.6288E+00 -3.5565E-10 -2.3825E-01 -5.5056E-02
  1.0000E+00  8.5045E-02  2.1535E+00  1.6288E+00 -3.5565E-10 -2.3825E-01 -5.5056E-02
  2.0000E+00  8.5045E-02  2.8941E+00  1.3728E+00  1.4693E-10  5.7332E-02 -2.2605E-01
  2.0000E+00  8.5045E-02  2.8941E+00  1.3728E+00  1.4693E-10  5.7332E-02 -2.2605E-01
  2.0000E+00  8.5045E-02  2.8941E+00  1.3728E+00  1.4693E-10  5.7332E-02 -2.2605E-01
  2.0000E+00  8.5045E-02  2.8941E+00  1.3728E+00  1.4693E-10  5.7332E-02 -2.2605E-01
  2.0000E+00  8.5045E-02  2.8941E+00  1.3728E+00  1.4693E-10  5.7332E-02 -2.2605E-01
  2.0000E+00  8.5045E-02  2.8941E+00  1.3728E+00  1.4693E-10  5.7332E-02 -2.2605E-01
  2.0000E+00  8.5045E-02  2.8941E+00  1.3728E+00  1.4693E-10  5.7332E-02 -2.2605E-01
  2.0000E+00  8.5045E-02  2.8941E+00  1.3728E+00  1.4693E-10  5.7332E-02 -2.2605E-01
  2.0000E+00  8.5045E-02  2.8941E+00  1.3728E+00  1.4693E-10  5.7332E-02 -2.2605E-01
  2.0000E+00  8.5045E-02  2.8941E+00  1.3728E+00  1.4693E-10  5.7332E-02 -2.2605E-01
  2.0000E+00  8.5045E-02  2.8941E+00  1.3728E+00  1.4693E-10  5.7332E-02 -2.2605E-01
  2.0000E+00  8.5045E-02  2.8941E+00  1.3728E+00  1.4693E-10  5.7332E-02 -2.2605E-01
  3.0000E+00  8.5045E-02  2.8593E+00  1.2477E+00 -2.2983E-11  4.5230E-02 -3.2163E-01
  3.0000E+00  8.5045E-02  2.8593E+00  1.2477E+00 -2.2983E-11  4.5230E-02 -3.2163E-01
  3.0000E+00  8.5045E-02  2.8593E+00  1.2477E+00 -2.2983E-11  4.5230E-02 -3.2163E-01
  3.0000E+00  8.5045E-02  2.8593E+00  1.2477E+00 -2.2983E-11  4.5230E-02 -3.2163E-01
  3.0000E+00  8.5045E-02  2.8593E+00  1.2477E+00 -2.2983E-11  4.5230E-02 -3.2163E-01
  3.0000E+00  8.5045E-02  2.8593E+00  1.2477E+00 -2.2983E-11  4.5230E-02 -3.2163E-01
  3.0000E+00  8.5045E-02  2.8593E+00  1.2477E+00 -2.2983E-11  4.5230E-02 -3.2163E-01
  3.0000E+00  8.5045E-02  2.8593E+00  1.2477E+00 -2.2983E-11  4.5230E-02 -3.2163E-01
  3.0000E+00  8.5045E-02  2.8593E+00  1.2477E+00 -2.2983E-11  4.5230E-02 -3.2163E-01
  3.0000E+00  8.5045E-02  2.8593E+00  1.2477E+00 -2.2983E-11  4.5230E-02 -3.2163E-01
  3.0000E+00  8.5045E-02  2.8593E+00  1.2477E+00 -2.2983E-11  4.5230E-02 -3.2163E-01
  3.0000E+00  8.5045E-02  2.8593E+00  1.2477E+00 -2.2983E-11  4.5230E-02 -3.2163E-01
  4.0000E+00  8.5045E-02  2.6784E+00  2.2759E+00  1.4452E-11 -2.0127E-02  2.7948E-01
  4.0000E+00  8.5045E-02  2.6784E+00  2.2759E+00  1.4452E-11 -2.0127E-02  2.7948E-01
  4.0000E+00  8.5045E-02  2.6784E+00  2.2759E+00  1.4452E-11 -2.0127E-02  2.7948E-01
  4.0000E+00  8.5045E-02  2.6784E+00  2.2759E+00  1.4452E-11 -2.0127E-02  2.7948E-01
  4.0000E+00  8.5045E-02  2.6784E+00  2.2759E+00  1.4452E-11 -2.0127E-02  2.7948E-01
  4.0000E+00  8.5045E-02  2.6784E+00  2.2759E+00  1.4452E-11 -2.0127E-02  2.7948E-01
  4.0000E+00  8.5045E-02  2.6784E+00  2.2759E+00  1.4452E-11 -2.0127E-02  2.7948E-01
  4.0000E+00  8.5045E-02  2.6784E+00  2.2759E+00  1.4452E-11 -2.0127E-02  2.7948E-01
  4.0000E+00  8.5045E-02  2.6784E+00  2.2759E+00  1.4452E-11 -2.0127E-02  2.7948E-01
  4.0000E+00  8.5045E-02  2.6784E+00  2.2759E+00  1.4452E-11 -2.0127E-02  2.7948E-01
  4.0000E+00  8.5045E-02  2.6784E+00  2.2759E+00  1.4452E-11 -2.0127E-02  2.7948E-01
  4.0000E+00  8.5045E-02  2.6784E+00  2.2759E+00  1.4452E-11 -2.0127E-02  2.7948E-01
  5.0000E+00  8.5045E-02  2.3368E+00  1.5943E+00  1.4006E-10 -1.5653E-01 -7.6448E-02
  5.0000E+00  8.5045E-02  2.3368E+00  1.5943E+00  1.4006E-10 -1.5653E-01 -7.6448E-02
  5.0000E+00  8.5045E-02  2.3368E+00  1.5943E+00  1.4006E-10 -1.5653E-01 -7.6448E-02
  5.0000E+00  8.5045E-02  2.3368E+00  1.5943E+00  1.4006E-10 -1.5653E-01 -7.6448E-02
  5.0000E+00  8.5045E-02  2.3368E+00  1.5943E+00  1.4006E-10 -1.5653E-01 -7.6448E-02
  5.0000E+00  8.5045E-02  2.3368E+00  1.5943E+00  1.4006E-10 -1.5653E-01 -7.6448E-02
  5.0000E+00  8.5045E-02  2.3368E+00  1.5943E+00  1.4006E-10 -1.5653E-01 -7.6448E-02
  5.0000E+00  8.5045E-02  2.3368E+00  1.5943E+00  1.4006E-10 -1.5653E-01 -7.6448E-02
  5.0000E+00  8.5045E-02  2.3368E+00  1.5943E+00  1.4006E-10 -1.5653E-01 -7.6448E-02
  5.0000E+00  8.5045E-02  2.3368E+00  1.5943E+00  1.4006E-10 -1.5653E-01 -7.6448E-02
  5.0000E+00  8.5045E-02  2.3368E+00  1.5943E+00  1.4006E-10 -1.5653E-01 -7.6448E-02
  5.0000E+00  8.5045E-02  2.3368E+00  1.5943E+00  1.4006E-10 -1.5653E-01 -7.6448E-02
  6.0000E+00  8.5045E-02  3.6237E+00  2.8942E+00 -1.1574E-10  2.8215E-01  5.1980E-01
  6.0000E+00  8.5045E-02  3.6237E+00  2.8942E+00 -1.1574E-10  2.8215E-01  5.1980E-01
  6.0000E+00  8.5045E-02  3.6237E+00  2.8942E+00 -1.1574E-10  2.8215E-01  5.1980E-01
  6.0000E+00  8.5045E-02  3.6237E+00  2.8942E+00 -1.1574E-10  2.8215E-01  5.1980E-01
  6.0000E+00  8.5045E-02  3.6237E+00  2.8942E+00 -1.1574E-10  2.8215E-01  5.1980E-01
  6.0000E+00  8.5045E-02  3.6237E+00  2.8942E+00 -1.1574E-10  2.8215E-01  5.1980E-01
  6.0000E+00  8.5045E-02  3.6237E+00  2.8942E+00 -1.1574E-10  2.8215E-01  5.1980E-01
  6.0000E+00  8.5045E-02  3.6237E+00  2.8942E+00 -1.1574E-10  2.8215E-01  5.1980E-01
  6.0000E+00  8.5045E-02  3.6237E+00  2.8942E+00 -1.1574E-10  2.8215E-01  5.1980E-01
  6.0000E+00  8.5045E-02  3.6237E+00  2.8942E+00 -1.1574E-10  2.8215E-01  5.1980E-01
  6.0000E+00  8.5045E-02  3.6237E+00  2.8942E+00 -1.1574E-10  2.8215E-01  5.1980E-01
  6.0000E+00  8.5045E-02  3.6237E+00  2.8942E+00 -1.1574E-10  2.8215E-01  5.1980E-01
  7.0000E+00  8.5045E-02  3.0145E+00  3.8238E+00 -4.3130E-11  9.8118E-02  7.9833E-01
  7.0000E+00  8.5045E-02  3.0145E+00  3.8238E+00 -4.3130E-11  9.8118E-02  7.9833E-01
  7.0000E+00  8.5045E-02  3.0145E+00  3.8238E+00 -4.3130E-11  9.8118E-02  7.9833E-01
  7.0000E+00  8.5045E-02  3.0145E+00  3.8238E+00 -4.3130E-11  9.8118E-02  7.9833E-01
  7.0000E+00  8.5045E-02  3.0145E+00  3.8238E+00 -4.3130E-11  9.8118E-02  7.9833E-01
  7.0000E+00  8.5045E-02  3.0145E+00  3.8238E+00 -4.3130E-11  9.8118E-02  7.9833E-01
  7.0000E+00  8.5045E-02  3.0145E+00  3.8238E+00 -4.3130E-11  9.8118E-02  7.9833E-01
  7.0000E+00  8.5045E-02  3.0145E+00  3.8238E+00 -4.3130E-11  9.8118E-02  7.9833E-01
  7.0000E+00  8.5045E-02  3.0145E+00  3.8238E+00 -4.3130E-11  9.8118E-02  7.9833E-01
  7.0000E+00  8.5045E-02  3.0145E+00  3.8238E+00 -4.3130E-11  9.8118E-02  7.9833E-01
  7.0000E+00  8.5045E-02  3.0145E+00  3.8238E+00 -4.3130E-11  9.8118E-02  7.9833E-01
  7.0000E+00  8.5045E-02  3.0145E+00  3.8238E+00 -4.3130E-11  9.8118E-02  7.9833E-01
  8.0000E+00  8.5045E-02  3.1039E+00  2.1505E+00 -4.0718E-11  1.2732E-01  2.2279E-01
  8.0000E+00  8.5045E-02  3.1039E+00  2.1505E+00 -4.0718E-11  1.2732E-01  2.2279E-01
  8.0000E+00  8.5045E-02  3.1039E+00  2.1505E+00 -4.0718E-11  1.2732E-01  2.2279E-01
  8.0000E+00  8.5045E-02  3.1039E+00  2.1505E+00 -4.0718E-11  1.2732E-01  2.2279E-01
  8.0000E+00  8.5045E-02  3.1039E+00  2.1505E+00 -4.0718E-11  1.2732E-01  2.2279E-01
  8.0000E+00  8.5045E-02  3.1039E+00  2.1505E+00 -4.0718E-11  1.2732E-01  2.2279E-01
  8.0000E+00  8.5045E-02  3.1039E+00  2.1505E+00 -4.0718E-11  1.2732E-01  2.2279E-01
  8.0000E+00  8.5045E-02  3.1039E+00  2.1505E+00 -4.0718E-11  1.2732E-01  2.2279E-01
  8.0000E+00  8.5045E-02  3.1039E+00  2.1505E+00 -4.0718E-11  1.2732E-01  2.2279E-01
  8.0000E+00  8.5045E-02  3.1039E+00  2.1505E+00 -4.0718E-11  1.2732E-01  2.2279E-01
  8.0000E+00  8.5045E-02  3.1039E+00  2.1505E+00 -4.0718E-11  1.2732E-01  2.2279E-01
  8.0000E+00  8.5045E-02  3.1039E+00  2.1505E+00 -4.0718E-11  1.2732E-01  2.2279E-01
  9.0000E+00  8.5045E-02  2.7662E+00  4.5820E-01  1.3127E-10  1.2125E-02 -1.3234E+00
  9.0000E+00  8.5045E-02  2.7662E+00  4.5820E-01  1.3127E-10  1.2125E-02 -1.3234E+00
  9.0000E+00  8.5045E-02  2.7662E+00  4.5820E-01  1.3127E-10  1.2125E-02 -1.3234E+00
  9.0000E+00  8.5045E-02  2.7662E+00  4.5820E-01  1.3127E-10  1.2125E-02 -1.3234E+00
  9.0000E+00  8.5045E-02  2.7662E+00  4.5820E-01  1.3127E-10  1.2125E-02 -1.3234E+00
  9.0000E+00  8.5045E-02  2.7662E+00  4.5820E-01  1.3127E-10  1.2125E-02 -1.3234E+00
  9.0000E+00  8.5045E-02  2.7662E+00  4.5820E-01  1.3127E-10  1.2125E-02 -1.3234E+00
  9.0000E+00  8.5045E-02  2.7662E+00  4.5820E-01  1.3127E-10  1.2125E-02 -1.3234E+00
  9.0000E+00  8.5045E-02  2.7662E+00  4.5820E-01  1.3127E-10  1.2125E-02 -1.3234E+00
  9.0000E+00  8.5045E-02  2.7662E+00  4.5820E-01  1.3127E-10  1.2125E-02 -1.3234E+00
  9.0000E+00  8.5045E-02  2.7662E+00  4.5820E-01  1.3127E-10  1.2125E-02 -1.3234E+00
  9.0000E+00  8.5045E-02  2.7662E+00  4.5820E-01  1.3127E-10  1.2125E-02 -1.3234E+00
  1.0000E+01  8.5045E-02  2.0834E+00  3.1293E+00 -3.8211E-11 -2.7132E-01  5.9789E-01
  1.0000E+01  8.5045E-02  2.0834E+00  3.1293E+00 -3.8211E-11 -2.7132E-01  5.9789E-01
  1.0000E+01  8.5045E-02  2.0834E+00  3.1293E+00 -3.8211E-11 -2.7132E-01  5.9789E-01
  1.0000E+01  8.5045E-02  2.0834E+00  3.1293E+00 -3.8211E-11 -2.7132E-01  5.9789E-01
  1.0000E+01  8.5045E-02  2.0834E+00  3.1293E+00 -3.8211E-11 -2.7132E-01  5.9789E-01
  1.0000E+01  8.5045E-02  2.0834E+00  3.1293E+00 -3.8211E-11 -2.7132E-01  5.9789E-01
  1.0000E+01  8.5045E-02  2.0834E+00  3.1293E+00 -3.8211E-11 -2.7132E-01  5.9789E-01
  1.0000E+01  8.5045E-02  2.0834E+00  3.1293E+00 -3.8211E-11 -2.7132E-01  5.9789E-01
  1.0000E+01  8.5045E-02  2.0834E+00  3.1293E+00 -3.8211E-11 -2.7132E-01  5.9789E-01
  1.0000E+01  8.5045E-02  2.0834E+00  3.1293E+00 -3.8211E-11 -2.7132E-01  5.9789E-01
  1.0000E+01  8.5045E-02  2.0834E+00  3.1293E+00 -3.8211E-11 -2.7132E-01  5.9789E-01
  1.0000E+01  8.5045E-02  2.0834E+00  3.1293E+00 -3.8211E-11 -2.7132E-01  5.9789E-01
  1.1000E+01  8.5045E-02  3.3331E+00  8.7596E-01  6.6136E-11  1.9858E-01 -6.7534E-01
  1.1000E+01  8.5045E-02  3.3331E+00  8.7596E-01  6.6136E-11  1.9858E-01 -6.7534E-01
  1.1000E+01  8.5045E-02  3.3331E+00  8.7596E-01  6.6136E-11  1.9858E-01 -6.7534E-01
  1.1000E+01  8.5045E-02  3.3331E+00  8.7596E-01  6.6136E-11  1.9858E-01 -6.7534E-01
  1.1000E+01  8.5045E-02  3.3331E+00  8.7596E-01  6.6136E-11  1.9858E-01 -6.7534E-01
  1.1000E+01  8.5045E-02  3.3331E+00  8.7596E-01  6.6136E-11  1.9858E-01 -6.7534E-01
  1.1000E+01  8.5045E-02  3.3331E+00  8.7596E-01  6.6136E-11  1.9858E-01 -6.7534E-01
  1.1000E+01  8.5045E-02  3.3331E+00  8.7596E-01  6.6136E-11  1.9858E-01 -6.7534E-01
  1.1000E+01  8.5045E-02  3.3331E+00  8.7596E-01  6.6136E-11  1.9858E-01 -6.7534E-01
  1.1000E+01  8.5045E-02  3.3331E+00  8.7596E-01  6.6136E-11  1.9858E-01 -6.7534E-01
  1.1000E+01  8.5045E-02  3.3331E+00  8.7596E-01  6.6136E-11  1.9858E-01 -6.7534E-01
  1.1000E+01  8.5045E-02  3.3331E+00  8.7596E-01  6.6136E-11  1.9858E-01 -6.7534E-01
  1.2000E+01  8.5045E-02  2.2976E+00  2.3761E+00  2.2687E-10 -1.7347E-01  3.2254E-01
  1.2000E+01  8.5045E-02  2.2976E+00  2.3761E+00  2.2687E-10 -1.7347E-01  3.2254E-01
  1.2000E+01  8.5045E-02  2.2976E+00  2.3761E+00  2.2687E-10 -1.7347E-01  3.2254E-01
  1.2000E+01  8.5045E-02  2.2976E+00  2.3761E+00  2.2687E-10 -1.7347E-01  3.2254E-01
  1.2000E+01  8.5045E-02  2.2976E+00  2.3761E+00  2.2687E-10 -1.7347E-01  3.2254E-01
  1.2000E+01  8.5045E-02  2.2976E+00  2.3761E+00  2.2687E-10 -1.7347E-01  3.2254E-01
  1.2000E+01  8.5045E-02  2.2976E+00  2.3761E+00  2.2687E-10 -1.7347E-01  3.2254E-01
  1.2000E+01  8.5045E-02  2.2976E+00  2.3761E+00  2.2687E-10 -1.7347E-01  3.2254E-01
  1.2000E+01  8.5045E-02  2.2976E+00  2.3761E+00  2.2687E-10 -1.7347E-01  3.2254E-01
  1.2000E+01  8.5045E-02  2.2976E+00  2.3761E+00  2.2687E-10 -1.7347E-01  3.2254E-01
  1.2000E+01  8.5045E-02  2.2976E+00  2.3761E+00  2.2687E-10 -1.7347E-01  3.2254E-01
  1.2000E+01  8.5045E-02  2.2976E+00  2.3761E+00  2.2687E-10 -1.7347E-01  3.2254E-01
