TABLE NO.  1
 ID          TIME        AMT         DV          MDV         EVID        IPRE        IWRE        CWRES       DV          PRED        RES         WRES
  1.0000E+00  0.0000E+00  3.1999E+02  0.0000E+00  1.0000E+00  1.0000E+00  0.0000E+00  0.0000E+00  0.0000E+00  0.0000E+00  0.0000E+00  0.0000E+00  0.0000E+00
  1.0000E+00  0.0000E+00  0.0000E+00  7.4000E-01  1.0000E+00  0.0000E+00  0.0000E+00  1.1388E+00  0.0000E+00  7.4000E-01  0.0000E+00  0.0000E+00  0.0000E+00
  1.0000E+00  2.5000E-01  0.0000E+00  2.8400E+00  0.0000E+00  0.0000E+00  3.5172E+00 -9.8572E-01 -1.0194E+00  2.8400E+00  3.2261E+00 -3.8608E-01 -1.0032E+00
  1.0000E+00  5.7000E-01  0.0000E+00  6.5700E+00  0.0000E+00  0.0000E+00  6.5100E+00  7.7972E-02  1.1782E-01  6.5700E+00  5.7678E+00  8.0224E-01  1.5117E-01
  1.0000E+00  1.1200E+00  0.0000E+00  1.0500E+01  0.0000E+00  0.0000E+00  9.2067E+00  1.4808E+00  1.7184E+00  1.0500E+01  7.7886E+00  2.7114E+00  1.8603E+00
  1.0000E+00  2.0200E+00  0.0000E+00  9.6600E+00  0.0000E+00  0.0000E+00  1.0439E+01 -8.4028E-01 -3.6725E-01  9.6600E+00  8.4351E+00  1.2249E+00 -3.7968E-01
  1.0000E+00  3.8200E+00  0.0000E+00  8.5800E+00  0.0000E+00  0.0000E+00  9.6730E+00 -1.2234E+00 -6.3465E-01  8.5800E+00  7.5787E+00  1.0013E+00 -6.6752E-01
  1.0000E+00  5.1000E+00  0.0000E+00  8.3600E+00  0.0000E+00  0.0000E+00  8.7370E+00 -4.4159E-01  1.1940E-01  8.3600E+00  6.8157E+00  1.5443E+00  1.6937E-01
  1.0000E+00  7.0300E+00  0.0000E+00  7.4700E+00  0.0000E+00  0.0000E+00  7.4267E+00  5.3907E-02  5.4492E-01  7.4700E+00  5.7865E+00  1.6835E+00  6.2930E-01
  1.0000E+00  9.0500E+00  0.0000E+00  6.8900E+00  0.0000E+00  0.0000E+00  6.2554E+00  8.3361E-01  1.2534E+00  6.8900E+00  4.8733E+00  2.0167E+00  1.3704E+00
  1.0000E+00  1.2120E+01  0.0000E+00  5.9400E+00  0.0000E+00  0.0000E+00  4.8181E+00  1.5626E+00  1.8905E+00  5.9400E+00  3.7535E+00  2.1865E+00  2.0034E+00
  1.0000E+00  2.4370E+01  0.0000E+00  3.2800E+00  0.0000E+00  0.0000E+00  1.6999E+00  2.3989E+00  2.5169E+00  3.2800E+00  1.3243E+00  1.9557E+00  2.5495E+00
  2.0000E+00  0.0000E+00  3.1856E+02  0.0000E+00  1.0000E+00  1.0000E+00  0.0000E+00  0.0000E+00  0.0000E+00  0.0000E+00  0.0000E+00  0.0000E+00  0.0000E+00
  2.0000E+00  0.0000E+00  0.0000E+00  0.0000E+00  1.0000E+00  0.0000E+00  0.0000E+00  0.0000E+00  0.0000E+00  0.0000E+00  0.0000E+00  0.0000E+00  0.0000E+00
  2.0000E+00  2.7000E-01  0.0000E+00  1.7200E+00  0.0000E+00  0.0000E+00  4.0123E+00 -3.2851E+00 -3.0543E+00  1.7200E+00  3.4144E+00 -1.6944E+00 -3.2308E+00
  2.0000E+00  5.2000E-01  0.0000E+00  7.9100E+00  0.0000E+00  0.0000E+00  6.0734E+00  2.4317E+00  2.6430E+00  7.9100E+00  5.4344E+00  2.4756E+00  2.5376E+00
  2.0000E+00  1.0000E+00  0.0000E+00  8.3100E+00  0.0000E+00  0.0000E+00  7.7746E+00  6.5656E-01  7.0869E-01  8.3100E+00  7.4801E+00  8.2991E-01  5.6853E-01
  2.0000E+00  1.9200E+00  0.0000E+00  8.3300E+00  0.0000E+00  0.0000E+00  8.1148E+00  2.5971E-01  1.2425E-01  8.3300E+00  8.3999E+00 -6.9870E-02  9.3305E-02
  2.0000E+00  3.5000E+00  0.0000E+00  6.8500E+00  0.0000E+00  0.0000E+00  7.2373E+00 -4.8691E-01 -6.6710E-01  6.8500E+00  7.7375E+00 -8.8752E-01 -5.6617E-01
  2.0000E+00  5.0200E+00  0.0000E+00  6.0800E+00  0.0000E+00  0.0000E+00  6.3648E+00 -3.7236E-01 -5.3730E-01  6.0800E+00  6.8311E+00 -7.5115E-01 -4.2167E-01
  2.0000E+00  7.0300E+00  0.0000E+00  5.4000E+00  0.0000E+00  0.0000E+00  5.3649E+00  4.7832E-02 -9.3954E-02  5.4000E+00  5.7607E+00 -3.6068E-01  5.2845E-03
  2.0000E+00  9.0000E+00  0.0000E+00  4.5500E+00  0.0000E+00  0.0000E+00  4.5374E+00  1.7796E-02 -1.0376E-01  4.5500E+00  4.8722E+00 -3.2218E-01 -1.5488E-02
  2.0000E+00  1.2000E+01  0.0000E+00  3.0100E+00  0.0000E+00  0.0000E+00  3.5156E+00 -7.3601E-01 -8.3158E-01  3.0100E+00  3.7750E+00 -7.6503E-01 -7.5384E-01
  2.0000E+00  2.4300E+01  0.0000E+00  9.0000E-01  0.0000E+00  0.0000E+00  1.2351E+00 -5.1201E-01 -5.4630E-01  9.0000E-01  1.3263E+00 -4.2626E-01 -5.1890E-01
  3.0000E+00  0.0000E+00  3.1936E+02  0.0000E+00  1.0000E+00  1.0000E+00  0.0000E+00  0.0000E+00  0.0000E+00  0.0000E+00  0.0000E+00  0.0000E+00  0.0000E+00
  3.0000E+00  0.0000E+00  0.0000E+00  0.0000E+00  1.0000E+00  0.0000E+00  0.0000E+00  0.0000E+00  0.0000E+00  0.0000E+00  0.0000E+00  0.0000E+00  0.0000E+00
  3.0000E+00  2.7000E-01  0.0000E+00  4.4000E+00  0.0000E+00  0.0000E+00  4.3276E+00  1.0258E-01  3.4949E-01  4.4000E+00  3.4230E+00  9.7704E-01  4.7885E-01
  3.0000E+00  5.8000E-01  0.0000E+00  6.9000E+00  0.0000E+00  0.0000E+00  6.7790E+00  1.5530E-01  3.6608E-01  6.9000E+00  5.8148E+00  1.0852E+00  4.1865E-01
  3.0000E+00  1.0200E+00  0.0000E+00  8.2000E+00  0.0000E+00  0.0000E+00  8.0927E+00  1.2959E-01  1.8700E-01  8.2000E+00  7.5496E+00  6.5044E-01  1.3315E-01
  3.0000E+00  2.0200E+00  0.0000E+00  7.8000E+00  0.0000E+00  0.0000E+00  8.2116E+00 -4.9434E-01 -6.1813E-01  7.8000E+00  8.4185E+00 -6.1854E-01 -6.8173E-01
  3.0000E+00  3.6200E+00  0.0000E+00  7.5000E+00  0.0000E+00  0.0000E+00  7.2485E+00  3.1603E-01  1.6676E-01  7.5000E+00  7.6848E+00 -1.8481E-01  1.7350E-01
  3.0000E+00  5.0800E+00  0.0000E+00  6.2000E+00  0.0000E+00  0.0000E+00  6.4042E+00 -2.6652E-01 -4.0204E-01  6.2000E+00  6.8138E+00 -6.1376E-01 -3.6154E-01
  3.0000E+00  7.0700E+00  0.0000E+00  5.3000E+00  0.0000E+00  0.0000E+00  5.4072E+00 -1.4590E-01 -2.6222E-01  5.3000E+00  5.7555E+00 -4.5555E-01 -2.2402E-01
  3.0000E+00  9.0000E+00  0.0000E+00  4.9000E+00  0.0000E+00  0.0000E+00  4.5887E+00  4.3729E-01  3.3742E-01  4.9000E+00  4.8844E+00  1.5580E-02  3.6454E-01
  3.0000E+00  1.2150E+01  0.0000E+00  3.7000E+00  0.0000E+00  0.0000E+00  3.5103E+00  2.7619E-01  1.9877E-01  3.7000E+00  3.7365E+00 -3.6543E-02  2.2260E-01
  3.0000E+00  2.4170E+01  0.0000E+00  1.0500E+00  0.0000E+00  0.0000E+00  1.2630E+00 -3.2529E-01 -3.5364E-01  1.0500E+00  1.3444E+00 -2.9437E-01 -3.4343E-01
  4.0000E+00  0.0000E+00  3.1988E+02  0.0000E+00  1.0000E+00  1.0000E+00  0.0000E+00  0.0000E+00  0.0000E+00  0.0000E+00  0.0000E+00  0.0000E+00  0.0000E+00
  4.0000E+00  0.0000E+00  0.0000E+00  0.0000E+00  1.0000E+00  0.0000E+00  0.0000E+00  0.0000E+00  0.0000E+00  0.0000E+00  0.0000E+00  0.0000E+00  0.0000E+00
  4.0000E+00  3.5000E-01  0.0000E+00  1.8900E+00  0.0000E+00  0.0000E+00  3.3750E+00 -2.1708E+00 -2.3654E+00  1.8900E+00  4.1761E+00 -2.2861E+00 -2.0759E+00
  4.0000E+00  6.0000E-01  0.0000E+00  4.6000E+00  0.0000E+00  0.0000E+00  4.9999E+00 -5.5309E-01 -7.9231E-01  4.6000E+00  5.9382E+00 -1.3382E+00 -5.8030E-01
  4.0000E+00  1.0700E+00  0.0000E+00  8.6000E+00  0.0000E+00  0.0000E+00  6.8879E+00  2.1869E+00  1.9645E+00  8.6000E+00  7.6799E+00  9.2015E-01  1.9382E+00
  4.0000E+00  2.1300E+00  0.0000E+00  8.3800E+00  0.0000E+00  0.0000E+00  8.2415E+00  1.6613E-01  9.0134E-02  8.3800E+00  8.4180E+00 -3.7963E-02  2.2596E-02
  4.0000E+00  3.5000E+00  0.0000E+00  7.5400E+00  0.0000E+00  0.0000E+00  7.9516E+00 -5.0050E-01 -4.6457E-01  7.5400E+00  7.7696E+00 -2.2958E-01 -5.2193E-01
  4.0000E+00  5.0200E+00  0.0000E+00  6.8800E+00  0.0000E+00  0.0000E+00  7.1141E+00 -2.9594E-01 -2.2687E-01  6.8800E+00  6.8595E+00  2.0548E-02 -2.5984E-01
  4.0000E+00  7.0200E+00  0.0000E+00  5.7800E+00  0.0000E+00  0.0000E+00  6.0236E+00 -3.2326E-01 -2.5510E-01  5.7800E+00  5.7895E+00 -9.4720E-03 -2.7759E-01
  4.0000E+00  9.0200E+00  0.0000E+00  5.3300E+00  0.0000E+00  0.0000E+00  5.0836E+00  3.3973E-01  3.9851E-01  5.3300E+00  4.8841E+00  4.4594E-01  3.8474E-01
  4.0000E+00  1.1980E+01  0.0000E+00  4.1900E+00  0.0000E+00  0.0000E+00  3.9525E+00  3.4110E-01  3.8688E-01  4.1900E+00  3.7971E+00  3.9287E-01  3.7565E-01
  4.0000E+00  2.4650E+01  0.0000E+00  1.1500E+00  0.0000E+00  0.0000E+00  1.3456E+00 -2.9842E-01 -2.8291E-01  1.1500E+00  1.2927E+00 -1.4269E-01 -2.8766E-01
  5.0000E+00  0.0000E+00  3.1996E+02  0.0000E+00  1.0000E+00  1.0000E+00  0.0000E+00  0.0000E+00  0.0000E+00  0.0000E+00  0.0000E+00  0.0000E+00  0.0000E+00
  5.0000E+00  0.0000E+00  0.0000E+00  0.0000E+00  1.0000E+00  0.0000E+00  0.0000E+00  0.0000E+00  0.0000E+00  0.0000E+00  0.0000E+00  0.0000E+00  0.0000E+00
  5.0000E+00  3.0000E-01  0.0000E+00  2.0200E+00  0.0000E+00  0.0000E+00  4.0866E+00 -2.9543E+00 -2.8772E+00  2.0200E+00  3.7220E+00 -1.7020E+00 -2.8616E+00
  5.0000E+00  5.2000E-01  0.0000E+00  5.6300E+00  0.0000E+00  0.0000E+00  6.0583E+00 -5.6740E-01 -4.4197E-01  5.6300E+00  5.4583E+00  1.7171E-01 -4.0210E-01
  5.0000E+00  1.0000E+00  0.0000E+00  1.1400E+01  0.0000E+00  0.0000E+00  8.4993E+00  3.4364E+00  3.6522E+00  1.1400E+01  7.5130E+00  3.8870E+00  3.8439E+00
  5.0000E+00  2.0200E+00  0.0000E+00  9.3300E+00  0.0000E+00  0.0000E+00  9.7703E+00 -4.9048E-01 -1.6689E-01  9.3300E+00  8.4344E+00  8.9564E-01 -1.7989E-01
  5.0000E+00  3.5000E+00  0.0000E+00  8.7400E+00  0.0000E+00  0.0000E+00  9.1060E+00 -4.2113E-01 -7.7839E-02  8.7400E+00  7.7715E+00  9.6848E-01 -9.6729E-02
  5.0000E+00  5.0200E+00  0.0000E+00  7.5600E+00  0.0000E+00  0.0000E+00  8.0582E+00 -6.0277E-01 -2.8840E-01  7.5600E+00  6.8612E+00  6.9883E-01 -3.1585E-01
  5.0000E+00  7.0200E+00  0.0000E+00  7.0900E+00  0.0000E+00  0.0000E+00  6.8040E+00  3.6665E-01  6.3593E-01  7.0900E+00  5.7909E+00  1.2991E+00  6.5673E-01
  5.0000E+00  9.1000E+00  0.0000E+00  5.9000E+00  0.0000E+00  0.0000E+00  5.7012E+00  2.6733E-01  4.9473E-01  5.9000E+00  4.8522E+00  1.0478E+00  5.0744E-01
  5.0000E+00  1.2000E+01  0.0000E+00  4.3700E+00  0.0000E+00  0.0000E+00  4.4551E+00 -1.2015E-01  5.8796E-02  4.3700E+00  3.7916E+00  5.7838E-01  5.8834E-02
  5.0000E+00  2.4350E+01  0.0000E+00  1.5700E+00  0.0000E+00  0.0000E+00  1.5585E+00  1.7426E-02  8.0642E-02  1.5700E+00  1.3264E+00  2.4357E-01  8.1564E-02
  6.0000E+00  0.0000E+00  3.2000E+02  0.0000E+00  1.0000E+00  1.0000E+00  0.0000E+00  0.0000E+00  0.0000E+00  0.0000E+00  0.0000E+00  0.0000E+00  0.0000E+00
  6.0000E+00  0.0000E+00  0.0000E+00  0.0000E+00  1.0000E+00  0.0000E+00  0.0000E+00  0.0000E+00  0.0000E+00  0.0000E+00  0.0000E+00  0.0000E+00  0.0000E+00
  6.0000E+00  2.7000E-01  0.0000E+00  1.2900E+00  0.0000E+00  0.0000E+00  2.1283E+00 -1.2632E+00 -1.5531E+00  1.2900E+00  3.4298E+00 -2.1398E+00 -1.3126E+00
  6.0000E+00  5.8000E-01  0.0000E+00  3.0800E+00  0.0000E+00  0.0000E+00  3.7719E+00 -9.9927E-01 -1.4805E+00  3.0800E+00  5.8265E+00 -2.7465E+00 -1.1916E+00
  6.0000E+00  1.1500E+00  0.0000E+00  6.4400E+00  0.0000E+00  0.0000E+00  5.3974E+00  1.4197E+00  7.9954E-01  6.4400E+00  7.8471E+00 -1.4071E+00  7.8055E-01
  6.0000E+00  2.0300E+00  0.0000E+00  6.3200E+00  0.0000E+00  0.0000E+00  6.1455E+00  2.3036E-01 -4.0046E-01  6.3200E+00  8.4346E+00 -2.1146E+00 -3.6057E-01
  6.0000E+00  3.5700E+00  0.0000E+00  5.5300E+00  0.0000E+00  0.0000E+00  5.8554E+00 -4.3480E-01 -9.8573E-01  5.5300E+00  7.7304E+00 -2.2004E+00 -8.9393E-01
  6.0000E+00  5.0000E+00  0.0000E+00  4.9400E+00  0.0000E+00  0.0000E+00  5.2512E+00 -4.2620E-01 -9.1096E-01  4.9400E+00  6.8736E+00 -1.9336E+00 -8.2243E-01
  6.0000E+00  7.0000E+00  0.0000E+00  4.0200E+00  0.0000E+00  0.0000E+00  4.4416E+00 -5.9528E-01 -1.0055E+00  4.0200E+00  5.8015E+00 -1.7815E+00 -9.2028E-01
  6.0000E+00  9.2200E+00  0.0000E+00  3.4600E+00  0.0000E+00  0.0000E+00  3.6784E+00 -3.1630E-01 -6.5801E-01  3.4600E+00  4.8035E+00 -1.3435E+00 -6.0065E-01
  6.0000E+00  1.2100E+01  0.0000E+00  2.7800E+00  0.0000E+00  0.0000E+00  2.8793E+00 -1.4718E-01 -4.1626E-01  2.7800E+00  3.7600E+00 -9.7999E-01 -3.7717E-01
  6.0000E+00  2.3850E+01  0.0000E+00  9.2000E-01  0.0000E+00  0.0000E+00  1.0600E+00 -2.1434E-01 -3.1426E-01  9.2000E-01  1.3842E+00 -4.6422E-01 -3.0044E-01
  7.0000E+00  0.0000E+00  3.1977E+02  0.0000E+00  1.0000E+00  1.0000E+00  0.0000E+00  0.0000E+00  0.0000E+00  0.0000E+00  0.0000E+00  0.0000E+00  0.0000E+00
  7.0000E+00  0.0000E+00  0.0000E+00  1.5000E-01  1.0000E+00  0.0000E+00  0.0000E+00  2.3084E-01  0.0000E+00  1.5000E-01  0.0000E+00  0.0000E+00  0.0000E+00
  7.0000E+00  2.5000E-01  0.0000E+00  8.5000E-01  0.0000E+00  0.0000E+00  1.5962E+00 -1.1346E+00 -1.4567E+00  8.5000E-01  3.2239E+00 -2.3739E+00 -9.6246E-01
  7.0000E+00  5.0000E-01  0.0000E+00  2.3500E+00  0.0000E+00  0.0000E+00  2.8732E+00 -7.7534E-01 -1.3035E+00  2.3500E+00  5.3236E+00 -2.9736E+00 -8.6523E-01
  7.0000E+00  1.0200E+00  0.0000E+00  5.0200E+00  0.0000E+00  0.0000E+00  4.7470E+00  3.8131E-01 -3.3156E-01  5.0200E+00  7.5593E+00 -2.5393E+00 -4.0345E-01
  7.0000E+00  2.0200E+00  0.0000E+00  6.5800E+00  0.0000E+00  0.0000E+00  6.4590E+00  1.5760E-01 -4.9050E-01  6.5800E+00  8.4293E+00 -1.8493E+00 -7.7586E-01
  7.0000E+00  3.4800E+00  0.0000E+00  7.0900E+00  0.0000E+00  0.0000E+00  6.8709E+00  2.8011E-01 -9.6482E-02  7.0900E+00  7.7789E+00 -6.8889E-01 -1.4738E-01
  7.0000E+00  5.0000E+00  0.0000E+00  6.6600E+00  0.0000E+00  0.0000E+00  6.4131E+00  3.2206E-01  1.3190E-01  6.6600E+00  6.8687E+00 -2.0866E-01  2.6080E-01
  7.0000E+00  6.9800E+00  0.0000E+00  5.2500E+00  0.0000E+00  0.0000E+00  5.5439E+00 -3.9789E-01 -4.8275E-01  5.2500E+00  5.8072E+00 -5.5719E-01 -2.9141E-01
  7.0000E+00  9.0000E+00  0.0000E+00  4.3900E+00  0.0000E+00  0.0000E+00  4.6952E+00 -4.2700E-01 -4.7533E-01  4.3900E+00  4.8907E+00 -5.0069E-01 -2.9706E-01
  7.0000E+00  1.2050E+01  0.0000E+00  3.5300E+00  0.0000E+00  0.0000E+00  3.6282E+00 -1.4240E-01 -1.7330E-01  3.5300E+00  3.7733E+00 -2.4329E-01 -3.0065E-02
  7.0000E+00  2.4220E+01  0.0000E+00  1.1500E+00  0.0000E+00  0.0000E+00  1.2891E+00 -2.1239E-01 -2.2327E-01  1.1500E+00  1.3404E+00 -1.9038E-01 -1.6895E-01
  8.0000E+00  0.0000E+00  3.1936E+02  0.0000E+00  1.0000E+00  1.0000E+00  0.0000E+00  0.0000E+00  0.0000E+00  0.0000E+00  0.0000E+00  0.0000E+00  0.0000E+00
  8.0000E+00  0.0000E+00  0.0000E+00  0.0000E+00  1.0000E+00  0.0000E+00  0.0000E+00  0.0000E+00  0.0000E+00  0.0000E+00  0.0000E+00  0.0000E+00  0.0000E+00
  8.0000E+00  2.5000E-01  0.0000E+00  3.0500E+00  0.0000E+00  0.0000E+00  2.6209E+00  6.3983E-01  5.2234E-01  3.0500E+00  3.2197E+00 -1.6973E-01  5.5235E-01
  8.0000E+00  5.2000E-01  0.0000E+00  3.0500E+00  0.0000E+00  0.0000E+00  4.5061E+00 -2.0515E+00 -2.2502E+00  3.0500E+00  5.4481E+00 -2.3981E+00 -2.1262E+00
  8.0000E+00  9.8000E-01  0.0000E+00  7.3100E+00  0.0000E+00  0.0000E+00  6.2947E+00  1.3315E+00  1.0631E+00  7.3100E+00  7.4460E+00 -1.3605E-01  1.0211E+00
  8.0000E+00  2.0200E+00  0.0000E+00  7.5600E+00  0.0000E+00  0.0000E+00  7.3268E+00  2.9200E-01 -4.4796E-03  7.5600E+00  8.4185E+00 -8.5854E-01 -6.9408E-03
  8.0000E+00  3.5300E+00  0.0000E+00  6.5900E+00  0.0000E+00  0.0000E+00  6.8298E+00 -3.0717E-01 -5.7890E-01  6.5900E+00  7.7390E+00 -1.1490E+00 -5.5322E-01
  8.0000E+00  5.0500E+00  0.0000E+00  5.8800E+00  0.0000E+00  0.0000E+00  6.0454E+00 -2.1920E-01 -4.6118E-01  5.8800E+00  6.8310E+00 -9.5101E-01 -4.4024E-01
  8.0000E+00  7.1500E+00  0.0000E+00  4.7300E+00  0.0000E+00  0.0000E+00  5.0616E+00 -4.5760E-01 -6.6267E-01  4.7300E+00  5.7165E+00 -9.8654E-01 -6.3875E-01
  8.0000E+00  9.0700E+00  0.0000E+00  4.5700E+00  0.0000E+00  0.0000E+00  4.2993E+00  3.8414E-01  2.0840E-01  4.5700E+00  4.8554E+00 -2.8543E-01  2.1034E-01
  8.0000E+00  1.2100E+01  0.0000E+00  3.0000E+00  0.0000E+00  0.0000E+00  3.3227E+00 -4.7241E-01 -6.0959E-01  3.0000E+00  3.7525E+00 -7.5247E-01 -5.9588E-01
  8.0000E+00  2.4120E+01  0.0000E+00  1.2500E+00  0.0000E+00  0.0000E+00  1.1955E+00  8.3357E-02  3.3321E-02  1.2500E+00  1.3501E+00 -1.0010E-01  3.5829E-02
  9.0000E+00  0.0000E+00  2.6784E+02  0.0000E+00  1.0000E+00  1.0000E+00  0.0000E+00  0.0000E+00  0.0000E+00  0.0000E+00  0.0000E+00  0.0000E+00  0.0000E+00
  9.0000E+00  0.0000E+00  0.0000E+00  0.0000E+00  1.0000E+00  0.0000E+00  0.0000E+00  0.0000E+00  0.0000E+00  0.0000E+00  0.0000E+00  0.0000E+00  0.0000E+00
  9.0000E+00  3.0000E-01  0.0000E+00  7.3700E+00  0.0000E+00  0.0000E+00  6.7766E+00  7.6186E-01  2.0039E+00  7.3700E+00  3.1157E+00  4.2543E+00  3.1163E+00
  9.0000E+00  6.3000E-01  0.0000E+00  9.0300E+00  0.0000E+00  0.0000E+00  7.7304E+00  1.5969E+00  1.8122E+00  9.0300E+00  5.1088E+00  3.9212E+00  1.9679E+00
  9.0000E+00  1.0500E+00  0.0000E+00  7.1400E+00  0.0000E+00  0.0000E+00  7.6241E+00 -5.9777E-01 -7.2418E-01  7.1400E+00  6.3922E+00  7.4783E-01 -1.4952E+00
  9.0000E+00  2.0200E+00  0.0000E+00  6.3300E+00  0.0000E+00  0.0000E+00  7.0339E+00 -8.9325E-01 -1.0600E+00  6.3300E+00  7.0604E+00 -7.3044E-01 -1.3330E+00
  9.0000E+00  3.5300E+00  0.0000E+00  5.6600E+00  0.0000E+00  0.0000E+00  6.1863E+00 -6.9343E-01 -8.4284E-01  5.6600E+00  6.4905E+00 -8.3050E-01 -4.2525E-01
  9.0000E+00  5.0200E+00  0.0000E+00  5.6700E+00  0.0000E+00  0.0000E+00  5.4500E+00  2.9893E-01  1.6551E-01  5.6700E+00  5.7435E+00 -7.3515E-02  6.7378E-01
  9.0000E+00  7.1700E+00  0.0000E+00  4.2400E+00  0.0000E+00  0.0000E+00  4.5393E+00 -4.2116E-01 -5.3397E-01  4.2400E+00  4.7862E+00 -5.4618E-01 -6.0773E-02
  9.0000E+00  8.8000E+00  0.0000E+00  4.1100E+00  0.0000E+00  0.0000E+00  3.9517E+00  2.2729E-01  1.2823E-01  4.1100E+00  4.1667E+00 -5.6722E-02  5.4747E-01
  9.0000E+00  1.1600E+01  0.0000E+00  3.1600E+00  0.0000E+00  0.0000E+00  3.1144E+00  6.7205E-02 -1.1703E-02  3.1600E+00  3.2838E+00 -1.2382E-01  3.3137E-01
  9.0000E+00  2.4430E+01  0.0000E+00  1.1200E+00  0.0000E+00  0.0000E+00  1.0459E+00  1.1341E-01  8.6480E-02  1.1200E+00  1.1028E+00  1.7167E-02  2.0800E-01
  1.0000E+01  0.0000E+00  3.2010E+02  0.0000E+00  1.0000E+00  1.0000E+00  0.0000E+00  0.0000E+00  0.0000E+00  0.0000E+00  0.0000E+00  0.0000E+00  0.0000E+00
  1.0000E+01  0.0000E+00  0.0000E+00  2.4000E-01  1.0000E+00  0.0000E+00  0.0000E+00  3.6935E-01  0.0000E+00  2.4000E-01  0.0000E+00  0.0000E+00  0.0000E+00
  1.0000E+01  3.7000E-01  0.0000E+00  2.8900E+00  0.0000E+00  0.0000E+00  2.8067E+00  1.2358E-01 -1.7652E-01  2.8900E+00  4.3503E+00 -1.4603E+00  1.5541E-01
  1.0000E+01  7.7000E-01  0.0000E+00  5.2200E+00  0.0000E+00  0.0000E+00  5.0589E+00  2.2238E-01 -1.9251E-01  5.2200E+00  6.7590E+00 -1.5390E+00 -3.8265E-01
  1.0000E+01  1.0200E+00  0.0000E+00  6.4100E+00  0.0000E+00  0.0000E+00  6.1393E+00  3.5737E-01 -5.8516E-02  6.4100E+00  7.5671E+00 -1.1571E+00 -5.1604E-01
  1.0000E+01  2.0500E+00  0.0000E+00  7.8300E+00  0.0000E+00  0.0000E+00  8.7571E+00 -1.0849E+00 -1.2512E+00  7.8300E+00  8.4353E+00 -6.0527E-01 -1.8628E+00
  1.0000E+01  3.5500E+00  0.0000E+00  1.0210E+01  0.0000E+00  0.0000E+00  9.6668E+00  6.0818E-01  8.9384E-01  1.0210E+01  7.7449E+00  2.4651E+00  1.0207E+00
  1.0000E+01  5.0500E+00  0.0000E+00  9.1800E+00  0.0000E+00  0.0000E+00  9.2305E+00 -5.7728E-02  4.9329E-01  9.1800E+00  6.8468E+00  2.3332E+00  9.6795E-01
  1.0000E+01  7.0800E+00  0.0000E+00  8.0200E+00  0.0000E+00  0.0000E+00  8.0694E+00 -5.9692E-02  6.0121E-01  8.0200E+00  5.7640E+00  2.2560E+00  1.2042E+00
  1.0000E+01  9.3800E+00  0.0000E+00  7.1400E+00  0.0000E+00  0.0000E+00  6.7172E+00  5.4423E-01  1.1687E+00  7.1400E+00  4.7401E+00  2.3999E+00  1.7766E+00
  1.0000E+01  1.2100E+01  0.0000E+00  5.6800E+00  0.0000E+00  0.0000E+00  5.3483E+00  4.5258E-01  9.7572E-01  5.6800E+00  3.7612E+00  1.9188E+00  1.4699E+00
  1.0000E+01  2.3700E+01  0.0000E+00  2.4200E+00  0.0000E+00  0.0000E+00  1.9960E+00  6.4048E-01  8.4160E-01  2.4200E+00  1.4024E+00  1.0176E+00  1.0334E+00
  1.1000E+01  0.0000E+00  3.1980E+02  0.0000E+00  1.0000E+00  1.0000E+00  0.0000E+00  0.0000E+00  0.0000E+00  0.0000E+00  0.0000E+00  0.0000E+00  0.0000E+00
  1.1000E+01  0.0000E+00  0.0000E+00  0.0000E+00  1.0000E+00  0.0000E+00  0.0000E+00  0.0000E+00  0.0000E+00  0.0000E+00  0.0000E+00  0.0000E+00  0.0000E+00
  1.1000E+01  2.5000E-01  0.0000E+00  4.8600E+00  0.0000E+00  0.0000E+00  4.9469E+00 -1.2049E-01  4.4689E-01  4.8600E+00  3.2242E+00  1.6358E+00  7.8865E-01
  1.1000E+01  5.0000E-01  0.0000E+00  7.2400E+00  0.0000E+00  0.0000E+00  6.7536E+00  6.2508E-01  8.4030E-01  7.2400E+00  5.3241E+00  1.9159E+00  8.9601E-01
  1.1000E+01  9.8000E-01  0.0000E+00  8.0000E+00  0.0000E+00  0.0000E+00  7.4783E+00  6.4856E-01  3.2727E-01  8.0000E+00  7.4563E+00  5.4369E-01 -9.7166E-02
  1.1000E+01  1.9800E+00  0.0000E+00  6.8100E+00  0.0000E+00  0.0000E+00  7.0483E+00 -3.0217E-01 -8.0759E-01  6.8100E+00  8.4324E+00 -1.6224E+00 -9.9795E-01
  1.1000E+01  3.6000E+00  0.0000E+00  5.8700E+00  0.0000E+00  0.0000E+00  6.1450E+00 -3.6302E-01 -8.1778E-01  5.8700E+00  7.7075E+00 -1.8375E+00 -5.5758E-01
  1.1000E+01  5.0200E+00  0.0000E+00  5.2200E+00  0.0000E+00  0.0000E+00  5.4460E+00 -3.0714E-01 -7.1366E-01  5.2200E+00  6.8577E+00 -1.6377E+00 -3.9192E-01
  1.1000E+01  7.0300E+00  0.0000E+00  4.4500E+00  0.0000E+00  0.0000E+00  4.5903E+00 -1.9703E-01 -5.4294E-01  4.4500E+00  5.7831E+00 -1.3331E+00 -2.4815E-01
  1.1000E+01  9.0300E+00  0.0000E+00  3.6200E+00  0.0000E+00  0.0000E+00  3.8723E+00 -3.6324E-01 -6.5710E-01  3.6200E+00  4.8787E+00 -1.2587E+00 -3.9187E-01
  1.1000E+01  1.2120E+01  0.0000E+00  2.6900E+00  0.0000E+00  0.0000E+00  2.9774E+00 -4.2480E-01 -6.5241E-01  2.6900E+00  3.7512E+00 -1.0612E+00 -4.3967E-01
  1.1000E+01  2.4080E+01  0.0000E+00  8.6000E-01  0.0000E+00  0.0000E+00  1.0767E+00 -3.3171E-01 -4.1482E-01  8.6000E-01  1.3566E+00 -4.9656E-01 -3.3548E-01
  1.2000E+01  0.0000E+00  3.2065E+02  0.0000E+00  1.0000E+00  1.0000E+00  0.0000E+00  0.0000E+00  0.0000E+00  0.0000E+00  0.0000E+00  0.0000E+00  0.0000E+00
  1.2000E+01  0.0000E+00  0.0000E+00  0.0000E+00  1.0000E+00  0.0000E+00  0.0000E+00  0.0000E+00  0.0000E+00  0.0000E+00  0.0000E+00  0.0000E+00  0.0000E+00
  1.2000E+01  2.5000E-01  0.0000E+00  1.2500E+00  0.0000E+00  0.0000E+00  2.5207E+00 -1.8990E+00 -2.1057E+00  1.2500E+00  3.2327E+00 -1.9827E+00 -1.6185E+00
  1.2000E+01  5.0000E-01  0.0000E+00  3.9600E+00  0.0000E+00  0.0000E+00  4.4472E+00 -6.8777E-01 -9.8146E-01  3.9600E+00  5.3382E+00 -1.3782E+00 -5.3735E-01
  1.2000E+01  1.0000E+00  0.0000E+00  7.8200E+00  0.0000E+00  0.0000E+00  7.0043E+00  1.0365E+00  7.6545E-01  7.8200E+00  7.5292E+00  2.9084E-01  8.3972E-01
  1.2000E+01  2.0000E+00  0.0000E+00  9.7200E+00  0.0000E+00  0.0000E+00  9.0965E+00  7.1773E-01  7.1612E-01  9.7200E+00  8.4539E+00  1.2661E+00  5.6459E-01
  1.2000E+01  3.5200E+00  0.0000E+00  9.7500E+00  0.0000E+00  0.0000E+00  9.2140E+00  6.1344E-01  9.0299E-01  9.7500E+00  7.7763E+00  1.9737E+00  8.6295E-01
  1.2000E+01  5.0700E+00  0.0000E+00  8.5700E+00  0.0000E+00  0.0000E+00  8.3587E+00  2.5205E-01  6.3032E-01  8.5700E+00  6.8471E+00  1.7229E+00  6.5222E-01
  1.2000E+01  7.0700E+00  0.0000E+00  6.5900E+00  0.0000E+00  0.0000E+00  7.1189E+00 -6.6849E-01 -3.0241E-01  6.5900E+00  5.7788E+00  8.1121E-01 -3.1251E-01
  1.2000E+01  9.0300E+00  0.0000E+00  6.1100E+00  0.0000E+00  0.0000E+00  6.0356E+00  9.8688E-02  4.1952E-01  6.1100E+00  4.8917E+00  1.2183E+00  4.5382E-01
  1.2000E+01  1.2050E+01  0.0000E+00  4.5700E+00  0.0000E+00  0.0000E+00  4.6700E+00 -1.4006E-01  1.1159E-01  4.5700E+00  3.7837E+00  7.8632E-01  1.3188E-01
  1.2000E+01  2.4150E+01  0.0000E+00  1.1700E+00  0.0000E+00  0.0000E+00  1.6689E+00 -7.5775E-01 -6.6698E-01  1.1700E+00  1.3521E+00 -1.8210E-01 -6.6081E-01
