TABLE NO.  2
 ID          A           ETA1
  1.0000E+00  1.0164E+00  2.1955E-02
  1.0000E+00  1.0164E+00  2.1955E-02
  1.0000E+00  1.0164E+00  2.1955E-02
  1.0000E+00  1.0164E+00  2.1955E-02
  1.0000E+00  1.0164E+00  2.1955E-02
  1.0000E+00  1.0164E+00  2.1955E-02
  1.0000E+00  1.0164E+00  2.1955E-02
  1.0000E+00  1.0164E+00  2.1955E-02
  2.0000E+00  1.0335E+00  3.8619E-02
  2.0000E+00  1.0335E+00  3.8619E-02
  2.0000E+00  1.0335E+00  3.8619E-02
  2.0000E+00  1.0335E+00  3.8619E-02
  2.0000E+00  1.0335E+00  3.8619E-02
  2.0000E+00  1.0335E+00  3.8619E-02
  2.0000E+00  1.0335E+00  3.8619E-02
  2.0000E+00  1.0335E+00  3.8619E-02
  2.0000E+00  1.0335E+00  3.8619E-02
  2.0000E+00  1.0335E+00  3.8619E-02
  2.0000E+00  1.0335E+00  3.8619E-02
  3.0000E+00  1.0472E+00  5.1784E-02
  3.0000E+00  1.0472E+00  5.1784E-02
  3.0000E+00  1.0472E+00  5.1784E-02
  3.0000E+00  1.0472E+00  5.1784E-02
  3.0000E+00  1.0472E+00  5.1784E-02
  3.0000E+00  1.0472E+00  5.1784E-02
  3.0000E+00  1.0472E+00  5.1784E-02
  3.0000E+00  1.0472E+00  5.1784E-02
  4.0000E+00  8.2995E-01 -1.8068E-01
  4.0000E+00  8.2995E-01 -1.8068E-01
  4.0000E+00  8.2995E-01 -1.8068E-01
  4.0000E+00  8.2995E-01 -1.8068E-01
  4.0000E+00  8.2995E-01 -1.8068E-01
  4.0000E+00  8.2995E-01 -1.8068E-01
  4.0000E+00  8.2995E-01 -1.8068E-01
  4.0000E+00  8.2995E-01 -1.8068E-01
  4.0000E+00  8.2995E-01 -1.8068E-01
  4.0000E+00  8.2995E-01 -1.8068E-01
  4.0000E+00  8.2995E-01 -1.8068E-01
  4.0000E+00  8.2995E-01 -1.8068E-01
  5.0000E+00  9.7066E-01 -2.4074E-02
  5.0000E+00  9.7066E-01 -2.4074E-02
  5.0000E+00  9.7066E-01 -2.4074E-02
  5.0000E+00  9.7066E-01 -2.4074E-02
  5.0000E+00  9.7066E-01 -2.4074E-02
  5.0000E+00  9.7066E-01 -2.4074E-02
  5.0000E+00  9.7066E-01 -2.4074E-02
  5.0000E+00  9.7066E-01 -2.4074E-02
  5.0000E+00  9.7066E-01 -2.4074E-02
  5.0000E+00  9.7066E-01 -2.4074E-02
  5.0000E+00  9.7066E-01 -2.4074E-02
  6.0000E+00  1.0722E+00  7.5386E-02
  6.0000E+00  1.0722E+00  7.5386E-02
  6.0000E+00  1.0722E+00  7.5386E-02
  6.0000E+00  1.0722E+00  7.5386E-02
  6.0000E+00  1.0722E+00  7.5386E-02
  6.0000E+00  1.0722E+00  7.5386E-02
  6.0000E+00  1.0722E+00  7.5386E-02
  6.0000E+00  1.0722E+00  7.5386E-02
  7.0000E+00  1.1465E+00  1.4244E-01
  7.0000E+00  1.1465E+00  1.4244E-01
  7.0000E+00  1.1465E+00  1.4244E-01
  7.0000E+00  1.1465E+00  1.4244E-01
  7.0000E+00  1.1465E+00  1.4244E-01
  7.0000E+00  1.1465E+00  1.4244E-01
  7.0000E+00  1.1465E+00  1.4244E-01
  8.0000E+00  9.6098E-01 -3.4092E-02
  8.0000E+00  9.6098E-01 -3.4092E-02
  8.0000E+00  9.6098E-01 -3.4092E-02
  8.0000E+00  9.6098E-01 -3.4092E-02
  8.0000E+00  9.6098E-01 -3.4092E-02
  8.0000E+00  9.6098E-01 -3.4092E-02
  8.0000E+00  9.6098E-01 -3.4092E-02
  9.0000E+00  8.9488E-01 -1.0536E-01
  9.0000E+00  8.9488E-01 -1.0536E-01
  9.0000E+00  8.9488E-01 -1.0536E-01
  9.0000E+00  8.9488E-01 -1.0536E-01
  9.0000E+00  8.9488E-01 -1.0536E-01
  9.0000E+00  8.9488E-01 -1.0536E-01
  9.0000E+00  8.9488E-01 -1.0536E-01
  9.0000E+00  8.9488E-01 -1.0536E-01
  9.0000E+00  8.9488E-01 -1.0536E-01
  9.0000E+00  8.9488E-01 -1.0536E-01
  1.0000E+01  8.8097E-01 -1.2102E-01
  1.0000E+01  8.8097E-01 -1.2102E-01
  1.0000E+01  8.8097E-01 -1.2102E-01
  1.0000E+01  8.8097E-01 -1.2102E-01
  1.0000E+01  8.8097E-01 -1.2102E-01
  1.0000E+01  8.8097E-01 -1.2102E-01
  1.0000E+01  8.8097E-01 -1.2102E-01
  1.0000E+01  8.8097E-01 -1.2102E-01
  1.0000E+01  8.8097E-01 -1.2102E-01
  1.0000E+01  8.8097E-01 -1.2102E-01
  1.1000E+01  8.5692E-01 -1.4870E-01
  1.1000E+01  8.5692E-01 -1.4870E-01
  1.1000E+01  8.5692E-01 -1.4870E-01
  1.1000E+01  8.5692E-01 -1.4870E-01
  1.1000E+01  8.5692E-01 -1.4870E-01
  1.1000E+01  8.5692E-01 -1.4870E-01
  1.1000E+01  8.5692E-01 -1.4870E-01
  1.1000E+01  8.5692E-01 -1.4870E-01
  1.1000E+01  8.5692E-01 -1.4870E-01
  1.2000E+01  8.7093E-01 -1.3249E-01
  1.2000E+01  8.7093E-01 -1.3249E-01
  1.2000E+01  8.7093E-01 -1.3249E-01
  1.2000E+01  8.7093E-01 -1.3249E-01
  1.2000E+01  8.7093E-01 -1.3249E-01
  1.2000E+01  8.7093E-01 -1.3249E-01
  1.2000E+01  8.7093E-01 -1.3249E-01
  1.2000E+01  8.7093E-01 -1.3249E-01
  1.3000E+01  1.0855E+00  8.7770E-02
  1.3000E+01  1.0855E+00  8.7770E-02
  1.3000E+01  1.0855E+00  8.7770E-02
  1.3000E+01  1.0855E+00  8.7770E-02
  1.3000E+01  1.0855E+00  8.7770E-02
  1.3000E+01  1.0855E+00  8.7770E-02
  1.3000E+01  1.0855E+00  8.7770E-02
  1.3000E+01  1.0855E+00  8.7770E-02
  1.3000E+01  1.0855E+00  8.7770E-02
  1.4000E+01  8.3229E-01 -1.7787E-01
  1.4000E+01  8.3229E-01 -1.7787E-01
  1.4000E+01  8.3229E-01 -1.7787E-01
  1.4000E+01  8.3229E-01 -1.7787E-01
  1.4000E+01  8.3229E-01 -1.7787E-01
  1.4000E+01  8.3229E-01 -1.7787E-01
  1.4000E+01  8.3229E-01 -1.7787E-01
  1.5000E+01  1.2764E+00  2.4973E-01
  1.5000E+01  1.2764E+00  2.4973E-01
  1.5000E+01  1.2764E+00  2.4973E-01
  1.5000E+01  1.2764E+00  2.4973E-01
  1.5000E+01  1.2764E+00  2.4973E-01
  1.5000E+01  1.2764E+00  2.4973E-01
  1.6000E+01  1.0820E+00  8.4536E-02
  1.6000E+01  1.0820E+00  8.4536E-02
  1.6000E+01  1.0820E+00  8.4536E-02
  1.6000E+01  1.0820E+00  8.4536E-02
  1.6000E+01  1.0820E+00  8.4536E-02
  1.6000E+01  1.0820E+00  8.4536E-02
  1.6000E+01  1.0820E+00  8.4536E-02
  1.6000E+01  1.0820E+00  8.4536E-02
  1.6000E+01  1.0820E+00  8.4536E-02
  1.7000E+01  1.0873E+00  8.9384E-02
  1.7000E+01  1.0873E+00  8.9384E-02
  1.7000E+01  1.0873E+00  8.9384E-02
  1.7000E+01  1.0873E+00  8.9384E-02
  1.7000E+01  1.0873E+00  8.9384E-02
  1.7000E+01  1.0873E+00  8.9384E-02
  1.7000E+01  1.0873E+00  8.9384E-02
  1.8000E+01  9.3963E-01 -5.6566E-02
  1.8000E+01  9.3963E-01 -5.6566E-02
  1.8000E+01  9.3963E-01 -5.6566E-02
  1.8000E+01  9.3963E-01 -5.6566E-02
  1.8000E+01  9.3963E-01 -5.6566E-02
  1.8000E+01  9.3963E-01 -5.6566E-02
  1.8000E+01  9.3963E-01 -5.6566E-02
  1.8000E+01  9.3963E-01 -5.6566E-02
  1.9000E+01  1.0279E+00  3.3200E-02
  1.9000E+01  1.0279E+00  3.3200E-02
  1.9000E+01  1.0279E+00  3.3200E-02
  1.9000E+01  1.0279E+00  3.3200E-02
  1.9000E+01  1.0279E+00  3.3200E-02
  1.9000E+01  1.0279E+00  3.3200E-02
  1.9000E+01  1.0279E+00  3.3200E-02
  1.9000E+01  1.0279E+00  3.3200E-02
  2.0000E+01  1.1132E+00  1.1293E-01
  2.0000E+01  1.1132E+00  1.1293E-01
  2.0000E+01  1.1132E+00  1.1293E-01
  2.0000E+01  1.1132E+00  1.1293E-01
  2.0000E+01  1.1132E+00  1.1293E-01
  2.0000E+01  1.1132E+00  1.1293E-01
  2.0000E+01  1.1132E+00  1.1293E-01
  2.0000E+01  1.1132E+00  1.1293E-01
  2.0000E+01  1.1132E+00  1.1293E-01
  2.0000E+01  1.1132E+00  1.1293E-01
