TABLE NO.  1
 ID          TIME        DV          MDV         IPRE        IWRE        CWRES       DV          PRED        RES         WRES
  1.0000E+00  7.0000E+00  5.0022E+01  0.0000E+00  6.6034E+01 -4.0300E-01 -3.8625E-01  5.0022E+01  6.2287E+01 -1.2265E+01 -3.8822E-01
  1.0000E+00  1.1000E+01  3.0952E+02  0.0000E+00  2.4363E+02  1.3556E+00  1.4279E+00  3.0952E+02  2.2767E+02  8.1845E+01  1.4474E+00
  1.0000E+00  1.2000E+01  3.2490E+02  0.0000E+00  3.1991E+02  9.1348E-02  1.8788E-01  3.2490E+02  2.9848E+02  2.6412E+01  1.8659E-01
  1.0000E+00  1.3000E+01  4.5084E+02  0.0000E+00  4.1329E+02  5.9738E-01  7.2226E-01  4.5084E+02  3.8506E+02  6.5787E+01  7.3096E-01
  1.0000E+00  1.4000E+01  5.7245E+02  0.0000E+00  5.2625E+02  6.2498E-01  7.8136E-01  5.7245E+02  4.8968E+02  8.2774E+01  7.8967E-01
  1.0000E+00  1.5000E+01  6.6434E+02  0.0000E+00  6.6148E+02  3.2444E-02  2.2225E-01  6.6434E+02  6.1481E+02  4.9526E+01  2.2024E-01
  1.0000E+00  1.8000E+01  1.1517E+03  0.0000E+00  1.2306E+03 -5.1922E-01 -2.2871E-01  1.1517E+03  1.1406E+03  1.1088E+01 -2.3467E-01
  1.0000E+00  1.9000E+01  1.3384E+03  0.0000E+00  1.4858E+03 -8.1140E-01 -4.8964E-01  1.3384E+03  1.3760E+03 -3.7633E+01 -4.9630E-01
  2.0000E+00  5.0000E+00  5.4886E+01  0.0000E+00  2.9614E+01  6.4632E-01  6.6632E-01  5.4886E+01  2.7077E+01  2.7810E+01  6.6709E-01
  2.0000E+00  6.0000E+00  5.9408E+01  0.0000E+00  4.6175E+01  3.3645E-01  3.7012E-01  5.9408E+01  4.1907E+01  1.7501E+01  3.7140E-01
  2.0000E+00  7.0000E+00  8.5662E+01  0.0000E+00  6.9049E+01  4.1737E-01  4.7058E-01  8.5662E+01  6.2287E+01  2.3375E+01  4.7354E-01
  2.0000E+00  1.1000E+01  2.6157E+02  0.0000E+00  2.5655E+02  1.0144E-01  3.1082E-01  2.6157E+02  2.2767E+02  3.3899E+01  3.2360E-01
  2.0000E+00  1.2000E+01  4.1227E+02  0.0000E+00  3.3729E+02  1.3384E+00  1.6057E+00  4.1227E+02  2.9848E+02  1.1378E+02  1.6812E+00
  2.0000E+00  1.3000E+01  4.8845E+02  0.0000E+00  4.3620E+02  8.0343E-01  1.1334E+00  4.8845E+02  3.8506E+02  1.0340E+02  1.1942E+00
  2.0000E+00  1.4000E+01  6.1886E+02  0.0000E+00  5.5595E+02  8.1729E-01  1.2124E+00  6.1886E+02  4.8968E+02  1.2918E+02  1.2817E+00
  2.0000E+00  1.5000E+01  7.9900E+02  0.0000E+00  6.9941E+02  1.0807E+00  1.5414E+00  7.9900E+02  6.1481E+02  1.8419E+02  1.6322E+00
  2.0000E+00  1.8000E+01  1.2187E+03  0.0000E+00  1.3039E+03 -5.3092E-01  1.1550E-01  1.2187E+03  1.1406E+03  7.8118E+01  1.1309E-01
  2.0000E+00  1.9000E+01  1.4155E+03  0.0000E+00  1.5752E+03 -8.3148E-01 -1.2987E-01  1.4155E+03  1.3760E+03  3.9457E+01 -1.4967E-01
  2.0000E+00  2.0000E+01  1.4102E+03  0.0000E+00  1.8877E+03 -2.0877E+00 -1.3349E+00  1.4102E+03  1.6470E+03 -2.3682E+02 -1.4315E+00
  3.0000E+00  6.0000E+00  8.9231E+01  0.0000E+00  4.7745E+01  1.0541E+00  1.0547E+00  8.9231E+01  4.1907E+01  4.7324E+01  1.0562E+00
  3.0000E+00  7.0000E+00  1.5735E+02  0.0000E+00  7.1543E+01  2.1524E+00  2.1535E+00  1.5735E+02  6.2287E+01  9.5065E+01  2.1644E+00
  3.0000E+00  1.1000E+01  2.2170E+02  0.0000E+00  2.6728E+02 -9.0536E-01 -8.8846E-01  2.2170E+02  2.2767E+02 -5.9753E+00 -9.3441E-01
  3.0000E+00  1.2000E+01  3.2749E+02  0.0000E+00  3.5174E+02 -4.2329E-01 -3.9344E-01  3.2749E+02  2.9848E+02  2.9008E+01 -4.1953E-01
  3.0000E+00  1.3000E+01  4.6144E+02  0.0000E+00  4.5527E+02  9.2248E-02  1.4100E-01  4.6144E+02  3.8506E+02  7.6383E+01  1.5464E-01
  3.0000E+00  1.4000E+01  6.4145E+02  0.0000E+00  5.8069E+02  7.6397E-01  8.3797E-01  6.4145E+02  4.8968E+02  1.5177E+02  9.1903E-01
  3.0000E+00  1.5000E+01  7.4687E+02  0.0000E+00  7.3102E+02  1.6577E-01  2.7130E-01  7.4687E+02  6.1481E+02  1.3206E+02  3.0012E-01
  3.0000E+00  1.8000E+01  1.3595E+03  0.0000E+00  1.3651E+03 -3.3660E-02  2.0012E-01  1.3595E+03  1.1406E+03  2.1886E+02  2.1987E-01
  4.0000E+00  6.0000E+00  5.5349E+01  0.0000E+00  2.7179E+01  7.2089E-01  6.9971E-01  5.5349E+01  4.1907E+01  1.3441E+01  6.8424E-01
  4.0000E+00  7.0000E+00  5.6176E+01  0.0000E+00  3.9241E+01  4.3177E-01  3.9905E-01  5.6176E+01  6.2287E+01 -6.1112E+00  3.8080E-01
  4.0000E+00  1.1000E+01  1.0333E+02  0.0000E+00  1.3252E+02 -6.9454E-01 -8.2240E-01  1.0333E+02  2.2767E+02 -1.2434E+02 -7.3254E-01
  4.0000E+00  1.2000E+01  1.5532E+02  0.0000E+00  1.7135E+02 -3.6440E-01 -5.3190E-01  1.5532E+02  2.9848E+02 -1.4316E+02 -4.4571E-01
  4.0000E+00  1.3000E+01  1.6796E+02  0.0000E+00  2.1835E+02 -1.0752E+00 -1.2895E+00  1.6796E+02  3.8506E+02 -2.1710E+02 -9.9035E-01
  4.0000E+00  1.4000E+01  2.1938E+02  0.0000E+00  2.7464E+02 -1.0854E+00 -1.3538E+00  2.1938E+02  4.8968E+02 -2.7030E+02 -9.6452E-01
  4.0000E+00  1.5000E+01  4.1238E+02  0.0000E+00  3.4143E+02  1.2583E+00  9.2877E-01  4.1238E+02  6.1481E+02 -2.0243E+02  5.7842E-01
  4.0000E+00  1.8000E+01  5.8419E+02  0.0000E+00  6.1817E+02 -4.0709E-01 -9.6236E-01  5.8419E+02  1.1406E+03 -5.5641E+02 -6.0208E-01
  4.0000E+00  1.9000E+01  7.6207E+02  0.0000E+00  7.4073E+02  2.2089E-01 -4.2393E-01  7.6207E+02  1.3760E+03 -6.1394E+02 -3.1702E-01
  4.0000E+00  2.0000E+01  8.8033E+02  0.0000E+00  8.8110E+02 -6.8705E-03 -7.4863E-01  8.8033E+02  1.6470E+03 -7.6665E+02 -5.0266E-01
  4.0000E+00  2.1000E+01  1.0401E+03  0.0000E+00  1.0410E+03 -7.1378E-03 -8.5331E-01  1.0401E+03  1.9571E+03 -9.1698E+02 -5.7286E-01
  4.0000E+00  2.2000E+01  1.3351E+03  0.0000E+00  1.2222E+03  7.4736E-01 -2.1065E-01  1.3351E+03  2.3100E+03 -9.7487E+02 -2.7002E-01
  5.0000E+00  5.0000E+00  6.8809E+01  0.0000E+00  2.5626E+01  1.1055E+00  1.1073E+00  6.8809E+01  2.7077E+01  4.1732E+01  1.1049E+00
  5.0000E+00  6.0000E+00  5.9853E+01  0.0000E+00  3.9480E+01  5.1940E-01  5.2238E-01  5.9853E+01  4.1907E+01  1.7946E+01  5.1865E-01
  5.0000E+00  7.0000E+00  5.8989E+01  0.0000E+00  5.8455E+01  1.3476E-02  1.8167E-02  5.8989E+01  6.2287E+01 -3.2985E+00  1.3216E-02
  5.0000E+00  1.1000E+01  1.7966E+02  0.0000E+00  2.1148E+02 -6.8553E-01 -6.6618E-01  1.7966E+02  2.2767E+02 -4.8009E+01 -6.6133E-01
  5.0000E+00  1.2000E+01  3.0979E+02  0.0000E+00  2.7676E+02  6.4666E-01  6.7191E-01  3.0979E+02  2.9848E+02  1.1304E+01  6.2472E-01
  5.0000E+00  1.3000E+01  4.7057E+02  0.0000E+00  3.5647E+02  1.9778E+00  2.0095E+00  4.7057E+02  3.8506E+02  8.5516E+01  1.8627E+00
  5.0000E+00  1.4000E+01  4.8093E+02  0.0000E+00  4.5268E+02  4.2398E-01  4.6179E-01  4.8093E+02  4.8968E+02 -8.7468E+00  4.0577E-01
  5.0000E+00  1.5000E+01  4.8878E+02  0.0000E+00  5.6765E+02 -1.0089E+00 -9.6595E-01  4.8878E+02  6.1481E+02 -1.2603E+02 -8.8761E-01
  5.0000E+00  1.8000E+01  1.0217E+03  0.0000E+00  1.0498E+03 -2.1419E-01 -1.6911E-01  1.0217E+03  1.1406E+03 -1.1888E+02 -1.6442E-01
  5.0000E+00  1.9000E+01  1.2785E+03  0.0000E+00  1.2654E+03  8.3974E-02  1.2363E-01  1.2785E+03  1.3760E+03 -9.7483E+01  8.8682E-02
  5.0000E+00  2.0000E+01  1.3774E+03  0.0000E+00  1.5134E+03 -7.3588E-01 -7.0504E-01  1.3774E+03  1.6470E+03 -2.6959E+02 -6.2385E-01
  6.0000E+00  6.0000E+00  4.6502E+01  0.0000E+00  5.0715E+01 -1.0689E-01 -6.4574E-02  4.6502E+01  4.1907E+01  4.5951E+00 -6.4882E-02
  6.0000E+00  7.0000E+00  5.5155E+01  0.0000E+00  7.6274E+01 -5.2807E-01 -4.6109E-01  5.5155E+01  6.2287E+01 -7.1318E+00 -4.6427E-01
  6.0000E+00  1.1000E+01  2.5122E+02  0.0000E+00  2.8777E+02 -7.0375E-01 -4.4840E-01  2.5122E+02  2.2767E+02  2.3548E+01 -4.8221E-01
  6.0000E+00  1.2000E+01  3.4118E+02  0.0000E+00  3.7934E+02 -6.3889E-01 -3.1717E-01  3.4118E+02  2.9848E+02  4.2691E+01 -3.5101E-01
  6.0000E+00  1.3000E+01  4.3833E+02  0.0000E+00  4.9173E+02 -7.5784E-01 -3.6472E-01  4.3833E+02  3.8506E+02  5.3280E+01 -4.1734E-01
  6.0000E+00  1.4000E+01  8.5995E+02  0.0000E+00  6.2803E+02  2.7447E+00  3.2135E+00  8.5995E+02  4.8968E+02  3.7028E+02  3.7323E+00
  6.0000E+00  1.5000E+01  8.5473E+02  0.0000E+00  7.9155E+02  6.1798E-01  1.1661E+00  8.5473E+02  6.1481E+02  2.3992E+02  1.3615E+00
  6.0000E+00  1.8000E+01  1.1433E+03  0.0000E+00  1.4825E+03 -1.8713E+00 -1.0700E+00  1.1433E+03  1.1406E+03  2.6784E+00 -1.3215E+00
  7.0000E+00  6.0000E+00  9.4728E+01  0.0000E+00  6.0388E+01  8.6711E-01  9.0390E-01  9.4728E+01  4.1907E+01  5.2821E+01  9.1181E-01
  7.0000E+00  7.0000E+00  1.2609E+02  0.0000E+00  9.1765E+01  8.4859E-01  9.0785E-01  1.2609E+02  6.2287E+01  6.3807E+01  9.3152E-01
  7.0000E+00  1.1000E+01  3.3314E+02  0.0000E+00  3.5585E+02 -3.9406E-01 -1.2840E-01  3.3314E+02  2.2767E+02  1.0546E+02 -1.2603E-01
  7.0000E+00  1.2000E+01  5.3868E+02  0.0000E+00  4.7129E+02  9.8479E-01  1.3414E+00  5.3868E+02  2.9848E+02  2.4020E+02  1.7338E+00
  7.0000E+00  1.3000E+01  6.6993E+02  0.0000E+00  6.1345E+02  6.8077E-01  1.1454E+00  6.6993E+02  3.8506E+02  2.8487E+02  1.5380E+00
  7.0000E+00  1.4000E+01  7.6253E+02  0.0000E+00  7.8638E+02 -2.3461E-01  3.5451E-01  7.6253E+02  4.8968E+02  2.7285E+02  4.6115E-01
  7.0000E+00  1.5000E+01  9.2372E+02  0.0000E+00  9.9440E+02 -5.6562E-01  1.6316E-01  9.2372E+02  6.1481E+02  3.0891E+02  1.5957E-01
  8.0000E+00  1.1000E+01  2.0116E+02  0.0000E+00  2.0512E+02 -8.5926E-02 -1.4447E-01  2.0116E+02  2.2767E+02 -2.6509E+01 -1.4586E-01
  8.0000E+00  1.2000E+01  3.1638E+02  0.0000E+00  2.6823E+02  9.5500E-01  8.8159E-01  3.1638E+02  2.9848E+02  1.7899E+01  8.2255E-01
  8.0000E+00  1.3000E+01  3.3824E+02  0.0000E+00  3.4525E+02 -1.2367E-01 -2.1262E-01  3.3824E+02  3.8506E+02 -4.6815E+01 -2.0476E-01
  8.0000E+00  1.4000E+01  4.1196E+02  0.0000E+00  4.3818E+02 -4.0207E-01 -5.0701E-01  4.1196E+02  4.8968E+02 -7.7718E+01 -4.6567E-01
  8.0000E+00  1.5000E+01  5.8667E+02  0.0000E+00  5.4917E+02  4.9161E-01  3.7010E-01  5.8667E+02  6.1481E+02 -2.8144E+01  3.1338E-01
  8.0000E+00  1.8000E+01  9.9188E+02  0.0000E+00  1.0143E+03 -1.7653E-01 -3.5564E-01  9.9188E+02  1.1406E+03 -1.4872E+02 -3.1712E-01
  8.0000E+00  1.9000E+01  1.2199E+03  0.0000E+00  1.2222E+03 -1.5240E-02 -2.1742E-01  1.2199E+03  1.3760E+03 -1.5611E+02 -2.0165E-01
  9.0000E+00  6.0000E+00  1.8567E+01  0.0000E+00  3.2420E+01 -3.5399E-01 -3.7867E-01  1.8567E+01  4.1907E+01 -2.3340E+01 -3.7630E-01
  9.0000E+00  7.0000E+00  7.3294E+01  0.0000E+00  4.7382E+01  6.5849E-01  6.2004E-01  7.3294E+01  6.2287E+01  1.1007E+01  6.1888E-01
  9.0000E+00  1.1000E+01  1.2682E+02  0.0000E+00  1.6547E+02 -8.8509E-01 -1.0367E+00  1.2682E+02  2.2767E+02 -1.0085E+02 -9.2513E-01
  9.0000E+00  1.2000E+01  2.2266E+02  0.0000E+00  2.1521E+02  1.5961E-01 -3.7856E-02  2.2266E+02  2.9848E+02 -7.5823E+01 -9.5285E-03
  9.0000E+00  1.3000E+01  2.4473E+02  0.0000E+00  2.7568E+02 -6.0712E-01 -8.5740E-01  2.4473E+02  3.8506E+02 -1.4033E+02 -6.8762E-01
  9.0000E+00  1.4000E+01  3.3363E+02  0.0000E+00  3.4839E+02 -2.5906E-01 -5.6847E-01  3.3363E+02  4.8968E+02 -1.5605E+02 -4.3063E-01
  9.0000E+00  1.5000E+01  3.6748E+02  0.0000E+00  4.3496E+02 -1.0396E+00 -1.4137E+00  3.6748E+02  6.1481E+02 -2.4734E+02 -1.0517E+00
  9.0000E+00  1.8000E+01  8.0578E+02  0.0000E+00  7.9578E+02  9.7398E-02 -4.9794E-01  8.0578E+02  1.1406E+03 -3.3482E+02 -3.7344E-01
  9.0000E+00  1.9000E+01  1.0300E+03  0.0000E+00  9.5633E+02  6.1089E-01 -6.5903E-02  1.0300E+03  1.3760E+03 -3.4598E+02 -9.4716E-02
  9.0000E+00  2.0000E+01  1.2728E+03  0.0000E+00  1.1406E+03  9.3341E-01  1.7179E-01  1.2728E+03  1.6470E+03 -3.7415E+02  4.5645E-02
  1.0000E+01  6.0000E+00  2.6880E+01  0.0000E+00  3.1237E+01 -1.1139E-01 -1.3183E-01  2.6880E+01  4.1907E+01 -1.5027E+01 -1.3647E-01
  1.0000E+01  1.1000E+01  1.4415E+02  0.0000E+00  1.5794E+02 -3.1867E-01 -4.4297E-01  1.4415E+02  2.2767E+02 -8.3523E+01 -4.0290E-01
  1.0000E+01  1.2000E+01  1.9340E+02  0.0000E+00  2.0517E+02 -2.5579E-01 -4.1731E-01  1.9340E+02  2.9848E+02 -1.0508E+02 -3.6091E-01
  1.0000E+01  1.3000E+01  2.8117E+02  0.0000E+00  2.6253E+02  3.7278E-01  1.6849E-01  2.8117E+02  3.8506E+02 -1.0388E+02  1.3216E-01
  1.0000E+01  1.4000E+01  2.9489E+02  0.0000E+00  3.3145E+02 -6.5862E-01 -9.1077E-01  2.9489E+02  4.8968E+02 -1.9479E+02 -7.0545E-01
  1.0000E+01  1.5000E+01  3.9188E+02  0.0000E+00  4.1346E+02 -3.4306E-01 -6.4774E-01  3.9188E+02  6.1481E+02 -2.2293E+02 -4.8590E-01
  1.0000E+01  1.8000E+01  7.4496E+02  0.0000E+00  7.5482E+02 -1.0045E-01 -5.8969E-01  7.4496E+02  1.1406E+03 -3.9565E+02 -4.3265E-01
  1.0000E+01  1.9000E+01  9.9033E+02  0.0000E+00  9.0657E+02  7.2814E-01  1.6799E-01  9.9033E+02  1.3760E+03 -3.8568E+02  4.3687E-02
  1.0000E+01  2.0000E+01  1.0853E+03  0.0000E+00  1.0807E+03  3.4507E-02 -6.0151E-01  1.0853E+03  1.6470E+03 -5.6166E+02 -4.5464E-01
  1.0000E+01  2.1000E+01  1.3312E+03  0.0000E+00  1.2793E+03  3.2923E-01 -3.8768E-01  1.3312E+03  1.9571E+03 -6.2586E+02 -3.3406E-01
  1.1000E+01  9.0000E+00  1.3992E+01  0.0000E+00  8.2178E+01 -1.6979E+00 -1.7425E+00  1.3992E+01  1.2505E+02 -1.1106E+02 -1.6781E+00
  1.1000E+01  1.0000E+01  2.3745E+01  0.0000E+00  1.1041E+02 -2.1080E+00 -2.1700E+00  2.3745E+01  1.7051E+02 -1.4677E+02 -2.0231E+00
  1.1000E+01  1.1000E+01  4.2285E+01  0.0000E+00  1.4554E+02 -2.4213E+00 -2.5053E+00  4.2285E+01  2.2767E+02 -1.8539E+02 -2.2302E+00
  1.1000E+01  1.4000E+01  3.0702E+02  0.0000E+00  3.0366E+02  6.3267E-02 -1.2060E-01  3.0702E+02  4.8968E+02 -1.8265E+02 -9.7945E-02
  1.1000E+01  1.5000E+01  4.3996E+02  0.0000E+00  3.7820E+02  1.0358E+00  8.0556E-01  4.3996E+02  6.1481E+02 -1.7485E+02  5.3091E-01
  1.1000E+01  1.6000E+01  5.4535E+02  0.0000E+00  4.6601E+02  1.1681E+00  8.8405E-01  5.4535E+02  7.6310E+02 -2.1775E+02  5.3665E-01
  1.1000E+01  1.7000E+01  6.0547E+02  0.0000E+00  5.6866E+02  4.7022E-01  1.2446E-01  6.0547E+02  9.3736E+02 -3.3189E+02  2.0515E-02
  1.1000E+01  1.8000E+01  7.4313E+02  0.0000E+00  6.8781E+02  6.0866E-01  1.9281E-01  7.4313E+02  1.1406E+03 -3.9747E+02  3.8675E-02
  1.1000E+01  2.1000E+01  9.6310E+02  0.0000E+00  1.1623E+03 -1.3818E+00 -2.0619E+00  9.6310E+02  1.9571E+03 -9.9395E+02 -1.3133E+00
  1.2000E+01  1.1000E+01  1.0937E+02  0.0000E+00  1.5266E+02 -1.0070E+00 -1.1007E+00  1.0937E+02  2.2767E+02 -1.1831E+02 -1.0095E+00
  1.2000E+01  1.4000E+01  3.9051E+02  0.0000E+00  3.1962E+02  1.3001E+00  1.1040E+00  3.9051E+02  4.8968E+02 -9.9168E+01  8.0008E-01
  1.2000E+01  1.5000E+01  4.3064E+02  0.0000E+00  3.9844E+02  5.2376E-01  2.8307E-01  4.3064E+02  6.1481E+02 -1.8417E+02  1.6576E-01
  1.2000E+01  1.6000E+01  4.1365E+02  0.0000E+00  4.9135E+02 -1.1035E+00 -1.3942E+00  4.1365E+02  7.6310E+02 -3.4945E+02 -9.8338E-01
  1.2000E+01  1.7000E+01  5.4487E+02  0.0000E+00  6.0004E+02 -6.7656E-01 -1.0229E+00  5.4487E+02  9.3736E+02 -3.9250E+02 -7.1613E-01
  1.2000E+01  1.8000E+01  7.4950E+02  0.0000E+00  7.2625E+02  2.4451E-01 -1.6346E-01  7.4950E+02  1.1406E+03 -3.9111E+02 -1.6677E-01
  1.2000E+01  2.1000E+01  1.3128E+03  0.0000E+00  1.2294E+03  5.4946E-01 -8.1177E-02  1.3128E+03  1.9571E+03 -6.4422E+02 -1.5635E-01
  1.2000E+01  2.2000E+01  1.4148E+03  0.0000E+00  1.4456E+03 -1.7406E-01 -8.9160E-01  1.4148E+03  2.3100E+03 -8.9525E+02 -6.5050E-01
  1.3000E+01  7.0000E+00  4.9278E+01  0.0000E+00  7.8898E+01 -7.3929E-01 -7.5138E-01  4.9278E+01  6.2287E+01 -1.3009E+01 -7.8324E-01
  1.3000E+01  8.0000E+00  7.6058E+01  0.0000E+00  1.1470E+02 -9.3604E-01 -9.5426E-01  7.6058E+01  8.9517E+01 -1.3458E+01 -1.0073E+00
  1.3000E+01  9.0000E+00  1.4878E+02  0.0000E+00  1.6180E+02 -2.9940E-01 -3.2553E-01  1.4878E+02  1.2505E+02  2.3728E+01 -3.7937E-01
  1.3000E+01  1.0000E+01  1.1859E+02  0.0000E+00  2.2246E+02 -2.2035E+00 -2.2390E+00  1.1859E+02  1.7051E+02 -5.1922E+01 -2.4429E+00
  1.3000E+01  1.1000E+01  2.0243E+02  0.0000E+00  2.9920E+02 -1.8311E+00 -1.8762E+00  2.0243E+02  2.2767E+02 -2.5246E+01 -2.1262E+00
  1.3000E+01  1.4000E+01  5.6855E+02  0.0000E+00  6.5450E+02 -9.8433E-01 -1.0326E+00  5.6855E+02  4.8968E+02  7.8871E+01 -1.2897E+00
  1.3000E+01  1.5000E+01  1.0068E+03  0.0000E+00  8.2543E+02  1.7110E+00  1.6808E+00  1.0068E+03  6.1481E+02  3.9194E+02  2.0078E+00
  1.3000E+01  1.6000E+01  1.0851E+03  0.0000E+00  1.0286E+03  4.3812E-01  4.3935E-01  1.0851E+03  7.6310E+02  3.2199E+02  5.0052E-01
  1.3000E+01  1.7000E+01  1.4921E+03  0.0000E+00  1.2681E+03  1.4321E+00  1.4790E+00  1.4921E+03  9.3736E+02  5.5470E+02  1.7986E+00
  1.4000E+01  1.1000E+01  6.9900E+01  0.0000E+00  1.3362E+02 -1.5141E+00 -1.6902E+00  6.9900E+01  2.2767E+02 -1.5777E+02 -1.4797E+00
  1.4000E+01  1.4000E+01  2.4218E+02  0.0000E+00  2.7707E+02 -6.8267E-01 -1.0524E+00  2.4218E+02  4.8968E+02 -2.4749E+02 -7.4492E-01
  1.4000E+01  1.5000E+01  3.7053E+02  0.0000E+00  3.4451E+02  4.5944E-01  5.5799E-03  3.7053E+02  6.1481E+02 -2.4428E+02 -1.6488E-02
  1.4000E+01  1.6000E+01  4.0819E+02  0.0000E+00  4.2387E+02 -2.4555E-01 -7.9281E-01  4.0819E+02  7.6310E+02 -3.5491E+02 -5.2536E-01
  1.4000E+01  1.7000E+01  5.2224E+02  0.0000E+00  5.1653E+02  7.8193E-02 -5.7151E-01  5.2224E+02  9.3736E+02 -4.1513E+02 -3.9585E-01
  1.4000E+01  1.8000E+01  6.1625E+02  0.0000E+00  6.2398E+02 -9.1929E-02 -8.5284E-01  6.1625E+02  1.1406E+03 -5.2435E+02 -5.6579E-01
  1.4000E+01  2.1000E+01  1.1427E+03  0.0000E+00  1.0511E+03  6.9687E-01 -4.4762E-01  1.1427E+03  1.9571E+03 -8.1436E+02 -4.1749E-01
  1.5000E+01  4.0000E+00  3.4157E+01  0.0000E+00  2.8794E+01  1.3719E-01  1.9838E-01  3.4157E+01  1.6646E+01  1.7511E+01  2.2058E-01
  1.5000E+01  7.0000E+00  1.5356E+02  0.0000E+00  1.2448E+02  6.9773E-01  1.0229E+00  1.5356E+02  6.2287E+01  9.1276E+01  1.2256E+00
  1.5000E+01  8.0000E+00  2.4071E+02  0.0000E+00  1.8468E+02  1.2520E+00  1.7482E+00  2.4071E+02  8.9517E+01  1.5120E+02  2.1561E+00
  1.5000E+01  9.0000E+00  2.7921E+02  0.0000E+00  2.6502E+02  2.8288E-01  1.0028E+00  2.7921E+02  1.2505E+02  1.5416E+02  1.4796E+00
  1.5000E+01  1.0000E+01  4.2300E+02  0.0000E+00  3.6975E+02  9.0449E-01  1.9018E+00  4.2300E+02  1.7051E+02  2.5249E+02  2.8174E+00
  1.5000E+01  1.1000E+01  4.2466E+02  0.0000E+00  5.0361E+02 -1.1020E+00  2.2307E-01  4.2466E+02  2.2767E+02  1.9699E+02  5.1792E-01
  1.6000E+01  7.0000E+00  6.7362E+01  0.0000E+00  7.8203E+01 -2.7072E-01 -2.8732E-01  6.7362E+01  6.2287E+01  5.0746E+00 -3.0640E-01
  1.6000E+01  8.0000E+00  7.3277E+01  0.0000E+00  1.1364E+02 -9.7878E-01 -1.0031E+00  7.3277E+01  8.9517E+01 -1.6240E+01 -1.0451E+00
  1.6000E+01  9.0000E+00  8.1923E+01  0.0000E+00  1.6025E+02 -1.8052E+00 -1.8383E+00  8.1923E+01  1.2505E+02 -4.3131E+01 -1.9365E+00
  1.6000E+01  1.0000E+01  1.4119E+02  0.0000E+00  2.2027E+02 -1.6827E+00 -1.7244E+00  1.4119E+02  1.7051E+02 -2.9320E+01 -1.8688E+00
  1.6000E+01  1.1000E+01  2.9142E+02  0.0000E+00  2.9617E+02 -9.0317E-02 -1.3798E-01  2.9142E+02  2.2767E+02  6.3742E+01 -1.8421E-01
  1.6000E+01  1.4000E+01  7.1939E+02  0.0000E+00  6.4747E+02  8.3079E-01  8.1008E-01  7.1939E+02  4.8968E+02  2.2971E+02  9.3433E-01
  1.6000E+01  1.5000E+01  8.9126E+02  0.0000E+00  8.1643E+02  7.1275E-01  7.2305E-01  8.9126E+02  6.1481E+02  2.7645E+02  8.4477E-01
  1.6000E+01  1.6000E+01  1.0261E+03  0.0000E+00  1.0173E+03  6.9248E-02  1.2311E-01  1.0261E+03  7.6310E+02  2.6302E+02  1.2069E-01
  1.6000E+01  1.7000E+01  1.3878E+03  0.0000E+00  1.2540E+03  8.6469E-01  9.7454E-01  1.3878E+03  9.3736E+02  4.5041E+02  1.1681E+00
  1.7000E+01  9.0000E+00  9.5995E+01  0.0000E+00  1.6257E+02 -1.5302E+00 -1.4619E+00  9.5995E+01  1.2505E+02 -2.9058E+01 -1.5198E+00
  1.7000E+01  1.0000E+01  2.6843E+02  0.0000E+00  2.2357E+02  9.5027E-01  1.0466E+00  2.6843E+02  1.7051E+02  9.7918E+01  1.1278E+00
  1.7000E+01  1.1000E+01  3.7577E+02  0.0000E+00  3.0072E+02  1.4169E+00  1.5486E+00  3.7577E+02  2.2767E+02  1.4810E+02  1.7232E+00
  1.7000E+01  1.4000E+01  6.3909E+02  0.0000E+00  6.5803E+02 -2.1602E-01  6.8523E-02  6.3909E+02  4.8968E+02  1.4941E+02  8.1522E-02
  1.7000E+01  1.5000E+01  9.2436E+02  0.0000E+00  8.2995E+02  8.8661E-01  1.2370E+00  9.2436E+02  6.1481E+02  3.0955E+02  1.5095E+00
  1.7000E+01  1.6000E+01  8.8997E+02  0.0000E+00  1.0344E+03 -1.1149E+00 -6.9187E-01  8.8997E+02  7.6310E+02  1.2688E+02 -8.7504E-01
  1.7000E+01  1.7000E+01  1.2785E+03  0.0000E+00  1.2753E+03  2.0787E-02  5.2284E-01  1.2785E+03  9.3736E+02  3.4118E+02  6.2702E-01
  1.8000E+01  9.0000E+00  7.0744E+01  0.0000E+00  1.0633E+02 -8.6878E-01 -9.4678E-01  7.0744E+01  1.2505E+02 -5.4309E+01 -9.0137E-01
  1.8000E+01  1.0000E+01  9.4620E+01  0.0000E+00  1.4418E+02 -1.1640E+00 -1.2725E+00  9.4620E+01  1.7051E+02 -7.5892E+01 -1.1937E+00
  1.8000E+01  1.1000E+01  1.1829E+02  0.0000E+00  1.9159E+02 -1.6230E+00 -1.7691E+00  1.1829E+02  2.2767E+02 -1.0939E+02 -1.6283E+00
  1.8000E+01  1.4000E+01  3.2642E+02  0.0000E+00  4.0744E+02 -1.3002E+00 -1.6006E+00  3.2642E+02  4.8968E+02 -1.6326E+02 -1.3331E+00
  1.8000E+01  1.5000E+01  4.7725E+02  0.0000E+00  5.1003E+02 -4.5350E-01 -8.1561E-01  4.7725E+02  6.1481E+02 -1.3756E+02 -6.4770E-01
  1.8000E+01  1.6000E+01  6.1731E+02  0.0000E+00  6.3134E+02 -1.6538E-01 -5.9185E-01  6.1731E+02  7.6310E+02 -1.4579E+02 -4.5950E-01
  1.8000E+01  1.7000E+01  8.4731E+02  0.0000E+00  7.7362E+02  7.3513E-01  2.4301E-01  8.4731E+02  9.3736E+02 -9.0048E+01  2.0479E-01
  1.8000E+01  1.8000E+01  1.1687E+03  0.0000E+00  9.3926E+02  1.9322E+00  1.3741E+00  1.1687E+03  1.1406E+03  2.8048E+01  1.0802E+00
  1.9000E+01  9.0000E+00  1.0573E+02  0.0000E+00  1.3774E+02 -7.5725E-01 -7.5689E-01  1.0573E+02  1.2505E+02 -1.9327E+01 -7.6733E-01
  1.9000E+01  1.0000E+01  1.9345E+02  0.0000E+00  1.8841E+02  1.1209E-01  1.1449E-01  1.9345E+02  1.7051E+02  2.2935E+01  1.1601E-01
  1.9000E+01  1.1000E+01  2.4754E+02  0.0000E+00  2.5227E+02 -9.6046E-02 -8.9304E-02  2.4754E+02  2.2767E+02  1.9863E+01 -9.2719E-02
  1.9000E+01  1.4000E+01  6.6064E+02  0.0000E+00  5.4610E+02  1.5081E+00  1.5502E+00  6.6064E+02  4.8968E+02  1.7097E+02  1.6208E+00
  1.9000E+01  1.5000E+01  6.7733E+02  0.0000E+00  6.8683E+02 -1.0464E-01 -4.2586E-02  6.7733E+02  6.1481E+02  6.2519E+01 -4.4050E-02
  1.9000E+01  1.6000E+01  8.4411E+02  0.0000E+00  8.5381E+02 -8.8859E-02 -3.2629E-03  8.4411E+02  7.6310E+02  8.1010E+01 -2.4173E-03
  1.9000E+01  1.7000E+01  1.0202E+03  0.0000E+00  1.0503E+03 -2.2846E-01 -1.1622E-01  1.0202E+03  9.3736E+02  8.2890E+01 -1.2001E-01
  1.9000E+01  1.8000E+01  1.2579E+03  0.0000E+00  1.2796E+03 -1.3741E-01  4.1313E-03  1.2579E+03  1.1406E+03  1.1733E+02  5.9716E-03
  2.0000E+01  7.0000E+00  6.8877E+01  0.0000E+00  8.4548E+01 -3.8954E-01 -3.0147E-01  6.8877E+01  6.2287E+01  6.5904E+00 -2.9810E-01
  2.0000E+01  8.0000E+00  1.1392E+02  0.0000E+00  1.2331E+02 -2.2559E-01 -9.3323E-02  1.1392E+02  8.9517E+01  2.4401E+01 -8.2175E-02
  2.0000E+01  9.0000E+00  1.3339E+02  0.0000E+00  1.7442E+02 -9.2921E-01 -7.4034E-01  1.3339E+02  1.2505E+02  8.3328E+00 -7.6189E-01
  2.0000E+01  1.0000E+01  2.1320E+02  0.0000E+00  2.4038E+02 -5.6185E-01 -3.0452E-01  2.1320E+02  1.7051E+02  4.2688E+01 -3.0653E-01
  2.0000E+01  1.1000E+01  4.5050E+02  0.0000E+00  3.2395E+02  2.3055E+00  2.6414E+00  4.5050E+02  2.2767E+02  2.2283E+02  3.0630E+00
  2.0000E+01  1.4000E+01  8.4285E+02  0.0000E+00  7.1200E+02  1.3993E+00  2.0113E+00  8.4285E+02  4.8968E+02  3.5318E+02  2.5982E+00
  2.0000E+01  1.5000E+01  1.0696E+03  0.0000E+00  8.9906E+02  1.4936E+00  2.2070E+00  1.0696E+03  6.1481E+02  4.5482E+02  2.8973E+00
  2.0000E+01  1.6000E+01  1.0833E+03  0.0000E+00  1.1217E+03 -2.7460E-01  5.4361E-01  1.0833E+03  7.6310E+02  3.2025E+02  7.0120E-01
  2.0000E+01  1.7000E+01  1.1068E+03  0.0000E+00  1.3842E+03 -1.6339E+00 -7.0795E-01  1.1068E+03  9.3736E+02  1.6940E+02 -1.0025E+00
  2.0000E+01  1.8000E+01  1.2896E+03  0.0000E+00  1.6915E+03 -1.9537E+00 -9.1768E-01  1.2896E+03  1.1406E+03  1.4900E+02 -1.3186E+00
