TABLE NO.  2
 ID          CL          V           ETA1        ETA2
  1.0000E+00  6.1788E-03  1.3351E+00 -7.4941E-02 -5.8724E-02
  1.0000E+00  6.1788E-03  1.3351E+00 -7.4941E-02 -5.8724E-02
  1.0000E+00  6.1788E-03  1.3351E+00 -7.4941E-02 -5.8724E-02
  1.0000E+00  6.1788E-03  1.3351E+00 -7.4941E-02 -5.8724E-02
  1.0000E+00  6.1788E-03  1.3351E+00 -7.4941E-02 -5.8724E-02
  1.0000E+00  6.1788E-03  1.3351E+00 -7.4941E-02 -5.8724E-02
  1.0000E+00  6.1788E-03  1.3351E+00 -7.4941E-02 -5.8724E-02
  1.0000E+00  6.1788E-03  1.3351E+00 -7.4941E-02 -5.8724E-02
  1.0000E+00  6.1788E-03  1.3351E+00 -7.4941E-02 -5.8724E-02
  1.0000E+00  6.1788E-03  1.3351E+00 -7.4941E-02 -5.8724E-02
  1.0000E+00  6.1788E-03  1.3351E+00 -7.4941E-02 -5.8724E-02
  1.0000E+00  6.1788E-03  1.3351E+00 -7.4941E-02 -5.8724E-02
  1.0000E+00  6.1788E-03  1.3351E+00 -7.4941E-02 -5.8724E-02
  2.0000E+00  5.3752E-03  1.1970E+00 -2.1427E-01 -1.6791E-01
  2.0000E+00  5.3752E-03  1.1970E+00 -2.1427E-01 -1.6791E-01
  2.0000E+00  5.3752E-03  1.1970E+00 -2.1427E-01 -1.6791E-01
  2.0000E+00  5.3752E-03  1.1970E+00 -2.1427E-01 -1.6791E-01
  2.0000E+00  5.3752E-03  1.1970E+00 -2.1427E-01 -1.6791E-01
  2.0000E+00  5.3752E-03  1.1970E+00 -2.1427E-01 -1.6791E-01
  2.0000E+00  5.3752E-03  1.1970E+00 -2.1427E-01 -1.6791E-01
  2.0000E+00  5.3752E-03  1.1970E+00 -2.1427E-01 -1.6791E-01
  2.0000E+00  5.3752E-03  1.1970E+00 -2.1427E-01 -1.6791E-01
  2.0000E+00  5.3752E-03  1.1970E+00 -2.1427E-01 -1.6791E-01
  2.0000E+00  5.3752E-03  1.1970E+00 -2.1427E-01 -1.6791E-01
  2.0000E+00  5.3752E-03  1.1970E+00 -2.1427E-01 -1.6791E-01
  2.0000E+00  5.3752E-03  1.1970E+00 -2.1427E-01 -1.6791E-01
  2.0000E+00  5.3752E-03  1.1970E+00 -2.1427E-01 -1.6791E-01
  2.0000E+00  5.3752E-03  1.1970E+00 -2.1427E-01 -1.6791E-01
  2.0000E+00  5.3752E-03  1.1970E+00 -2.1427E-01 -1.6791E-01
  3.0000E+00  8.5488E-03  1.7219E+00  2.4974E-01  1.9571E-01
  3.0000E+00  8.5488E-03  1.7219E+00  2.4974E-01  1.9571E-01
  3.0000E+00  8.5488E-03  1.7219E+00  2.4974E-01  1.9571E-01
  3.0000E+00  8.5488E-03  1.7219E+00  2.4974E-01  1.9571E-01
  3.0000E+00  8.5488E-03  1.7219E+00  2.4974E-01  1.9571E-01
  3.0000E+00  8.5488E-03  1.7219E+00  2.4974E-01  1.9571E-01
  3.0000E+00  8.5488E-03  1.7219E+00  2.4974E-01  1.9571E-01
  3.0000E+00  8.5488E-03  1.7219E+00  2.4974E-01  1.9571E-01
  3.0000E+00  8.5488E-03  1.7219E+00  2.4974E-01  1.9571E-01
  3.0000E+00  8.5488E-03  1.7219E+00  2.4974E-01  1.9571E-01
  3.0000E+00  8.5488E-03  1.7219E+00  2.4974E-01  1.9571E-01
  3.0000E+00  8.5488E-03  1.7219E+00  2.4974E-01  1.9571E-01
  3.0000E+00  8.5488E-03  1.7219E+00  2.4974E-01  1.9571E-01
  3.0000E+00  8.5488E-03  1.7219E+00  2.4974E-01  1.9571E-01
  3.0000E+00  8.5488E-03  1.7219E+00  2.4974E-01  1.9571E-01
  3.0000E+00  8.5488E-03  1.7219E+00  2.4974E-01  1.9571E-01
  4.0000E+00  3.8635E-03  9.2403E-01 -5.4449E-01 -4.2671E-01
  4.0000E+00  3.8635E-03  9.2403E-01 -5.4449E-01 -4.2671E-01
  4.0000E+00  3.8635E-03  9.2403E-01 -5.4449E-01 -4.2671E-01
  4.0000E+00  3.8635E-03  9.2403E-01 -5.4449E-01 -4.2671E-01
  4.0000E+00  3.8635E-03  9.2403E-01 -5.4449E-01 -4.2671E-01
  4.0000E+00  3.8635E-03  9.2403E-01 -5.4449E-01 -4.2671E-01
  4.0000E+00  3.8635E-03  9.2403E-01 -5.4449E-01 -4.2671E-01
  4.0000E+00  3.8635E-03  9.2403E-01 -5.4449E-01 -4.2671E-01
  4.0000E+00  3.8635E-03  9.2403E-01 -5.4449E-01 -4.2671E-01
  4.0000E+00  3.8635E-03  9.2403E-01 -5.4449E-01 -4.2671E-01
  4.0000E+00  3.8635E-03  9.2403E-01 -5.4449E-01 -4.2671E-01
  4.0000E+00  3.8635E-03  9.2403E-01 -5.4449E-01 -4.2671E-01
  4.0000E+00  3.8635E-03  9.2403E-01 -5.4449E-01 -4.2671E-01
  4.0000E+00  3.8635E-03  9.2403E-01 -5.4449E-01 -4.2671E-01
  4.0000E+00  3.8635E-03  9.2403E-01 -5.4449E-01 -4.2671E-01
  5.0000E+00  9.2372E-03  1.8296E+00  3.2718E-01  2.5641E-01
  5.0000E+00  9.2372E-03  1.8296E+00  3.2718E-01  2.5641E-01
  5.0000E+00  9.2372E-03  1.8296E+00  3.2718E-01  2.5641E-01
  5.0000E+00  9.2372E-03  1.8296E+00  3.2718E-01  2.5641E-01
  5.0000E+00  9.2372E-03  1.8296E+00  3.2718E-01  2.5641E-01
  5.0000E+00  9.2372E-03  1.8296E+00  3.2718E-01  2.5641E-01
  5.0000E+00  9.2372E-03  1.8296E+00  3.2718E-01  2.5641E-01
  5.0000E+00  9.2372E-03  1.8296E+00  3.2718E-01  2.5641E-01
  5.0000E+00  9.2372E-03  1.8296E+00  3.2718E-01  2.5641E-01
  5.0000E+00  9.2372E-03  1.8296E+00  3.2718E-01  2.5641E-01
  5.0000E+00  9.2372E-03  1.8296E+00  3.2718E-01  2.5641E-01
  5.0000E+00  9.2372E-03  1.8296E+00  3.2718E-01  2.5641E-01
  5.0000E+00  9.2372E-03  1.8296E+00  3.2718E-01  2.5641E-01
  5.0000E+00  9.2372E-03  1.8296E+00  3.2718E-01  2.5641E-01
  5.0000E+00  9.2372E-03  1.8296E+00  3.2718E-01  2.5641E-01
  6.0000E+00  5.8878E-03  1.2856E+00 -1.2317E-01 -9.6514E-02
  6.0000E+00  5.8878E-03  1.2856E+00 -1.2317E-01 -9.6514E-02
  6.0000E+00  5.8878E-03  1.2856E+00 -1.2317E-01 -9.6514E-02
  6.0000E+00  5.8878E-03  1.2856E+00 -1.2317E-01 -9.6514E-02
  6.0000E+00  5.8878E-03  1.2856E+00 -1.2317E-01 -9.6514E-02
  6.0000E+00  5.8878E-03  1.2856E+00 -1.2317E-01 -9.6514E-02
  6.0000E+00  5.8878E-03  1.2856E+00 -1.2317E-01 -9.6514E-02
  6.0000E+00  5.8878E-03  1.2856E+00 -1.2317E-01 -9.6514E-02
  6.0000E+00  5.8878E-03  1.2856E+00 -1.2317E-01 -9.6514E-02
  6.0000E+00  5.8878E-03  1.2856E+00 -1.2317E-01 -9.6514E-02
  6.0000E+00  5.8878E-03  1.2856E+00 -1.2317E-01 -9.6514E-02
  6.0000E+00  5.8878E-03  1.2856E+00 -1.2317E-01 -9.6514E-02
  6.0000E+00  5.8878E-03  1.2856E+00 -1.2317E-01 -9.6514E-02
  6.0000E+00  5.8878E-03  1.2856E+00 -1.2317E-01 -9.6514E-02
  6.0000E+00  5.8878E-03  1.2856E+00 -1.2317E-01 -9.6514E-02
  6.0000E+00  5.8878E-03  1.2856E+00 -1.2317E-01 -9.6514E-02
  7.0000E+00  4.7687E-03  1.0898E+00 -3.3398E-01 -2.6174E-01
  7.0000E+00  4.7687E-03  1.0898E+00 -3.3398E-01 -2.6174E-01
  7.0000E+00  4.7687E-03  1.0898E+00 -3.3398E-01 -2.6174E-01
  7.0000E+00  4.7687E-03  1.0898E+00 -3.3398E-01 -2.6174E-01
  7.0000E+00  4.7687E-03  1.0898E+00 -3.3398E-01 -2.6174E-01
  7.0000E+00  4.7687E-03  1.0898E+00 -3.3398E-01 -2.6174E-01
  7.0000E+00  4.7687E-03  1.0898E+00 -3.3398E-01 -2.6174E-01
  7.0000E+00  4.7687E-03  1.0898E+00 -3.3398E-01 -2.6174E-01
  7.0000E+00  4.7687E-03  1.0898E+00 -3.3398E-01 -2.6174E-01
  7.0000E+00  4.7687E-03  1.0898E+00 -3.3398E-01 -2.6174E-01
  7.0000E+00  4.7687E-03  1.0898E+00 -3.3398E-01 -2.6174E-01
  7.0000E+00  4.7687E-03  1.0898E+00 -3.3398E-01 -2.6174E-01
  7.0000E+00  4.7687E-03  1.0898E+00 -3.3398E-01 -2.6174E-01
  7.0000E+00  4.7687E-03  1.0898E+00 -3.3398E-01 -2.6174E-01
  7.0000E+00  4.7687E-03  1.0898E+00 -3.3398E-01 -2.6174E-01
  7.0000E+00  4.7687E-03  1.0898E+00 -3.3398E-01 -2.6174E-01
  7.0000E+00  4.7687E-03  1.0898E+00 -3.3398E-01 -2.6174E-01
  8.0000E+00  4.4013E-03  1.0234E+00 -4.1415E-01 -3.2459E-01
  8.0000E+00  4.4013E-03  1.0234E+00 -4.1415E-01 -3.2459E-01
  8.0000E+00  4.4013E-03  1.0234E+00 -4.1415E-01 -3.2459E-01
  8.0000E+00  4.4013E-03  1.0234E+00 -4.1415E-01 -3.2459E-01
  8.0000E+00  4.4013E-03  1.0234E+00 -4.1415E-01 -3.2459E-01
  8.0000E+00  4.4013E-03  1.0234E+00 -4.1415E-01 -3.2459E-01
  8.0000E+00  4.4013E-03  1.0234E+00 -4.1415E-01 -3.2459E-01
  8.0000E+00  4.4013E-03  1.0234E+00 -4.1415E-01 -3.2459E-01
  8.0000E+00  4.4013E-03  1.0234E+00 -4.1415E-01 -3.2459E-01
  8.0000E+00  4.4013E-03  1.0234E+00 -4.1415E-01 -3.2459E-01
  8.0000E+00  4.4013E-03  1.0234E+00 -4.1415E-01 -3.2459E-01
  8.0000E+00  4.4013E-03  1.0234E+00 -4.1415E-01 -3.2459E-01
  8.0000E+00  4.4013E-03  1.0234E+00 -4.1415E-01 -3.2459E-01
  8.0000E+00  4.4013E-03  1.0234E+00 -4.1415E-01 -3.2459E-01
  8.0000E+00  4.4013E-03  1.0234E+00 -4.1415E-01 -3.2459E-01
  8.0000E+00  4.4013E-03  1.0234E+00 -4.1415E-01 -3.2459E-01
  8.0000E+00  4.4013E-03  1.0234E+00 -4.1415E-01 -3.2459E-01
  9.0000E+00  5.2189E-03  1.1696E+00 -2.4378E-01 -1.9102E-01
  9.0000E+00  5.2189E-03  1.1696E+00 -2.4378E-01 -1.9102E-01
  9.0000E+00  5.2189E-03  1.1696E+00 -2.4378E-01 -1.9102E-01
  9.0000E+00  5.2189E-03  1.1696E+00 -2.4378E-01 -1.9102E-01
  9.0000E+00  5.2189E-03  1.1696E+00 -2.4378E-01 -1.9102E-01
  9.0000E+00  5.2189E-03  1.1696E+00 -2.4378E-01 -1.9102E-01
  9.0000E+00  5.2189E-03  1.1696E+00 -2.4378E-01 -1.9102E-01
  9.0000E+00  5.2189E-03  1.1696E+00 -2.4378E-01 -1.9102E-01
  9.0000E+00  5.2189E-03  1.1696E+00 -2.4378E-01 -1.9102E-01
  9.0000E+00  5.2189E-03  1.1696E+00 -2.4378E-01 -1.9102E-01
  9.0000E+00  5.2189E-03  1.1696E+00 -2.4378E-01 -1.9102E-01
  9.0000E+00  5.2189E-03  1.1696E+00 -2.4378E-01 -1.9102E-01
  9.0000E+00  5.2189E-03  1.1696E+00 -2.4378E-01 -1.9102E-01
  9.0000E+00  5.2189E-03  1.1696E+00 -2.4378E-01 -1.9102E-01
  9.0000E+00  5.2189E-03  1.1696E+00 -2.4378E-01 -1.9102E-01
  9.0000E+00  5.2189E-03  1.1696E+00 -2.4378E-01 -1.9102E-01
  9.0000E+00  5.2189E-03  1.1696E+00 -2.4378E-01 -1.9102E-01
  9.0000E+00  5.2189E-03  1.1696E+00 -2.4378E-01 -1.9102E-01
  1.0000E+01  6.5258E-03  1.3935E+00 -2.0297E-02 -1.5907E-02
  1.0000E+01  6.5258E-03  1.3935E+00 -2.0297E-02 -1.5907E-02
  1.0000E+01  6.5258E-03  1.3935E+00 -2.0297E-02 -1.5907E-02
  1.0000E+01  6.5258E-03  1.3935E+00 -2.0297E-02 -1.5907E-02
  1.0000E+01  6.5258E-03  1.3935E+00 -2.0297E-02 -1.5907E-02
  1.0000E+01  6.5258E-03  1.3935E+00 -2.0297E-02 -1.5907E-02
  1.0000E+01  6.5258E-03  1.3935E+00 -2.0297E-02 -1.5907E-02
  1.0000E+01  6.5258E-03  1.3935E+00 -2.0297E-02 -1.5907E-02
  1.0000E+01  6.5258E-03  1.3935E+00 -2.0297E-02 -1.5907E-02
  1.0000E+01  6.5258E-03  1.3935E+00 -2.0297E-02 -1.5907E-02
  1.0000E+01  6.5258E-03  1.3935E+00 -2.0297E-02 -1.5907E-02
  1.0000E+01  6.5258E-03  1.3935E+00 -2.0297E-02 -1.5907E-02
  1.0000E+01  6.5258E-03  1.3935E+00 -2.0297E-02 -1.5907E-02
  1.0000E+01  6.5258E-03  1.3935E+00 -2.0297E-02 -1.5907E-02
  1.0000E+01  6.5258E-03  1.3935E+00 -2.0297E-02 -1.5907E-02
  1.0000E+01  6.5258E-03  1.3935E+00 -2.0297E-02 -1.5907E-02
  1.1000E+01  9.1992E-03  1.8237E+00  3.2306E-01  2.5318E-01
  1.1000E+01  9.1992E-03  1.8237E+00  3.2306E-01  2.5318E-01
  1.1000E+01  9.1992E-03  1.8237E+00  3.2306E-01  2.5318E-01
  1.1000E+01  9.1992E-03  1.8237E+00  3.2306E-01  2.5318E-01
  1.1000E+01  9.1992E-03  1.8237E+00  3.2306E-01  2.5318E-01
  1.1000E+01  9.1992E-03  1.8237E+00  3.2306E-01  2.5318E-01
  1.1000E+01  9.1992E-03  1.8237E+00  3.2306E-01  2.5318E-01
  1.2000E+01  5.9875E-03  1.3026E+00 -1.0639E-01 -8.3359E-02
  1.2000E+01  5.9875E-03  1.3026E+00 -1.0639E-01 -8.3359E-02
  1.2000E+01  5.9875E-03  1.3026E+00 -1.0639E-01 -8.3359E-02
  1.2000E+01  5.9875E-03  1.3026E+00 -1.0639E-01 -8.3359E-02
  1.2000E+01  5.9875E-03  1.3026E+00 -1.0639E-01 -8.3359E-02
  1.2000E+01  5.9875E-03  1.3026E+00 -1.0639E-01 -8.3359E-02
  1.2000E+01  5.9875E-03  1.3026E+00 -1.0639E-01 -8.3359E-02
  1.2000E+01  5.9875E-03  1.3026E+00 -1.0639E-01 -8.3359E-02
  1.2000E+01  5.9875E-03  1.3026E+00 -1.0639E-01 -8.3359E-02
  1.2000E+01  5.9875E-03  1.3026E+00 -1.0639E-01 -8.3359E-02
  1.2000E+01  5.9875E-03  1.3026E+00 -1.0639E-01 -8.3359E-02
  1.2000E+01  5.9875E-03  1.3026E+00 -1.0639E-01 -8.3359E-02
  1.2000E+01  5.9875E-03  1.3026E+00 -1.0639E-01 -8.3359E-02
  1.2000E+01  5.9875E-03  1.3026E+00 -1.0639E-01 -8.3359E-02
  1.2000E+01  5.9875E-03  1.3026E+00 -1.0639E-01 -8.3359E-02
  1.2000E+01  5.9875E-03  1.3026E+00 -1.0639E-01 -8.3359E-02
  1.2000E+01  5.9875E-03  1.3026E+00 -1.0639E-01 -8.3359E-02
  1.3000E+01  3.9577E-03  9.4165E-01 -5.2039E-01 -4.0783E-01
  1.3000E+01  3.9577E-03  9.4165E-01 -5.2039E-01 -4.0783E-01
  1.3000E+01  3.9577E-03  9.4165E-01 -5.2039E-01 -4.0783E-01
  1.3000E+01  3.9577E-03  9.4165E-01 -5.2039E-01 -4.0783E-01
  1.3000E+01  3.9577E-03  9.4165E-01 -5.2039E-01 -4.0783E-01
  1.3000E+01  3.9577E-03  9.4165E-01 -5.2039E-01 -4.0783E-01
  1.3000E+01  3.9577E-03  9.4165E-01 -5.2039E-01 -4.0783E-01
  1.3000E+01  3.9577E-03  9.4165E-01 -5.2039E-01 -4.0783E-01
  1.3000E+01  3.9577E-03  9.4165E-01 -5.2039E-01 -4.0783E-01
  1.3000E+01  3.9577E-03  9.4165E-01 -5.2039E-01 -4.0783E-01
  1.3000E+01  3.9577E-03  9.4165E-01 -5.2039E-01 -4.0783E-01
  1.3000E+01  3.9577E-03  9.4165E-01 -5.2039E-01 -4.0783E-01
  1.3000E+01  3.9577E-03  9.4165E-01 -5.2039E-01 -4.0783E-01
  1.3000E+01  3.9577E-03  9.4165E-01 -5.2039E-01 -4.0783E-01
  1.3000E+01  3.9577E-03  9.4165E-01 -5.2039E-01 -4.0783E-01
  1.3000E+01  3.9577E-03  9.4165E-01 -5.2039E-01 -4.0783E-01
  1.3000E+01  3.9577E-03  9.4165E-01 -5.2039E-01 -4.0783E-01
  1.4000E+01  4.9523E-03  1.1224E+00 -2.9621E-01 -2.3220E-01
  1.4000E+01  4.9523E-03  1.1224E+00 -2.9621E-01 -2.3220E-01
  1.4000E+01  4.9523E-03  1.1224E+00 -2.9621E-01 -2.3220E-01
  1.4000E+01  4.9523E-03  1.1224E+00 -2.9621E-01 -2.3220E-01
  1.4000E+01  4.9523E-03  1.1224E+00 -2.9621E-01 -2.3220E-01
  1.4000E+01  4.9523E-03  1.1224E+00 -2.9621E-01 -2.3220E-01
  1.4000E+01  4.9523E-03  1.1224E+00 -2.9621E-01 -2.3220E-01
  1.4000E+01  4.9523E-03  1.1224E+00 -2.9621E-01 -2.3220E-01
  1.4000E+01  4.9523E-03  1.1224E+00 -2.9621E-01 -2.3220E-01
  1.4000E+01  4.9523E-03  1.1224E+00 -2.9621E-01 -2.3220E-01
  1.4000E+01  4.9523E-03  1.1224E+00 -2.9621E-01 -2.3220E-01
  1.4000E+01  4.9523E-03  1.1224E+00 -2.9621E-01 -2.3220E-01
  1.4000E+01  4.9523E-03  1.1224E+00 -2.9621E-01 -2.3220E-01
  1.4000E+01  4.9523E-03  1.1224E+00 -2.9621E-01 -2.3220E-01
  1.4000E+01  4.9523E-03  1.1224E+00 -2.9621E-01 -2.3220E-01
  1.4000E+01  4.9523E-03  1.1224E+00 -2.9621E-01 -2.3220E-01
  1.4000E+01  4.9523E-03  1.1224E+00 -2.9621E-01 -2.3220E-01
  1.4000E+01  4.9523E-03  1.1224E+00 -2.9621E-01 -2.3220E-01
  1.5000E+01  6.3988E-03  1.3722E+00 -3.9954E-02 -3.1310E-02
  1.5000E+01  6.3988E-03  1.3722E+00 -3.9954E-02 -3.1310E-02
  1.5000E+01  6.3988E-03  1.3722E+00 -3.9954E-02 -3.1310E-02
  1.5000E+01  6.3988E-03  1.3722E+00 -3.9954E-02 -3.1310E-02
  1.5000E+01  6.3988E-03  1.3722E+00 -3.9954E-02 -3.1310E-02
  1.5000E+01  6.3988E-03  1.3722E+00 -3.9954E-02 -3.1310E-02
  1.5000E+01  6.3988E-03  1.3722E+00 -3.9954E-02 -3.1310E-02
  1.5000E+01  6.3988E-03  1.3722E+00 -3.9954E-02 -3.1310E-02
  1.5000E+01  6.3988E-03  1.3722E+00 -3.9954E-02 -3.1310E-02
  1.5000E+01  6.3988E-03  1.3722E+00 -3.9954E-02 -3.1310E-02
  1.5000E+01  6.3988E-03  1.3722E+00 -3.9954E-02 -3.1310E-02
  1.5000E+01  6.3988E-03  1.3722E+00 -3.9954E-02 -3.1310E-02
  1.5000E+01  6.3988E-03  1.3722E+00 -3.9954E-02 -3.1310E-02
  1.5000E+01  6.3988E-03  1.3722E+00 -3.9954E-02 -3.1310E-02
  1.5000E+01  6.3988E-03  1.3722E+00 -3.9954E-02 -3.1310E-02
  1.6000E+01  5.1341E-03  1.1547E+00 -2.6015E-01 -2.0386E-01
  1.6000E+01  5.1341E-03  1.1547E+00 -2.6015E-01 -2.0386E-01
  1.6000E+01  5.1341E-03  1.1547E+00 -2.6015E-01 -2.0386E-01
  1.6000E+01  5.1341E-03  1.1547E+00 -2.6015E-01 -2.0386E-01
  1.6000E+01  5.1341E-03  1.1547E+00 -2.6015E-01 -2.0386E-01
  1.6000E+01  5.1341E-03  1.1547E+00 -2.6015E-01 -2.0386E-01
  1.6000E+01  5.1341E-03  1.1547E+00 -2.6015E-01 -2.0386E-01
  1.6000E+01  5.1341E-03  1.1547E+00 -2.6015E-01 -2.0386E-01
  1.6000E+01  5.1341E-03  1.1547E+00 -2.6015E-01 -2.0386E-01
  1.6000E+01  5.1341E-03  1.1547E+00 -2.6015E-01 -2.0386E-01
  1.6000E+01  5.1341E-03  1.1547E+00 -2.6015E-01 -2.0386E-01
  1.6000E+01  5.1341E-03  1.1547E+00 -2.6015E-01 -2.0386E-01
  1.6000E+01  5.1341E-03  1.1547E+00 -2.6015E-01 -2.0386E-01
  1.6000E+01  5.1341E-03  1.1547E+00 -2.6015E-01 -2.0386E-01
  1.6000E+01  5.1341E-03  1.1547E+00 -2.6015E-01 -2.0386E-01
  1.6000E+01  5.1341E-03  1.1547E+00 -2.6015E-01 -2.0386E-01
  1.6000E+01  5.1341E-03  1.1547E+00 -2.6015E-01 -2.0386E-01
  1.6000E+01  5.1341E-03  1.1547E+00 -2.6015E-01 -2.0386E-01
  1.6000E+01  5.1341E-03  1.1547E+00 -2.6015E-01 -2.0386E-01
  1.7000E+01  4.5173E-03  1.0445E+00 -3.8814E-01 -3.0417E-01
  1.7000E+01  4.5173E-03  1.0445E+00 -3.8814E-01 -3.0417E-01
  1.7000E+01  4.5173E-03  1.0445E+00 -3.8814E-01 -3.0417E-01
  1.7000E+01  4.5173E-03  1.0445E+00 -3.8814E-01 -3.0417E-01
  1.7000E+01  4.5173E-03  1.0445E+00 -3.8814E-01 -3.0417E-01
  1.7000E+01  4.5173E-03  1.0445E+00 -3.8814E-01 -3.0417E-01
  1.7000E+01  4.5173E-03  1.0445E+00 -3.8814E-01 -3.0417E-01
  1.7000E+01  4.5173E-03  1.0445E+00 -3.8814E-01 -3.0417E-01
  1.7000E+01  4.5173E-03  1.0445E+00 -3.8814E-01 -3.0417E-01
  1.7000E+01  4.5173E-03  1.0445E+00 -3.8814E-01 -3.0417E-01
  1.7000E+01  4.5173E-03  1.0445E+00 -3.8814E-01 -3.0417E-01
  1.7000E+01  4.5173E-03  1.0445E+00 -3.8814E-01 -3.0417E-01
  1.7000E+01  4.5173E-03  1.0445E+00 -3.8814E-01 -3.0417E-01
  1.7000E+01  4.5173E-03  1.0445E+00 -3.8814E-01 -3.0417E-01
  1.7000E+01  4.5173E-03  1.0445E+00 -3.8814E-01 -3.0417E-01
  1.7000E+01  4.5173E-03  1.0445E+00 -3.8814E-01 -3.0417E-01
  1.7000E+01  4.5173E-03  1.0445E+00 -3.8814E-01 -3.0417E-01
  1.8000E+01  6.2762E-03  1.3515E+00 -5.9290E-02 -4.6523E-02
  1.8000E+01  6.2762E-03  1.3515E+00 -5.9290E-02 -4.6523E-02
  1.8000E+01  6.2762E-03  1.3515E+00 -5.9290E-02 -4.6523E-02
  1.8000E+01  6.2762E-03  1.3515E+00 -5.9290E-02 -4.6523E-02
  1.8000E+01  6.2762E-03  1.3515E+00 -5.9290E-02 -4.6523E-02
  1.8000E+01  6.2762E-03  1.3515E+00 -5.9290E-02 -4.6523E-02
  1.8000E+01  6.2762E-03  1.3515E+00 -5.9290E-02 -4.6523E-02
  1.8000E+01  6.2762E-03  1.3515E+00 -5.9290E-02 -4.6523E-02
  1.8000E+01  6.2762E-03  1.3515E+00 -5.9290E-02 -4.6523E-02
  1.8000E+01  6.2762E-03  1.3515E+00 -5.9290E-02 -4.6523E-02
  1.8000E+01  6.2762E-03  1.3515E+00 -5.9290E-02 -4.6523E-02
  1.8000E+01  6.2762E-03  1.3515E+00 -5.9290E-02 -4.6523E-02
  1.8000E+01  6.2762E-03  1.3515E+00 -5.9290E-02 -4.6523E-02
  1.8000E+01  6.2762E-03  1.3515E+00 -5.9290E-02 -4.6523E-02
  1.8000E+01  6.2762E-03  1.3515E+00 -5.9290E-02 -4.6523E-02
  1.8000E+01  6.2762E-03  1.3515E+00 -5.9290E-02 -4.6523E-02
  1.8000E+01  6.2762E-03  1.3515E+00 -5.9290E-02 -4.6523E-02
  1.9000E+01  4.9236E-03  1.1174E+00 -3.0202E-01 -2.3669E-01
  1.9000E+01  4.9236E-03  1.1174E+00 -3.0202E-01 -2.3669E-01
  1.9000E+01  4.9236E-03  1.1174E+00 -3.0202E-01 -2.3669E-01
  1.9000E+01  4.9236E-03  1.1174E+00 -3.0202E-01 -2.3669E-01
  1.9000E+01  4.9236E-03  1.1174E+00 -3.0202E-01 -2.3669E-01
  1.9000E+01  4.9236E-03  1.1174E+00 -3.0202E-01 -2.3669E-01
  1.9000E+01  4.9236E-03  1.1174E+00 -3.0202E-01 -2.3669E-01
  1.9000E+01  4.9236E-03  1.1174E+00 -3.0202E-01 -2.3669E-01
  1.9000E+01  4.9236E-03  1.1174E+00 -3.0202E-01 -2.3669E-01
  1.9000E+01  4.9236E-03  1.1174E+00 -3.0202E-01 -2.3669E-01
  1.9000E+01  4.9236E-03  1.1174E+00 -3.0202E-01 -2.3669E-01
  1.9000E+01  4.9236E-03  1.1174E+00 -3.0202E-01 -2.3669E-01
  1.9000E+01  4.9236E-03  1.1174E+00 -3.0202E-01 -2.3669E-01
  1.9000E+01  4.9236E-03  1.1174E+00 -3.0202E-01 -2.3669E-01
  1.9000E+01  4.9236E-03  1.1174E+00 -3.0202E-01 -2.3669E-01
  1.9000E+01  4.9236E-03  1.1174E+00 -3.0202E-01 -2.3669E-01
  1.9000E+01  4.9236E-03  1.1174E+00 -3.0202E-01 -2.3669E-01
  1.9000E+01  4.9236E-03  1.1174E+00 -3.0202E-01 -2.3669E-01
  2.0000E+01  4.9534E-03  1.1227E+00 -2.9599E-01 -2.3197E-01
  2.0000E+01  4.9534E-03  1.1227E+00 -2.9599E-01 -2.3197E-01
  2.0000E+01  4.9534E-03  1.1227E+00 -2.9599E-01 -2.3197E-01
  2.0000E+01  4.9534E-03  1.1227E+00 -2.9599E-01 -2.3197E-01
  2.0000E+01  4.9534E-03  1.1227E+00 -2.9599E-01 -2.3197E-01
  2.0000E+01  4.9534E-03  1.1227E+00 -2.9599E-01 -2.3197E-01
  2.0000E+01  4.9534E-03  1.1227E+00 -2.9599E-01 -2.3197E-01
  2.0000E+01  4.9534E-03  1.1227E+00 -2.9599E-01 -2.3197E-01
  2.0000E+01  4.9534E-03  1.1227E+00 -2.9599E-01 -2.3197E-01
  2.0000E+01  4.9534E-03  1.1227E+00 -2.9599E-01 -2.3197E-01
  2.0000E+01  4.9534E-03  1.1227E+00 -2.9599E-01 -2.3197E-01
  2.0000E+01  4.9534E-03  1.1227E+00 -2.9599E-01 -2.3197E-01
  2.0000E+01  4.9534E-03  1.1227E+00 -2.9599E-01 -2.3197E-01
  2.0000E+01  4.9534E-03  1.1227E+00 -2.9599E-01 -2.3197E-01
  2.0000E+01  4.9534E-03  1.1227E+00 -2.9599E-01 -2.3197E-01
  2.0000E+01  4.9534E-03  1.1227E+00 -2.9599E-01 -2.3197E-01
  2.1000E+01  7.8952E-03  1.6178E+00  1.7020E-01  1.3339E-01
  2.1000E+01  7.8952E-03  1.6178E+00  1.7020E-01  1.3339E-01
  2.1000E+01  7.8952E-03  1.6178E+00  1.7020E-01  1.3339E-01
  2.1000E+01  7.8952E-03  1.6178E+00  1.7020E-01  1.3339E-01
  2.1000E+01  7.8952E-03  1.6178E+00  1.7020E-01  1.3339E-01
  2.1000E+01  7.8952E-03  1.6178E+00  1.7020E-01  1.3339E-01
  2.1000E+01  7.8952E-03  1.6178E+00  1.7020E-01  1.3339E-01
  2.1000E+01  7.8952E-03  1.6178E+00  1.7020E-01  1.3339E-01
  2.1000E+01  7.8952E-03  1.6178E+00  1.7020E-01  1.3339E-01
  2.1000E+01  7.8952E-03  1.6178E+00  1.7020E-01  1.3339E-01
  2.1000E+01  7.8952E-03  1.6178E+00  1.7020E-01  1.3339E-01
  2.1000E+01  7.8952E-03  1.6178E+00  1.7020E-01  1.3339E-01
  2.1000E+01  7.8952E-03  1.6178E+00  1.7020E-01  1.3339E-01
  2.1000E+01  7.8952E-03  1.6178E+00  1.7020E-01  1.3339E-01
  2.1000E+01  7.8952E-03  1.6178E+00  1.7020E-01  1.3339E-01
  2.1000E+01  7.8952E-03  1.6178E+00  1.7020E-01  1.3339E-01
  2.1000E+01  7.8952E-03  1.6178E+00  1.7020E-01  1.3339E-01
  2.1000E+01  7.8952E-03  1.6178E+00  1.7020E-01  1.3339E-01
  2.2000E+01  6.4281E-03  1.3771E+00 -3.5386E-02 -2.7732E-02
  2.2000E+01  6.4281E-03  1.3771E+00 -3.5386E-02 -2.7732E-02
  2.2000E+01  6.4281E-03  1.3771E+00 -3.5386E-02 -2.7732E-02
  2.2000E+01  6.4281E-03  1.3771E+00 -3.5386E-02 -2.7732E-02
  2.2000E+01  6.4281E-03  1.3771E+00 -3.5386E-02 -2.7732E-02
  2.2000E+01  6.4281E-03  1.3771E+00 -3.5386E-02 -2.7732E-02
  2.2000E+01  6.4281E-03  1.3771E+00 -3.5386E-02 -2.7732E-02
  2.2000E+01  6.4281E-03  1.3771E+00 -3.5386E-02 -2.7732E-02
  2.3000E+01  1.5561E-02  2.7533E+00  8.4868E-01  6.6509E-01
  2.3000E+01  1.5561E-02  2.7533E+00  8.4868E-01  6.6509E-01
  2.3000E+01  1.5561E-02  2.7533E+00  8.4868E-01  6.6509E-01
  2.3000E+01  1.5561E-02  2.7533E+00  8.4868E-01  6.6509E-01
  2.3000E+01  1.5561E-02  2.7533E+00  8.4868E-01  6.6509E-01
  2.3000E+01  1.5561E-02  2.7533E+00  8.4868E-01  6.6509E-01
  2.3000E+01  1.5561E-02  2.7533E+00  8.4868E-01  6.6509E-01
  2.3000E+01  1.5561E-02  2.7533E+00  8.4868E-01  6.6509E-01
  2.3000E+01  1.5561E-02  2.7533E+00  8.4868E-01  6.6509E-01
  2.3000E+01  1.5561E-02  2.7533E+00  8.4868E-01  6.6509E-01
  2.3000E+01  1.5561E-02  2.7533E+00  8.4868E-01  6.6509E-01
  2.3000E+01  1.5561E-02  2.7533E+00  8.4868E-01  6.6509E-01
  2.3000E+01  1.5561E-02  2.7533E+00  8.4868E-01  6.6509E-01
  2.3000E+01  1.5561E-02  2.7533E+00  8.4868E-01  6.6509E-01
  2.3000E+01  1.5561E-02  2.7533E+00  8.4868E-01  6.6509E-01
  2.3000E+01  1.5561E-02  2.7533E+00  8.4868E-01  6.6509E-01
  2.4000E+01  2.0241E-02  3.3834E+00  1.1116E+00  8.7118E-01
  2.4000E+01  2.0241E-02  3.3834E+00  1.1116E+00  8.7118E-01
  2.4000E+01  2.0241E-02  3.3834E+00  1.1116E+00  8.7118E-01
  2.4000E+01  2.0241E-02  3.3834E+00  1.1116E+00  8.7118E-01
  2.4000E+01  2.0241E-02  3.3834E+00  1.1116E+00  8.7118E-01
  2.4000E+01  2.0241E-02  3.3834E+00  1.1116E+00  8.7118E-01
  2.4000E+01  2.0241E-02  3.3834E+00  1.1116E+00  8.7118E-01
  2.4000E+01  2.0241E-02  3.3834E+00  1.1116E+00  8.7118E-01
  2.4000E+01  2.0241E-02  3.3834E+00  1.1116E+00  8.7118E-01
  2.4000E+01  2.0241E-02  3.3834E+00  1.1116E+00  8.7118E-01
  2.4000E+01  2.0241E-02  3.3834E+00  1.1116E+00  8.7118E-01
  2.4000E+01  2.0241E-02  3.3834E+00  1.1116E+00  8.7118E-01
  2.4000E+01  2.0241E-02  3.3834E+00  1.1116E+00  8.7118E-01
  2.4000E+01  2.0241E-02  3.3834E+00  1.1116E+00  8.7118E-01
  2.4000E+01  2.0241E-02  3.3834E+00  1.1116E+00  8.7118E-01
  2.4000E+01  2.0241E-02  3.3834E+00  1.1116E+00  8.7118E-01
  2.4000E+01  2.0241E-02  3.3834E+00  1.1116E+00  8.7118E-01
  2.4000E+01  2.0241E-02  3.3834E+00  1.1116E+00  8.7118E-01
  2.4000E+01  2.0241E-02  3.3834E+00  1.1116E+00  8.7118E-01
  2.5000E+01  4.4277E-03  1.0282E+00 -4.0819E-01 -3.1987E-01
  2.5000E+01  4.4277E-03  1.0282E+00 -4.0819E-01 -3.1987E-01
  2.5000E+01  4.4277E-03  1.0282E+00 -4.0819E-01 -3.1987E-01
  2.5000E+01  4.4277E-03  1.0282E+00 -4.0819E-01 -3.1987E-01
  2.5000E+01  4.4277E-03  1.0282E+00 -4.0819E-01 -3.1987E-01
  2.5000E+01  4.4277E-03  1.0282E+00 -4.0819E-01 -3.1987E-01
  2.5000E+01  4.4277E-03  1.0282E+00 -4.0819E-01 -3.1987E-01
  2.5000E+01  4.4277E-03  1.0282E+00 -4.0819E-01 -3.1987E-01
  2.5000E+01  4.4277E-03  1.0282E+00 -4.0819E-01 -3.1987E-01
  2.5000E+01  4.4277E-03  1.0282E+00 -4.0819E-01 -3.1987E-01
  2.5000E+01  4.4277E-03  1.0282E+00 -4.0819E-01 -3.1987E-01
  2.5000E+01  4.4277E-03  1.0282E+00 -4.0819E-01 -3.1987E-01
  2.5000E+01  4.4277E-03  1.0282E+00 -4.0819E-01 -3.1987E-01
  2.5000E+01  4.4277E-03  1.0282E+00 -4.0819E-01 -3.1987E-01
  2.5000E+01  4.4277E-03  1.0282E+00 -4.0819E-01 -3.1987E-01
  2.5000E+01  4.4277E-03  1.0282E+00 -4.0819E-01 -3.1987E-01
  2.5000E+01  4.4277E-03  1.0282E+00 -4.0819E-01 -3.1987E-01
  2.5000E+01  4.4277E-03  1.0282E+00 -4.0819E-01 -3.1987E-01
  2.5000E+01  4.4277E-03  1.0282E+00 -4.0819E-01 -3.1987E-01
  2.5000E+01  4.4277E-03  1.0282E+00 -4.0819E-01 -3.1987E-01
  2.5000E+01  4.4277E-03  1.0282E+00 -4.0819E-01 -3.1987E-01
  2.6000E+01  1.5898E-02  2.8000E+00  8.7014E-01  6.8192E-01
  2.6000E+01  1.5898E-02  2.8000E+00  8.7014E-01  6.8192E-01
  2.6000E+01  1.5898E-02  2.8000E+00  8.7014E-01  6.8192E-01
  2.6000E+01  1.5898E-02  2.8000E+00  8.7014E-01  6.8192E-01
  2.6000E+01  1.5898E-02  2.8000E+00  8.7014E-01  6.8192E-01
  2.6000E+01  1.5898E-02  2.8000E+00  8.7014E-01  6.8192E-01
  2.6000E+01  1.5898E-02  2.8000E+00  8.7014E-01  6.8192E-01
  2.6000E+01  1.5898E-02  2.8000E+00  8.7014E-01  6.8192E-01
  2.6000E+01  1.5898E-02  2.8000E+00  8.7014E-01  6.8192E-01
  2.6000E+01  1.5898E-02  2.8000E+00  8.7014E-01  6.8192E-01
  2.6000E+01  1.5898E-02  2.8000E+00  8.7014E-01  6.8192E-01
  2.6000E+01  1.5898E-02  2.8000E+00  8.7014E-01  6.8192E-01
  2.6000E+01  1.5898E-02  2.8000E+00  8.7014E-01  6.8192E-01
  2.7000E+01  6.5906E-03  1.4043E+00 -1.0413E-02 -8.1684E-03
  2.7000E+01  6.5906E-03  1.4043E+00 -1.0413E-02 -8.1684E-03
  2.7000E+01  6.5906E-03  1.4043E+00 -1.0413E-02 -8.1684E-03
  2.7000E+01  6.5906E-03  1.4043E+00 -1.0413E-02 -8.1684E-03
  2.7000E+01  6.5906E-03  1.4043E+00 -1.0413E-02 -8.1684E-03
  2.7000E+01  6.5906E-03  1.4043E+00 -1.0413E-02 -8.1684E-03
  2.7000E+01  6.5906E-03  1.4043E+00 -1.0413E-02 -8.1684E-03
  2.7000E+01  6.5906E-03  1.4043E+00 -1.0413E-02 -8.1684E-03
  2.7000E+01  6.5906E-03  1.4043E+00 -1.0413E-02 -8.1684E-03
  2.7000E+01  6.5906E-03  1.4043E+00 -1.0413E-02 -8.1684E-03
  2.8000E+01  1.8540E-02  3.1585E+00  1.0239E+00  8.0241E-01
  2.8000E+01  1.8540E-02  3.1585E+00  1.0239E+00  8.0241E-01
  2.8000E+01  1.8540E-02  3.1585E+00  1.0239E+00  8.0241E-01
  2.9000E+01  4.4898E-03  1.0395E+00 -3.9425E-01 -3.0897E-01
  2.9000E+01  4.4898E-03  1.0395E+00 -3.9425E-01 -3.0897E-01
  2.9000E+01  4.4898E-03  1.0395E+00 -3.9425E-01 -3.0897E-01
  2.9000E+01  4.4898E-03  1.0395E+00 -3.9425E-01 -3.0897E-01
  2.9000E+01  4.4898E-03  1.0395E+00 -3.9425E-01 -3.0897E-01
  2.9000E+01  4.4898E-03  1.0395E+00 -3.9425E-01 -3.0897E-01
  3.0000E+01  9.3858E-03  1.8527E+00  3.4314E-01  2.6892E-01
  3.0000E+01  9.3858E-03  1.8527E+00  3.4314E-01  2.6892E-01
  3.0000E+01  9.3858E-03  1.8527E+00  3.4314E-01  2.6892E-01
  3.0000E+01  9.3858E-03  1.8527E+00  3.4314E-01  2.6892E-01
  3.0000E+01  9.3858E-03  1.8527E+00  3.4314E-01  2.6892E-01
  3.0000E+01  9.3858E-03  1.8527E+00  3.4314E-01  2.6892E-01
  3.0000E+01  9.3858E-03  1.8527E+00  3.4314E-01  2.6892E-01
  3.0000E+01  9.3858E-03  1.8527E+00  3.4314E-01  2.6892E-01
  3.0000E+01  9.3858E-03  1.8527E+00  3.4314E-01  2.6892E-01
  3.0000E+01  9.3858E-03  1.8527E+00  3.4314E-01  2.6892E-01
  3.0000E+01  9.3858E-03  1.8527E+00  3.4314E-01  2.6892E-01
  3.0000E+01  9.3858E-03  1.8527E+00  3.4314E-01  2.6892E-01
  3.0000E+01  9.3858E-03  1.8527E+00  3.4314E-01  2.6892E-01
  3.0000E+01  9.3858E-03  1.8527E+00  3.4314E-01  2.6892E-01
  3.0000E+01  9.3858E-03  1.8527E+00  3.4314E-01  2.6892E-01
  3.0000E+01  9.3858E-03  1.8527E+00  3.4314E-01  2.6892E-01
  3.1000E+01  5.3938E-03  1.2002E+00 -2.1080E-01 -1.6520E-01
  3.1000E+01  5.3938E-03  1.2002E+00 -2.1080E-01 -1.6520E-01
  3.1000E+01  5.3938E-03  1.2002E+00 -2.1080E-01 -1.6520E-01
  3.2000E+01  2.9522E-02  4.5480E+00  1.4891E+00  1.1670E+00
  3.2000E+01  2.9522E-02  4.5480E+00  1.4891E+00  1.1670E+00
  3.2000E+01  2.9522E-02  4.5480E+00  1.4891E+00  1.1670E+00
  3.2000E+01  2.9522E-02  4.5480E+00  1.4891E+00  1.1670E+00
  3.2000E+01  2.9522E-02  4.5480E+00  1.4891E+00  1.1670E+00
  3.2000E+01  2.9522E-02  4.5480E+00  1.4891E+00  1.1670E+00
  3.2000E+01  2.9522E-02  4.5480E+00  1.4891E+00  1.1670E+00
  3.2000E+01  2.9522E-02  4.5480E+00  1.4891E+00  1.1670E+00
  3.2000E+01  2.9522E-02  4.5480E+00  1.4891E+00  1.1670E+00
  3.2000E+01  2.9522E-02  4.5480E+00  1.4891E+00  1.1670E+00
  3.2000E+01  2.9522E-02  4.5480E+00  1.4891E+00  1.1670E+00
  3.2000E+01  2.9522E-02  4.5480E+00  1.4891E+00  1.1670E+00
  3.3000E+01  7.2167E-03  1.5078E+00  8.0337E-02  6.2963E-02
  3.3000E+01  7.2167E-03  1.5078E+00  8.0337E-02  6.2963E-02
  3.3000E+01  7.2167E-03  1.5078E+00  8.0337E-02  6.2963E-02
  3.3000E+01  7.2167E-03  1.5078E+00  8.0337E-02  6.2963E-02
  3.3000E+01  7.2167E-03  1.5078E+00  8.0337E-02  6.2963E-02
  3.3000E+01  7.2167E-03  1.5078E+00  8.0337E-02  6.2963E-02
  3.3000E+01  7.2167E-03  1.5078E+00  8.0337E-02  6.2963E-02
  3.3000E+01  7.2167E-03  1.5078E+00  8.0337E-02  6.2963E-02
  3.3000E+01  7.2167E-03  1.5078E+00  8.0337E-02  6.2963E-02
  3.4000E+01  7.2750E-03  1.5174E+00  8.8382E-02  6.9265E-02
  3.4000E+01  7.2750E-03  1.5174E+00  8.8382E-02  6.9265E-02
  3.4000E+01  7.2750E-03  1.5174E+00  8.8382E-02  6.9265E-02
  3.4000E+01  7.2750E-03  1.5174E+00  8.8382E-02  6.9265E-02
  3.4000E+01  7.2750E-03  1.5174E+00  8.8382E-02  6.9265E-02
  3.4000E+01  7.2750E-03  1.5174E+00  8.8382E-02  6.9265E-02
  3.4000E+01  7.2750E-03  1.5174E+00  8.8382E-02  6.9265E-02
  3.4000E+01  7.2750E-03  1.5174E+00  8.8382E-02  6.9265E-02
  3.4000E+01  7.2750E-03  1.5174E+00  8.8382E-02  6.9265E-02
  3.4000E+01  7.2750E-03  1.5174E+00  8.8382E-02  6.9265E-02
  3.5000E+01  9.0871E-03  1.8063E+00  3.1080E-01  2.4358E-01
  3.5000E+01  9.0871E-03  1.8063E+00  3.1080E-01  2.4358E-01
  3.5000E+01  9.0871E-03  1.8063E+00  3.1080E-01  2.4358E-01
  3.5000E+01  9.0871E-03  1.8063E+00  3.1080E-01  2.4358E-01
  3.5000E+01  9.0871E-03  1.8063E+00  3.1080E-01  2.4358E-01
  3.5000E+01  9.0871E-03  1.8063E+00  3.1080E-01  2.4358E-01
  3.5000E+01  9.0871E-03  1.8063E+00  3.1080E-01  2.4358E-01
  3.5000E+01  9.0871E-03  1.8063E+00  3.1080E-01  2.4358E-01
  3.5000E+01  9.0871E-03  1.8063E+00  3.1080E-01  2.4358E-01
  3.5000E+01  9.0871E-03  1.8063E+00  3.1080E-01  2.4358E-01
  3.5000E+01  9.0871E-03  1.8063E+00  3.1080E-01  2.4358E-01
  3.5000E+01  9.0871E-03  1.8063E+00  3.1080E-01  2.4358E-01
  3.6000E+01  7.5534E-03  1.5626E+00  1.2593E-01  9.8659E-02
  3.6000E+01  7.5534E-03  1.5626E+00  1.2593E-01  9.8659E-02
  3.6000E+01  7.5534E-03  1.5626E+00  1.2593E-01  9.8659E-02
  3.6000E+01  7.5534E-03  1.5626E+00  1.2593E-01  9.8659E-02
  3.6000E+01  7.5534E-03  1.5626E+00  1.2593E-01  9.8659E-02
  3.6000E+01  7.5534E-03  1.5626E+00  1.2593E-01  9.8659E-02
  3.6000E+01  7.5534E-03  1.5626E+00  1.2593E-01  9.8659E-02
  3.6000E+01  7.5534E-03  1.5626E+00  1.2593E-01  9.8659E-02
  3.6000E+01  7.5534E-03  1.5626E+00  1.2593E-01  9.8659E-02
  3.6000E+01  7.5534E-03  1.5626E+00  1.2593E-01  9.8659E-02
  3.6000E+01  7.5534E-03  1.5626E+00  1.2593E-01  9.8659E-02
  3.6000E+01  7.5534E-03  1.5626E+00  1.2593E-01  9.8659E-02
  3.6000E+01  7.5534E-03  1.5626E+00  1.2593E-01  9.8659E-02
  3.6000E+01  7.5534E-03  1.5626E+00  1.2593E-01  9.8659E-02
  3.6000E+01  7.5534E-03  1.5626E+00  1.2593E-01  9.8659E-02
  3.6000E+01  7.5534E-03  1.5626E+00  1.2593E-01  9.8659E-02
  3.7000E+01  5.4727E-03  1.2140E+00 -1.9628E-01 -1.5382E-01
  3.7000E+01  5.4727E-03  1.2140E+00 -1.9628E-01 -1.5382E-01
  3.7000E+01  5.4727E-03  1.2140E+00 -1.9628E-01 -1.5382E-01
  3.7000E+01  5.4727E-03  1.2140E+00 -1.9628E-01 -1.5382E-01
  3.7000E+01  5.4727E-03  1.2140E+00 -1.9628E-01 -1.5382E-01
  3.7000E+01  5.4727E-03  1.2140E+00 -1.9628E-01 -1.5382E-01
  3.7000E+01  5.4727E-03  1.2140E+00 -1.9628E-01 -1.5382E-01
  3.7000E+01  5.4727E-03  1.2140E+00 -1.9628E-01 -1.5382E-01
  3.7000E+01  5.4727E-03  1.2140E+00 -1.9628E-01 -1.5382E-01
  3.7000E+01  5.4727E-03  1.2140E+00 -1.9628E-01 -1.5382E-01
  3.7000E+01  5.4727E-03  1.2140E+00 -1.9628E-01 -1.5382E-01
  3.7000E+01  5.4727E-03  1.2140E+00 -1.9628E-01 -1.5382E-01
  3.7000E+01  5.4727E-03  1.2140E+00 -1.9628E-01 -1.5382E-01
  3.7000E+01  5.4727E-03  1.2140E+00 -1.9628E-01 -1.5382E-01
  3.7000E+01  5.4727E-03  1.2140E+00 -1.9628E-01 -1.5382E-01
  3.7000E+01  5.4727E-03  1.2140E+00 -1.9628E-01 -1.5382E-01
  3.7000E+01  5.4727E-03  1.2140E+00 -1.9628E-01 -1.5382E-01
  3.8000E+01  6.8450E-03  1.4466E+00  2.7461E-02  2.1515E-02
  3.8000E+01  6.8450E-03  1.4466E+00  2.7461E-02  2.1515E-02
  3.8000E+01  6.8450E-03  1.4466E+00  2.7461E-02  2.1515E-02
  3.8000E+01  6.8450E-03  1.4466E+00  2.7461E-02  2.1515E-02
  3.8000E+01  6.8450E-03  1.4466E+00  2.7461E-02  2.1515E-02
  3.8000E+01  6.8450E-03  1.4466E+00  2.7461E-02  2.1515E-02
  3.8000E+01  6.8450E-03  1.4466E+00  2.7461E-02  2.1515E-02
  3.8000E+01  6.8450E-03  1.4466E+00  2.7461E-02  2.1515E-02
  3.8000E+01  6.8450E-03  1.4466E+00  2.7461E-02  2.1515E-02
  3.8000E+01  6.8450E-03  1.4466E+00  2.7461E-02  2.1515E-02
  3.8000E+01  6.8450E-03  1.4466E+00  2.7461E-02  2.1515E-02
  3.8000E+01  6.8450E-03  1.4466E+00  2.7461E-02  2.1515E-02
  3.8000E+01  6.8450E-03  1.4466E+00  2.7461E-02  2.1515E-02
  3.8000E+01  6.8450E-03  1.4466E+00  2.7461E-02  2.1515E-02
  3.8000E+01  6.8450E-03  1.4466E+00  2.7461E-02  2.1515E-02
  3.8000E+01  6.8450E-03  1.4466E+00  2.7461E-02  2.1515E-02
  3.8000E+01  6.8450E-03  1.4466E+00  2.7461E-02  2.1515E-02
  3.8000E+01  6.8450E-03  1.4466E+00  2.7461E-02  2.1515E-02
  3.8000E+01  6.8450E-03  1.4466E+00  2.7461E-02  2.1515E-02
  3.8000E+01  6.8450E-03  1.4466E+00  2.7461E-02  2.1515E-02
  3.9000E+01  9.3499E-03  1.8471E+00  3.3931E-01  2.6590E-01
  3.9000E+01  9.3499E-03  1.8471E+00  3.3931E-01  2.6590E-01
  3.9000E+01  9.3499E-03  1.8471E+00  3.3931E-01  2.6590E-01
  3.9000E+01  9.3499E-03  1.8471E+00  3.3931E-01  2.6590E-01
  3.9000E+01  9.3499E-03  1.8471E+00  3.3931E-01  2.6590E-01
  3.9000E+01  9.3499E-03  1.8471E+00  3.3931E-01  2.6590E-01
  3.9000E+01  9.3499E-03  1.8471E+00  3.3931E-01  2.6590E-01
  3.9000E+01  9.3499E-03  1.8471E+00  3.3931E-01  2.6590E-01
  3.9000E+01  9.3499E-03  1.8471E+00  3.3931E-01  2.6590E-01
  3.9000E+01  9.3499E-03  1.8471E+00  3.3931E-01  2.6590E-01
  3.9000E+01  9.3499E-03  1.8471E+00  3.3931E-01  2.6590E-01
  3.9000E+01  9.3499E-03  1.8471E+00  3.3931E-01  2.6590E-01
  3.9000E+01  9.3499E-03  1.8471E+00  3.3931E-01  2.6590E-01
  3.9000E+01  9.3499E-03  1.8471E+00  3.3931E-01  2.6590E-01
  3.9000E+01  9.3499E-03  1.8471E+00  3.3931E-01  2.6590E-01
  3.9000E+01  9.3499E-03  1.8471E+00  3.3931E-01  2.6590E-01
  4.0000E+01  6.3375E-03  1.3619E+00 -4.9573E-02 -3.8851E-02
  4.0000E+01  6.3375E-03  1.3619E+00 -4.9573E-02 -3.8851E-02
  4.0000E+01  6.3375E-03  1.3619E+00 -4.9573E-02 -3.8851E-02
  4.0000E+01  6.3375E-03  1.3619E+00 -4.9573E-02 -3.8851E-02
  4.0000E+01  6.3375E-03  1.3619E+00 -4.9573E-02 -3.8851E-02
  4.0000E+01  6.3375E-03  1.3619E+00 -4.9573E-02 -3.8851E-02
  4.1000E+01  9.3671E-03  1.8498E+00  3.4114E-01  2.6735E-01
  4.1000E+01  9.3671E-03  1.8498E+00  3.4114E-01  2.6735E-01
  4.1000E+01  9.3671E-03  1.8498E+00  3.4114E-01  2.6735E-01
  4.1000E+01  9.3671E-03  1.8498E+00  3.4114E-01  2.6735E-01
  4.1000E+01  9.3671E-03  1.8498E+00  3.4114E-01  2.6735E-01
  4.1000E+01  9.3671E-03  1.8498E+00  3.4114E-01  2.6735E-01
  4.1000E+01  9.3671E-03  1.8498E+00  3.4114E-01  2.6735E-01
  4.1000E+01  9.3671E-03  1.8498E+00  3.4114E-01  2.6735E-01
  4.1000E+01  9.3671E-03  1.8498E+00  3.4114E-01  2.6735E-01
  4.1000E+01  9.3671E-03  1.8498E+00  3.4114E-01  2.6735E-01
  4.1000E+01  9.3671E-03  1.8498E+00  3.4114E-01  2.6735E-01
  4.2000E+01  2.4913E-02  3.9814E+00  1.3193E+00  1.0339E+00
  4.2000E+01  2.4913E-02  3.9814E+00  1.3193E+00  1.0339E+00
  4.2000E+01  2.4913E-02  3.9814E+00  1.3193E+00  1.0339E+00
  4.2000E+01  2.4913E-02  3.9814E+00  1.3193E+00  1.0339E+00
  4.2000E+01  2.4913E-02  3.9814E+00  1.3193E+00  1.0339E+00
  4.2000E+01  2.4913E-02  3.9814E+00  1.3193E+00  1.0339E+00
  4.2000E+01  2.4913E-02  3.9814E+00  1.3193E+00  1.0339E+00
  4.2000E+01  2.4913E-02  3.9814E+00  1.3193E+00  1.0339E+00
  4.2000E+01  2.4913E-02  3.9814E+00  1.3193E+00  1.0339E+00
  4.2000E+01  2.4913E-02  3.9814E+00  1.3193E+00  1.0339E+00
  4.2000E+01  2.4913E-02  3.9814E+00  1.3193E+00  1.0339E+00
  4.3000E+01  3.4518E-03  8.4594E-01 -6.5715E-01 -5.1501E-01
  4.3000E+01  3.4518E-03  8.4594E-01 -6.5715E-01 -5.1501E-01
  4.3000E+01  3.4518E-03  8.4594E-01 -6.5715E-01 -5.1501E-01
  4.4000E+01  6.9308E-03  1.4608E+00  3.9914E-02  3.1284E-02
  4.4000E+01  6.9308E-03  1.4608E+00  3.9914E-02  3.1284E-02
  4.4000E+01  6.9308E-03  1.4608E+00  3.9914E-02  3.1284E-02
  4.4000E+01  6.9308E-03  1.4608E+00  3.9914E-02  3.1284E-02
  4.4000E+01  6.9308E-03  1.4608E+00  3.9914E-02  3.1284E-02
  4.4000E+01  6.9308E-03  1.4608E+00  3.9914E-02  3.1284E-02
  4.4000E+01  6.9308E-03  1.4608E+00  3.9914E-02  3.1284E-02
  4.4000E+01  6.9308E-03  1.4608E+00  3.9914E-02  3.1284E-02
  4.4000E+01  6.9308E-03  1.4608E+00  3.9914E-02  3.1284E-02
  4.4000E+01  6.9308E-03  1.4608E+00  3.9914E-02  3.1284E-02
  4.4000E+01  6.9308E-03  1.4608E+00  3.9914E-02  3.1284E-02
  4.4000E+01  6.9308E-03  1.4608E+00  3.9914E-02  3.1284E-02
  4.4000E+01  6.9308E-03  1.4608E+00  3.9914E-02  3.1284E-02
  4.4000E+01  6.9308E-03  1.4608E+00  3.9914E-02  3.1284E-02
  4.4000E+01  6.9308E-03  1.4608E+00  3.9914E-02  3.1284E-02
  4.4000E+01  6.9308E-03  1.4608E+00  3.9914E-02  3.1284E-02
  4.5000E+01  4.0127E-03  9.5189E-01 -5.0659E-01 -3.9701E-01
  4.5000E+01  4.0127E-03  9.5189E-01 -5.0659E-01 -3.9701E-01
  4.5000E+01  4.0127E-03  9.5189E-01 -5.0659E-01 -3.9701E-01
  4.5000E+01  4.0127E-03  9.5189E-01 -5.0659E-01 -3.9701E-01
  4.5000E+01  4.0127E-03  9.5189E-01 -5.0659E-01 -3.9701E-01
  4.5000E+01  4.0127E-03  9.5189E-01 -5.0659E-01 -3.9701E-01
  4.5000E+01  4.0127E-03  9.5189E-01 -5.0659E-01 -3.9701E-01
  4.5000E+01  4.0127E-03  9.5189E-01 -5.0659E-01 -3.9701E-01
  4.5000E+01  4.0127E-03  9.5189E-01 -5.0659E-01 -3.9701E-01
  4.5000E+01  4.0127E-03  9.5189E-01 -5.0659E-01 -3.9701E-01
  4.5000E+01  4.0127E-03  9.5189E-01 -5.0659E-01 -3.9701E-01
  4.5000E+01  4.0127E-03  9.5189E-01 -5.0659E-01 -3.9701E-01
  4.5000E+01  4.0127E-03  9.5189E-01 -5.0659E-01 -3.9701E-01
  4.6000E+01  4.9375E-03  1.1199E+00 -2.9920E-01 -2.3448E-01
  4.6000E+01  4.9375E-03  1.1199E+00 -2.9920E-01 -2.3448E-01
  4.6000E+01  4.9375E-03  1.1199E+00 -2.9920E-01 -2.3448E-01
  4.6000E+01  4.9375E-03  1.1199E+00 -2.9920E-01 -2.3448E-01
  4.7000E+01  1.1849E-02  2.2239E+00  5.7617E-01  4.5154E-01
  4.7000E+01  1.1849E-02  2.2239E+00  5.7617E-01  4.5154E-01
  4.7000E+01  1.1849E-02  2.2239E+00  5.7617E-01  4.5154E-01
  4.7000E+01  1.1849E-02  2.2239E+00  5.7617E-01  4.5154E-01
  4.7000E+01  1.1849E-02  2.2239E+00  5.7617E-01  4.5154E-01
  4.7000E+01  1.1849E-02  2.2239E+00  5.7617E-01  4.5154E-01
  4.7000E+01  1.1849E-02  2.2239E+00  5.7617E-01  4.5154E-01
  4.8000E+01  2.6069E-03  6.7891E-01 -9.3788E-01 -7.3497E-01
  4.8000E+01  2.6069E-03  6.7891E-01 -9.3788E-01 -7.3497E-01
  4.8000E+01  2.6069E-03  6.7891E-01 -9.3788E-01 -7.3497E-01
  4.8000E+01  2.6069E-03  6.7891E-01 -9.3788E-01 -7.3497E-01
  4.8000E+01  2.6069E-03  6.7891E-01 -9.3788E-01 -7.3497E-01
  4.8000E+01  2.6069E-03  6.7891E-01 -9.3788E-01 -7.3497E-01
  4.8000E+01  2.6069E-03  6.7891E-01 -9.3788E-01 -7.3497E-01
  4.8000E+01  2.6069E-03  6.7891E-01 -9.3788E-01 -7.3497E-01
  4.8000E+01  2.6069E-03  6.7891E-01 -9.3788E-01 -7.3497E-01
  4.8000E+01  2.6069E-03  6.7891E-01 -9.3788E-01 -7.3497E-01
  4.8000E+01  2.6069E-03  6.7891E-01 -9.3788E-01 -7.3497E-01
  4.8000E+01  2.6069E-03  6.7891E-01 -9.3788E-01 -7.3497E-01
  4.8000E+01  2.6069E-03  6.7891E-01 -9.3788E-01 -7.3497E-01
  4.8000E+01  2.6069E-03  6.7891E-01 -9.3788E-01 -7.3497E-01
  4.9000E+01  6.4929E-03  1.3880E+00 -2.5345E-02 -1.9854E-02
  4.9000E+01  6.4929E-03  1.3880E+00 -2.5345E-02 -1.9854E-02
  4.9000E+01  6.4929E-03  1.3880E+00 -2.5345E-02 -1.9854E-02
  4.9000E+01  6.4929E-03  1.3880E+00 -2.5345E-02 -1.9854E-02
  4.9000E+01  6.4929E-03  1.3880E+00 -2.5345E-02 -1.9854E-02
  4.9000E+01  6.4929E-03  1.3880E+00 -2.5345E-02 -1.9854E-02
  4.9000E+01  6.4929E-03  1.3880E+00 -2.5345E-02 -1.9854E-02
  4.9000E+01  6.4929E-03  1.3880E+00 -2.5345E-02 -1.9854E-02
  4.9000E+01  6.4929E-03  1.3880E+00 -2.5345E-02 -1.9854E-02
  4.9000E+01  6.4929E-03  1.3880E+00 -2.5345E-02 -1.9854E-02
  4.9000E+01  6.4929E-03  1.3880E+00 -2.5345E-02 -1.9854E-02
  4.9000E+01  6.4929E-03  1.3880E+00 -2.5345E-02 -1.9854E-02
  4.9000E+01  6.4929E-03  1.3880E+00 -2.5345E-02 -1.9854E-02
  4.9000E+01  6.4929E-03  1.3880E+00 -2.5345E-02 -1.9854E-02
  4.9000E+01  6.4929E-03  1.3880E+00 -2.5345E-02 -1.9854E-02
  4.9000E+01  6.4929E-03  1.3880E+00 -2.5345E-02 -1.9854E-02
  4.9000E+01  6.4929E-03  1.3880E+00 -2.5345E-02 -1.9854E-02
  5.0000E+01  3.8741E-03  9.2599E-01 -5.4175E-01 -4.2459E-01
  5.0000E+01  3.8741E-03  9.2599E-01 -5.4175E-01 -4.2459E-01
  5.0000E+01  3.8741E-03  9.2599E-01 -5.4175E-01 -4.2459E-01
  5.0000E+01  3.8741E-03  9.2599E-01 -5.4175E-01 -4.2459E-01
  5.0000E+01  3.8741E-03  9.2599E-01 -5.4175E-01 -4.2459E-01
  5.0000E+01  3.8741E-03  9.2599E-01 -5.4175E-01 -4.2459E-01
  5.0000E+01  3.8741E-03  9.2599E-01 -5.4175E-01 -4.2459E-01
  5.0000E+01  3.8741E-03  9.2599E-01 -5.4175E-01 -4.2459E-01
  5.0000E+01  3.8741E-03  9.2599E-01 -5.4175E-01 -4.2459E-01
  5.0000E+01  3.8741E-03  9.2599E-01 -5.4175E-01 -4.2459E-01
  5.0000E+01  3.8741E-03  9.2599E-01 -5.4175E-01 -4.2459E-01
  5.0000E+01  3.8741E-03  9.2599E-01 -5.4175E-01 -4.2459E-01
  5.0000E+01  3.8741E-03  9.2599E-01 -5.4175E-01 -4.2459E-01
  5.0000E+01  3.8741E-03  9.2599E-01 -5.4175E-01 -4.2459E-01
  5.0000E+01  3.8741E-03  9.2599E-01 -5.4175E-01 -4.2459E-01
  5.0000E+01  3.8741E-03  9.2599E-01 -5.4175E-01 -4.2459E-01
  5.0000E+01  3.8741E-03  9.2599E-01 -5.4175E-01 -4.2459E-01
  5.0000E+01  3.8741E-03  9.2599E-01 -5.4175E-01 -4.2459E-01
  5.0000E+01  3.8741E-03  9.2599E-01 -5.4175E-01 -4.2459E-01
  5.0000E+01  3.8741E-03  9.2599E-01 -5.4175E-01 -4.2459E-01
  5.1000E+01  4.7493E-03  1.0863E+00 -3.3807E-01 -2.6493E-01
  5.1000E+01  4.7493E-03  1.0863E+00 -3.3807E-01 -2.6493E-01
  5.1000E+01  4.7493E-03  1.0863E+00 -3.3807E-01 -2.6493E-01
  5.1000E+01  4.7493E-03  1.0863E+00 -3.3807E-01 -2.6493E-01
  5.1000E+01  4.7493E-03  1.0863E+00 -3.3807E-01 -2.6493E-01
  5.1000E+01  4.7493E-03  1.0863E+00 -3.3807E-01 -2.6493E-01
  5.1000E+01  4.7493E-03  1.0863E+00 -3.3807E-01 -2.6493E-01
  5.1000E+01  4.7493E-03  1.0863E+00 -3.3807E-01 -2.6493E-01
  5.1000E+01  4.7493E-03  1.0863E+00 -3.3807E-01 -2.6493E-01
  5.1000E+01  4.7493E-03  1.0863E+00 -3.3807E-01 -2.6493E-01
  5.1000E+01  4.7493E-03  1.0863E+00 -3.3807E-01 -2.6493E-01
  5.1000E+01  4.7493E-03  1.0863E+00 -3.3807E-01 -2.6493E-01
  5.1000E+01  4.7493E-03  1.0863E+00 -3.3807E-01 -2.6493E-01
  5.1000E+01  4.7493E-03  1.0863E+00 -3.3807E-01 -2.6493E-01
  5.1000E+01  4.7493E-03  1.0863E+00 -3.3807E-01 -2.6493E-01
  5.1000E+01  4.7493E-03  1.0863E+00 -3.3807E-01 -2.6493E-01
  5.2000E+01  3.7208E-03  8.9715E-01 -5.8213E-01 -4.5624E-01
  5.2000E+01  3.7208E-03  8.9715E-01 -5.8213E-01 -4.5624E-01
  5.2000E+01  3.7208E-03  8.9715E-01 -5.8213E-01 -4.5624E-01
  5.2000E+01  3.7208E-03  8.9715E-01 -5.8213E-01 -4.5624E-01
  5.2000E+01  3.7208E-03  8.9715E-01 -5.8213E-01 -4.5624E-01
  5.2000E+01  3.7208E-03  8.9715E-01 -5.8213E-01 -4.5624E-01
  5.2000E+01  3.7208E-03  8.9715E-01 -5.8213E-01 -4.5624E-01
  5.2000E+01  3.7208E-03  8.9715E-01 -5.8213E-01 -4.5624E-01
  5.2000E+01  3.7208E-03  8.9715E-01 -5.8213E-01 -4.5624E-01
  5.2000E+01  3.7208E-03  8.9715E-01 -5.8213E-01 -4.5624E-01
  5.2000E+01  3.7208E-03  8.9715E-01 -5.8213E-01 -4.5624E-01
  5.2000E+01  3.7208E-03  8.9715E-01 -5.8213E-01 -4.5624E-01
  5.2000E+01  3.7208E-03  8.9715E-01 -5.8213E-01 -4.5624E-01
  5.2000E+01  3.7208E-03  8.9715E-01 -5.8213E-01 -4.5624E-01
  5.2000E+01  3.7208E-03  8.9715E-01 -5.8213E-01 -4.5624E-01
  5.2000E+01  3.7208E-03  8.9715E-01 -5.8213E-01 -4.5624E-01
  5.2000E+01  3.7208E-03  8.9715E-01 -5.8213E-01 -4.5624E-01
  5.3000E+01  7.0733E-03  1.4843E+00  6.0276E-02  4.7246E-02
  5.3000E+01  7.0733E-03  1.4843E+00  6.0276E-02  4.7246E-02
  5.3000E+01  7.0733E-03  1.4843E+00  6.0276E-02  4.7246E-02
  5.3000E+01  7.0733E-03  1.4843E+00  6.0276E-02  4.7246E-02
  5.3000E+01  7.0733E-03  1.4843E+00  6.0276E-02  4.7246E-02
  5.3000E+01  7.0733E-03  1.4843E+00  6.0276E-02  4.7246E-02
  5.3000E+01  7.0733E-03  1.4843E+00  6.0276E-02  4.7246E-02
  5.3000E+01  7.0733E-03  1.4843E+00  6.0276E-02  4.7246E-02
  5.3000E+01  7.0733E-03  1.4843E+00  6.0276E-02  4.7246E-02
  5.4000E+01  6.3548E-03  1.3648E+00 -4.6853E-02 -3.6714E-02
  5.4000E+01  6.3548E-03  1.3648E+00 -4.6853E-02 -3.6714E-02
  5.4000E+01  6.3548E-03  1.3648E+00 -4.6853E-02 -3.6714E-02
  5.4000E+01  6.3548E-03  1.3648E+00 -4.6853E-02 -3.6714E-02
  5.4000E+01  6.3548E-03  1.3648E+00 -4.6853E-02 -3.6714E-02
  5.4000E+01  6.3548E-03  1.3648E+00 -4.6853E-02 -3.6714E-02
  5.4000E+01  6.3548E-03  1.3648E+00 -4.6853E-02 -3.6714E-02
  5.4000E+01  6.3548E-03  1.3648E+00 -4.6853E-02 -3.6714E-02
  5.4000E+01  6.3548E-03  1.3648E+00 -4.6853E-02 -3.6714E-02
  5.4000E+01  6.3548E-03  1.3648E+00 -4.6853E-02 -3.6714E-02
  5.4000E+01  6.3548E-03  1.3648E+00 -4.6853E-02 -3.6714E-02
  5.4000E+01  6.3548E-03  1.3648E+00 -4.6853E-02 -3.6714E-02
  5.4000E+01  6.3548E-03  1.3648E+00 -4.6853E-02 -3.6714E-02
  5.4000E+01  6.3548E-03  1.3648E+00 -4.6853E-02 -3.6714E-02
  5.4000E+01  6.3548E-03  1.3648E+00 -4.6853E-02 -3.6714E-02
  5.5000E+01  7.6199E-03  1.5734E+00  1.3470E-01  1.0557E-01
  5.5000E+01  7.6199E-03  1.5734E+00  1.3470E-01  1.0557E-01
  5.5000E+01  7.6199E-03  1.5734E+00  1.3470E-01  1.0557E-01
  5.5000E+01  7.6199E-03  1.5734E+00  1.3470E-01  1.0557E-01
  5.5000E+01  7.6199E-03  1.5734E+00  1.3470E-01  1.0557E-01
  5.5000E+01  7.6199E-03  1.5734E+00  1.3470E-01  1.0557E-01
  5.5000E+01  7.6199E-03  1.5734E+00  1.3470E-01  1.0557E-01
  5.5000E+01  7.6199E-03  1.5734E+00  1.3470E-01  1.0557E-01
  5.5000E+01  7.6199E-03  1.5734E+00  1.3470E-01  1.0557E-01
  5.6000E+01  2.8741E-03  7.3283E-01 -8.4031E-01 -6.5855E-01
  5.6000E+01  2.8741E-03  7.3283E-01 -8.4031E-01 -6.5855E-01
  5.6000E+01  2.8741E-03  7.3283E-01 -8.4031E-01 -6.5855E-01
  5.6000E+01  2.8741E-03  7.3283E-01 -8.4031E-01 -6.5855E-01
  5.7000E+01  1.0189E-02  1.9758E+00  4.2523E-01  3.3325E-01
  5.7000E+01  1.0189E-02  1.9758E+00  4.2523E-01  3.3325E-01
  5.7000E+01  1.0189E-02  1.9758E+00  4.2523E-01  3.3325E-01
  5.7000E+01  1.0189E-02  1.9758E+00  4.2523E-01  3.3325E-01
  5.7000E+01  1.0189E-02  1.9758E+00  4.2523E-01  3.3325E-01
  5.7000E+01  1.0189E-02  1.9758E+00  4.2523E-01  3.3325E-01
  5.7000E+01  1.0189E-02  1.9758E+00  4.2523E-01  3.3325E-01
  5.7000E+01  1.0189E-02  1.9758E+00  4.2523E-01  3.3325E-01
  5.7000E+01  1.0189E-02  1.9758E+00  4.2523E-01  3.3325E-01
  5.7000E+01  1.0189E-02  1.9758E+00  4.2523E-01  3.3325E-01
  5.7000E+01  1.0189E-02  1.9758E+00  4.2523E-01  3.3325E-01
  5.7000E+01  1.0189E-02  1.9758E+00  4.2523E-01  3.3325E-01
  5.7000E+01  1.0189E-02  1.9758E+00  4.2523E-01  3.3325E-01
  5.8000E+01  5.6865E-03  1.2509E+00 -1.5796E-01 -1.2380E-01
  5.8000E+01  5.6865E-03  1.2509E+00 -1.5796E-01 -1.2380E-01
  5.8000E+01  5.6865E-03  1.2509E+00 -1.5796E-01 -1.2380E-01
  5.8000E+01  5.6865E-03  1.2509E+00 -1.5796E-01 -1.2380E-01
  5.8000E+01  5.6865E-03  1.2509E+00 -1.5796E-01 -1.2380E-01
  5.8000E+01  5.6865E-03  1.2509E+00 -1.5796E-01 -1.2380E-01
  5.8000E+01  5.6865E-03  1.2509E+00 -1.5796E-01 -1.2380E-01
  5.8000E+01  5.6865E-03  1.2509E+00 -1.5796E-01 -1.2380E-01
  5.8000E+01  5.6865E-03  1.2509E+00 -1.5796E-01 -1.2380E-01
  5.8000E+01  5.6865E-03  1.2509E+00 -1.5796E-01 -1.2380E-01
  5.8000E+01  5.6865E-03  1.2509E+00 -1.5796E-01 -1.2380E-01
  5.8000E+01  5.6865E-03  1.2509E+00 -1.5796E-01 -1.2380E-01
  5.8000E+01  5.6865E-03  1.2509E+00 -1.5796E-01 -1.2380E-01
  5.8000E+01  5.6865E-03  1.2509E+00 -1.5796E-01 -1.2380E-01
  5.8000E+01  5.6865E-03  1.2509E+00 -1.5796E-01 -1.2380E-01
  5.8000E+01  5.6865E-03  1.2509E+00 -1.5796E-01 -1.2380E-01
  5.9000E+01  4.1825E-03  9.8330E-01 -4.6516E-01 -3.6454E-01
  5.9000E+01  4.1825E-03  9.8330E-01 -4.6516E-01 -3.6454E-01
  5.9000E+01  4.1825E-03  9.8330E-01 -4.6516E-01 -3.6454E-01
  5.9000E+01  4.1825E-03  9.8330E-01 -4.6516E-01 -3.6454E-01
  5.9000E+01  4.1825E-03  9.8330E-01 -4.6516E-01 -3.6454E-01
  5.9000E+01  4.1825E-03  9.8330E-01 -4.6516E-01 -3.6454E-01
  5.9000E+01  4.1825E-03  9.8330E-01 -4.6516E-01 -3.6454E-01
  5.9000E+01  4.1825E-03  9.8330E-01 -4.6516E-01 -3.6454E-01
  5.9000E+01  4.1825E-03  9.8330E-01 -4.6516E-01 -3.6454E-01
  5.9000E+01  4.1825E-03  9.8330E-01 -4.6516E-01 -3.6454E-01
  5.9000E+01  4.1825E-03  9.8330E-01 -4.6516E-01 -3.6454E-01
  5.9000E+01  4.1825E-03  9.8330E-01 -4.6516E-01 -3.6454E-01
  5.9000E+01  4.1825E-03  9.8330E-01 -4.6516E-01 -3.6454E-01
  5.9000E+01  4.1825E-03  9.8330E-01 -4.6516E-01 -3.6454E-01
  5.9000E+01  4.1825E-03  9.8330E-01 -4.6516E-01 -3.6454E-01
  5.9000E+01  4.1825E-03  9.8330E-01 -4.6516E-01 -3.6454E-01
  5.9000E+01  4.1825E-03  9.8330E-01 -4.6516E-01 -3.6454E-01
