TABLE NO.  2
 ID          A           K           ETA1        ETA2
  1.0000E+00  5.0141E-01  1.3555E+03  3.0327E-02 -5.4455E-05
  1.0000E+00  5.0141E-01  1.3555E+03  3.0327E-02 -5.4455E-05
  1.0000E+00  5.0141E-01  1.3555E+03  3.0327E-02 -5.4455E-05
  1.0000E+00  5.0141E-01  1.3555E+03  3.0327E-02 -5.4455E-05
  1.0000E+00  5.0141E-01  1.3555E+03  3.0327E-02 -5.4455E-05
  1.0000E+00  5.0141E-01  1.3555E+03  3.0327E-02 -5.4455E-05
  1.0000E+00  5.0141E-01  1.3555E+03  3.0327E-02 -5.4455E-05
  1.0000E+00  5.0141E-01  1.3555E+03  3.0327E-02 -5.4455E-05
  2.0000E+00  5.1538E-01  1.3559E+03  5.7806E-02  2.0602E-04
  2.0000E+00  5.1538E-01  1.3559E+03  5.7806E-02  2.0602E-04
  2.0000E+00  5.1538E-01  1.3559E+03  5.7806E-02  2.0602E-04
  2.0000E+00  5.1538E-01  1.3559E+03  5.7806E-02  2.0602E-04
  2.0000E+00  5.1538E-01  1.3559E+03  5.7806E-02  2.0602E-04
  2.0000E+00  5.1538E-01  1.3559E+03  5.7806E-02  2.0602E-04
  2.0000E+00  5.1538E-01  1.3559E+03  5.7806E-02  2.0602E-04
  2.0000E+00  5.1538E-01  1.3559E+03  5.7806E-02  2.0602E-04
  2.0000E+00  5.1538E-01  1.3559E+03  5.7806E-02  2.0602E-04
  2.0000E+00  5.1538E-01  1.3559E+03  5.7806E-02  2.0602E-04
  2.0000E+00  5.1538E-01  1.3559E+03  5.7806E-02  2.0602E-04
  3.0000E+00  5.0536E-01  1.3558E+03  3.8169E-02  1.5589E-04
  3.0000E+00  5.0536E-01  1.3558E+03  3.8169E-02  1.5589E-04
  3.0000E+00  5.0536E-01  1.3558E+03  3.8169E-02  1.5589E-04
  3.0000E+00  5.0536E-01  1.3558E+03  3.8169E-02  1.5589E-04
  3.0000E+00  5.0536E-01  1.3558E+03  3.8169E-02  1.5589E-04
  3.0000E+00  5.0536E-01  1.3558E+03  3.8169E-02  1.5589E-04
  3.0000E+00  5.0536E-01  1.3558E+03  3.8169E-02  1.5589E-04
  3.0000E+00  5.0536E-01  1.3558E+03  3.8169E-02  1.5589E-04
  4.0000E+00  4.0552E-01  1.3555E+03 -1.8193E-01 -8.0447E-05
  4.0000E+00  4.0552E-01  1.3555E+03 -1.8193E-01 -8.0447E-05
  4.0000E+00  4.0552E-01  1.3555E+03 -1.8193E-01 -8.0447E-05
  4.0000E+00  4.0552E-01  1.3555E+03 -1.8193E-01 -8.0447E-05
  4.0000E+00  4.0552E-01  1.3555E+03 -1.8193E-01 -8.0447E-05
  4.0000E+00  4.0552E-01  1.3555E+03 -1.8193E-01 -8.0447E-05
  4.0000E+00  4.0552E-01  1.3555E+03 -1.8193E-01 -8.0447E-05
  4.0000E+00  4.0552E-01  1.3555E+03 -1.8193E-01 -8.0447E-05
  4.0000E+00  4.0552E-01  1.3555E+03 -1.8193E-01 -8.0447E-05
  4.0000E+00  4.0552E-01  1.3555E+03 -1.8193E-01 -8.0447E-05
  4.0000E+00  4.0552E-01  1.3555E+03 -1.8193E-01 -8.0447E-05
  4.0000E+00  4.0552E-01  1.3555E+03 -1.8193E-01 -8.0447E-05
  5.0000E+00  4.8269E-01  1.3556E+03 -7.7316E-03  1.5141E-05
  5.0000E+00  4.8269E-01  1.3556E+03 -7.7316E-03  1.5141E-05
  5.0000E+00  4.8269E-01  1.3556E+03 -7.7316E-03  1.5141E-05
  5.0000E+00  4.8269E-01  1.3556E+03 -7.7316E-03  1.5141E-05
  5.0000E+00  4.8269E-01  1.3556E+03 -7.7316E-03  1.5141E-05
  5.0000E+00  4.8269E-01  1.3556E+03 -7.7316E-03  1.5141E-05
  5.0000E+00  4.8269E-01  1.3556E+03 -7.7316E-03  1.5141E-05
  5.0000E+00  4.8269E-01  1.3556E+03 -7.7316E-03  1.5141E-05
  5.0000E+00  4.8269E-01  1.3556E+03 -7.7316E-03  1.5141E-05
  5.0000E+00  4.8269E-01  1.3556E+03 -7.7316E-03  1.5141E-05
  5.0000E+00  4.8269E-01  1.3556E+03 -7.7316E-03  1.5141E-05
  6.0000E+00  5.1846E-01  1.3556E+03  6.3759E-02 -1.6636E-05
  6.0000E+00  5.1846E-01  1.3556E+03  6.3759E-02 -1.6636E-05
  6.0000E+00  5.1846E-01  1.3556E+03  6.3759E-02 -1.6636E-05
  6.0000E+00  5.1846E-01  1.3556E+03  6.3759E-02 -1.6636E-05
  6.0000E+00  5.1846E-01  1.3556E+03  6.3759E-02 -1.6636E-05
  6.0000E+00  5.1846E-01  1.3556E+03  6.3759E-02 -1.6636E-05
  6.0000E+00  5.1846E-01  1.3556E+03  6.3759E-02 -1.6636E-05
  6.0000E+00  5.1846E-01  1.3556E+03  6.3759E-02 -1.6636E-05
  7.0000E+00  5.5022E-01  1.3554E+03  1.2322E-01 -1.3673E-04
  7.0000E+00  5.5022E-01  1.3554E+03  1.2322E-01 -1.3673E-04
  7.0000E+00  5.5022E-01  1.3554E+03  1.2322E-01 -1.3673E-04
  7.0000E+00  5.5022E-01  1.3554E+03  1.2322E-01 -1.3673E-04
  7.0000E+00  5.5022E-01  1.3554E+03  1.2322E-01 -1.3673E-04
  7.0000E+00  5.5022E-01  1.3554E+03  1.2322E-01 -1.3673E-04
  7.0000E+00  5.5022E-01  1.3554E+03  1.2322E-01 -1.3673E-04
  8.0000E+00  4.7130E-01  1.3555E+03 -3.1612E-02 -9.3122E-05
  8.0000E+00  4.7130E-01  1.3555E+03 -3.1612E-02 -9.3122E-05
  8.0000E+00  4.7130E-01  1.3555E+03 -3.1612E-02 -9.3122E-05
  8.0000E+00  4.7130E-01  1.3555E+03 -3.1612E-02 -9.3122E-05
  8.0000E+00  4.7130E-01  1.3555E+03 -3.1612E-02 -9.3122E-05
  8.0000E+00  4.7130E-01  1.3555E+03 -3.1612E-02 -9.3122E-05
  8.0000E+00  4.7130E-01  1.3555E+03 -3.1612E-02 -9.3122E-05
  9.0000E+00  4.3523E-01  1.3557E+03 -1.1122E-01  7.3776E-05
  9.0000E+00  4.3523E-01  1.3557E+03 -1.1122E-01  7.3776E-05
  9.0000E+00  4.3523E-01  1.3557E+03 -1.1122E-01  7.3776E-05
  9.0000E+00  4.3523E-01  1.3557E+03 -1.1122E-01  7.3776E-05
  9.0000E+00  4.3523E-01  1.3557E+03 -1.1122E-01  7.3776E-05
  9.0000E+00  4.3523E-01  1.3557E+03 -1.1122E-01  7.3776E-05
  9.0000E+00  4.3523E-01  1.3557E+03 -1.1122E-01  7.3776E-05
  9.0000E+00  4.3523E-01  1.3557E+03 -1.1122E-01  7.3776E-05
  9.0000E+00  4.3523E-01  1.3557E+03 -1.1122E-01  7.3776E-05
  9.0000E+00  4.3523E-01  1.3557E+03 -1.1122E-01  7.3776E-05
  1.0000E+01  4.3162E-01  1.3556E+03 -1.1955E-01  4.8990E-06
  1.0000E+01  4.3162E-01  1.3556E+03 -1.1955E-01  4.8990E-06
  1.0000E+01  4.3162E-01  1.3556E+03 -1.1955E-01  4.8990E-06
  1.0000E+01  4.3162E-01  1.3556E+03 -1.1955E-01  4.8990E-06
  1.0000E+01  4.3162E-01  1.3556E+03 -1.1955E-01  4.8990E-06
  1.0000E+01  4.3162E-01  1.3556E+03 -1.1955E-01  4.8990E-06
  1.0000E+01  4.3162E-01  1.3556E+03 -1.1955E-01  4.8990E-06
  1.0000E+01  4.3162E-01  1.3556E+03 -1.1955E-01  4.8990E-06
  1.0000E+01  4.3162E-01  1.3556E+03 -1.1955E-01  4.8990E-06
  1.0000E+01  4.3162E-01  1.3556E+03 -1.1955E-01  4.8990E-06
  1.1000E+01  4.1869E-01  1.3553E+03 -1.4996E-01 -2.1822E-04
  1.1000E+01  4.1869E-01  1.3553E+03 -1.4996E-01 -2.1822E-04
  1.1000E+01  4.1869E-01  1.3553E+03 -1.4996E-01 -2.1822E-04
  1.1000E+01  4.1869E-01  1.3553E+03 -1.4996E-01 -2.1822E-04
  1.1000E+01  4.1869E-01  1.3553E+03 -1.4996E-01 -2.1822E-04
  1.1000E+01  4.1869E-01  1.3553E+03 -1.4996E-01 -2.1822E-04
  1.1000E+01  4.1869E-01  1.3553E+03 -1.4996E-01 -2.1822E-04
  1.1000E+01  4.1869E-01  1.3553E+03 -1.4996E-01 -2.1822E-04
  1.1000E+01  4.1869E-01  1.3553E+03 -1.4996E-01 -2.1822E-04
  1.2000E+01  4.2363E-01  1.3559E+03 -1.3823E-01  2.5198E-04
  1.2000E+01  4.2363E-01  1.3559E+03 -1.3823E-01  2.5198E-04
  1.2000E+01  4.2363E-01  1.3559E+03 -1.3823E-01  2.5198E-04
  1.2000E+01  4.2363E-01  1.3559E+03 -1.3823E-01  2.5198E-04
  1.2000E+01  4.2363E-01  1.3559E+03 -1.3823E-01  2.5198E-04
  1.2000E+01  4.2363E-01  1.3559E+03 -1.3823E-01  2.5198E-04
  1.2000E+01  4.2363E-01  1.3559E+03 -1.3823E-01  2.5198E-04
  1.2000E+01  4.2363E-01  1.3559E+03 -1.3823E-01  2.5198E-04
  1.3000E+01  5.2227E-01  1.3564E+03  7.1096E-02  5.5652E-04
  1.3000E+01  5.2227E-01  1.3564E+03  7.1096E-02  5.5652E-04
  1.3000E+01  5.2227E-01  1.3564E+03  7.1096E-02  5.5652E-04
  1.3000E+01  5.2227E-01  1.3564E+03  7.1096E-02  5.5652E-04
  1.3000E+01  5.2227E-01  1.3564E+03  7.1096E-02  5.5652E-04
  1.3000E+01  5.2227E-01  1.3564E+03  7.1096E-02  5.5652E-04
  1.3000E+01  5.2227E-01  1.3564E+03  7.1096E-02  5.5652E-04
  1.3000E+01  5.2227E-01  1.3564E+03  7.1096E-02  5.5652E-04
  1.3000E+01  5.2227E-01  1.3564E+03  7.1096E-02  5.5652E-04
  1.4000E+01  4.0235E-01  1.3556E+03 -1.8978E-01  1.8167E-07
  1.4000E+01  4.0235E-01  1.3556E+03 -1.8978E-01  1.8167E-07
  1.4000E+01  4.0235E-01  1.3556E+03 -1.8978E-01  1.8167E-07
  1.4000E+01  4.0235E-01  1.3556E+03 -1.8978E-01  1.8167E-07
  1.4000E+01  4.0235E-01  1.3556E+03 -1.8978E-01  1.8167E-07
  1.4000E+01  4.0235E-01  1.3556E+03 -1.8978E-01  1.8167E-07
  1.4000E+01  4.0235E-01  1.3556E+03 -1.8978E-01  1.8167E-07
  1.5000E+01  6.3333E-01  1.3555E+03  2.6389E-01 -8.7551E-05
  1.5000E+01  6.3333E-01  1.3555E+03  2.6389E-01 -8.7551E-05
  1.5000E+01  6.3333E-01  1.3555E+03  2.6389E-01 -8.7551E-05
  1.5000E+01  6.3333E-01  1.3555E+03  2.6389E-01 -8.7551E-05
  1.5000E+01  6.3333E-01  1.3555E+03  2.6389E-01 -8.7551E-05
  1.5000E+01  6.3333E-01  1.3555E+03  2.6389E-01 -8.7551E-05
  1.6000E+01  5.2632E-01  1.3559E+03  7.8815E-02  2.3546E-04
  1.6000E+01  5.2632E-01  1.3559E+03  7.8815E-02  2.3546E-04
  1.6000E+01  5.2632E-01  1.3559E+03  7.8815E-02  2.3546E-04
  1.6000E+01  5.2632E-01  1.3559E+03  7.8815E-02  2.3546E-04
  1.6000E+01  5.2632E-01  1.3559E+03  7.8815E-02  2.3546E-04
  1.6000E+01  5.2632E-01  1.3559E+03  7.8815E-02  2.3546E-04
  1.6000E+01  5.2632E-01  1.3559E+03  7.8815E-02  2.3546E-04
  1.6000E+01  5.2632E-01  1.3559E+03  7.8815E-02  2.3546E-04
  1.6000E+01  5.2632E-01  1.3559E+03  7.8815E-02  2.3546E-04
  1.7000E+01  5.4010E-01  1.3552E+03  1.0466E-01 -2.7185E-04
  1.7000E+01  5.4010E-01  1.3552E+03  1.0466E-01 -2.7185E-04
  1.7000E+01  5.4010E-01  1.3552E+03  1.0466E-01 -2.7185E-04
  1.7000E+01  5.4010E-01  1.3552E+03  1.0466E-01 -2.7185E-04
  1.7000E+01  5.4010E-01  1.3552E+03  1.0466E-01 -2.7185E-04
  1.7000E+01  5.4010E-01  1.3552E+03  1.0466E-01 -2.7185E-04
  1.7000E+01  5.4010E-01  1.3552E+03  1.0466E-01 -2.7185E-04
  1.8000E+01  4.4740E-01  1.3559E+03 -8.3638E-02  2.0224E-04
  1.8000E+01  4.4740E-01  1.3559E+03 -8.3638E-02  2.0224E-04
  1.8000E+01  4.4740E-01  1.3559E+03 -8.3638E-02  2.0224E-04
  1.8000E+01  4.4740E-01  1.3559E+03 -8.3638E-02  2.0224E-04
  1.8000E+01  4.4740E-01  1.3559E+03 -8.3638E-02  2.0224E-04
  1.8000E+01  4.4740E-01  1.3559E+03 -8.3638E-02  2.0224E-04
  1.8000E+01  4.4740E-01  1.3559E+03 -8.3638E-02  2.0224E-04
  1.8000E+01  4.4740E-01  1.3559E+03 -8.3638E-02  2.0224E-04
  1.9000E+01  5.0233E-01  1.3554E+03  3.2163E-02 -1.5498E-04
  1.9000E+01  5.0233E-01  1.3554E+03  3.2163E-02 -1.5498E-04
  1.9000E+01  5.0233E-01  1.3554E+03  3.2163E-02 -1.5498E-04
  1.9000E+01  5.0233E-01  1.3554E+03  3.2163E-02 -1.5498E-04
  1.9000E+01  5.0233E-01  1.3554E+03  3.2163E-02 -1.5498E-04
  1.9000E+01  5.0233E-01  1.3554E+03  3.2163E-02 -1.5498E-04
  1.9000E+01  5.0233E-01  1.3554E+03  3.2163E-02 -1.5498E-04
  1.9000E+01  5.0233E-01  1.3554E+03  3.2163E-02 -1.5498E-04
  2.0000E+01  5.6419E-01  1.3552E+03  1.4830E-01 -3.2100E-04
  2.0000E+01  5.6419E-01  1.3552E+03  1.4830E-01 -3.2100E-04
  2.0000E+01  5.6419E-01  1.3552E+03  1.4830E-01 -3.2100E-04
  2.0000E+01  5.6419E-01  1.3552E+03  1.4830E-01 -3.2100E-04
  2.0000E+01  5.6419E-01  1.3552E+03  1.4830E-01 -3.2100E-04
  2.0000E+01  5.6419E-01  1.3552E+03  1.4830E-01 -3.2100E-04
  2.0000E+01  5.6419E-01  1.3552E+03  1.4830E-01 -3.2100E-04
  2.0000E+01  5.6419E-01  1.3552E+03  1.4830E-01 -3.2100E-04
  2.0000E+01  5.6419E-01  1.3552E+03  1.4830E-01 -3.2100E-04
  2.0000E+01  5.6419E-01  1.3552E+03  1.4830E-01 -3.2100E-04
