TABLE NO.  1
 ID          TIME        DV          MDV         IPRE        IWRE        CWRES       DV          PRED        RES         WRES
  1.0000E+00  7.0000E+00  5.0022E+01  0.0000E+00  3.2662E+01  4.0278E-01  4.1627E-01  5.0022E+01  2.9482E+01  2.0540E+01  4.2028E-01
  1.0000E+00  1.1000E+01  3.0952E+02  0.0000E+00  2.1015E+02  2.0150E+00  2.1291E+00  3.0952E+02  1.8252E+02  1.2700E+02  2.2112E+00
  1.0000E+00  1.2000E+01  3.2490E+02  0.0000E+00  3.1515E+02  1.7311E-01  3.3643E-01  3.2490E+02  2.7378E+02  5.1115E+01  3.8014E-01
  1.0000E+00  1.3000E+01  4.5084E+02  0.0000E+00  4.5193E+02 -1.6050E-02  1.9137E-01  4.5084E+02  3.9529E+02  5.5552E+01  2.2514E-01
  1.0000E+00  1.4000E+01  5.7245E+02  0.0000E+00  6.1308E+02 -4.9068E-01 -2.6016E-01  5.7245E+02  5.4363E+02  2.8824E+01 -2.5242E-01
  1.0000E+00  1.5000E+01  6.6434E+02  0.0000E+00  7.8197E+02 -1.1764E+00 -9.5177E-01  6.6434E+02  7.0667E+02 -4.2330E+01 -9.7511E-01
  1.0000E+00  1.8000E+01  1.1517E+03  0.0000E+00  1.1656E+03 -9.8292E-02  1.4331E-02  1.1517E+03  1.1172E+03  3.4506E+01  7.6049E-03
  1.0000E+00  1.9000E+01  1.3384E+03  0.0000E+00  1.2338E+03  7.0311E-01  7.8149E-01  1.3384E+03  1.1984E+03  1.4001E+02  7.9094E-01
  2.0000E+00  5.0000E+00  5.4886E+01  0.0000E+00  1.3039E+01  9.7410E-01  9.7694E-01  5.4886E+01  1.1297E+01  4.3589E+01  9.7884E-01
  2.0000E+00  6.0000E+00  5.9408E+01  0.0000E+00  2.1691E+01  8.7701E-01  8.8266E-01  5.9408E+01  1.8279E+01  4.1129E+01  8.8739E-01
  2.0000E+00  7.0000E+00  8.5662E+01  0.0000E+00  3.5929E+01  1.1530E+00  1.1638E+00  8.5662E+01  2.9482E+01  5.6180E+01  1.1752E+00
  2.0000E+00  1.1000E+01  2.6157E+02  0.0000E+00  2.3891E+02  4.4409E-01  5.4290E-01  2.6157E+02  1.8252E+02  7.9049E+01  6.5647E-01
  2.0000E+00  1.2000E+01  4.1227E+02  0.0000E+00  3.5752E+02  9.1905E-01  1.0656E+00  4.1227E+02  2.7378E+02  1.3849E+02  1.2450E+00
  2.0000E+00  1.3000E+01  4.8845E+02  0.0000E+00  5.0823E+02 -2.7200E-01 -7.9671E-02  4.8845E+02  3.9529E+02  9.3161E+01 -5.0991E-02
  2.0000E+00  1.4000E+01  6.1886E+02  0.0000E+00  6.7924E+02 -6.7533E-01 -4.5697E-01  6.1886E+02  5.4363E+02  7.5228E+01 -5.3143E-01
  2.0000E+00  1.5000E+01  7.9900E+02  0.0000E+00  8.5009E+02 -4.7687E-01 -2.6255E-01  7.9900E+02  7.0667E+02  9.2330E+01 -3.6489E-01
  2.0000E+00  1.8000E+01  1.2187E+03  0.0000E+00  1.2033E+03  1.0577E-01  2.1003E-01  1.2187E+03  1.1172E+03  1.0154E+02  1.2747E-01
  2.0000E+00  1.9000E+01  1.4155E+03  0.0000E+00  1.2604E+03  1.0215E+00  1.0931E+00  1.4155E+03  1.1984E+03  2.1710E+02  1.0627E+00
  2.0000E+00  2.0000E+01  1.4102E+03  0.0000E+00  1.2972E+03  7.2465E-01  7.7225E-01  1.4102E+03  1.2544E+03  1.5574E+02  7.3911E-01
  3.0000E+00  6.0000E+00  8.9231E+01  0.0000E+00  2.0444E+01  1.5998E+00  1.6001E+00  8.9231E+01  1.8279E+01  7.0952E+01  1.6012E+00
  3.0000E+00  7.0000E+00  1.5735E+02  0.0000E+00  3.3555E+01  2.8718E+00  2.8724E+00  1.5735E+02  2.9482E+01  1.2787E+02  2.8771E+00
  3.0000E+00  1.1000E+01  2.2170E+02  0.0000E+00  2.1798E+02  7.4742E-02  8.7070E-02  2.2170E+02  1.8252E+02  3.9175E+01  1.1092E-01
  3.0000E+00  1.2000E+01  3.2749E+02  0.0000E+00  3.2677E+02  1.2614E-02  3.9118E-02  3.2749E+02  2.7378E+02  5.3711E+01  5.6948E-02
  3.0000E+00  1.3000E+01  4.6144E+02  0.0000E+00  4.6755E+02 -8.8585E-02 -4.0985E-02  4.6144E+02  3.9529E+02  6.6148E+01 -4.7146E-02
  3.0000E+00  1.4000E+01  6.4145E+02  0.0000E+00  6.3174E+02  1.1461E-01  1.8299E-01  6.4145E+02  5.4363E+02  9.7818E+01  1.6086E-01
  3.0000E+00  1.5000E+01  7.4687E+02  0.0000E+00  8.0157E+02 -5.3604E-01 -4.5649E-01  7.4687E+02  7.0667E+02  4.0201E+01 -5.3739E-01
  3.0000E+00  1.8000E+01  1.3595E+03  0.0000E+00  1.1771E+03  1.2792E+00  1.3299E+00  1.3595E+03  1.1172E+03  2.4228E+02  1.3145E+00
  4.0000E+00  6.0000E+00  5.5349E+01  0.0000E+00  1.1308E+01  1.0253E+00  1.0200E+00  5.5349E+01  1.8279E+01  3.7070E+01  1.0272E+00
  4.0000E+00  7.0000E+00  5.6176E+01  0.0000E+00  1.6892E+01  9.1405E-01  9.0485E-01  5.6176E+01  2.9482E+01  2.6694E+01  9.2669E-01
  4.0000E+00  1.1000E+01  1.0333E+02  0.0000E+00  8.1412E+01  4.9872E-01  4.3222E-01  1.0333E+02  1.8252E+02 -7.9193E+01  7.1140E-01
  4.0000E+00  1.2000E+01  1.5532E+02  0.0000E+00  1.1856E+02  8.1566E-01  7.1286E-01  1.5532E+02  2.7378E+02 -1.1846E+02  9.5675E-01
  4.0000E+00  1.3000E+01  1.6796E+02  0.0000E+00  1.7040E+02 -5.1707E-02 -2.0570E-01  1.6796E+02  3.9529E+02 -2.2733E+02  1.1477E-01
  4.0000E+00  1.4000E+01  2.1938E+02  0.0000E+00  2.4050E+02 -4.1299E-01 -6.3468E-01  2.1938E+02  5.4363E+02 -3.2425E+02 -4.2135E-01
  4.0000E+00  1.5000E+01  4.1238E+02  0.0000E+00  3.3136E+02  1.4086E+00  1.1053E+00  4.1238E+02  7.0667E+02 -2.9429E+02  2.4864E-01
  4.0000E+00  1.8000E+01  5.8419E+02  0.0000E+00  7.0761E+02 -1.3370E+00 -1.8396E+00  5.8419E+02  1.1172E+03 -5.3299E+02 -2.3176E+00
  4.0000E+00  1.9000E+01  7.6207E+02  0.0000E+00  8.4173E+02 -7.4962E-01 -1.2501E+00  7.6207E+02  1.1984E+03 -4.3629E+02 -1.9055E+00
  4.0000E+00  2.0000E+01  8.8033E+02  0.0000E+00  9.6347E+02 -6.9717E-01 -1.1563E+00  8.8033E+02  1.2544E+03 -3.7409E+02 -1.7305E+00
  4.0000E+00  2.1000E+01  1.0401E+03  0.0000E+00  1.0663E+03 -2.0096E-01 -5.9315E-01  1.0401E+03  1.2915E+03 -2.5148E+02 -1.1265E+00
  4.0000E+00  2.2000E+01  1.3351E+03  0.0000E+00  1.1479E+03  1.3435E+00  1.0271E+00  1.3351E+03  1.3155E+03  1.9646E+01  4.4795E-01
  5.0000E+00  5.0000E+00  6.8809E+01  0.0000E+00  1.1089E+01  1.3438E+00  1.3474E+00  6.8809E+01  1.1297E+01  5.7512E+01  1.3466E+00
  5.0000E+00  6.0000E+00  5.9853E+01  0.0000E+00  1.7878E+01  9.7655E-01  9.8339E-01  5.9853E+01  1.8279E+01  4.1574E+01  9.8202E-01
  5.0000E+00  7.0000E+00  5.8989E+01  0.0000E+00  2.8735E+01  7.0257E-01  7.1526E-01  5.8989E+01  2.9482E+01  2.9507E+01  7.1277E-01
  5.0000E+00  1.1000E+01  1.7966E+02  0.0000E+00  1.7611E+02  7.4778E-02  1.7546E-01  1.7966E+02  1.8252E+02 -2.8589E+00  1.5686E-01
  5.0000E+00  1.2000E+01  3.0979E+02  0.0000E+00  2.6409E+02  8.6773E-01  1.0081E+00  3.0979E+02  2.7378E+02  3.6007E+01  9.5577E-01
  5.0000E+00  1.3000E+01  4.7057E+02  0.0000E+00  3.8179E+02  1.4426E+00  1.6148E+00  4.7057E+02  3.9529E+02  7.5281E+01  1.5008E+00
  5.0000E+00  1.4000E+01  4.8093E+02  0.0000E+00  5.2664E+02 -6.1405E-01 -4.3024E-01  4.8093E+02  5.4363E+02 -6.2697E+01 -4.2371E-01
  5.0000E+00  1.5000E+01  4.8878E+02  0.0000E+00  6.8764E+02 -2.2029E+00 -2.0307E+00  4.8878E+02  7.0667E+02 -2.1789E+02 -1.9121E+00
  5.0000E+00  1.8000E+01  1.0217E+03  0.0000E+00  1.1037E+03 -6.0923E-01 -5.2831E-01  1.0217E+03  1.1172E+03 -9.5464E+01 -5.3067E-01
  5.0000E+00  1.9000E+01  1.2785E+03  0.0000E+00  1.1882E+03  6.2814E-01  6.8442E-01  1.2785E+03  1.1984E+03  8.0162E+01  6.6303E-01
  5.0000E+00  2.0000E+01  1.3774E+03  0.0000E+00  1.2472E+03  8.6626E-01  9.0430E-01  1.3774E+03  1.2544E+03  1.2297E+02  8.8842E-01
  6.0000E+00  6.0000E+00  4.6502E+01  0.0000E+00  2.2088E+01  5.6765E-01  5.7326E-01  4.6502E+01  1.8279E+01  2.8223E+01  5.7787E-01
  6.0000E+00  7.0000E+00  5.5155E+01  0.0000E+00  3.6690E+01  4.2802E-01  4.3877E-01  5.5155E+01  2.9482E+01  2.5673E+01  4.4954E-01
  6.0000E+00  1.1000E+01  2.5122E+02  0.0000E+00  2.4564E+02  1.0857E-01  2.0359E-01  2.5122E+02  1.8252E+02  6.8698E+01  3.0876E-01
  6.0000E+00  1.2000E+01  3.4118E+02  0.0000E+00  3.6731E+02 -4.3298E-01 -2.9525E-01  3.4118E+02  2.7378E+02  6.7394E+01 -2.3878E-01
  6.0000E+00  1.3000E+01  4.3833E+02  0.0000E+00  5.2096E+02 -1.1179E+00 -9.3990E-01  4.3833E+02  3.9529E+02  4.3045E+01 -1.0196E+00
  6.0000E+00  1.4000E+01  8.5995E+02  0.0000E+00  6.9377E+02  1.8283E+00  2.0292E+00  8.5995E+02  5.4363E+02  3.1633E+02  2.2766E+00
  6.0000E+00  1.5000E+01  8.5473E+02  0.0000E+00  8.6452E+02 -9.0119E-02  1.0693E-01  8.5473E+02  7.0667E+02  1.4806E+02  3.4526E-02
  6.0000E+00  1.8000E+01  1.1433E+03  0.0000E+00  1.2104E+03 -4.5925E-01 -3.6410E-01  1.1433E+03  1.1172E+03  2.6096E+01 -4.9646E-01
  7.0000E+00  6.0000E+00  9.4728E+01  0.0000E+00  2.6635E+01  1.5820E+00  1.6020E+00  9.4728E+01  1.8279E+01  7.6449E+01  1.6317E+00
  7.0000E+00  7.0000E+00  1.2609E+02  0.0000E+00  4.5519E+01  1.8628E+00  1.9023E+00  1.2609E+02  2.9482E+01  9.6612E+01  1.9699E+00
  7.0000E+00  1.1000E+01  3.3314E+02  0.0000E+00  3.2382E+02  1.6368E-01  5.0782E-01  3.3314E+02  1.8252E+02  1.5061E+02  1.0517E+00
  7.0000E+00  1.2000E+01  5.3868E+02  0.0000E+00  4.7766E+02  8.7292E-01  1.3348E+00  5.3868E+02  2.7378E+02  2.6490E+02  2.1396E+00
  7.0000E+00  1.3000E+01  6.6993E+02  0.0000E+00  6.5798E+02  1.3693E-01  6.6722E-01  6.6993E+02  3.9529E+02  2.7464E+02  1.1279E+00
  7.0000E+00  1.4000E+01  7.6253E+02  0.0000E+00  8.4114E+02 -7.4017E-01 -2.2151E-01  7.6253E+02  5.4363E+02  2.1890E+02 -3.0719E-01
  7.0000E+00  1.5000E+01  9.2372E+02  0.0000E+00  1.0020E+03 -6.3447E-01 -1.9470E-01  9.2372E+02  7.0667E+02  2.1705E+02 -4.5956E-01
  8.0000E+00  1.1000E+01  2.0116E+02  0.0000E+00  1.5779E+02  9.3008E-01  9.2351E-01  2.0116E+02  1.8252E+02  1.8641E+01  8.7975E-01
  8.0000E+00  1.2000E+01  3.1638E+02  0.0000E+00  2.3623E+02  1.5758E+00  1.5650E+00  3.1638E+02  2.7378E+02  4.2602E+01  1.4414E+00
  8.0000E+00  1.3000E+01  3.3824E+02  0.0000E+00  3.4251E+02 -7.3220E-02 -9.0657E-02  3.3824E+02  3.9529E+02 -5.7050E+01 -1.1557E-01
  8.0000E+00  1.4000E+01  4.1196E+02  0.0000E+00  4.7627E+02 -9.2174E-01 -9.4892E-01  4.1196E+02  5.4363E+02 -1.3167E+02 -8.7359E-01
  8.0000E+00  1.5000E+01  5.8667E+02  0.0000E+00  6.2979E+02 -5.1061E-01 -5.4872E-01  5.8667E+02  7.0667E+02 -1.2000E+02 -5.3755E-01
  8.0000E+00  1.8000E+01  9.9188E+02  0.0000E+00  1.0588E+03 -5.1624E-01 -5.5918E-01  9.9188E+02  1.1172E+03 -1.2530E+02 -5.7781E-01
  8.0000E+00  1.9000E+01  1.2199E+03  0.0000E+00  1.1537E+03  4.7304E-01  4.3795E-01  1.2199E+03  1.1984E+03  2.1532E+01  3.7943E-01
  9.0000E+00  6.0000E+00  1.8567E+01  0.0000E+00  1.3493E+01  1.1812E-01  1.1108E-01  1.8567E+01  1.8279E+01  2.8823E-01  1.1533E-01
  9.0000E+00  7.0000E+00  7.3294E+01  0.0000E+00  2.0738E+01  1.2222E+00  1.2097E+00  7.3294E+01  2.9482E+01  4.3812E+01  1.2195E+00
  9.0000E+00  1.1000E+01  1.2682E+02  0.0000E+00  1.1032E+02  3.6836E-01  2.7093E-01  1.2682E+02  1.8252E+02 -5.5703E+01  3.9416E-01
  9.0000E+00  1.2000E+01  2.2266E+02  0.0000E+00  1.6324E+02  1.2672E+00  1.1175E+00  2.2266E+02  2.7378E+02 -5.1120E+01  1.1211E+00
  9.0000E+00  1.3000E+01  2.4473E+02  0.0000E+00  2.3672E+02  1.5733E-01 -6.0941E-02  2.4473E+02  3.9529E+02 -1.5056E+02  5.2438E-02
  9.0000E+00  1.4000E+01  3.3363E+02  0.0000E+00  3.3400E+02 -6.4866E-03 -3.0432E-01  3.3363E+02  5.4363E+02 -2.1000E+02 -2.5095E-01
  9.0000E+00  1.5000E+01  3.6748E+02  0.0000E+00  4.5501E+02 -1.2901E+00 -1.6649E+00  3.6748E+02  7.0667E+02 -3.3919E+02 -1.3563E+00
  9.0000E+00  1.8000E+01  8.0578E+02  0.0000E+00  8.8239E+02 -6.9281E-01 -1.1162E+00  8.0578E+02  1.1172E+03 -3.1140E+02 -1.2573E+00
  9.0000E+00  1.9000E+01  1.0300E+03  0.0000E+00  1.0064E+03  1.9090E-01 -1.7684E-01  1.0300E+03  1.1984E+03 -1.6834E+02 -4.5353E-01
  9.0000E+00  2.0000E+01  1.2728E+03  0.0000E+00  1.1070E+03  1.2293E+00  9.3161E-01  1.2728E+03  1.2544E+03  1.8407E+01  5.9643E-01
  1.0000E+01  6.0000E+00  2.6880E+01  0.0000E+00  1.3206E+01  3.1829E-01  3.1225E-01  2.6880E+01  1.8279E+01  8.6009E+00  3.1494E-01
  1.0000E+01  1.1000E+01  1.4415E+02  0.0000E+00  1.0636E+02  8.4618E-01  7.6354E-01  1.4415E+02  1.8252E+02 -3.8373E+01  8.4513E-01
  1.0000E+01  1.2000E+01  1.9340E+02  0.0000E+00  1.5712E+02  7.7840E-01  6.5130E-01  1.9340E+02  2.7378E+02 -8.0379E+01  7.0601E-01
  1.0000E+01  1.3000E+01  2.8117E+02  0.0000E+00  2.2768E+02  1.0624E+00  8.7627E-01  2.8117E+02  3.9529E+02 -1.1412E+02  7.5741E-01
  1.0000E+01  1.4000E+01  2.9489E+02  0.0000E+00  3.2144E+02 -4.6779E-01 -7.2405E-01  2.9489E+02  5.4363E+02 -2.4874E+02 -5.8176E-01
  1.0000E+01  1.5000E+01  3.9188E+02  0.0000E+00  4.3878E+02 -7.0605E-01 -1.0332E+00  3.9188E+02  7.0667E+02 -3.1478E+02 -9.6242E-01
  1.0000E+01  1.8000E+01  7.4496E+02  0.0000E+00  8.6213E+02 -1.0807E+00 -1.4749E+00  7.4496E+02  1.1172E+03 -3.7223E+02 -1.6268E+00
  1.0000E+01  1.9000E+01  9.9033E+02  0.0000E+00  9.8824E+02  1.7156E-02 -3.3243E-01  9.9033E+02  1.1984E+03 -2.0804E+02 -6.7478E-01
  1.0000E+01  2.0000E+01  1.0853E+03  0.0000E+00  1.0920E+03 -5.0040E-02 -3.3813E-01  1.0853E+03  1.2544E+03 -1.6910E+02 -6.0566E-01
  1.0000E+01  2.1000E+01  1.3312E+03  0.0000E+00  1.1719E+03  1.1222E+00  8.9814E-01  1.3312E+03  1.2915E+03  3.9640E+01  5.9435E-01
  1.1000E+01  9.0000E+00  1.3992E+01  0.0000E+00  4.1993E+01 -6.4808E-01 -6.8210E-01  1.3992E+01  7.5300E+01 -6.1308E+01 -4.9210E-01
  1.1000E+01  1.0000E+01  2.3745E+01  0.0000E+00  6.2817E+01 -8.9734E-01 -9.5291E-01  2.3745E+01  1.1836E+02 -9.4612E+01 -6.1281E-01
  1.1000E+01  1.1000E+01  4.2285E+01  0.0000E+00  9.3233E+01 -1.1510E+00 -1.2394E+00  4.2285E+01  1.8252E+02 -1.4024E+02 -6.8501E-01
  1.1000E+01  1.4000E+01  3.0702E+02  0.0000E+00  2.7917E+02  5.1882E-01  2.4141E-01  3.0702E+02  5.4363E+02 -2.3660E+02  4.1648E-01
  1.1000E+01  1.5000E+01  4.3996E+02  0.0000E+00  3.8328E+02  9.1925E-01  5.5868E-01  4.3996E+02  7.0667E+02 -2.6671E+02  2.8324E-01
  1.1000E+01  1.6000E+01  5.4535E+02  0.0000E+00  5.0789E+02  5.1531E-01  8.1682E-02  5.4535E+02  8.6643E+02 -3.2108E+02 -3.2483E-01
  1.1000E+01  1.7000E+01  6.0547E+02  0.0000E+00  6.4608E+02 -4.7183E-01 -9.5075E-01  6.0547E+02  1.0063E+03 -4.0083E+02 -1.2161E+00
  1.1000E+01  1.8000E+01  7.4313E+02  0.0000E+00  7.8696E+02 -4.3611E-01 -9.2043E-01  7.4313E+02  1.1172E+03 -3.7405E+02 -1.2977E+00
  1.1000E+01  2.1000E+01  9.6310E+02  0.0000E+00  1.1241E+03 -1.1776E+00 -1.4914E+00  9.6310E+02  1.2915E+03 -3.2845E+02 -1.6662E+00
  1.2000E+01  1.1000E+01  1.0937E+02  0.0000E+00  9.8064E+01  2.5457E-01  1.9685E-01  1.0937E+02  1.8252E+02 -7.3156E+01  5.6221E-01
  1.2000E+01  1.4000E+01  3.9051E+02  0.0000E+00  2.9483E+02  1.7460E+00  1.5448E+00  3.9051E+02  5.4363E+02 -1.5312E+02  1.2700E+00
  1.2000E+01  1.5000E+01  4.3064E+02  0.0000E+00  4.0402E+02  4.1983E-01  1.4408E-01  4.3064E+02  7.0667E+02 -2.7603E+02  2.9533E-02
  1.2000E+01  1.6000E+01  4.1365E+02  0.0000E+00  5.3331E+02 -1.5940E+00 -1.9411E+00  4.1365E+02  8.6643E+02 -4.5278E+02 -1.6117E+00
  1.2000E+01  1.7000E+01  5.4487E+02  0.0000E+00  6.7466E+02 -1.4591E+00 -1.8543E+00  5.4487E+02  1.0063E+03 -4.6144E+02 -1.7857E+00
  1.2000E+01  1.8000E+01  7.4950E+02  0.0000E+00  8.1630E+02 -6.4493E-01 -1.0506E+00  7.4950E+02  1.1172E+03 -3.6769E+02 -1.3176E+00
  1.2000E+01  2.1000E+01  1.3128E+03  0.0000E+00  1.1438E+03  1.2171E+00  9.5675E-01  1.3128E+03  1.2915E+03  2.1280E+01  5.6260E-01
  1.2000E+01  2.2000E+01  1.4148E+03  0.0000E+00  1.2091E+03  1.4076E+00  1.2089E+00  1.4148E+03  1.3155E+03  9.9266E+01  9.0763E-01
  1.3000E+01  7.0000E+00  4.9278E+01  0.0000E+00  3.7656E+01  2.6931E-01  2.7557E-01  4.9278E+01  2.9482E+01  1.9796E+01  2.7740E-01
  1.3000E+01  8.0000E+00  7.6058E+01  0.0000E+00  6.2297E+01  3.1611E-01  3.2765E-01  7.6058E+01  4.7308E+01  2.8750E+01  3.3619E-01
  1.3000E+01  9.0000E+00  1.4878E+02  0.0000E+00  1.0182E+02  1.0550E+00  1.0753E+00  1.4878E+02  7.5300E+01  7.3481E+01  1.1093E+00
  1.3000E+01  1.0000E+01  1.1859E+02  0.0000E+00  1.6324E+02 -9.5230E-01 -9.1916E-01  1.1859E+02  1.1836E+02  2.3414E-01 -9.2515E-01
  1.3000E+01  1.1000E+01  2.0243E+02  0.0000E+00  2.5422E+02 -9.9581E-01 -9.4620E-01  2.0243E+02  1.8252E+02  1.9904E+01 -9.8768E-01
  1.3000E+01  1.4000E+01  5.6855E+02  0.0000E+00  7.1207E+02 -1.5471E+00 -1.4457E+00  5.6855E+02  5.4363E+02  2.4921E+01 -1.8506E+00
  1.3000E+01  1.5000E+01  1.0068E+03  0.0000E+00  8.8264E+02  1.1221E+00  1.2268E+00  1.0068E+03  7.0667E+02  3.0008E+02  1.1303E+00
  1.3000E+01  1.6000E+01  1.0851E+03  0.0000E+00  1.0288E+03  4.4537E-01  5.3991E-01  1.0851E+03  8.6643E+02  2.1866E+02  2.9786E-01
  1.3000E+01  1.7000E+01  1.4921E+03  0.0000E+00  1.1409E+03  2.5340E+00  2.6102E+00  1.4921E+03  1.0063E+03  4.8576E+02  2.5578E+00
  1.4000E+01  1.1000E+01  6.9900E+01  0.0000E+00  7.8782E+01 -2.0238E-01 -3.1578E-01  6.9900E+01  1.8252E+02 -1.1262E+02  3.5106E-01
  1.4000E+01  1.4000E+01  2.4218E+02  0.0000E+00  2.3184E+02  2.0446E-01 -1.6002E-01  2.4218E+02  5.4363E+02 -3.0144E+02  3.2879E-01
  1.4000E+01  1.5000E+01  3.7053E+02  0.0000E+00  3.1960E+02  8.9957E-01  4.1290E-01  3.7053E+02  7.0667E+02 -3.3613E+02  2.2366E-01
  1.4000E+01  1.6000E+01  4.0819E+02  0.0000E+00  4.2794E+02 -3.0168E-01 -9.0860E-01  4.0819E+02  8.6643E+02 -4.5824E+02 -9.8887E-01
  1.4000E+01  1.7000E+01  5.2224E+02  0.0000E+00  5.5338E+02 -4.0449E-01 -1.1053E+00  5.2224E+02  1.0063E+03 -4.8407E+02 -1.4467E+00
  1.4000E+01  1.8000E+01  6.1625E+02  0.0000E+00  6.8831E+02 -7.9757E-01 -1.5432E+00  6.1625E+02  1.1172E+03 -5.0093E+02 -1.9072E+00
  1.4000E+01  2.1000E+01  1.1427E+03  0.0000E+00  1.0509E+03  7.1306E-01  1.4847E-01  1.1427E+03  1.2915E+03 -1.4886E+02 -4.1280E-01
  1.5000E+01  4.0000E+00  3.4157E+01  0.0000E+00  1.2488E+01  5.0442E-01  5.3189E-01  3.4157E+01  6.9679E+00  2.7189E+01  5.4243E-01
  1.5000E+01  7.0000E+00  1.5356E+02  0.0000E+00  7.9338E+01  1.6908E+00  1.9791E+00  1.5356E+02  2.9482E+01  1.2408E+02  2.2227E+00
  1.5000E+01  8.0000E+00  2.4071E+02  0.0000E+00  1.4211E+02  2.1452E+00  2.6992E+00  2.4071E+02  4.7308E+01  1.9340E+02  3.2849E+00
  1.5000E+01  9.0000E+00  2.7921E+02  0.0000E+00  2.4501E+02  6.6512E-01  1.6171E+00  2.7921E+02  7.5300E+01  2.0391E+02  2.6112E+00
  1.5000E+01  1.0000E+01  4.2300E+02  0.0000E+00  3.9799E+02  3.9767E-01  1.7924E+00  4.2300E+02  1.1836E+02  3.0464E+02  3.4291E+00
  1.5000E+01  1.1000E+01  4.2466E+02  0.0000E+00  5.9528E+02 -2.1050E+00 -4.2403E-01  4.2466E+02  1.8252E+02  2.4214E+02  1.0339E-01
  1.6000E+01  7.0000E+00  6.7362E+01  0.0000E+00  3.8707E+01  6.6382E-01  6.6897E-01  6.7362E+01  2.9482E+01  3.7880E+01  6.9134E-01
  1.6000E+01  8.0000E+00  7.3277E+01  0.0000E+00  6.4249E+01  2.0720E-01  2.1694E-01  7.3277E+01  4.7308E+01  2.5969E+01  2.6133E-01
  1.6000E+01  9.0000E+00  8.1923E+01  0.0000E+00  1.0530E+02 -5.2385E-01 -5.0578E-01  8.1923E+01  7.5300E+01  6.6226E+00 -4.3470E-01
  1.6000E+01  1.0000E+01  1.4119E+02  0.0000E+00  1.6914E+02 -5.9248E-01 -5.5926E-01  1.4119E+02  1.1836E+02  2.2836E+01 -4.5232E-01
  1.6000E+01  1.1000E+01  2.9142E+02  0.0000E+00  2.6353E+02  5.2989E-01  5.8981E-01  2.9142E+02  1.8252E+02  1.0889E+02  8.2393E-01
  1.6000E+01  1.4000E+01  7.1939E+02  0.0000E+00  7.3108E+02 -1.2338E-01  5.3730E-02  7.1939E+02  5.4363E+02  1.7576E+02  2.5294E-02
  1.6000E+01  1.5000E+01  8.9126E+02  0.0000E+00  9.0099E+02 -8.6434E-02  9.3005E-02  8.9126E+02  7.0667E+02  1.8459E+02 -4.5117E-02
  1.6000E+01  1.6000E+01  1.0261E+03  0.0000E+00  1.0444E+03 -1.4266E-01  1.3666E-02  1.0261E+03  8.6643E+02  1.5969E+02 -1.9963E-01
  1.6000E+01  1.7000E+01  1.3878E+03  0.0000E+00  1.1528E+03  1.6800E+00  1.8015E+00  1.3878E+03  1.0063E+03  3.8147E+02  1.7613E+00
  1.7000E+01  9.0000E+00  9.5995E+01  0.0000E+00  1.1799E+02 -4.8827E-01 -2.4938E-01  9.5995E+01  7.5300E+01  2.0695E+01 -6.1177E-02
  1.7000E+01  1.0000E+01  2.6843E+02  0.0000E+00  1.9061E+02  1.6131E+00  2.0057E+00  2.6843E+02  1.1836E+02  1.5007E+02  2.4555E+00
  1.7000E+01  1.1000E+01  3.7577E+02  0.0000E+00  2.9718E+02  1.4299E+00  2.0099E+00  3.7577E+02  1.8252E+02  1.9325E+02  2.7139E+00
  1.7000E+01  1.4000E+01  6.3909E+02  0.0000E+00  7.9516E+02 -1.5396E+00 -7.4640E-01  6.3909E+02  5.4363E+02  9.5461E+01 -7.0562E-01
  1.7000E+01  1.5000E+01  9.2436E+02  0.0000E+00  9.6087E+02 -3.0691E-01  3.6077E-01  9.2436E+02  7.0667E+02  2.1769E+02  5.5912E-01
  1.7000E+01  1.6000E+01  8.8997E+02  0.0000E+00  1.0937E+03 -1.5271E+00 -1.0204E+00  8.8997E+02  8.6643E+02  2.3545E+01 -1.1706E+00
  1.7000E+01  1.7000E+01  1.2785E+03  0.0000E+00  1.1895E+03  6.1878E-01  9.7487E-01  1.2785E+03  1.0063E+03  2.7224E+02  1.0870E+00
  1.8000E+01  9.0000E+00  7.0744E+01  0.0000E+00  5.3883E+01  3.8867E-01  3.4193E-01  7.0744E+01  7.5300E+01 -4.5557E+00  4.2181E-01
  1.8000E+01  1.0000E+01  9.4620E+01  0.0000E+00  8.2438E+01  2.7703E-01  1.9957E-01  9.4620E+01  1.1836E+02 -2.3736E+01  3.3382E-01
  1.8000E+01  1.1000E+01  1.1829E+02  0.0000E+00  1.2468E+02 -1.4103E-01 -2.6472E-01  1.1829E+02  1.8252E+02 -6.4235E+01 -4.4652E-02
  1.8000E+01  1.4000E+01  3.2642E+02  0.0000E+00  3.7873E+02 -8.5352E-01 -1.2041E+00  3.2642E+02  5.4363E+02 -2.1721E+02 -7.7980E-01
  1.8000E+01  1.5000E+01  4.7725E+02  0.0000E+00  5.1177E+02 -4.7252E-01 -8.8968E-01  4.7725E+02  7.0667E+02 -2.2942E+02 -6.3557E-01
  1.8000E+01  1.6000E+01  6.1731E+02  0.0000E+00  6.5997E+02 -4.8774E-01 -9.3559E-01  6.1731E+02  8.6643E+02 -2.4912E+02 -7.7495E-01
  1.8000E+01  1.7000E+01  8.4731E+02  0.0000E+00  8.0992E+02  3.6334E-01 -7.1240E-02  8.4731E+02  1.0063E+03 -1.5899E+02 -1.5472E-01
  1.8000E+01  1.8000E+01  1.1687E+03  0.0000E+00  9.4755E+02  1.8810E+00  1.4964E+00  1.1687E+03  1.1172E+03  5.1466E+01  1.1716E+00
  1.9000E+01  9.0000E+00  1.0573E+02  0.0000E+00  8.6147E+01  4.4425E-01  4.9360E-01  1.0573E+02  7.5300E+01  3.0426E+01  5.1915E-01
  1.9000E+01  1.0000E+01  1.9345E+02  0.0000E+00  1.3669E+02  1.2407E+00  1.3236E+00  1.9345E+02  1.1836E+02  7.5091E+01  1.3787E+00
  1.9000E+01  1.1000E+01  2.4754E+02  0.0000E+00  2.1195E+02  7.2011E-01  8.5037E-01  2.4754E+02  1.8252E+02  6.5013E+01  9.2524E-01
  1.9000E+01  1.4000E+01  6.6064E+02  0.0000E+00  6.1739E+02  5.1976E-01  7.8217E-01  6.6064E+02  5.4363E+02  1.1702E+02  8.5505E-01
  1.9000E+01  1.5000E+01  6.7733E+02  0.0000E+00  7.8649E+02 -1.0866E+00 -8.3196E-01  6.7733E+02  7.0667E+02 -2.9337E+01 -8.3262E-01
  1.9000E+01  1.6000E+01  8.4411E+02  0.0000E+00  9.4275E+02 -8.4285E-01 -6.2314E-01  8.4411E+02  8.6643E+02 -2.2321E+01 -6.2840E-01
  1.9000E+01  1.7000E+01  1.0202E+03  0.0000E+00  1.0716E+03 -3.9183E-01 -2.1948E-01  1.0202E+03  1.0063E+03  1.3950E+01 -2.1882E-01
  1.9000E+01  1.8000E+01  1.2579E+03  0.0000E+00  1.1682E+03  6.3403E-01  7.5982E-01  1.2579E+03  1.1172E+03  1.4075E+02  7.8344E-01
  2.0000E+01  7.0000E+00  6.8877E+01  0.0000E+00  5.0022E+01  4.3525E-01  5.0260E-01  6.8877E+01  2.9482E+01  3.9395E+01  6.3780E-01
  2.0000E+01  8.0000E+00  1.1392E+02  0.0000E+00  8.5547E+01  6.4398E-01  7.7183E-01  1.1392E+02  4.7308E+01  6.6610E+01  1.0408E+00
  2.0000E+01  9.0000E+00  1.3339E+02  0.0000E+00  1.4353E+02 -2.2033E-01  8.9217E-03  1.3339E+02  7.5300E+01  5.8086E+01  4.6446E-01
  2.0000E+01  1.0000E+01  2.1320E+02  0.0000E+00  2.3357E+02 -4.0175E-01 -2.2358E-02  2.1320E+02  1.1836E+02  9.4844E+01  6.9548E-01
  2.0000E+01  1.1000E+01  4.5050E+02  0.0000E+00  3.6318E+02  1.4550E+00  2.0151E+00  4.5050E+02  1.8252E+02  2.6798E+02  3.4647E+00
  2.0000E+01  1.4000E+01  8.4285E+02  0.0000E+00  9.0182E+02 -5.2346E-01  1.8077E-01  8.4285E+02  5.4363E+02  2.9922E+02  6.5284E-01
  2.0000E+01  1.5000E+01  1.0696E+03  0.0000E+00  1.0538E+03  1.2244E-01  6.8546E-01  1.0696E+03  7.0667E+02  3.6296E+02  1.0025E+00
  2.0000E+01  1.6000E+01  1.0833E+03  0.0000E+00  1.1656E+03 -5.8204E-01 -1.7629E-01  1.0833E+03  8.6643E+02  2.1692E+02 -3.2781E-01
  2.0000E+01  1.7000E+01  1.1068E+03  0.0000E+00  1.2404E+03 -8.9371E-01 -6.2173E-01  1.1068E+03  1.0063E+03  1.0046E+02 -9.2889E-01
  2.0000E+01  1.8000E+01  1.2896E+03  0.0000E+00  1.2874E+03  1.4098E-02  1.8783E-01  1.2896E+03  1.1172E+03  1.7242E+02  2.7274E-03
