TABLE NO.  2
 ID          BASE        KOUT        C50         ETA1        ETA2        ETA3
  1.0000E+00  1.2026E+02  4.2841E-02  1.7323E+00  1.7089E-01 -1.1850E-01  6.0182E-01
  1.0000E+00  1.2026E+02  4.2841E-02  1.7323E+00  1.7089E-01 -1.1850E-01  6.0182E-01
  1.0000E+00  1.2026E+02  4.2841E-02  1.7323E+00  1.7089E-01 -1.1850E-01  6.0182E-01
  1.0000E+00  1.2026E+02  4.2841E-02  1.7323E+00  1.7089E-01 -1.1850E-01  6.0182E-01
  1.0000E+00  1.2026E+02  4.2841E-02  1.7323E+00  1.7089E-01 -1.1850E-01  6.0182E-01
  1.0000E+00  1.2026E+02  4.2841E-02  1.7323E+00  1.7089E-01 -1.1850E-01  6.0182E-01
  1.0000E+00  1.2026E+02  4.2841E-02  1.7323E+00  1.7089E-01 -1.1850E-01  6.0182E-01
  1.0000E+00  1.2026E+02  4.2841E-02  1.7323E+00  1.7089E-01 -1.1850E-01  6.0182E-01
  1.0000E+00  1.2026E+02  4.2841E-02  1.7323E+00  1.7089E-01 -1.1850E-01  6.0182E-01
  2.0000E+00  1.0244E+02  4.5381E-02  9.6493E-01  1.0512E-02 -6.0891E-02  1.6653E-02
  2.0000E+00  1.0244E+02  4.5381E-02  9.6493E-01  1.0512E-02 -6.0891E-02  1.6653E-02
  2.0000E+00  1.0244E+02  4.5381E-02  9.6493E-01  1.0512E-02 -6.0891E-02  1.6653E-02
  2.0000E+00  1.0244E+02  4.5381E-02  9.6493E-01  1.0512E-02 -6.0891E-02  1.6653E-02
  2.0000E+00  1.0244E+02  4.5381E-02  9.6493E-01  1.0512E-02 -6.0891E-02  1.6653E-02
  2.0000E+00  1.0244E+02  4.5381E-02  9.6493E-01  1.0512E-02 -6.0891E-02  1.6653E-02
  2.0000E+00  1.0244E+02  4.5381E-02  9.6493E-01  1.0512E-02 -6.0891E-02  1.6653E-02
  2.0000E+00  1.0244E+02  4.5381E-02  9.6493E-01  1.0512E-02 -6.0891E-02  1.6653E-02
  2.0000E+00  1.0244E+02  4.5381E-02  9.6493E-01  1.0512E-02 -6.0891E-02  1.6653E-02
  3.0000E+00  1.1030E+02  4.0103E-02  1.6875E+00  8.4444E-02 -1.8453E-01  5.7558E-01
  3.0000E+00  1.1030E+02  4.0103E-02  1.6875E+00  8.4444E-02 -1.8453E-01  5.7558E-01
  3.0000E+00  1.1030E+02  4.0103E-02  1.6875E+00  8.4444E-02 -1.8453E-01  5.7558E-01
  3.0000E+00  1.1030E+02  4.0103E-02  1.6875E+00  8.4444E-02 -1.8453E-01  5.7558E-01
  3.0000E+00  1.1030E+02  4.0103E-02  1.6875E+00  8.4444E-02 -1.8453E-01  5.7558E-01
  3.0000E+00  1.1030E+02  4.0103E-02  1.6875E+00  8.4444E-02 -1.8453E-01  5.7558E-01
  3.0000E+00  1.1030E+02  4.0103E-02  1.6875E+00  8.4444E-02 -1.8453E-01  5.7558E-01
  3.0000E+00  1.1030E+02  4.0103E-02  1.6875E+00  8.4444E-02 -1.8453E-01  5.7558E-01
  3.0000E+00  1.1030E+02  4.0103E-02  1.6875E+00  8.4444E-02 -1.8453E-01  5.7558E-01
  4.0000E+00  1.1266E+02  4.9977E-02  1.4831E+00  1.0558E-01  3.5585E-02  4.4650E-01
  4.0000E+00  1.1266E+02  4.9977E-02  1.4831E+00  1.0558E-01  3.5585E-02  4.4650E-01
  4.0000E+00  1.1266E+02  4.9977E-02  1.4831E+00  1.0558E-01  3.5585E-02  4.4650E-01
  4.0000E+00  1.1266E+02  4.9977E-02  1.4831E+00  1.0558E-01  3.5585E-02  4.4650E-01
  4.0000E+00  1.1266E+02  4.9977E-02  1.4831E+00  1.0558E-01  3.5585E-02  4.4650E-01
  4.0000E+00  1.1266E+02  4.9977E-02  1.4831E+00  1.0558E-01  3.5585E-02  4.4650E-01
  4.0000E+00  1.1266E+02  4.9977E-02  1.4831E+00  1.0558E-01  3.5585E-02  4.4650E-01
  4.0000E+00  1.1266E+02  4.9977E-02  1.4831E+00  1.0558E-01  3.5585E-02  4.4650E-01
  4.0000E+00  1.1266E+02  4.9977E-02  1.4831E+00  1.0558E-01  3.5585E-02  4.4650E-01
  5.0000E+00  9.5823E+01  5.2643E-02  6.5056E-01 -5.6251E-02  8.7546E-02 -3.7756E-01
  5.0000E+00  9.5823E+01  5.2643E-02  6.5056E-01 -5.6251E-02  8.7546E-02 -3.7756E-01
  5.0000E+00  9.5823E+01  5.2643E-02  6.5056E-01 -5.6251E-02  8.7546E-02 -3.7756E-01
  5.0000E+00  9.5823E+01  5.2643E-02  6.5056E-01 -5.6251E-02  8.7546E-02 -3.7756E-01
  5.0000E+00  9.5823E+01  5.2643E-02  6.5056E-01 -5.6251E-02  8.7546E-02 -3.7756E-01
  5.0000E+00  9.5823E+01  5.2643E-02  6.5056E-01 -5.6251E-02  8.7546E-02 -3.7756E-01
  5.0000E+00  9.5823E+01  5.2643E-02  6.5056E-01 -5.6251E-02  8.7546E-02 -3.7756E-01
  5.0000E+00  9.5823E+01  5.2643E-02  6.5056E-01 -5.6251E-02  8.7546E-02 -3.7756E-01
  5.0000E+00  9.5823E+01  5.2643E-02  6.5056E-01 -5.6251E-02  8.7546E-02 -3.7756E-01
  6.0000E+00  9.8226E+01  6.9197E-02  7.8814E-01 -3.1486E-02  3.6098E-01 -1.8573E-01
  6.0000E+00  9.8226E+01  6.9197E-02  7.8814E-01 -3.1486E-02  3.6098E-01 -1.8573E-01
  6.0000E+00  9.8226E+01  6.9197E-02  7.8814E-01 -3.1486E-02  3.6098E-01 -1.8573E-01
  6.0000E+00  9.8226E+01  6.9197E-02  7.8814E-01 -3.1486E-02  3.6098E-01 -1.8573E-01
  6.0000E+00  9.8226E+01  6.9197E-02  7.8814E-01 -3.1486E-02  3.6098E-01 -1.8573E-01
  6.0000E+00  9.8226E+01  6.9197E-02  7.8814E-01 -3.1486E-02  3.6098E-01 -1.8573E-01
  6.0000E+00  9.8226E+01  6.9197E-02  7.8814E-01 -3.1486E-02  3.6098E-01 -1.8573E-01
  6.0000E+00  9.8226E+01  6.9197E-02  7.8814E-01 -3.1486E-02  3.6098E-01 -1.8573E-01
  6.0000E+00  9.8226E+01  6.9197E-02  7.8814E-01 -3.1486E-02  3.6098E-01 -1.8573E-01
  7.0000E+00  1.0048E+02  5.4552E-02  2.3810E+00 -8.8063E-03  1.2317E-01  9.1986E-01
  7.0000E+00  1.0048E+02  5.4552E-02  2.3810E+00 -8.8063E-03  1.2317E-01  9.1986E-01
  7.0000E+00  1.0048E+02  5.4552E-02  2.3810E+00 -8.8063E-03  1.2317E-01  9.1986E-01
  7.0000E+00  1.0048E+02  5.4552E-02  2.3810E+00 -8.8063E-03  1.2317E-01  9.1986E-01
  7.0000E+00  1.0048E+02  5.4552E-02  2.3810E+00 -8.8063E-03  1.2317E-01  9.1986E-01
  7.0000E+00  1.0048E+02  5.4552E-02  2.3810E+00 -8.8063E-03  1.2317E-01  9.1986E-01
  7.0000E+00  1.0048E+02  5.4552E-02  2.3810E+00 -8.8063E-03  1.2317E-01  9.1986E-01
  7.0000E+00  1.0048E+02  5.4552E-02  2.3810E+00 -8.8063E-03  1.2317E-01  9.1986E-01
  7.0000E+00  1.0048E+02  5.4552E-02  2.3810E+00 -8.8063E-03  1.2317E-01  9.1986E-01
  8.0000E+00  1.1204E+02  7.1939E-02  7.7484E-01  1.0007E-01  3.9984E-01 -2.0274E-01
  8.0000E+00  1.1204E+02  7.1939E-02  7.7484E-01  1.0007E-01  3.9984E-01 -2.0274E-01
  8.0000E+00  1.1204E+02  7.1939E-02  7.7484E-01  1.0007E-01  3.9984E-01 -2.0274E-01
  8.0000E+00  1.1204E+02  7.1939E-02  7.7484E-01  1.0007E-01  3.9984E-01 -2.0274E-01
  8.0000E+00  1.1204E+02  7.1939E-02  7.7484E-01  1.0007E-01  3.9984E-01 -2.0274E-01
  8.0000E+00  1.1204E+02  7.1939E-02  7.7484E-01  1.0007E-01  3.9984E-01 -2.0274E-01
  8.0000E+00  1.1204E+02  7.1939E-02  7.7484E-01  1.0007E-01  3.9984E-01 -2.0274E-01
  8.0000E+00  1.1204E+02  7.1939E-02  7.7484E-01  1.0007E-01  3.9984E-01 -2.0274E-01
  8.0000E+00  1.1204E+02  7.1939E-02  7.7484E-01  1.0007E-01  3.9984E-01 -2.0274E-01
  9.0000E+00  9.5515E+01  8.6687E-02  1.3909E+00 -5.9474E-02  5.8632E-01  3.8229E-01
  9.0000E+00  9.5515E+01  8.6687E-02  1.3909E+00 -5.9474E-02  5.8632E-01  3.8229E-01
  9.0000E+00  9.5515E+01  8.6687E-02  1.3909E+00 -5.9474E-02  5.8632E-01  3.8229E-01
  9.0000E+00  9.5515E+01  8.6687E-02  1.3909E+00 -5.9474E-02  5.8632E-01  3.8229E-01
  9.0000E+00  9.5515E+01  8.6687E-02  1.3909E+00 -5.9474E-02  5.8632E-01  3.8229E-01
  9.0000E+00  9.5515E+01  8.6687E-02  1.3909E+00 -5.9474E-02  5.8632E-01  3.8229E-01
  9.0000E+00  9.5515E+01  8.6687E-02  1.3909E+00 -5.9474E-02  5.8632E-01  3.8229E-01
  9.0000E+00  9.5515E+01  8.6687E-02  1.3909E+00 -5.9474E-02  5.8632E-01  3.8229E-01
  9.0000E+00  9.5515E+01  8.6687E-02  1.3909E+00 -5.9474E-02  5.8632E-01  3.8229E-01
  1.0000E+01  8.8441E+01  4.8524E-02  8.9295E-01 -1.3642E-01  6.0787E-03 -6.0873E-02
  1.0000E+01  8.8441E+01  4.8524E-02  8.9295E-01 -1.3642E-01  6.0787E-03 -6.0873E-02
  1.0000E+01  8.8441E+01  4.8524E-02  8.9295E-01 -1.3642E-01  6.0787E-03 -6.0873E-02
  1.0000E+01  8.8441E+01  4.8524E-02  8.9295E-01 -1.3642E-01  6.0787E-03 -6.0873E-02
  1.0000E+01  8.8441E+01  4.8524E-02  8.9295E-01 -1.3642E-01  6.0787E-03 -6.0873E-02
  1.0000E+01  8.8441E+01  4.8524E-02  8.9295E-01 -1.3642E-01  6.0787E-03 -6.0873E-02
  1.0000E+01  8.8441E+01  4.8524E-02  8.9295E-01 -1.3642E-01  6.0787E-03 -6.0873E-02
  1.0000E+01  8.8441E+01  4.8524E-02  8.9295E-01 -1.3642E-01  6.0787E-03 -6.0873E-02
  1.0000E+01  8.8441E+01  4.8524E-02  8.9295E-01 -1.3642E-01  6.0787E-03 -6.0873E-02
  1.1000E+01  9.9400E+01  3.3790E-02  8.7026E-01 -1.9603E-02 -3.5580E-01 -8.6608E-02
  1.1000E+01  9.9400E+01  3.3790E-02  8.7026E-01 -1.9603E-02 -3.5580E-01 -8.6608E-02
  1.1000E+01  9.9400E+01  3.3790E-02  8.7026E-01 -1.9603E-02 -3.5580E-01 -8.6608E-02
  1.1000E+01  9.9400E+01  3.3790E-02  8.7026E-01 -1.9603E-02 -3.5580E-01 -8.6608E-02
  1.1000E+01  9.9400E+01  3.3790E-02  8.7026E-01 -1.9603E-02 -3.5580E-01 -8.6608E-02
  1.1000E+01  9.9400E+01  3.3790E-02  8.7026E-01 -1.9603E-02 -3.5580E-01 -8.6608E-02
  1.1000E+01  9.9400E+01  3.3790E-02  8.7026E-01 -1.9603E-02 -3.5580E-01 -8.6608E-02
  1.1000E+01  9.9400E+01  3.3790E-02  8.7026E-01 -1.9603E-02 -3.5580E-01 -8.6608E-02
  1.1000E+01  9.9400E+01  3.3790E-02  8.7026E-01 -1.9603E-02 -3.5580E-01 -8.6608E-02
  1.2000E+01  9.6694E+01  3.0876E-02  1.3240E+00 -4.7201E-02 -4.4602E-01  3.3301E-01
  1.2000E+01  9.6694E+01  3.0876E-02  1.3240E+00 -4.7201E-02 -4.4602E-01  3.3301E-01
  1.2000E+01  9.6694E+01  3.0876E-02  1.3240E+00 -4.7201E-02 -4.4602E-01  3.3301E-01
  1.2000E+01  9.6694E+01  3.0876E-02  1.3240E+00 -4.7201E-02 -4.4602E-01  3.3301E-01
  1.2000E+01  9.6694E+01  3.0876E-02  1.3240E+00 -4.7201E-02 -4.4602E-01  3.3301E-01
  1.2000E+01  9.6694E+01  3.0876E-02  1.3240E+00 -4.7201E-02 -4.4602E-01  3.3301E-01
  1.2000E+01  9.6694E+01  3.0876E-02  1.3240E+00 -4.7201E-02 -4.4602E-01  3.3301E-01
  1.2000E+01  9.6694E+01  3.0876E-02  1.3240E+00 -4.7201E-02 -4.4602E-01  3.3301E-01
  1.2000E+01  9.6694E+01  3.0876E-02  1.3240E+00 -4.7201E-02 -4.4602E-01  3.3301E-01
  1.3000E+01  1.0050E+02  4.7250E-02  6.7041E-01 -8.5765E-03 -2.0532E-02 -3.4751E-01
  1.3000E+01  1.0050E+02  4.7250E-02  6.7041E-01 -8.5765E-03 -2.0532E-02 -3.4751E-01
  1.3000E+01  1.0050E+02  4.7250E-02  6.7041E-01 -8.5765E-03 -2.0532E-02 -3.4751E-01
  1.3000E+01  1.0050E+02  4.7250E-02  6.7041E-01 -8.5765E-03 -2.0532E-02 -3.4751E-01
  1.3000E+01  1.0050E+02  4.7250E-02  6.7041E-01 -8.5765E-03 -2.0532E-02 -3.4751E-01
  1.3000E+01  1.0050E+02  4.7250E-02  6.7041E-01 -8.5765E-03 -2.0532E-02 -3.4751E-01
  1.3000E+01  1.0050E+02  4.7250E-02  6.7041E-01 -8.5765E-03 -2.0532E-02 -3.4751E-01
  1.3000E+01  1.0050E+02  4.7250E-02  6.7041E-01 -8.5765E-03 -2.0532E-02 -3.4751E-01
  1.3000E+01  1.0050E+02  4.7250E-02  6.7041E-01 -8.5765E-03 -2.0532E-02 -3.4751E-01
  1.4000E+01  1.0442E+02  6.8121E-02  1.1380E+00  2.9649E-02  3.4531E-01  1.8160E-01
  1.4000E+01  1.0442E+02  6.8121E-02  1.1380E+00  2.9649E-02  3.4531E-01  1.8160E-01
  1.4000E+01  1.0442E+02  6.8121E-02  1.1380E+00  2.9649E-02  3.4531E-01  1.8160E-01
  1.4000E+01  1.0442E+02  6.8121E-02  1.1380E+00  2.9649E-02  3.4531E-01  1.8160E-01
  1.4000E+01  1.0442E+02  6.8121E-02  1.1380E+00  2.9649E-02  3.4531E-01  1.8160E-01
  1.4000E+01  1.0442E+02  6.8121E-02  1.1380E+00  2.9649E-02  3.4531E-01  1.8160E-01
  1.4000E+01  1.0442E+02  6.8121E-02  1.1380E+00  2.9649E-02  3.4531E-01  1.8160E-01
  1.4000E+01  1.0442E+02  6.8121E-02  1.1380E+00  2.9649E-02  3.4531E-01  1.8160E-01
  1.4000E+01  1.0442E+02  6.8121E-02  1.1380E+00  2.9649E-02  3.4531E-01  1.8160E-01
  1.5000E+01  1.2405E+02  2.7123E-02  8.8873E-01  2.0195E-01 -5.7560E-01 -6.5611E-02
  1.5000E+01  1.2405E+02  2.7123E-02  8.8873E-01  2.0195E-01 -5.7560E-01 -6.5611E-02
  1.5000E+01  1.2405E+02  2.7123E-02  8.8873E-01  2.0195E-01 -5.7560E-01 -6.5611E-02
  1.5000E+01  1.2405E+02  2.7123E-02  8.8873E-01  2.0195E-01 -5.7560E-01 -6.5611E-02
  1.5000E+01  1.2405E+02  2.7123E-02  8.8873E-01  2.0195E-01 -5.7560E-01 -6.5611E-02
  1.5000E+01  1.2405E+02  2.7123E-02  8.8873E-01  2.0195E-01 -5.7560E-01 -6.5611E-02
  1.5000E+01  1.2405E+02  2.7123E-02  8.8873E-01  2.0195E-01 -5.7560E-01 -6.5611E-02
  1.5000E+01  1.2405E+02  2.7123E-02  8.8873E-01  2.0195E-01 -5.7560E-01 -6.5611E-02
  1.5000E+01  1.2405E+02  2.7123E-02  8.8873E-01  2.0195E-01 -5.7560E-01 -6.5611E-02
  1.6000E+01  9.6215E+01  6.0097E-02  9.1723E-01 -5.2171E-02  2.1998E-01 -3.4045E-02
  1.6000E+01  9.6215E+01  6.0097E-02  9.1723E-01 -5.2171E-02  2.1998E-01 -3.4045E-02
  1.6000E+01  9.6215E+01  6.0097E-02  9.1723E-01 -5.2171E-02  2.1998E-01 -3.4045E-02
  1.6000E+01  9.6215E+01  6.0097E-02  9.1723E-01 -5.2171E-02  2.1998E-01 -3.4045E-02
  1.6000E+01  9.6215E+01  6.0097E-02  9.1723E-01 -5.2171E-02  2.1998E-01 -3.4045E-02
  1.6000E+01  9.6215E+01  6.0097E-02  9.1723E-01 -5.2171E-02  2.1998E-01 -3.4045E-02
  1.6000E+01  9.6215E+01  6.0097E-02  9.1723E-01 -5.2171E-02  2.1998E-01 -3.4045E-02
  1.6000E+01  9.6215E+01  6.0097E-02  9.1723E-01 -5.2171E-02  2.1998E-01 -3.4045E-02
  1.6000E+01  9.6215E+01  6.0097E-02  9.1723E-01 -5.2171E-02  2.1998E-01 -3.4045E-02
  1.7000E+01  1.1244E+02  3.5126E-02  9.0680E-01  1.0367E-01 -3.1705E-01 -4.5475E-02
  1.7000E+01  1.1244E+02  3.5126E-02  9.0680E-01  1.0367E-01 -3.1705E-01 -4.5475E-02
  1.7000E+01  1.1244E+02  3.5126E-02  9.0680E-01  1.0367E-01 -3.1705E-01 -4.5475E-02
  1.7000E+01  1.1244E+02  3.5126E-02  9.0680E-01  1.0367E-01 -3.1705E-01 -4.5475E-02
  1.7000E+01  1.1244E+02  3.5126E-02  9.0680E-01  1.0367E-01 -3.1705E-01 -4.5475E-02
  1.7000E+01  1.1244E+02  3.5126E-02  9.0680E-01  1.0367E-01 -3.1705E-01 -4.5475E-02
  1.7000E+01  1.1244E+02  3.5126E-02  9.0680E-01  1.0367E-01 -3.1705E-01 -4.5475E-02
  1.7000E+01  1.1244E+02  3.5126E-02  9.0680E-01  1.0367E-01 -3.1705E-01 -4.5475E-02
  1.7000E+01  1.1244E+02  3.5126E-02  9.0680E-01  1.0367E-01 -3.1705E-01 -4.5475E-02
  1.8000E+01  9.7797E+01  5.9261E-02  1.2059E+00 -3.5855E-02  2.0597E-01  2.3961E-01
  1.8000E+01  9.7797E+01  5.9261E-02  1.2059E+00 -3.5855E-02  2.0597E-01  2.3961E-01
  1.8000E+01  9.7797E+01  5.9261E-02  1.2059E+00 -3.5855E-02  2.0597E-01  2.3961E-01
  1.8000E+01  9.7797E+01  5.9261E-02  1.2059E+00 -3.5855E-02  2.0597E-01  2.3961E-01
  1.8000E+01  9.7797E+01  5.9261E-02  1.2059E+00 -3.5855E-02  2.0597E-01  2.3961E-01
  1.8000E+01  9.7797E+01  5.9261E-02  1.2059E+00 -3.5855E-02  2.0597E-01  2.3961E-01
  1.8000E+01  9.7797E+01  5.9261E-02  1.2059E+00 -3.5855E-02  2.0597E-01  2.3961E-01
  1.8000E+01  9.7797E+01  5.9261E-02  1.2059E+00 -3.5855E-02  2.0597E-01  2.3961E-01
  1.8000E+01  9.7797E+01  5.9261E-02  1.2059E+00 -3.5855E-02  2.0597E-01  2.3961E-01
  1.9000E+01  9.6172E+01  3.1868E-02  1.4137E+00 -5.2619E-02 -4.1440E-01  3.9856E-01
  1.9000E+01  9.6172E+01  3.1868E-02  1.4137E+00 -5.2619E-02 -4.1440E-01  3.9856E-01
  1.9000E+01  9.6172E+01  3.1868E-02  1.4137E+00 -5.2619E-02 -4.1440E-01  3.9856E-01
  1.9000E+01  9.6172E+01  3.1868E-02  1.4137E+00 -5.2619E-02 -4.1440E-01  3.9856E-01
  1.9000E+01  9.6172E+01  3.1868E-02  1.4137E+00 -5.2619E-02 -4.1440E-01  3.9856E-01
  1.9000E+01  9.6172E+01  3.1868E-02  1.4137E+00 -5.2619E-02 -4.1440E-01  3.9856E-01
  1.9000E+01  9.6172E+01  3.1868E-02  1.4137E+00 -5.2619E-02 -4.1440E-01  3.9856E-01
  1.9000E+01  9.6172E+01  3.1868E-02  1.4137E+00 -5.2619E-02 -4.1440E-01  3.9856E-01
  1.9000E+01  9.6172E+01  3.1868E-02  1.4137E+00 -5.2619E-02 -4.1440E-01  3.9856E-01
  2.0000E+01  1.1447E+02  4.2339E-02  8.2383E-01  1.2157E-01 -1.3028E-01 -1.4144E-01
  2.0000E+01  1.1447E+02  4.2339E-02  8.2383E-01  1.2157E-01 -1.3028E-01 -1.4144E-01
  2.0000E+01  1.1447E+02  4.2339E-02  8.2383E-01  1.2157E-01 -1.3028E-01 -1.4144E-01
  2.0000E+01  1.1447E+02  4.2339E-02  8.2383E-01  1.2157E-01 -1.3028E-01 -1.4144E-01
  2.0000E+01  1.1447E+02  4.2339E-02  8.2383E-01  1.2157E-01 -1.3028E-01 -1.4144E-01
  2.0000E+01  1.1447E+02  4.2339E-02  8.2383E-01  1.2157E-01 -1.3028E-01 -1.4144E-01
  2.0000E+01  1.1447E+02  4.2339E-02  8.2383E-01  1.2157E-01 -1.3028E-01 -1.4144E-01
  2.0000E+01  1.1447E+02  4.2339E-02  8.2383E-01  1.2157E-01 -1.3028E-01 -1.4144E-01
  2.0000E+01  1.1447E+02  4.2339E-02  8.2383E-01  1.2157E-01 -1.3028E-01 -1.4144E-01
  2.1000E+01  9.7543E+01  4.9738E-02  1.0049E+00 -3.8458E-02  3.0777E-02  5.7227E-02
  2.1000E+01  9.7543E+01  4.9738E-02  1.0049E+00 -3.8458E-02  3.0777E-02  5.7227E-02
  2.1000E+01  9.7543E+01  4.9738E-02  1.0049E+00 -3.8458E-02  3.0777E-02  5.7227E-02
  2.1000E+01  9.7543E+01  4.9738E-02  1.0049E+00 -3.8458E-02  3.0777E-02  5.7227E-02
  2.1000E+01  9.7543E+01  4.9738E-02  1.0049E+00 -3.8458E-02  3.0777E-02  5.7227E-02
  2.1000E+01  9.7543E+01  4.9738E-02  1.0049E+00 -3.8458E-02  3.0777E-02  5.7227E-02
  2.1000E+01  9.7543E+01  4.9738E-02  1.0049E+00 -3.8458E-02  3.0777E-02  5.7227E-02
  2.1000E+01  9.7543E+01  4.9738E-02  1.0049E+00 -3.8458E-02  3.0777E-02  5.7227E-02
  2.1000E+01  9.7543E+01  4.9738E-02  1.0049E+00 -3.8458E-02  3.0777E-02  5.7227E-02
  2.2000E+01  1.0744E+02  4.4829E-02  1.2061E+00  5.8155E-02 -7.3119E-02  2.3971E-01
  2.2000E+01  1.0744E+02  4.4829E-02  1.2061E+00  5.8155E-02 -7.3119E-02  2.3971E-01
  2.2000E+01  1.0744E+02  4.4829E-02  1.2061E+00  5.8155E-02 -7.3119E-02  2.3971E-01
  2.2000E+01  1.0744E+02  4.4829E-02  1.2061E+00  5.8155E-02 -7.3119E-02  2.3971E-01
  2.2000E+01  1.0744E+02  4.4829E-02  1.2061E+00  5.8155E-02 -7.3119E-02  2.3971E-01
  2.2000E+01  1.0744E+02  4.4829E-02  1.2061E+00  5.8155E-02 -7.3119E-02  2.3971E-01
  2.2000E+01  1.0744E+02  4.4829E-02  1.2061E+00  5.8155E-02 -7.3119E-02  2.3971E-01
  2.2000E+01  1.0744E+02  4.4829E-02  1.2061E+00  5.8155E-02 -7.3119E-02  2.3971E-01
  2.2000E+01  1.0744E+02  4.4829E-02  1.2061E+00  5.8155E-02 -7.3119E-02  2.3971E-01
  2.3000E+01  1.1178E+02  3.9103E-02  5.9925E-01  9.7817E-02 -2.0980E-01 -4.5972E-01
  2.3000E+01  1.1178E+02  3.9103E-02  5.9925E-01  9.7817E-02 -2.0980E-01 -4.5972E-01
  2.3000E+01  1.1178E+02  3.9103E-02  5.9925E-01  9.7817E-02 -2.0980E-01 -4.5972E-01
  2.3000E+01  1.1178E+02  3.9103E-02  5.9925E-01  9.7817E-02 -2.0980E-01 -4.5972E-01
  2.3000E+01  1.1178E+02  3.9103E-02  5.9925E-01  9.7817E-02 -2.0980E-01 -4.5972E-01
  2.3000E+01  1.1178E+02  3.9103E-02  5.9925E-01  9.7817E-02 -2.0980E-01 -4.5972E-01
  2.3000E+01  1.1178E+02  3.9103E-02  5.9925E-01  9.7817E-02 -2.0980E-01 -4.5972E-01
  2.3000E+01  1.1178E+02  3.9103E-02  5.9925E-01  9.7817E-02 -2.0980E-01 -4.5972E-01
  2.3000E+01  1.1178E+02  3.9103E-02  5.9925E-01  9.7817E-02 -2.0980E-01 -4.5972E-01
  2.4000E+01  9.1285E+01  7.3393E-02  9.1617E-01 -1.0477E-01  4.1985E-01 -3.5197E-02
  2.4000E+01  9.1285E+01  7.3393E-02  9.1617E-01 -1.0477E-01  4.1985E-01 -3.5197E-02
  2.4000E+01  9.1285E+01  7.3393E-02  9.1617E-01 -1.0477E-01  4.1985E-01 -3.5197E-02
  2.4000E+01  9.1285E+01  7.3393E-02  9.1617E-01 -1.0477E-01  4.1985E-01 -3.5197E-02
  2.4000E+01  9.1285E+01  7.3393E-02  9.1617E-01 -1.0477E-01  4.1985E-01 -3.5197E-02
  2.4000E+01  9.1285E+01  7.3393E-02  9.1617E-01 -1.0477E-01  4.1985E-01 -3.5197E-02
  2.4000E+01  9.1285E+01  7.3393E-02  9.1617E-01 -1.0477E-01  4.1985E-01 -3.5197E-02
  2.4000E+01  9.1285E+01  7.3393E-02  9.1617E-01 -1.0477E-01  4.1985E-01 -3.5197E-02
  2.4000E+01  9.1285E+01  7.3393E-02  9.1617E-01 -1.0477E-01  4.1985E-01 -3.5197E-02
  2.5000E+01  1.0063E+02  6.4458E-02  1.0535E+00 -7.2549E-03  2.9003E-01  1.0448E-01
  2.5000E+01  1.0063E+02  6.4458E-02  1.0535E+00 -7.2549E-03  2.9003E-01  1.0448E-01
  2.5000E+01  1.0063E+02  6.4458E-02  1.0535E+00 -7.2549E-03  2.9003E-01  1.0448E-01
  2.5000E+01  1.0063E+02  6.4458E-02  1.0535E+00 -7.2549E-03  2.9003E-01  1.0448E-01
  2.5000E+01  1.0063E+02  6.4458E-02  1.0535E+00 -7.2549E-03  2.9003E-01  1.0448E-01
  2.5000E+01  1.0063E+02  6.4458E-02  1.0535E+00 -7.2549E-03  2.9003E-01  1.0448E-01
  2.5000E+01  1.0063E+02  6.4458E-02  1.0535E+00 -7.2549E-03  2.9003E-01  1.0448E-01
  2.5000E+01  1.0063E+02  6.4458E-02  1.0535E+00 -7.2549E-03  2.9003E-01  1.0448E-01
  2.5000E+01  1.0063E+02  6.4458E-02  1.0535E+00 -7.2549E-03  2.9003E-01  1.0448E-01
  2.6000E+01  1.0902E+02  4.0532E-02  5.9048E-01  7.2782E-02 -1.7389E-01 -4.7446E-01
  2.6000E+01  1.0902E+02  4.0532E-02  5.9048E-01  7.2782E-02 -1.7389E-01 -4.7446E-01
  2.6000E+01  1.0902E+02  4.0532E-02  5.9048E-01  7.2782E-02 -1.7389E-01 -4.7446E-01
  2.6000E+01  1.0902E+02  4.0532E-02  5.9048E-01  7.2782E-02 -1.7389E-01 -4.7446E-01
  2.6000E+01  1.0902E+02  4.0532E-02  5.9048E-01  7.2782E-02 -1.7389E-01 -4.7446E-01
  2.6000E+01  1.0902E+02  4.0532E-02  5.9048E-01  7.2782E-02 -1.7389E-01 -4.7446E-01
  2.6000E+01  1.0902E+02  4.0532E-02  5.9048E-01  7.2782E-02 -1.7389E-01 -4.7446E-01
  2.6000E+01  1.0902E+02  4.0532E-02  5.9048E-01  7.2782E-02 -1.7389E-01 -4.7446E-01
  2.6000E+01  1.0902E+02  4.0532E-02  5.9048E-01  7.2782E-02 -1.7389E-01 -4.7446E-01
  2.7000E+01  9.5845E+01  4.3081E-02  8.1360E-01 -5.6022E-02 -1.1291E-01 -1.5393E-01
  2.7000E+01  9.5845E+01  4.3081E-02  8.1360E-01 -5.6022E-02 -1.1291E-01 -1.5393E-01
  2.7000E+01  9.5845E+01  4.3081E-02  8.1360E-01 -5.6022E-02 -1.1291E-01 -1.5393E-01
  2.7000E+01  9.5845E+01  4.3081E-02  8.1360E-01 -5.6022E-02 -1.1291E-01 -1.5393E-01
  2.7000E+01  9.5845E+01  4.3081E-02  8.1360E-01 -5.6022E-02 -1.1291E-01 -1.5393E-01
  2.7000E+01  9.5845E+01  4.3081E-02  8.1360E-01 -5.6022E-02 -1.1291E-01 -1.5393E-01
  2.7000E+01  9.5845E+01  4.3081E-02  8.1360E-01 -5.6022E-02 -1.1291E-01 -1.5393E-01
  2.7000E+01  9.5845E+01  4.3081E-02  8.1360E-01 -5.6022E-02 -1.1291E-01 -1.5393E-01
  2.7000E+01  9.5845E+01  4.3081E-02  8.1360E-01 -5.6022E-02 -1.1291E-01 -1.5393E-01
  2.8000E+01  1.0121E+02  4.7253E-02  5.5314E-01 -1.5402E-03 -2.0475E-02 -5.3980E-01
  2.8000E+01  1.0121E+02  4.7253E-02  5.5314E-01 -1.5402E-03 -2.0475E-02 -5.3980E-01
  2.8000E+01  1.0121E+02  4.7253E-02  5.5314E-01 -1.5402E-03 -2.0475E-02 -5.3980E-01
  2.8000E+01  1.0121E+02  4.7253E-02  5.5314E-01 -1.5402E-03 -2.0475E-02 -5.3980E-01
  2.8000E+01  1.0121E+02  4.7253E-02  5.5314E-01 -1.5402E-03 -2.0475E-02 -5.3980E-01
  2.8000E+01  1.0121E+02  4.7253E-02  5.5314E-01 -1.5402E-03 -2.0475E-02 -5.3980E-01
  2.8000E+01  1.0121E+02  4.7253E-02  5.5314E-01 -1.5402E-03 -2.0475E-02 -5.3980E-01
  2.8000E+01  1.0121E+02  4.7253E-02  5.5314E-01 -1.5402E-03 -2.0475E-02 -5.3980E-01
  2.8000E+01  1.0121E+02  4.7253E-02  5.5314E-01 -1.5402E-03 -2.0475E-02 -5.3980E-01
  2.9000E+01  1.0010E+02  4.9649E-02  1.2606E+00 -1.2577E-02  2.8993E-02  2.8397E-01
  2.9000E+01  1.0010E+02  4.9649E-02  1.2606E+00 -1.2577E-02  2.8993E-02  2.8397E-01
  2.9000E+01  1.0010E+02  4.9649E-02  1.2606E+00 -1.2577E-02  2.8993E-02  2.8397E-01
  2.9000E+01  1.0010E+02  4.9649E-02  1.2606E+00 -1.2577E-02  2.8993E-02  2.8397E-01
  2.9000E+01  1.0010E+02  4.9649E-02  1.2606E+00 -1.2577E-02  2.8993E-02  2.8397E-01
  2.9000E+01  1.0010E+02  4.9649E-02  1.2606E+00 -1.2577E-02  2.8993E-02  2.8397E-01
  2.9000E+01  1.0010E+02  4.9649E-02  1.2606E+00 -1.2577E-02  2.8993E-02  2.8397E-01
  2.9000E+01  1.0010E+02  4.9649E-02  1.2606E+00 -1.2577E-02  2.8993E-02  2.8397E-01
  2.9000E+01  1.0010E+02  4.9649E-02  1.2606E+00 -1.2577E-02  2.8993E-02  2.8397E-01
  3.0000E+01  1.0833E+02  5.2754E-02  7.7721E-01  6.6475E-02  8.9655E-02 -1.9969E-01
  3.0000E+01  1.0833E+02  5.2754E-02  7.7721E-01  6.6475E-02  8.9655E-02 -1.9969E-01
  3.0000E+01  1.0833E+02  5.2754E-02  7.7721E-01  6.6475E-02  8.9655E-02 -1.9969E-01
  3.0000E+01  1.0833E+02  5.2754E-02  7.7721E-01  6.6475E-02  8.9655E-02 -1.9969E-01
  3.0000E+01  1.0833E+02  5.2754E-02  7.7721E-01  6.6475E-02  8.9655E-02 -1.9969E-01
  3.0000E+01  1.0833E+02  5.2754E-02  7.7721E-01  6.6475E-02  8.9655E-02 -1.9969E-01
  3.0000E+01  1.0833E+02  5.2754E-02  7.7721E-01  6.6475E-02  8.9655E-02 -1.9969E-01
  3.0000E+01  1.0833E+02  5.2754E-02  7.7721E-01  6.6475E-02  8.9655E-02 -1.9969E-01
  3.0000E+01  1.0833E+02  5.2754E-02  7.7721E-01  6.6475E-02  8.9655E-02 -1.9969E-01
  3.1000E+01  9.6995E+01  7.0167E-02  6.6404E-01 -4.4095E-02  3.7490E-01 -3.5706E-01
  3.1000E+01  9.6995E+01  7.0167E-02  6.6404E-01 -4.4095E-02  3.7490E-01 -3.5706E-01
  3.1000E+01  9.6995E+01  7.0167E-02  6.6404E-01 -4.4095E-02  3.7490E-01 -3.5706E-01
  3.1000E+01  9.6995E+01  7.0167E-02  6.6404E-01 -4.4095E-02  3.7490E-01 -3.5706E-01
  3.1000E+01  9.6995E+01  7.0167E-02  6.6404E-01 -4.4095E-02  3.7490E-01 -3.5706E-01
  3.1000E+01  9.6995E+01  7.0167E-02  6.6404E-01 -4.4095E-02  3.7490E-01 -3.5706E-01
  3.1000E+01  9.6995E+01  7.0167E-02  6.6404E-01 -4.4095E-02  3.7490E-01 -3.5706E-01
  3.1000E+01  9.6995E+01  7.0167E-02  6.6404E-01 -4.4095E-02  3.7490E-01 -3.5706E-01
  3.1000E+01  9.6995E+01  7.0167E-02  6.6404E-01 -4.4095E-02  3.7490E-01 -3.5706E-01
  3.2000E+01  9.7888E+01  4.6073E-02  1.2371E+00 -3.4930E-02 -4.5754E-02  2.6513E-01
  3.2000E+01  9.7888E+01  4.6073E-02  1.2371E+00 -3.4930E-02 -4.5754E-02  2.6513E-01
  3.2000E+01  9.7888E+01  4.6073E-02  1.2371E+00 -3.4930E-02 -4.5754E-02  2.6513E-01
  3.2000E+01  9.7888E+01  4.6073E-02  1.2371E+00 -3.4930E-02 -4.5754E-02  2.6513E-01
  3.2000E+01  9.7888E+01  4.6073E-02  1.2371E+00 -3.4930E-02 -4.5754E-02  2.6513E-01
  3.2000E+01  9.7888E+01  4.6073E-02  1.2371E+00 -3.4930E-02 -4.5754E-02  2.6513E-01
  3.2000E+01  9.7888E+01  4.6073E-02  1.2371E+00 -3.4930E-02 -4.5754E-02  2.6513E-01
  3.2000E+01  9.7888E+01  4.6073E-02  1.2371E+00 -3.4930E-02 -4.5754E-02  2.6513E-01
  3.2000E+01  9.7888E+01  4.6073E-02  1.2371E+00 -3.4930E-02 -4.5754E-02  2.6513E-01
  3.3000E+01  9.8714E+01  4.9222E-02  1.0021E+00 -2.6527E-02  2.0364E-02  5.4443E-02
  3.3000E+01  9.8714E+01  4.9222E-02  1.0021E+00 -2.6527E-02  2.0364E-02  5.4443E-02
  3.3000E+01  9.8714E+01  4.9222E-02  1.0021E+00 -2.6527E-02  2.0364E-02  5.4443E-02
  3.3000E+01  9.8714E+01  4.9222E-02  1.0021E+00 -2.6527E-02  2.0364E-02  5.4443E-02
  3.3000E+01  9.8714E+01  4.9222E-02  1.0021E+00 -2.6527E-02  2.0364E-02  5.4443E-02
  3.3000E+01  9.8714E+01  4.9222E-02  1.0021E+00 -2.6527E-02  2.0364E-02  5.4443E-02
  3.3000E+01  9.8714E+01  4.9222E-02  1.0021E+00 -2.6527E-02  2.0364E-02  5.4443E-02
  3.3000E+01  9.8714E+01  4.9222E-02  1.0021E+00 -2.6527E-02  2.0364E-02  5.4443E-02
  3.3000E+01  9.8714E+01  4.9222E-02  1.0021E+00 -2.6527E-02  2.0364E-02  5.4443E-02
  3.4000E+01  9.1949E+01  3.7825E-02  7.6964E-01 -9.7517E-02 -2.4302E-01 -2.0948E-01
  3.4000E+01  9.1949E+01  3.7825E-02  7.6964E-01 -9.7517E-02 -2.4302E-01 -2.0948E-01
  3.4000E+01  9.1949E+01  3.7825E-02  7.6964E-01 -9.7517E-02 -2.4302E-01 -2.0948E-01
  3.4000E+01  9.1949E+01  3.7825E-02  7.6964E-01 -9.7517E-02 -2.4302E-01 -2.0948E-01
  3.4000E+01  9.1949E+01  3.7825E-02  7.6964E-01 -9.7517E-02 -2.4302E-01 -2.0948E-01
  3.4000E+01  9.1949E+01  3.7825E-02  7.6964E-01 -9.7517E-02 -2.4302E-01 -2.0948E-01
  3.4000E+01  9.1949E+01  3.7825E-02  7.6964E-01 -9.7517E-02 -2.4302E-01 -2.0948E-01
  3.4000E+01  9.1949E+01  3.7825E-02  7.6964E-01 -9.7517E-02 -2.4302E-01 -2.0948E-01
  3.4000E+01  9.1949E+01  3.7825E-02  7.6964E-01 -9.7517E-02 -2.4302E-01 -2.0948E-01
  3.5000E+01  8.8774E+01  6.6182E-02  5.0402E-01 -1.3266E-01  3.1642E-01 -6.3279E-01
  3.5000E+01  8.8774E+01  6.6182E-02  5.0402E-01 -1.3266E-01  3.1642E-01 -6.3279E-01
  3.5000E+01  8.8774E+01  6.6182E-02  5.0402E-01 -1.3266E-01  3.1642E-01 -6.3279E-01
  3.5000E+01  8.8774E+01  6.6182E-02  5.0402E-01 -1.3266E-01  3.1642E-01 -6.3279E-01
  3.5000E+01  8.8774E+01  6.6182E-02  5.0402E-01 -1.3266E-01  3.1642E-01 -6.3279E-01
  3.5000E+01  8.8774E+01  6.6182E-02  5.0402E-01 -1.3266E-01  3.1642E-01 -6.3279E-01
  3.5000E+01  8.8774E+01  6.6182E-02  5.0402E-01 -1.3266E-01  3.1642E-01 -6.3279E-01
  3.5000E+01  8.8774E+01  6.6182E-02  5.0402E-01 -1.3266E-01  3.1642E-01 -6.3279E-01
  3.5000E+01  8.8774E+01  6.6182E-02  5.0402E-01 -1.3266E-01  3.1642E-01 -6.3279E-01
  3.6000E+01  1.0958E+02  2.9364E-02  9.2183E-01  7.7916E-02 -4.9620E-01 -2.9035E-02
  3.6000E+01  1.0958E+02  2.9364E-02  9.2183E-01  7.7916E-02 -4.9620E-01 -2.9035E-02
  3.6000E+01  1.0958E+02  2.9364E-02  9.2183E-01  7.7916E-02 -4.9620E-01 -2.9035E-02
  3.6000E+01  1.0958E+02  2.9364E-02  9.2183E-01  7.7916E-02 -4.9620E-01 -2.9035E-02
  3.6000E+01  1.0958E+02  2.9364E-02  9.2183E-01  7.7916E-02 -4.9620E-01 -2.9035E-02
  3.6000E+01  1.0958E+02  2.9364E-02  9.2183E-01  7.7916E-02 -4.9620E-01 -2.9035E-02
  3.6000E+01  1.0958E+02  2.9364E-02  9.2183E-01  7.7916E-02 -4.9620E-01 -2.9035E-02
  3.6000E+01  1.0958E+02  2.9364E-02  9.2183E-01  7.7916E-02 -4.9620E-01 -2.9035E-02
  3.6000E+01  1.0958E+02  2.9364E-02  9.2183E-01  7.7916E-02 -4.9620E-01 -2.9035E-02
  3.7000E+01  1.0119E+02  4.2989E-02  1.0619E+00 -1.7607E-03 -1.1503E-01  1.1240E-01
  3.7000E+01  1.0119E+02  4.2989E-02  1.0619E+00 -1.7607E-03 -1.1503E-01  1.1240E-01
  3.7000E+01  1.0119E+02  4.2989E-02  1.0619E+00 -1.7607E-03 -1.1503E-01  1.1240E-01
  3.7000E+01  1.0119E+02  4.2989E-02  1.0619E+00 -1.7607E-03 -1.1503E-01  1.1240E-01
  3.7000E+01  1.0119E+02  4.2989E-02  1.0619E+00 -1.7607E-03 -1.1503E-01  1.1240E-01
  3.7000E+01  1.0119E+02  4.2989E-02  1.0619E+00 -1.7607E-03 -1.1503E-01  1.1240E-01
  3.7000E+01  1.0119E+02  4.2989E-02  1.0619E+00 -1.7607E-03 -1.1503E-01  1.1240E-01
  3.7000E+01  1.0119E+02  4.2989E-02  1.0619E+00 -1.7607E-03 -1.1503E-01  1.1240E-01
  3.7000E+01  1.0119E+02  4.2989E-02  1.0619E+00 -1.7607E-03 -1.1503E-01  1.1240E-01
  3.8000E+01  9.8401E+01  3.1908E-02  6.8604E-01 -2.9705E-02 -4.1313E-01 -3.2446E-01
  3.8000E+01  9.8401E+01  3.1908E-02  6.8604E-01 -2.9705E-02 -4.1313E-01 -3.2446E-01
  3.8000E+01  9.8401E+01  3.1908E-02  6.8604E-01 -2.9705E-02 -4.1313E-01 -3.2446E-01
  3.8000E+01  9.8401E+01  3.1908E-02  6.8604E-01 -2.9705E-02 -4.1313E-01 -3.2446E-01
  3.8000E+01  9.8401E+01  3.1908E-02  6.8604E-01 -2.9705E-02 -4.1313E-01 -3.2446E-01
  3.8000E+01  9.8401E+01  3.1908E-02  6.8604E-01 -2.9705E-02 -4.1313E-01 -3.2446E-01
  3.8000E+01  9.8401E+01  3.1908E-02  6.8604E-01 -2.9705E-02 -4.1313E-01 -3.2446E-01
  3.8000E+01  9.8401E+01  3.1908E-02  6.8604E-01 -2.9705E-02 -4.1313E-01 -3.2446E-01
  3.8000E+01  9.8401E+01  3.1908E-02  6.8604E-01 -2.9705E-02 -4.1313E-01 -3.2446E-01
  3.9000E+01  1.0049E+02  7.0538E-02  1.0275E+00 -8.6916E-03  3.8017E-01  7.9479E-02
  3.9000E+01  1.0049E+02  7.0538E-02  1.0275E+00 -8.6916E-03  3.8017E-01  7.9479E-02
  3.9000E+01  1.0049E+02  7.0538E-02  1.0275E+00 -8.6916E-03  3.8017E-01  7.9479E-02
  3.9000E+01  1.0049E+02  7.0538E-02  1.0275E+00 -8.6916E-03  3.8017E-01  7.9479E-02
  3.9000E+01  1.0049E+02  7.0538E-02  1.0275E+00 -8.6916E-03  3.8017E-01  7.9479E-02
  3.9000E+01  1.0049E+02  7.0538E-02  1.0275E+00 -8.6916E-03  3.8017E-01  7.9479E-02
  3.9000E+01  1.0049E+02  7.0538E-02  1.0275E+00 -8.6916E-03  3.8017E-01  7.9479E-02
  3.9000E+01  1.0049E+02  7.0538E-02  1.0275E+00 -8.6916E-03  3.8017E-01  7.9479E-02
  3.9000E+01  1.0049E+02  7.0538E-02  1.0275E+00 -8.6916E-03  3.8017E-01  7.9479E-02
  4.0000E+01  9.5325E+01  6.4057E-02  6.4343E-01 -6.1460E-02  2.8378E-01 -3.8859E-01
  4.0000E+01  9.5325E+01  6.4057E-02  6.4343E-01 -6.1460E-02  2.8378E-01 -3.8859E-01
  4.0000E+01  9.5325E+01  6.4057E-02  6.4343E-01 -6.1460E-02  2.8378E-01 -3.8859E-01
  4.0000E+01  9.5325E+01  6.4057E-02  6.4343E-01 -6.1460E-02  2.8378E-01 -3.8859E-01
  4.0000E+01  9.5325E+01  6.4057E-02  6.4343E-01 -6.1460E-02  2.8378E-01 -3.8859E-01
  4.0000E+01  9.5325E+01  6.4057E-02  6.4343E-01 -6.1460E-02  2.8378E-01 -3.8859E-01
  4.0000E+01  9.5325E+01  6.4057E-02  6.4343E-01 -6.1460E-02  2.8378E-01 -3.8859E-01
  4.0000E+01  9.5325E+01  6.4057E-02  6.4343E-01 -6.1460E-02  2.8378E-01 -3.8859E-01
  4.0000E+01  9.5325E+01  6.4057E-02  6.4343E-01 -6.1460E-02  2.8378E-01 -3.8859E-01
