TABLE NO.  1
 ID          TIME        DV          MDV         EVID        IPRE        IWRE        CWRES       DV          PRED        RES         WRES
  1.0000E+00  0.0000E+00  1.2350E+02  0.0000E+00  0.0000E+00  1.2026E+02  6.3153E-01  1.4659E+00  1.2350E+02  1.0137E+02  2.2132E+01  1.6831E+00
  1.0000E+00  1.2000E+01  7.4300E+01  0.0000E+00  0.0000E+00  7.9633E+01 -1.0389E+00 -3.9460E-01  7.4300E+01  6.1096E+01  1.3204E+01 -3.9403E-01
  1.0000E+00  2.4000E+01  6.4400E+01  0.0000E+00  0.0000E+00  5.5702E+01  1.6943E+00  2.2380E+00  6.4400E+01  3.8666E+01  2.5734E+01  2.2441E+00
  1.0000E+00  3.6000E+01  3.8800E+01  0.0000E+00  0.0000E+00  4.2912E+01 -8.0110E-01 -2.8989E-01  3.8800E+01  2.7007E+01  1.1793E+01 -2.1692E-01
  1.0000E+00  4.8000E+01  4.1000E+01  0.0000E+00  0.0000E+00  3.6992E+01  7.8075E-01  1.3012E+00  4.1000E+01  2.1544E+01  1.9456E+01  1.4425E+00
  1.0000E+00  7.2000E+01  3.1900E+01  0.0000E+00  0.0000E+00  3.6548E+01 -9.0536E-01 -3.0046E-01  3.1900E+01  2.0144E+01  1.1756E+01 -7.5718E-02
  1.0000E+00  9.6000E+01  4.5000E+01  0.0000E+00  0.0000E+00  4.3753E+01  2.4291E-01  9.6495E-01  4.5000E+01  2.4848E+01  2.0152E+01  1.1996E+00
  1.0000E+00  1.2000E+02  5.3900E+01  0.0000E+00  0.0000E+00  5.4348E+01 -8.7366E-02  7.4547E-01  5.3900E+01  3.2574E+01  2.1326E+01  9.3051E-01
  1.0000E+00  1.4400E+02  7.0800E+01  0.0000E+00  0.0000E+00  6.6150E+01  9.0587E-01  1.8208E+00  7.0800E+01  4.2040E+01  2.8760E+01  1.9173E+00
  2.0000E+00  0.0000E+00  1.0050E+02  0.0000E+00  0.0000E+00  1.0244E+02 -3.7765E-01 -3.3318E-01  1.0050E+02  1.0137E+02 -8.6755E-01 -3.1976E-01
  2.0000E+00  1.2000E+01  6.7900E+01  0.0000E+00  0.0000E+00  6.3702E+01  8.1770E-01  9.1713E-01  6.7900E+01  6.1188E+01  6.7123E+00  8.9981E-01
  2.0000E+00  2.4000E+01  4.5800E+01  0.0000E+00  0.0000E+00  4.1685E+01  8.0155E-01  9.0238E-01  4.5800E+01  3.9132E+01  6.6682E+00  8.8317E-01
  2.0000E+00  3.6000E+01  2.6300E+01  0.0000E+00  0.0000E+00  2.9859E+01 -6.9328E-01 -6.0968E-01  2.6300E+01  2.7735E+01 -1.4347E+00 -6.2291E-01
  2.0000E+00  4.8000E+01  1.7000E+01  0.0000E+00  0.0000E+00  2.4100E+01 -1.3830E+00 -1.3198E+00  1.7000E+01  2.2473E+01 -5.4728E+00 -1.3267E+00
  2.0000E+00  7.2000E+01  2.1400E+01  0.0000E+00  0.0000E+00  2.2269E+01 -1.6922E-01 -1.3769E-01  2.1400E+01  2.1378E+01  2.1703E-02 -1.3675E-01
  2.0000E+00  9.6000E+01  3.3100E+01  0.0000E+00  0.0000E+00  2.6840E+01  1.2194E+00  1.2344E+00  3.3100E+01  2.6301E+01  6.7990E+00  1.2384E+00
  2.0000E+00  1.2000E+02  3.6200E+01  0.0000E+00  0.0000E+00  3.4561E+01  3.1923E-01  3.2736E-01  3.6200E+01  3.4140E+01  2.0596E+00  3.3286E-01
  2.0000E+00  1.4400E+02  4.1000E+01  0.0000E+00  0.0000E+00  4.4000E+01 -5.8446E-01 -5.7781E-01  4.1000E+01  4.3585E+01 -2.5854E+00 -5.7105E-01
  3.0000E+00  0.0000E+00  1.1380E+02  0.0000E+00  0.0000E+00  1.1030E+02  6.8195E-01  9.2288E-01  1.1380E+02  1.0137E+02  1.2432E+01  1.0302E+00
  3.0000E+00  1.2000E+01  6.4200E+01  0.0000E+00  0.0000E+00  7.4228E+01 -1.9533E+00 -1.5223E+00  6.4200E+01  6.0715E+01  3.4853E+00 -1.5200E+00
  3.0000E+00  2.4000E+01  5.7200E+01  0.0000E+00  0.0000E+00  5.2909E+01  8.3582E-01  1.3366E+00  5.7200E+01  3.8560E+01  1.8640E+01  1.3828E+00
  3.0000E+00  3.6000E+01  5.0700E+01  0.0000E+00  0.0000E+00  4.1564E+01  1.7797E+00  2.3069E+00  5.0700E+01  2.7435E+01  2.3265E+01  2.4204E+00
  3.0000E+00  4.8000E+01  3.4700E+01  0.0000E+00  0.0000E+00  3.6707E+01 -3.9100E-01  1.5214E-01  3.4700E+01  2.2797E+01  1.1903E+01  3.1703E-01
  3.0000E+00  7.2000E+01  3.6300E+01  0.0000E+00  0.0000E+00  3.8572E+01 -4.4259E-01  1.3878E-01  3.6300E+01  2.4025E+01  1.2275E+01  3.3584E-01
  3.0000E+00  9.6000E+01  5.1800E+01  0.0000E+00  0.0000E+00  4.8676E+01  6.0851E-01  1.2243E+00  5.1800E+01  3.2633E+01  1.9167E+01  1.3739E+00
  3.0000E+00  1.2000E+02  6.1600E+01  0.0000E+00  0.0000E+00  6.1948E+01 -6.7776E-02  5.4478E-01  6.1600E+01  4.4921E+01  1.6679E+01  6.0204E-01
  3.0000E+00  1.4400E+02  7.6100E+01  0.0000E+00  0.0000E+00  7.5122E+01  1.9060E-01  7.5440E-01  7.6100E+01  5.8377E+01  1.7723E+01  7.2781E-01
  4.0000E+00  0.0000E+00  1.1620E+02  0.0000E+00  0.0000E+00  1.1266E+02  6.9054E-01  1.2504E+00  1.1620E+02  1.0137E+02  1.4832E+01  1.3157E+00
  4.0000E+00  1.2000E+01  7.0000E+01  0.0000E+00  0.0000E+00  7.0412E+01 -8.0254E-02  1.8353E-01  7.0000E+01  6.2032E+01  7.9684E+00  1.4407E-01
  4.0000E+00  2.4000E+01  4.1300E+01  0.0000E+00  0.0000E+00  4.7038E+01 -1.1178E+00 -9.2906E-01  4.1300E+01  3.9774E+01  1.5259E+00 -9.6961E-01
  4.0000E+00  3.6000E+01  3.8800E+01  0.0000E+00  0.0000E+00  3.5188E+01  7.0368E-01  9.1728E-01  3.8800E+01  2.7923E+01  1.0877E+01  9.1387E-01
  4.0000E+00  4.8000E+01  3.1100E+01  0.0000E+00  0.0000E+00  2.9749E+01  2.6317E-01  5.3424E-01  3.1100E+01  2.1971E+01  9.1286E+00  5.7491E-01
  4.0000E+00  7.2000E+01  3.7700E+01  0.0000E+00  0.0000E+00  2.8154E+01  1.8595E+00  2.2539E+00  3.7700E+01  1.8788E+01  1.8912E+01  2.3651E+00
  4.0000E+00  9.6000E+01  2.9400E+01  0.0000E+00  0.0000E+00  3.1818E+01 -4.7106E-01  2.6924E-02  2.9400E+01  2.0662E+01  8.7379E+00  1.7757E-01
  4.0000E+00  1.2000E+02  4.1900E+01  0.0000E+00  0.0000E+00  3.7541E+01  8.4919E-01  1.4325E+00  4.1900E+01  2.4601E+01  1.7299E+01  1.5983E+00
  4.0000E+00  1.4400E+02  3.8400E+01  0.0000E+00  0.0000E+00  4.4253E+01 -1.1402E+00 -4.8600E-01  3.8400E+01  2.9646E+01  8.7545E+00 -3.2321E-01
  5.0000E+00  0.0000E+00  9.6700E+01  0.0000E+00  0.0000E+00  9.5823E+01  1.7085E-01 -9.8659E-02  9.6700E+01  1.0137E+02 -4.6676E+00 -6.5377E-02
  5.0000E+00  1.2000E+01  4.7200E+01  0.0000E+00  0.0000E+00  5.3290E+01 -1.1862E+00 -1.4340E+00  4.7200E+01  6.0121E+01 -1.2921E+01 -1.4520E+00
  5.0000E+00  2.4000E+01  3.1600E+01  0.0000E+00  0.0000E+00  3.0924E+01  1.3175E-01 -8.7022E-02  3.1600E+01  3.7355E+01 -5.7547E+00 -9.5652E-02
  5.0000E+00  3.6000E+01  3.0000E+01  0.0000E+00  0.0000E+00  1.9515E+01  2.0425E+00  1.8415E+00  3.0000E+01  2.5252E+01  4.7481E+00  1.8553E+00
  5.0000E+00  4.8000E+01  9.3000E+00  0.0000E+00  0.0000E+00  1.4014E+01 -9.1834E-01 -1.1150E+00  9.3000E+00  1.9231E+01 -9.9314E+00 -1.0808E+00
  5.0000E+00  7.2000E+01  3.4000E+00  0.0000E+00  0.0000E+00  1.1306E+01 -1.5400E+00 -1.7615E+00  3.4000E+00  1.6342E+01 -1.2942E+01 -1.7007E+00
  5.0000E+00  9.6000E+01  1.3700E+01  0.0000E+00  0.0000E+00  1.3295E+01  7.8896E-02 -1.9817E-01  1.3700E+01  1.9054E+01 -5.3541E+00 -1.2330E-01
  5.0000E+00  1.2000E+02  1.3900E+01  0.0000E+00  0.0000E+00  1.7414E+01 -6.8459E-01 -1.0363E+00  1.3900E+01  2.4402E+01 -1.0502E+01 -9.5437E-01
  5.0000E+00  1.4400E+02  2.4400E+01  0.0000E+00  0.0000E+00  2.3001E+01  2.7258E-01 -1.6318E-01  2.4400E+01  3.1407E+01 -7.0069E+00 -8.1085E-02
  6.0000E+00  0.0000E+00  1.0070E+02  0.0000E+00  0.0000E+00  9.8226E+01  4.8201E-01  3.9676E-01  1.0070E+02  1.0137E+02 -6.6755E-01  5.3061E-01
  6.0000E+00  1.2000E+01  4.6300E+01  0.0000E+00  0.0000E+00  4.6887E+01 -1.1425E-01 -7.5786E-01  4.6300E+01  6.0705E+01 -1.4405E+01 -8.8561E-01
  6.0000E+00  2.4000E+01  1.9300E+01  0.0000E+00  0.0000E+00  2.5824E+01 -1.2709E+00 -1.8288E+00  1.9300E+01  3.9108E+01 -1.9808E+01 -1.8842E+00
  6.0000E+00  3.6000E+01  2.2000E+01  0.0000E+00  0.0000E+00  1.8765E+01  6.3014E-01  2.5092E-01  2.2000E+01  2.8949E+01 -6.9492E+00  2.8720E-01
  6.0000E+00  4.8000E+01  1.9400E+01  0.0000E+00  0.0000E+00  1.8473E+01  1.8052E-01 -6.2662E-02  1.9400E+01  2.5769E+01 -6.3685E+00  1.5415E-02
  6.0000E+00  7.2000E+01  3.1600E+01  0.0000E+00  0.0000E+00  2.7581E+01  7.8289E-01  6.6522E-01  3.1600E+01  3.1487E+01  1.1280E-01  7.1685E-01
  6.0000E+00  9.6000E+01  4.1700E+01  0.0000E+00  0.0000E+00  4.3225E+01 -2.9716E-01 -3.7841E-01  4.1700E+01  4.5781E+01 -4.0805E+00 -3.8054E-01
  6.0000E+00  1.2000E+02  5.9100E+01  0.0000E+00  0.0000E+00  6.0557E+01 -2.8389E-01 -3.4587E-01  5.9100E+01  6.2482E+01 -3.3822E+00 -3.6281E-01
  6.0000E+00  1.4400E+02  7.2800E+01  0.0000E+00  0.0000E+00  7.5324E+01 -4.9175E-01 -5.4243E-01  7.2800E+01  7.7024E+01 -4.2244E+00 -5.3859E-01
  7.0000E+00  0.0000E+00  9.8300E+01  0.0000E+00  0.0000E+00  1.0048E+02 -4.2442E-01 -8.0605E-01  9.8300E+01  1.0137E+02 -3.0676E+00 -5.9936E-01
  7.0000E+00  1.2000E+01  6.0400E+01  0.0000E+00  0.0000E+00  6.2012E+01 -3.1409E-01 -4.2372E-01  6.0400E+01  6.1037E+01 -6.3719E-01 -6.4793E-01
  7.0000E+00  2.4000E+01  4.4000E+01  0.0000E+00  0.0000E+00  4.3388E+01  1.1915E-01  2.9638E-01  4.4000E+01  3.8983E+01  5.0170E+00  8.5422E-02
  7.0000E+00  3.6000E+01  3.2900E+01  0.0000E+00  0.0000E+00  3.6171E+01 -6.3727E-01 -2.0632E-01  3.2900E+01  2.7886E+01  5.0141E+00 -2.5401E-01
  7.0000E+00  4.8000E+01  4.2000E+01  0.0000E+00  0.0000E+00  3.5185E+01  1.3276E+00  1.9593E+00  4.2000E+01  2.3203E+01  1.8797E+01  2.0924E+00
  7.0000E+00  7.2000E+01  4.3600E+01  0.0000E+00  0.0000E+00  4.2150E+01  2.8252E-01  1.1525E+00  4.3600E+01  2.4110E+01  1.9490E+01  1.5269E+00
  7.0000E+00  9.6000E+01  5.8100E+01  0.0000E+00  0.0000E+00  5.3747E+01  8.4787E-01  1.7527E+00  5.8100E+01  3.2078E+01  2.6022E+01  2.1478E+00
  7.0000E+00  1.2000E+02  6.6500E+01  0.0000E+00  0.0000E+00  6.5844E+01  1.2786E-01  9.0088E-01  6.6500E+01  4.3537E+01  2.2963E+01  1.1414E+00
  7.0000E+00  1.4400E+02  7.3800E+01  0.0000E+00  0.0000E+00  7.6389E+01 -5.0429E-01  4.0296E-02  7.3800E+01  5.6269E+01  1.7531E+01  7.3206E-02
  8.0000E+00  0.0000E+00  1.1590E+02  0.0000E+00  0.0000E+00  1.1204E+02  7.5274E-01  1.5321E+00  1.1590E+02  1.0137E+02  1.4532E+01  1.7158E+00
  8.0000E+00  1.2000E+01  5.3200E+01  0.0000E+00  0.0000E+00  5.1558E+01  3.1981E-01 -1.4637E-01  5.3200E+01  6.0420E+01 -7.2196E+00 -2.7330E-01
  8.0000E+00  2.4000E+01  1.7600E+01  0.0000E+00  0.0000E+00  2.6530E+01 -1.7396E+00 -2.2794E+00  1.7600E+01  3.7814E+01 -2.0214E+01 -2.3184E+00
  8.0000E+00  3.6000E+01  1.9500E+01  0.0000E+00  0.0000E+00  1.7113E+01  4.6494E-01  8.8057E-02  1.9500E+01  2.6062E+01 -6.5624E+00  1.6264E-01
  8.0000E+00  4.8000E+01  2.1000E+01  0.0000E+00  0.0000E+00  1.4519E+01  1.2625E+00  1.0363E+00  2.1000E+01  2.0578E+01  4.2151E-01  1.1651E+00
  8.0000E+00  7.2000E+01  1.1300E+01  0.0000E+00  0.0000E+00  1.7259E+01 -1.1608E+00 -1.2298E+00  1.1300E+01  1.9353E+01 -8.0529E+00 -1.1277E+00
  8.0000E+00  9.6000E+01  2.3600E+01  0.0000E+00  0.0000E+00  2.4416E+01 -1.5895E-01 -1.6990E-01  2.3600E+01  2.4560E+01 -9.6026E-01 -1.4412E-01
  8.0000E+00  1.2000E+02  3.2600E+01  0.0000E+00  0.0000E+00  3.4214E+01 -3.1432E-01 -2.8180E-01  3.2600E+01  3.3122E+01 -5.2196E-01 -3.1191E-01
  8.0000E+00  1.4400E+02  4.8300E+01  0.0000E+00  0.0000E+00  4.5960E+01  4.5573E-01  5.5089E-01  4.8300E+01  4.3639E+01  4.6611E+00  4.9651E-01
  9.0000E+00  0.0000E+00  9.3200E+01  0.0000E+00  0.0000E+00  9.5515E+01 -4.5087E-01 -8.5562E-01  9.3200E+01  1.0137E+02 -8.1676E+00 -5.3782E-01
  9.0000E+00  1.2000E+01  3.8200E+01  0.0000E+00  0.0000E+00  4.2129E+01 -7.6530E-01 -1.7792E+00  3.8200E+01  6.1204E+01 -2.3004E+01 -2.0778E+00
  9.0000E+00  2.4000E+01  2.3600E+01  0.0000E+00  0.0000E+00  2.4509E+01 -1.7708E-01 -7.2375E-01  2.3600E+01  3.9255E+01 -1.5655E+01 -8.4284E-01
  9.0000E+00  3.6000E+01  1.8400E+01  0.0000E+00  0.0000E+00  2.0272E+01 -3.6471E-01 -4.8038E-01  1.8400E+01  2.8040E+01 -9.6399E+00 -3.6489E-01
  9.0000E+00  4.8000E+01  2.3200E+01  0.0000E+00  0.0000E+00  2.1066E+01  4.1570E-01  5.6426E-01  2.3200E+01  2.3037E+01  1.6337E-01  7.9626E-01
  9.0000E+00  7.2000E+01  2.9600E+01  0.0000E+00  0.0000E+00  2.7838E+01  3.4324E-01  7.2650E-01  2.9600E+01  2.2705E+01  6.8947E+00  9.2456E-01
  9.0000E+00  9.6000E+01  3.4500E+01  0.0000E+00  0.0000E+00  3.7276E+01 -5.4082E-01 -8.0573E-02  3.4500E+01  2.8706E+01  5.7941E+00 -2.3704E-02
  9.0000E+00  1.2000E+02  5.4700E+01  0.0000E+00  0.0000E+00  4.7808E+01  1.3425E+00  1.8007E+00  5.4700E+01  3.7818E+01  1.6882E+01  1.7311E+00
  9.0000E+00  1.4400E+02  5.7000E+01  0.0000E+00  0.0000E+00  5.8342E+01 -2.6147E-01  1.2743E-01  5.7000E+01  4.8477E+01  8.5227E+00 -3.1670E-02
  1.0000E+01  0.0000E+00  8.5200E+01  0.0000E+00  0.0000E+00  8.8441E+01 -6.3133E-01 -1.3885E+00  8.5200E+01  1.0137E+02 -1.6168E+01 -1.3053E+00
  1.0000E+01  1.2000E+01  4.8800E+01  0.0000E+00  0.0000E+00  5.2317E+01 -6.8503E-01 -1.0359E+00  4.8800E+01  6.0337E+01 -1.1537E+01 -1.0059E+00
  1.0000E+01  2.4000E+01  3.0700E+01  0.0000E+00  0.0000E+00  3.2595E+01 -3.6918E-01 -5.3756E-01  3.0700E+01  3.7889E+01 -7.1891E+00 -5.2837E-01
  1.0000E+01  3.6000E+01  2.4800E+01  0.0000E+00  0.0000E+00  2.2365E+01  4.7431E-01  3.7856E-01  2.4800E+01  2.6247E+01 -1.4473E+00  3.8136E-01
  1.0000E+01  4.8000E+01  2.1700E+01  0.0000E+00  0.0000E+00  1.7594E+01  7.9974E-01  7.2430E-01  2.1700E+01  2.0849E+01  8.5114E-01  7.2670E-01
  1.0000E+01  7.2000E+01  1.8200E+01  0.0000E+00  0.0000E+00  1.6498E+01  3.3156E-01  2.3448E-01  1.8200E+01  1.9763E+01 -1.5628E+00  2.4139E-01
  1.0000E+01  9.6000E+01  1.8800E+01  0.0000E+00  0.0000E+00  2.0955E+01 -4.1976E-01 -5.6916E-01  1.8800E+01  2.5089E+01 -6.2888E+00 -5.5657E-01
  1.0000E+01  1.2000E+02  2.7700E+01  0.0000E+00  0.0000E+00  2.8318E+01 -1.2037E-01 -3.3778E-01  2.7700E+01  3.3739E+01 -6.0392E+00 -3.1920E-01
  1.0000E+01  1.4400E+02  3.6600E+01  0.0000E+00  0.0000E+00  3.7409E+01 -1.5758E-01 -4.5509E-01  3.6600E+01  4.4293E+01 -7.6929E+00 -4.2974E-01
  1.1000E+01  0.0000E+00  9.7200E+01  0.0000E+00  0.0000E+00  9.9400E+01 -4.2852E-01 -6.3849E-01  9.7200E+01  1.0137E+02 -4.1676E+00 -5.0626E-01
  1.1000E+01  1.2000E+01  6.8300E+01  0.0000E+00  0.0000E+00  6.9462E+01 -2.2640E-01  2.6586E-02  6.8300E+01  6.1423E+01  6.8767E+00 -1.0955E-01
  1.1000E+01  2.4000E+01  5.2700E+01  0.0000E+00  0.0000E+00  4.9593E+01  6.0530E-01  1.0242E+00  5.2700E+01  3.9217E+01  1.3483E+01  9.3530E-01
  1.1000E+01  3.6000E+01  4.1800E+01  0.0000E+00  0.0000E+00  3.6892E+01  9.5608E-01  1.3819E+00  4.1800E+01  2.7554E+01  1.4246E+01  1.3885E+00
  1.1000E+01  4.8000E+01  2.8400E+01  0.0000E+00  0.0000E+00  2.9047E+01 -1.2609E-01  2.3236E-01  2.8400E+01  2.1909E+01  6.4907E+00  3.0268E-01
  1.1000E+01  7.2000E+01  2.1000E+01  0.0000E+00  0.0000E+00  2.2301E+01 -2.5352E-01 -9.1963E-02  2.1000E+01  1.9678E+01  1.3224E+00 -4.5270E-03
  1.1000E+01  9.6000E+01  1.4400E+01  0.0000E+00  0.0000E+00  2.2291E+01 -1.5371E+00 -1.5567E+00  1.4400E+01  2.2955E+01 -8.5554E+00 -1.5188E+00
  1.1000E+01  1.2000E+02  2.1800E+01  0.0000E+00  0.0000E+00  2.5891E+01 -7.9697E-01 -9.5670E-01  2.1800E+01  2.8731E+01 -6.9314E+00 -9.7149E-01
  1.1000E+01  1.4400E+02  3.8800E+01  0.0000E+00  0.0000E+00  3.1651E+01  1.3925E+00  1.1279E+00  3.8800E+01  3.5948E+01  2.8517E+00  1.0765E+00
  1.2000E+01  0.0000E+00  9.1400E+01  0.0000E+00  0.0000E+00  9.6694E+01 -1.0313E+00 -1.5005E+00  9.1400E+01  1.0137E+02 -9.9676E+00 -1.3189E+00
  1.2000E+01  1.2000E+01  6.9600E+01  0.0000E+00  0.0000E+00  6.9616E+01 -3.1780E-03  1.7610E-01  6.9600E+01  5.9966E+01  9.6343E+00  5.8178E-02
  1.2000E+01  2.4000E+01  6.1800E+01  0.0000E+00  0.0000E+00  5.1272E+01  2.0509E+00  2.5289E+00  6.1800E+01  3.7158E+01  2.4642E+01  2.5095E+00
  1.2000E+01  3.6000E+01  3.3900E+01  0.0000E+00  0.0000E+00  3.9246E+01 -1.0414E+00 -4.6204E-01  3.3900E+01  2.5104E+01  8.7961E+00 -3.4320E-01
  1.2000E+01  4.8000E+01  2.8200E+01  0.0000E+00  0.0000E+00  3.1688E+01 -6.7950E-01 -1.0240E-01  2.8200E+01  1.9211E+01  8.9894E+00  9.6052E-02
  1.2000E+01  7.2000E+01  2.4800E+01  0.0000E+00  0.0000E+00  2.5298E+01 -9.6956E-02  3.5785E-01  2.4800E+01  1.6809E+01  7.9915E+00  5.4445E-01
  1.2000E+01  9.6000E+01  3.6100E+01  0.0000E+00  0.0000E+00  2.6004E+01  1.9667E+00  2.2772E+00  3.6100E+01  2.0343E+01  1.5757E+01  2.3546E+00
  1.2000E+01  1.2000E+02  2.7800E+01  0.0000E+00  0.0000E+00  3.0840E+01 -5.9221E-01 -4.0391E-01  2.7800E+01  2.6853E+01  9.4693E-01 -4.3587E-01
  1.2000E+01  1.4400E+02  3.7500E+01  0.0000E+00  0.0000E+00  3.8166E+01 -1.2972E-01 -4.4909E-02  3.7500E+01  3.5277E+01  2.2233E+00 -1.5640E-01
  1.3000E+01  0.0000E+00  1.0200E+02  0.0000E+00  0.0000E+00  1.0050E+02  2.9183E-01  2.9723E-01  1.0200E+02  1.0137E+02  6.3245E-01  3.2408E-01
  1.3000E+01  1.2000E+01  5.8300E+01  0.0000E+00  0.0000E+00  5.9136E+01 -1.6280E-01 -1.5490E-01  5.8300E+01  5.9818E+01 -1.5176E+00 -1.6033E-01
  1.3000E+01  2.4000E+01  3.6300E+01  0.0000E+00  0.0000E+00  3.5879E+01  8.1941E-02  6.7712E-02  3.6300E+01  3.6846E+01 -5.4620E-01  5.8455E-02
  1.3000E+01  3.6000E+01  2.0300E+01  0.0000E+00  0.0000E+00  2.3289E+01 -5.8221E-01 -6.3010E-01  2.0300E+01  2.4798E+01 -4.4976E+00 -6.3246E-01
  1.3000E+01  4.8000E+01  1.4000E+01  0.0000E+00  0.0000E+00  1.6889E+01 -5.6275E-01 -6.4820E-01  1.4000E+01  1.9054E+01 -5.0536E+00 -6.4099E-01
  1.3000E+01  7.2000E+01  2.9900E+01  0.0000E+00  0.0000E+00  1.3722E+01  3.1514E+00  2.9860E+00  2.9900E+01  1.7378E+01  1.2522E+01  3.0093E+00
  1.3000E+01  9.6000E+01  1.3700E+01  0.0000E+00  0.0000E+00  1.6941E+01 -6.3128E-01 -8.8369E-01  1.3700E+01  2.2257E+01 -8.5570E+00 -8.5386E-01
  1.3000E+01  1.2000E+02  1.6000E+01  0.0000E+00  0.0000E+00  2.3714E+01 -1.5026E+00 -1.8459E+00  1.6000E+01  3.0709E+01 -1.4709E+01 -1.8220E+00
  1.3000E+01  1.4400E+02  3.2700E+01  0.0000E+00  0.0000E+00  3.3051E+01 -6.8365E-02 -4.9181E-01  3.2700E+01  4.1411E+01 -8.7110E+00 -4.8600E-01
  1.4000E+01  0.0000E+00  1.0440E+02  0.0000E+00  0.0000E+00  1.0442E+02 -3.5123E-03  1.9804E-01  1.0440E+02  1.0137E+02  3.0324E+00  2.9088E-01
  1.4000E+01  1.2000E+01  5.2300E+01  0.0000E+00  0.0000E+00  5.1526E+01  1.5085E-01 -3.0959E-01  5.2300E+01  6.0353E+01 -8.0525E+00 -3.8442E-01
  1.4000E+01  2.4000E+01  2.8100E+01  0.0000E+00  0.0000E+00  2.8975E+01 -1.7052E-01 -5.7284E-01  2.8100E+01  3.7855E+01 -9.7550E+00 -5.6961E-01
  1.4000E+01  3.6000E+01  1.2900E+01  0.0000E+00  0.0000E+00  2.0269E+01 -1.4354E+00 -1.6466E+00  1.2900E+01  2.6069E+01 -1.3169E+01 -1.5628E+00
  1.4000E+01  4.8000E+01  2.2100E+01  0.0000E+00  0.0000E+00  1.7883E+01  8.2149E-01  7.7673E-01  2.2100E+01  2.0433E+01  1.6668E+00  8.9368E-01
  1.4000E+01  7.2000E+01  2.6900E+01  0.0000E+00  0.0000E+00  2.0711E+01  1.2055E+00  1.3629E+00  2.6900E+01  1.8573E+01  8.3267E+00  1.4471E+00
  1.4000E+01  9.6000E+01  1.5800E+01  0.0000E+00  0.0000E+00  2.7618E+01 -2.3022E+00 -2.0380E+00  1.5800E+01  2.2709E+01 -6.9087E+00 -2.0231E+00
  1.4000E+01  1.2000E+02  3.7200E+01  0.0000E+00  0.0000E+00  3.6568E+01  1.2318E-01  4.5895E-01  3.7200E+01  2.9833E+01  7.3675E+00  4.1435E-01
  1.4000E+01  1.4400E+02  5.4000E+01  0.0000E+00  0.0000E+00  4.6757E+01  1.4109E+00  1.7966E+00  5.4000E+01  3.8780E+01  1.5220E+01  1.7080E+00
  1.5000E+01  0.0000E+00  1.2810E+02  0.0000E+00  0.0000E+00  1.2405E+02  7.8840E-01  1.8514E+00  1.2810E+02  1.0137E+02  2.6732E+01  2.3107E+00
  1.5000E+01  1.2000E+01  9.2700E+01  0.0000E+00  0.0000E+00  9.2272E+01  8.3389E-02  1.2376E+00  9.2700E+01  6.0474E+01  3.2226E+01  1.0415E+00
  1.5000E+01  2.4000E+01  6.9100E+01  0.0000E+00  0.0000E+00  6.9609E+01 -9.9224E-02  1.0062E+00  6.9100E+01  3.7996E+01  3.1104E+01  1.0383E+00
  1.5000E+01  3.6000E+01  6.0200E+01  0.0000E+00  0.0000E+00  5.3918E+01  1.2238E+00  2.2071E+00  6.0200E+01  2.6319E+01  3.3881E+01  2.5590E+00
  1.5000E+01  4.8000E+01  4.0700E+01  0.0000E+00  0.0000E+00  4.3392E+01 -5.2435E-01  3.0635E-01  4.0700E+01  2.0871E+01  1.9829E+01  8.4034E-01
  1.5000E+01  7.2000E+01  3.6000E+01  0.0000E+00  0.0000E+00  3.3055E+01  5.7372E-01  1.0959E+00  3.6000E+01  1.9630E+01  1.6370E+01  1.5719E+00
  1.5000E+01  9.6000E+01  2.7000E+01  0.0000E+00  0.0000E+00  3.2120E+01 -9.9745E-01 -7.2717E-01  2.7000E+01  2.4710E+01  2.2901E+00 -5.6688E-01
  1.5000E+01  1.2000E+02  3.9800E+01  0.0000E+00  0.0000E+00  3.7195E+01  5.0743E-01  6.0373E-01  3.9800E+01  3.3035E+01  6.7653E+00  4.4661E-01
  1.5000E+01  1.4400E+02  4.4900E+01  0.0000E+00  0.0000E+00  4.6225E+01 -2.5809E-01 -2.5496E-01  4.4900E+01  4.3243E+01  1.6569E+00 -6.3278E-01
  1.6000E+01  0.0000E+00  9.5500E+01  0.0000E+00  0.0000E+00  9.6215E+01 -1.3922E-01 -4.0365E-01  9.5500E+01  1.0137E+02 -5.8676E+00 -3.5595E-01
  1.6000E+01  1.2000E+01  4.7000E+01  0.0000E+00  0.0000E+00  5.0233E+01 -6.2971E-01 -1.0597E+00  4.7000E+01  6.0054E+01 -1.3054E+01 -1.0930E+00
  1.6000E+01  2.4000E+01  3.1100E+01  0.0000E+00  0.0000E+00  2.8155E+01  5.7373E-01  2.1573E-01  3.1100E+01  3.7129E+01 -6.0287E+00  2.1650E-01
  1.6000E+01  3.6000E+01  1.3800E+01  0.0000E+00  0.0000E+00  1.8155E+01 -8.4833E-01 -1.0964E+00  1.3800E+01  2.4956E+01 -1.1156E+01 -1.0592E+00
  1.6000E+01  4.8000E+01  1.8100E+01  0.0000E+00  0.0000E+00  1.4155E+01  7.6851E-01  6.0997E-01  1.8100E+01  1.8929E+01 -8.2864E-01  6.6268E-01
  1.6000E+01  7.2000E+01  1.2700E+01  0.0000E+00  0.0000E+00  1.3919E+01 -2.3742E-01 -2.9838E-01  1.2700E+01  1.6173E+01 -3.4729E+00 -2.5884E-01
  1.6000E+01  9.6000E+01  1.3600E+01  0.0000E+00  0.0000E+00  1.7915E+01 -8.4048E-01 -8.6998E-01  1.3600E+01  1.9204E+01 -5.6043E+00 -8.5930E-01
  1.6000E+01  1.2000E+02  2.6000E+01  0.0000E+00  0.0000E+00  2.3974E+01  3.9472E-01  3.6917E-01  2.6000E+01  2.5061E+01  9.3908E-01  3.5729E-01
  1.6000E+01  1.4400E+02  3.2700E+01  0.0000E+00  0.0000E+00  3.1520E+01  2.2977E-01  1.9624E-01  3.2700E+01  3.2741E+01 -4.1173E-02  1.7080E-01
  1.7000E+01  0.0000E+00  1.1690E+02  0.0000E+00  0.0000E+00  1.1244E+02  8.6877E-01  1.4198E+00  1.1690E+02  1.0137E+02  1.5532E+01  1.5029E+00
  1.7000E+01  1.2000E+01  7.2900E+01  0.0000E+00  0.0000E+00  7.7360E+01 -8.6885E-01 -2.3748E-01  7.2900E+01  6.1115E+01  1.1785E+01 -2.4761E-01
  1.7000E+01  2.4000E+01  5.6700E+01  0.0000E+00  0.0000E+00  5.4602E+01  4.0867E-01  9.9479E-01  5.6700E+01  3.8888E+01  1.7812E+01  1.0698E+00
  1.7000E+01  3.6000E+01  4.3400E+01  0.0000E+00  0.0000E+00  4.0302E+01  6.0348E-01  1.0931E+00  4.3400E+01  2.7182E+01  1.6218E+01  1.2440E+00
  1.7000E+01  4.8000E+01  3.0600E+01  0.0000E+00  0.0000E+00  3.1639E+01 -2.0238E-01  1.7946E-01  3.0600E+01  2.1477E+01  9.1234E+00  3.5637E-01
  1.7000E+01  7.2000E+01  2.7800E+01  0.0000E+00  0.0000E+00  2.4488E+01  6.4516E-01  8.4005E-01  2.7800E+01  1.9084E+01  8.7162E+00  9.5975E-01
  1.7000E+01  9.6000E+01  2.6500E+01  0.0000E+00  0.0000E+00  2.4825E+01  3.2629E-01  3.9557E-01  2.6500E+01  2.2159E+01  4.3406E+00  4.1233E-01
  1.7000E+01  1.2000E+02  2.2800E+01  0.0000E+00  0.0000E+00  2.9085E+01 -1.2243E+00 -1.2282E+00  2.2800E+01  2.7709E+01 -4.9088E+00 -1.2997E+00
  1.7000E+01  1.4400E+02  3.7200E+01  0.0000E+00  0.0000E+00  3.5666E+01  2.9886E-01  2.5992E-01  3.7200E+01  3.4701E+01  2.4995E+00  1.2769E-01
  1.8000E+01  0.0000E+00  9.5100E+01  0.0000E+00  0.0000E+00  9.7797E+01 -5.2545E-01 -7.6527E-01  9.5100E+01  1.0137E+02 -6.2676E+00 -7.2663E-01
  1.8000E+01  1.2000E+01  5.4100E+01  0.0000E+00  0.0000E+00  5.3486E+01  1.1956E-01 -2.3812E-01  5.4100E+01  6.0797E+01 -6.6968E+00 -2.3385E-01
  1.8000E+01  2.4000E+01  3.3100E+01  0.0000E+00  0.0000E+00  3.2387E+01  1.3896E-01 -1.1720E-01  3.3100E+01  3.8500E+01 -5.3996E+00 -8.1676E-02
  1.8000E+01  3.6000E+01  2.3600E+01  0.0000E+00  0.0000E+00  2.3280E+01  6.2416E-02 -5.6494E-02  2.3600E+01  2.6935E+01 -3.3353E+00  3.1376E-03
  1.8000E+01  4.8000E+01  1.3700E+01  0.0000E+00  0.0000E+00  2.0267E+01 -1.2792E+00 -1.2814E+00  1.3700E+01  2.1554E+01 -7.8541E+00 -1.2169E+00
  1.8000E+01  7.2000E+01  2.4400E+01  0.0000E+00  0.0000E+00  2.2460E+01  3.7797E-01  5.2773E-01  2.4400E+01  2.0326E+01  4.0743E+00  5.6590E-01
  1.8000E+01  9.6000E+01  2.4200E+01  0.0000E+00  0.0000E+00  2.9385E+01 -1.0101E+00 -7.8054E-01  2.4200E+01  2.5251E+01 -1.0508E+00 -7.8152E-01
  1.8000E+01  1.2000E+02  4.6400E+01  0.0000E+00  0.0000E+00  3.8487E+01  1.5415E+00  1.8073E+00  4.6400E+01  3.3246E+01  1.3154E+01  1.7699E+00
  1.8000E+01  1.4400E+02  4.8900E+01  0.0000E+00  0.0000E+00  4.8611E+01  5.6376E-02  3.2094E-01  4.8900E+01  4.2990E+01  5.9100E+00  2.5258E-01
  1.9000E+01  0.0000E+00  9.3000E+01  0.0000E+00  0.0000E+00  9.6172E+01 -6.1782E-01 -1.1249E+00  9.3000E+01  1.0137E+02 -8.3676E+00 -9.8691E-01
  1.9000E+01  1.2000E+01  6.6400E+01  0.0000E+00  0.0000E+00  6.9366E+01 -5.7769E-01 -4.2370E-01  6.6400E+01  6.0670E+01  5.7305E+00 -4.6881E-01
  1.9000E+01  2.4000E+01  6.2900E+01  0.0000E+00  0.0000E+00  5.1845E+01  2.1536E+00  2.6114E+00  6.2900E+01  3.8679E+01  2.4221E+01  2.6604E+00
  1.9000E+01  3.6000E+01  3.3100E+01  0.0000E+00  0.0000E+00  4.0952E+01 -1.5295E+00 -9.6550E-01  3.3100E+01  2.7516E+01  5.5839E+00 -8.1124E-01
  1.9000E+01  4.8000E+01  3.4100E+01  0.0000E+00  0.0000E+00  3.4764E+01 -1.2944E-01  4.3774E-01  3.4100E+01  2.2660E+01  1.1440E+01  6.4220E-01
  1.9000E+01  7.2000E+01  3.5800E+01  0.0000E+00  0.0000E+00  3.1671E+01  8.0427E-01  1.2572E+00  3.5800E+01  2.2934E+01  1.2866E+01  1.4215E+00
  1.9000E+01  9.6000E+01  3.9400E+01  0.0000E+00  0.0000E+00  3.6136E+01  6.3583E-01  9.3689E-01  3.9400E+01  2.9971E+01  9.4294E+00  9.8929E-01
  1.9000E+01  1.2000E+02  5.0300E+01  0.0000E+00  0.0000E+00  4.4624E+01  1.1058E+00  1.2535E+00  5.0300E+01  4.0416E+01  9.8842E+00  1.2056E+00
  1.9000E+01  1.4400E+02  4.7400E+01  0.0000E+00  0.0000E+00  5.4732E+01 -1.4283E+00 -1.4325E+00  4.7400E+01  5.2380E+01 -4.9799E+00 -1.5389E+00
  2.0000E+01  0.0000E+00  1.1240E+02  0.0000E+00  0.0000E+00  1.1447E+02 -4.0349E-01  3.2949E-01  1.1240E+02  1.0137E+02  1.1032E+01  4.2018E-01
  2.0000E+01  1.2000E+01  8.1200E+01  0.0000E+00  0.0000E+00  7.1742E+01  1.8424E+00  2.3599E+00  8.1200E+01  6.0021E+01  2.1179E+01  2.2939E+00
  2.0000E+01  2.4000E+01  5.2800E+01  0.0000E+00  0.0000E+00  4.7183E+01  1.0942E+00  1.4358E+00  5.2800E+01  3.8118E+01  1.4682E+01  1.3628E+00
  2.0000E+01  3.6000E+01  2.1900E+01  0.0000E+00  0.0000E+00  3.4183E+01 -2.3927E+00 -2.1900E+00  2.1900E+01  2.7778E+01 -5.8778E+00 -2.2311E+00
  2.0000E+01  4.8000E+01  2.9400E+01  0.0000E+00  0.0000E+00  2.8767E+01  1.2321E-01  2.1858E-01  2.9400E+01  2.4569E+01  4.8307E+00  2.1012E-01
  2.0000E+01  7.2000E+01  2.6300E+01  0.0000E+00  0.0000E+00  3.2366E+01 -1.1816E+00 -1.2206E+00  2.6300E+01  3.0851E+01 -4.5514E+00 -1.1887E+00
  2.0000E+01  9.6000E+01  4.9900E+01  0.0000E+00  0.0000E+00  4.7613E+01  4.4541E-01  3.8899E-01  4.9900E+01  4.6443E+01  3.4574E+00  4.3911E-01
  2.0000E+01  1.2000E+02  7.0000E+01  0.0000E+00  0.0000E+00  6.7254E+01  5.3487E-01  5.8865E-01  7.0000E+01  6.4374E+01  5.6264E+00  6.4843E-01
  2.0000E+01  1.4400E+02  8.5200E+01  0.0000E+00  0.0000E+00  8.4996E+01  3.9755E-02  2.7832E-01  8.5200E+01  7.9349E+01  5.8506E+00  3.4384E-01
  2.1000E+01  0.0000E+00  9.4900E+01  0.0000E+00  0.0000E+00  9.7543E+01 -5.1488E-01 -7.4978E-01  9.4900E+01  1.0137E+02 -6.4676E+00 -7.4252E-01
  2.1000E+01  1.2000E+01  5.8600E+01  0.0000E+00  0.0000E+00  5.7668E+01  1.8157E-01  4.4536E-02  5.8600E+01  6.0661E+01 -2.0611E+00  5.2423E-02
  2.1000E+01  2.4000E+01  3.9800E+01  0.0000E+00  0.0000E+00  3.6025E+01  7.3534E-01  6.5968E-01  3.9800E+01  3.8130E+01  1.6695E+00  6.6727E-01
  2.1000E+01  3.6000E+01  1.8700E+01  0.0000E+00  0.0000E+00  2.5103E+01 -1.2472E+00 -1.2842E+00  1.8700E+01  2.6464E+01 -7.7640E+00 -1.2780E+00
  2.1000E+01  4.8000E+01  2.3400E+01  0.0000E+00  0.0000E+00  2.0275E+01  6.0872E-01  5.9640E-01  2.3400E+01  2.1078E+01  2.3217E+00  6.0061E-01
  2.1000E+01  7.2000E+01  1.5000E+01  0.0000E+00  0.0000E+00  1.9946E+01 -9.6340E-01 -9.4993E-01  1.5000E+01  2.0091E+01 -5.0906E+00 -9.4993E-01
  2.1000E+01  9.6000E+01  2.5500E+01  0.0000E+00  0.0000E+00  2.5689E+01 -3.6768E-02 -1.4441E-02  2.5500E+01  2.5577E+01 -7.7313E-02 -1.7910E-02
  2.1000E+01  1.2000E+02  3.6400E+01  0.0000E+00  0.0000E+00  3.4520E+01  3.6619E-01  3.8520E-01  3.6400E+01  3.4414E+01  1.9859E+00  3.7927E-01
  2.1000E+01  1.4400E+02  4.6600E+01  0.0000E+00  0.0000E+00  4.5014E+01  3.0897E-01  3.1208E-01  4.6600E+01  4.5132E+01  1.4677E+00  3.0475E-01
  2.2000E+01  0.0000E+00  1.0700E+02  0.0000E+00  0.0000E+00  1.0744E+02 -8.5195E-02  2.0623E-01  1.0700E+02  1.0137E+02  5.6324E+00  2.4562E-01
  2.2000E+01  1.2000E+01  7.0300E+01  0.0000E+00  0.0000E+00  6.7539E+01  5.3784E-01  7.8370E-01  7.0300E+01  6.0705E+01  9.5947E+00  7.7038E-01
  2.2000E+01  2.4000E+01  4.3500E+01  0.0000E+00  0.0000E+00  4.4150E+01 -1.2654E-01  8.4004E-02  4.3500E+01  3.7811E+01  5.6886E+00  7.0075E-02
  2.2000E+01  3.6000E+01  3.2800E+01  0.0000E+00  0.0000E+00  3.1238E+01  3.0431E-01  4.9588E-01  3.2800E+01  2.5592E+01  7.2079E+00  4.9445E-01
  2.2000E+01  4.8000E+01  2.2700E+01  0.0000E+00  0.0000E+00  2.4544E+01 -3.5920E-01 -1.7391E-01  2.2700E+01  1.9444E+01  3.2555E+00 -1.6310E-01
  2.2000E+01  7.2000E+01  2.0400E+01  0.0000E+00  0.0000E+00  2.0927E+01 -1.0266E-01  9.6042E-02  2.0400E+01  1.6213E+01  4.1867E+00  1.2094E-01
  2.2000E+01  9.6000E+01  1.8500E+01  0.0000E+00  0.0000E+00  2.3488E+01 -9.7175E-01 -7.3908E-01  1.8500E+01  1.8408E+01  9.1994E-02 -7.0995E-01
  2.2000E+01  1.2000E+02  2.8500E+01  0.0000E+00  0.0000E+00  2.8891E+01 -7.6158E-02  1.9990E-01  2.8500E+01  2.3031E+01  5.4693E+00  2.2862E-01
  2.2000E+01  1.4400E+02  4.2200E+01  0.0000E+00  0.0000E+00  3.5915E+01  1.2244E+00  1.5454E+00  4.2200E+01  2.9125E+01  1.3075E+01  1.5708E+00
  2.3000E+01  0.0000E+00  1.1330E+02  0.0000E+00  0.0000E+00  1.1178E+02  2.9527E-01  9.3310E-01  1.1330E+02  1.0137E+02  1.1932E+01  1.0889E+00
  2.3000E+01  1.2000E+01  7.6700E+01  0.0000E+00  0.0000E+00  7.2441E+01  8.2965E-01  1.3701E+00  7.6700E+01  6.0840E+01  1.5860E+01  1.2715E+00
  2.3000E+01  2.4000E+01  5.1200E+01  0.0000E+00  0.0000E+00  4.7916E+01  6.3978E-01  1.0424E+00  5.1200E+01  3.8349E+01  1.2851E+01  9.4827E-01
  2.3000E+01  3.6000E+01  2.8200E+01  0.0000E+00  0.0000E+00  3.3161E+01 -9.6646E-01 -7.0851E-01  2.8200E+01  2.6653E+01  1.5465E+00 -7.3645E-01
  2.3000E+01  4.8000E+01  2.4500E+01  0.0000E+00  0.0000E+00  2.4637E+01 -2.6733E-02  9.7855E-02  2.4500E+01  2.1176E+01  3.3236E+00  1.2871E-01
  2.3000E+01  7.2000E+01  1.6300E+01  0.0000E+00  0.0000E+00  1.8333E+01 -3.9594E-01 -4.9034E-01  1.6300E+01  1.9812E+01 -3.5119E+00 -4.0742E-01
  2.3000E+01  9.6000E+01  1.9700E+01  0.0000E+00  0.0000E+00  1.9730E+01 -5.8531E-03 -2.6832E-01  1.9700E+01  2.4650E+01 -4.9496E+00 -1.9204E-01
  2.3000E+01  1.2000E+02  2.4200E+01  0.0000E+00  0.0000E+00  2.5345E+01 -2.2297E-01 -6.1822E-01  2.4200E+01  3.2610E+01 -8.4103E+00 -5.7518E-01
  2.3000E+01  1.4400E+02  3.1900E+01  0.0000E+00  0.0000E+00  3.3771E+01 -3.6445E-01 -8.5568E-01  3.1900E+01  4.2384E+01 -1.0484E+01 -8.5821E-01
  2.4000E+01  0.0000E+00  8.7200E+01  0.0000E+00  0.0000E+00  9.1285E+01 -7.9577E-01 -1.3255E+00  8.7200E+01  1.0137E+02 -1.4168E+01 -1.1308E+00
  2.4000E+01  1.2000E+01  4.2400E+01  0.0000E+00  0.0000E+00  4.1835E+01  1.0998E-01 -7.5656E-01  4.2400E+01  6.0339E+01 -1.7939E+01 -8.5582E-01
  2.4000E+01  2.4000E+01  1.5600E+01  0.0000E+00  0.0000E+00  2.1930E+01 -1.2332E+00 -1.8571E+00  1.5600E+01  3.7744E+01 -2.2144E+01 -1.8559E+00
  2.4000E+01  3.6000E+01  1.3600E+01  0.0000E+00  0.0000E+00  1.5488E+01 -3.6786E-01 -7.2501E-01  1.3600E+01  2.6615E+01 -1.3015E+01 -6.1496E-01
  2.4000E+01  4.8000E+01  2.2600E+01  0.0000E+00  0.0000E+00  1.5210E+01  1.4395E+00  1.2638E+00  2.2600E+01  2.2408E+01  1.9226E-01  1.4123E+00
  2.4000E+01  7.2000E+01  2.0100E+01  0.0000E+00  0.0000E+00  2.3127E+01 -5.8965E-01 -6.0541E-01  2.0100E+01  2.5935E+01 -5.8353E+00 -5.2086E-01
  2.4000E+01  9.6000E+01  3.9500E+01  0.0000E+00  0.0000E+00  3.7008E+01  4.8552E-01  4.8780E-01  3.9500E+01  3.8553E+01  9.4708E-01  4.7833E-01
  2.4000E+01  1.2000E+02  4.7500E+01  0.0000E+00  0.0000E+00  5.3059E+01 -1.0828E+00 -1.1436E+00  4.7500E+01  5.5073E+01 -7.5726E+00 -1.1937E+00
  2.4000E+01  1.4400E+02  7.2100E+01  0.0000E+00  0.0000E+00  6.7407E+01  9.1415E-01  7.4043E-01  7.2100E+01  7.0911E+01  1.1890E+00  7.0529E-01
  2.5000E+01  0.0000E+00  1.0100E+02  0.0000E+00  0.0000E+00  1.0063E+02  7.1140E-02  3.9165E-02  1.0100E+02  1.0137E+02 -3.6755E-01  8.7125E-02
  2.5000E+01  1.2000E+01  5.1300E+01  0.0000E+00  0.0000E+00  5.1083E+01  4.2343E-02 -4.0087E-01  5.1300E+01  6.0319E+01 -9.0189E+00 -4.4380E-01
  2.5000E+01  2.4000E+01  3.1500E+01  0.0000E+00  0.0000E+00  2.9146E+01  4.5857E-01  8.0711E-02  3.1500E+01  3.7968E+01 -6.4685E+00  1.0597E-01
  2.5000E+01  3.6000E+01  1.6600E+01  0.0000E+00  0.0000E+00  2.0596E+01 -7.7845E-01 -9.9958E-01  1.6600E+01  2.6626E+01 -1.0026E+01 -9.1429E-01
  2.5000E+01  4.8000E+01  9.6000E+00  0.0000E+00  0.0000E+00  1.8583E+01 -1.7499E+00 -1.8333E+00  9.6000E+00  2.1736E+01 -1.2136E+01 -1.7265E+00
  2.5000E+01  7.2000E+01  3.2800E+01  0.0000E+00  0.0000E+00  2.3362E+01  1.8386E+00  1.9277E+00  3.2800E+01  2.2360E+01  1.0440E+01  2.0028E+00
  2.5000E+01  9.6000E+01  3.7200E+01  0.0000E+00  0.0000E+00  3.3669E+01  6.8779E-01  8.6358E-01  3.7200E+01  3.0310E+01  6.8902E+00  8.8179E-01
  2.5000E+01  1.2000E+02  4.6500E+01  0.0000E+00  0.0000E+00  4.6655E+01 -3.0108E-02  1.8489E-01  4.6500E+01  4.2086E+01  4.4136E+00  1.5696E-01
  2.5000E+01  1.4400E+02  5.6500E+01  0.0000E+00  0.0000E+00  6.0226E+01 -7.2586E-01 -5.1087E-01  5.6500E+01  5.5388E+01  1.1120E+00 -5.6726E-01
  2.6000E+01  0.0000E+00  1.1280E+02  0.0000E+00  0.0000E+00  1.0902E+02  7.3626E-01  1.2404E+00  1.1280E+02  1.0137E+02  1.1432E+01  1.3611E+00
  2.6000E+01  1.2000E+01  6.8400E+01  0.0000E+00  0.0000E+00  6.9829E+01 -2.7827E-01  1.4741E-01  6.8400E+01  6.1361E+01  7.0387E+00  1.1598E-01
  2.6000E+01  2.4000E+01  5.2100E+01  0.0000E+00  0.0000E+00  4.6102E+01  1.1684E+00  1.4691E+00  5.2100E+01  3.9571E+01  1.2529E+01  1.4407E+00
  2.6000E+01  3.6000E+01  2.6700E+01  0.0000E+00  0.0000E+00  3.2234E+01 -1.0780E+00 -9.1040E-01  2.6700E+01  2.8467E+01 -1.7668E+00 -9.0217E-01
  2.6000E+01  4.8000E+01  2.4500E+01  0.0000E+00  0.0000E+00  2.4570E+01 -1.3644E-02  3.0122E-02  2.4500E+01  2.3547E+01  9.5318E-01  6.8163E-02
  2.6000E+01  7.2000E+01  1.8500E+01  0.0000E+00  0.0000E+00  1.9823E+01 -2.5765E-01 -4.1999E-01  1.8500E+01  2.3325E+01 -4.8245E+00 -3.6690E-01
  2.6000E+01  9.6000E+01  2.9800E+01  0.0000E+00  0.0000E+00  2.2626E+01  1.3974E+00  1.0751E+00  2.9800E+01  2.9362E+01  4.3794E-01  1.1008E+00
  2.6000E+01  1.2000E+02  2.9400E+01  0.0000E+00  0.0000E+00  2.9552E+01 -2.9583E-02 -4.7361E-01  2.9400E+01  3.8428E+01 -9.0284E+00 -4.9801E-01
  2.6000E+01  1.4400E+02  3.1700E+01  0.0000E+00  0.0000E+00  3.9099E+01 -1.4413E+00 -1.9606E+00  3.1700E+01  4.8964E+01 -1.7264E+01 -2.0423E+00
  2.7000E+01  0.0000E+00  9.4200E+01  0.0000E+00  0.0000E+00  9.5845E+01 -3.2042E-01 -5.8594E-01  9.4200E+01  1.0137E+02 -7.1676E+00 -5.4962E-01
  2.7000E+01  1.2000E+01  5.7100E+01  0.0000E+00  0.0000E+00  5.9449E+01 -4.5755E-01 -4.7816E-01  5.7100E+01  5.9874E+01 -2.7740E+00 -4.7385E-01
  2.7000E+01  2.4000E+01  3.9200E+01  0.0000E+00  0.0000E+00  3.8708E+01  9.5861E-02  1.4771E-01  3.9200E+01  3.7886E+01  1.3144E+00  1.5503E-01
  2.7000E+01  3.6000E+01  2.5700E+01  0.0000E+00  0.0000E+00  2.7823E+01 -4.1351E-01 -3.7035E-01  2.5700E+01  2.7486E+01 -1.7864E+00 -3.5441E-01
  2.7000E+01  4.8000E+01  2.8300E+01  0.0000E+00  0.0000E+00  2.3360E+01  9.6228E-01  9.6018E-01  2.8300E+01  2.4253E+01  4.0467E+00  9.8159E-01
  2.7000E+01  7.2000E+01  2.9600E+01  0.0000E+00  0.0000E+00  2.6627E+01  5.7915E-01  4.4962E-01  2.9600E+01  3.0636E+01 -1.0355E+00  4.6781E-01
  2.7000E+01  9.6000E+01  3.8600E+01  0.0000E+00  0.0000E+00  3.9781E+01 -2.3015E-01 -4.8290E-01  3.8600E+01  4.6520E+01 -7.9200E+00 -4.8118E-01
  2.7000E+01  1.2000E+02  4.6400E+01  0.0000E+00  0.0000E+00  5.6619E+01 -1.9907E+00 -2.3215E+00  4.6400E+01  6.4741E+01 -1.8341E+01 -2.3345E+00
  2.7000E+01  1.4400E+02  7.9700E+01  0.0000E+00  0.0000E+00  7.1676E+01  1.5631E+00  1.2098E+00  7.9700E+01  7.9819E+01 -1.1856E-01  1.1957E+00
  2.8000E+01  0.0000E+00  1.0050E+02  0.0000E+00  0.0000E+00  1.0121E+02 -1.3861E-01 -5.7061E-02  1.0050E+02  1.0137E+02 -8.6755E-01 -1.4940E-02
  2.8000E+01  1.2000E+01  6.9000E+01  0.0000E+00  0.0000E+00  6.0722E+01  1.6126E+00  1.6244E+00  6.9000E+01  6.2060E+01  6.9397E+00  1.5880E+00
  2.8000E+01  2.4000E+01  2.6100E+01  0.0000E+00  0.0000E+00  3.6742E+01 -2.0731E+00 -2.1033E+00  2.6100E+01  3.8659E+01 -1.2559E+01 -2.1457E+00
  2.8000E+01  3.6000E+01  2.5700E+01  0.0000E+00  0.0000E+00  2.3685E+01  3.9253E-01  3.1131E-01  2.5700E+01  2.6414E+01 -7.1398E-01  2.9800E-01
  2.8000E+01  4.8000E+01  2.1800E+01  0.0000E+00  0.0000E+00  1.6988E+01  9.3730E-01  8.0173E-01  2.1800E+01  2.0668E+01  1.1325E+00  8.2590E-01
  2.8000E+01  7.2000E+01  9.4000E+00  0.0000E+00  0.0000E+00  1.3455E+01 -7.8992E-01 -1.0407E+00  9.4000E+00  1.9304E+01 -9.9040E+00 -9.5252E-01
  2.8000E+01  9.6000E+01  9.8000E+00  0.0000E+00  0.0000E+00  1.6389E+01 -1.2834E+00 -1.6617E+00  9.8000E+00  2.4667E+01 -1.4867E+01 -1.5400E+00
  2.8000E+01  1.2000E+02  2.3500E+01  0.0000E+00  0.0000E+00  2.2869E+01  1.2283E-01 -3.9104E-01  2.3500E+01  3.3564E+01 -1.0064E+01 -2.7232E-01
  2.8000E+01  1.4400E+02  3.1100E+01  0.0000E+00  0.0000E+00  3.1924E+01 -1.6051E-01 -7.9660E-01  3.1100E+01  4.4498E+01 -1.3398E+01 -7.1525E-01
  2.9000E+01  0.0000E+00  9.9000E+01  0.0000E+00  0.0000E+00  1.0010E+02 -2.1440E-01 -3.6664E-01  9.9000E+01  1.0137E+02 -2.3676E+00 -3.5062E-01
  2.9000E+01  1.2000E+01  6.1700E+01  0.0000E+00  0.0000E+00  6.0781E+01  1.7898E-01  1.1664E-01  6.1700E+01  6.1201E+01  4.9921E-01  9.8481E-02
  2.9000E+01  2.4000E+01  3.7000E+01  0.0000E+00  0.0000E+00  3.9384E+01 -4.6433E-01 -4.5526E-01  3.7000E+01  3.8847E+01 -1.8468E+00 -4.7308E-01
  2.9000E+01  3.6000E+01  2.8100E+01  0.0000E+00  0.0000E+00  2.8940E+01 -1.6359E-01 -9.3864E-02  2.8100E+01  2.7399E+01  7.0120E-01 -9.9096E-02
  2.9000E+01  4.8000E+01  2.7500E+01  0.0000E+00  0.0000E+00  2.4772E+01  5.3140E-01  6.5215E-01  2.7500E+01  2.2278E+01  5.2216E+00  6.6131E-01
  2.9000E+01  7.2000E+01  2.9400E+01  0.0000E+00  0.0000E+00  2.6146E+01  6.3393E-01  8.3475E-01  2.9400E+01  2.1967E+01  7.4331E+00  8.6504E-01
  2.9000E+01  9.6000E+01  3.3500E+01  0.0000E+00  0.0000E+00  3.3806E+01 -5.9654E-02  1.9516E-01  3.3500E+01  2.8282E+01  5.2179E+00  2.3179E-01
  2.9000E+01  1.2000E+02  4.4100E+01  0.0000E+00  0.0000E+00  4.4311E+01 -4.1110E-02  2.3553E-01  4.4100E+01  3.7957E+01  6.1429E+00  2.6435E-01
  2.9000E+01  1.4400E+02  5.5700E+01  0.0000E+00  0.0000E+00  5.5769E+01 -1.3372E-02  2.4691E-01  5.5700E+01  4.9303E+01  6.3969E+00  2.5869E-01
  3.0000E+01  0.0000E+00  1.1120E+02  0.0000E+00  0.0000E+00  1.0833E+02  5.5810E-01  1.0453E+00  1.1120E+02  1.0137E+02  9.8324E+00  1.0787E+00
  3.0000E+01  1.2000E+01  6.1800E+01  0.0000E+00  0.0000E+00  6.2075E+01 -5.3527E-02 -2.2749E-03  6.1800E+01  6.1592E+01  2.0773E-01 -1.2426E-03
  3.0000E+01  2.4000E+01  3.7100E+01  0.0000E+00  0.0000E+00  3.7880E+01 -1.5194E-01 -2.4913E-01  3.7100E+01  3.9680E+01 -2.5804E+00 -2.5103E-01
  3.0000E+01  3.6000E+01  2.5400E+01  0.0000E+00  0.0000E+00  2.5843E+01 -8.6294E-02 -2.1923E-01  2.5400E+01  2.8224E+01 -2.8241E+00 -2.1681E-01
  3.0000E+01  4.8000E+01  2.0900E+01  0.0000E+00  0.0000E+00  2.0375E+01  1.0221E-01 -2.8456E-02  2.0900E+01  2.2739E+01 -1.8386E+00 -2.1719E-02
  3.0000E+01  7.2000E+01  2.3200E+01  0.0000E+00  0.0000E+00  1.8712E+01  8.7421E-01  7.6408E-01  2.3200E+01  2.0758E+01  2.4421E+00  7.7455E-01
  3.0000E+01  9.6000E+01  9.8000E+00  0.0000E+00  0.0000E+00  2.2342E+01 -2.4431E+00 -2.5443E+00  9.8000E+00  2.4241E+01 -1.4441E+01 -2.5345E+00
  3.0000E+01  1.2000E+02  3.4600E+01  0.0000E+00  0.0000E+00  2.8317E+01  1.2240E+00  1.1248E+00  3.4600E+01  3.0178E+01  4.4225E+00  1.1324E+00
  3.0000E+01  1.4400E+02  3.5300E+01  0.0000E+00  0.0000E+00  3.5732E+01 -8.4142E-02 -1.7724E-01  3.5300E+01  3.7492E+01 -2.1918E+00 -1.7260E-01
  3.1000E+01  0.0000E+00  9.8600E+01  0.0000E+00  0.0000E+00  9.6995E+01  3.1269E-01  1.9387E-01  9.8600E+01  1.0137E+02 -2.7676E+00  3.5075E-01
  3.1000E+01  1.2000E+01  3.9400E+01  0.0000E+00  0.0000E+00  4.5019E+01 -1.0946E+00 -1.7948E+00  3.9400E+01  6.0460E+01 -2.1060E+01 -1.9307E+00
  3.1000E+01  2.4000E+01  2.4200E+01  0.0000E+00  0.0000E+00  2.3185E+01  1.9773E-01 -4.1552E-01  2.4200E+01  3.8113E+01 -1.3913E+01 -4.6598E-01
  3.1000E+01  3.6000E+01  1.5000E+01  0.0000E+00  0.0000E+00  1.4908E+01  1.7861E-02 -4.1979E-01  1.5000E+01  2.6799E+01 -1.1799E+01 -3.5787E-01
  3.1000E+01  4.8000E+01  1.7400E+01  0.0000E+00  0.0000E+00  1.2768E+01  9.0222E-01  5.9020E-01  1.7400E+01  2.1959E+01 -4.5593E+00  7.1200E-01
  3.1000E+01  7.2000E+01  9.5000E+00  0.0000E+00  0.0000E+00  1.6148E+01 -1.2951E+00 -1.5211E+00  9.5000E+00  2.2736E+01 -1.3236E+01 -1.4044E+00
  3.1000E+01  9.6000E+01  2.3600E+01  0.0000E+00  0.0000E+00  2.4401E+01 -1.5607E-01 -4.0629E-01  2.3600E+01  3.0884E+01 -7.2843E+00 -3.4902E-01
  3.1000E+01  1.2000E+02  3.7400E+01  0.0000E+00  0.0000E+00  3.5745E+01  3.2231E-01  2.7288E-02  3.7400E+01  4.2848E+01 -5.4481E+00  3.5322E-02
  3.1000E+01  1.4400E+02  4.7400E+01  0.0000E+00  0.0000E+00  4.8855E+01 -2.8344E-01 -5.9951E-01  4.7400E+01  5.6251E+01 -8.8513E+00 -6.1233E-01
  3.2000E+01  0.0000E+00  9.4500E+01  0.0000E+00  0.0000E+00  9.7888E+01 -6.5996E-01 -9.4358E-01  9.4500E+01  1.0137E+02 -6.8676E+00 -9.1097E-01
  3.2000E+01  1.2000E+01  6.2200E+01  0.0000E+00  0.0000E+00  6.2125E+01  1.4602E-02 -2.6610E-02  6.2200E+01  6.1784E+01  4.1587E-01 -3.6409E-02
  3.2000E+01  2.4000E+01  4.8500E+01  0.0000E+00  0.0000E+00  4.2021E+01  1.2621E+00  1.3344E+00  4.8500E+01  3.9988E+01  8.5119E+00  1.3185E+00
  3.2000E+01  3.6000E+01  2.8600E+01  0.0000E+00  0.0000E+00  3.1433E+01 -5.5182E-01 -4.2620E-01  2.8600E+01  2.8638E+01 -3.7766E-02 -4.3615E-01
  3.2000E+01  4.8000E+01  2.1700E+01  0.0000E+00  0.0000E+00  2.6435E+01 -9.2242E-01 -7.7054E-01  2.1700E+01  2.3258E+01 -1.5583E+00 -7.7223E-01
  3.2000E+01  7.2000E+01  2.2800E+01  0.0000E+00  0.0000E+00  2.5147E+01 -4.5723E-01 -2.8027E-01  2.2800E+01  2.1508E+01  1.2922E+00 -2.6999E-01
  3.2000E+01  9.6000E+01  3.4300E+01  0.0000E+00  0.0000E+00  2.9311E+01  9.7178E-01  1.1636E+00  3.4300E+01  2.5252E+01  9.0480E+00  1.1776E+00
  3.2000E+01  1.2000E+02  3.4800E+01  0.0000E+00  0.0000E+00  3.5878E+01 -2.1007E-01 -1.1508E-02  3.4800E+01  3.1468E+01  3.3323E+00 -1.4826E-04
  3.2000E+01  1.4400E+02  4.5900E+01  0.0000E+00  0.0000E+00  4.3608E+01  4.4652E-01  6.3855E-01  4.5900E+01  3.9047E+01  6.8530E+00  6.4309E-01
  3.3000E+01  0.0000E+00  1.0010E+02  0.0000E+00  0.0000E+00  9.8714E+01  2.7001E-01  1.0408E-01  1.0010E+02  1.0137E+02 -1.2676E+00  1.1083E-01
  3.3000E+01  1.2000E+01  5.1600E+01  0.0000E+00  0.0000E+00  5.8777E+01 -1.3981E+00 -1.4924E+00  5.1600E+01  6.0776E+01 -9.1759E+00 -1.4969E+00
  3.3000E+01  2.4000E+01  3.7200E+01  0.0000E+00  0.0000E+00  3.7212E+01 -2.2487E-03 -5.0920E-02  3.7200E+01  3.8551E+01 -1.3509E+00 -5.7251E-02
  3.3000E+01  3.6000E+01  3.3700E+01  0.0000E+00  0.0000E+00  2.6625E+01  1.3782E+00  1.3595E+00  3.3700E+01  2.7411E+01  6.2888E+00  1.3545E+00
  3.3000E+01  4.8000E+01  2.4500E+01  0.0000E+00  0.0000E+00  2.2440E+01  4.0122E-01  4.0267E-01  2.4500E+01  2.2802E+01  1.6980E+00  3.9968E-01
  3.3000E+01  7.2000E+01  2.2000E+01  0.0000E+00  0.0000E+00  2.4375E+01 -4.6256E-01 -4.3833E-01  2.2000E+01  2.4212E+01 -2.2120E+00 -4.3818E-01
  3.3000E+01  9.6000E+01  3.3500E+01  0.0000E+00  0.0000E+00  3.3496E+01  7.7219E-04  3.1474E-02  3.3500E+01  3.3142E+01  3.5824E-01  3.3347E-02
  3.3000E+01  1.2000E+02  4.3600E+01  0.0000E+00  0.0000E+00  4.6051E+01 -4.7747E-01 -4.5676E-01  4.3600E+01  4.5800E+01 -2.1996E+00 -4.5397E-01
  3.3000E+01  1.4400E+02  6.1600E+01  0.0000E+00  0.0000E+00  5.9412E+01  4.2617E-01  4.2091E-01  6.1600E+01  5.9529E+01  2.0715E+00  4.2433E-01
  3.4000E+01  0.0000E+00  8.8400E+01  0.0000E+00  0.0000E+00  9.1949E+01 -6.9137E-01 -1.3063E+00  8.8400E+01  1.0137E+02 -1.2968E+01 -1.2095E+00
  3.4000E+01  1.2000E+01  5.9600E+01  0.0000E+00  0.0000E+00  6.0740E+01 -2.2202E-01 -2.6512E-01  5.9600E+01  6.0550E+01 -9.4972E-01 -3.0868E-01
  3.4000E+01  2.4000E+01  4.1000E+01  0.0000E+00  0.0000E+00  4.0920E+01  1.5667E-02  1.9026E-01  4.1000E+01  3.7719E+01  3.2809E+00  1.4986E-01
  3.4000E+01  3.6000E+01  3.4700E+01  0.0000E+00  0.0000E+00  2.8635E+01  1.1815E+00  1.3937E+00  3.4700E+01  2.5401E+01  9.2985E+00  1.3864E+00
  3.4000E+01  4.8000E+01  2.0400E+01  0.0000E+00  0.0000E+00  2.1171E+01 -1.5022E-01  1.8593E-02  2.0400E+01  1.9031E+01  1.3686E+00  3.8385E-02
  3.4000E+01  7.2000E+01  1.0900E+01  0.0000E+00  0.0000E+00  1.4459E+01 -6.9322E-01 -6.7777E-01  1.0900E+01  1.5040E+01 -4.1401E+00 -6.3844E-01
  3.4000E+01  9.6000E+01  9.8000E+00  0.0000E+00  0.0000E+00  1.3292E+01 -6.8023E-01 -8.0859E-01  9.8000E+00  1.6071E+01 -6.2707E+00 -7.7303E-01
  3.4000E+01  1.2000E+02  1.7500E+01  0.0000E+00  0.0000E+00  1.4687E+01  5.4793E-01  3.0469E-01  1.7500E+01  1.9121E+01 -1.6212E+00  3.3323E-01
  3.4000E+01  1.4400E+02  1.4900E+01  0.0000E+00  0.0000E+00  1.7469E+01 -5.0039E-01 -8.3885E-01  1.4900E+01  2.3267E+01 -8.3669E+00 -8.1495E-01
  3.5000E+01  0.0000E+00  8.6100E+01  0.0000E+00  0.0000E+00  8.8774E+01 -5.2092E-01 -1.1704E+00  8.6100E+01  1.0137E+02 -1.5268E+01 -1.0286E+00
  3.5000E+01  1.2000E+01  4.1000E+01  0.0000E+00  0.0000E+00  4.2409E+01 -2.7441E-01 -1.0256E+00  4.1000E+01  6.0595E+01 -1.9595E+01 -1.0365E+00
  3.5000E+01  2.4000E+01  2.1200E+01  0.0000E+00  0.0000E+00  2.1783E+01 -1.1355E-01 -7.2483E-01  2.1200E+01  3.8262E+01 -1.7062E+01 -6.3463E-01
  3.5000E+01  3.6000E+01  1.2600E+01  0.0000E+00  0.0000E+00  1.2934E+01 -6.4988E-02 -5.4075E-01  1.2600E+01  2.6477E+01 -1.3877E+01 -3.5064E-01
  3.5000E+01  4.8000E+01  6.9000E+00  0.0000E+00  0.0000E+00  9.4853E+00 -5.0361E-01 -8.9803E-01  6.9000E+00  2.0712E+01 -1.3812E+01 -6.5658E-01
  3.5000E+01  7.2000E+01  4.0000E+00  0.0000E+00  0.0000E+00  8.8921E+00 -9.5297E-01 -1.3196E+00  4.0000E+00  1.8246E+01 -1.4246E+01 -1.0724E+00
  3.5000E+01  9.6000E+01  1.0400E+01  0.0000E+00  0.0000E+00  1.1314E+01 -1.7810E-01 -6.1531E-01  1.0400E+01  2.1316E+01 -1.0916E+01 -3.9824E-01
  3.5000E+01  1.2000E+02  4.4000E+00  0.0000E+00  0.0000E+00  1.5095E+01 -2.0833E+00 -2.6356E+00  4.4000E+00  2.6942E+01 -2.2542E+01 -2.4457E+00
  3.5000E+01  1.4400E+02  2.4800E+01  0.0000E+00  0.0000E+00  1.9974E+01  9.4010E-01  2.5152E-01  2.4800E+01  3.4101E+01 -9.3014E+00  4.1529E-01
  3.6000E+01  0.0000E+00  1.0870E+02  0.0000E+00  0.0000E+00  1.0958E+02 -1.7172E-01  1.4386E-01  1.0870E+02  1.0137E+02  7.3324E+00  4.2331E-01
  3.6000E+01  1.2000E+01  7.9000E+01  0.0000E+00  0.0000E+00  7.9387E+01 -7.5389E-02  5.8343E-01  7.9000E+01  6.0110E+01  1.8890E+01  3.3816E-01
  3.6000E+01  2.4000E+01  6.1600E+01  0.0000E+00  0.0000E+00  5.8594E+01  5.8564E-01  1.3463E+00  6.1600E+01  3.7627E+01  2.3973E+01  1.2404E+00
  3.6000E+01  3.6000E+01  5.1100E+01  0.0000E+00  0.0000E+00  4.4784E+01  1.2303E+00  1.9589E+00  5.1100E+01  2.6161E+01  2.4939E+01  2.0776E+00
  3.6000E+01  4.8000E+01  3.5800E+01  0.0000E+00  0.0000E+00  3.6083E+01 -5.5164E-02  5.7458E-01  3.5800E+01  2.1148E+01  1.4652E+01  8.3273E-01
  3.6000E+01  7.2000E+01  2.3200E+01  0.0000E+00  0.0000E+00  2.9241E+01 -1.1768E+00 -8.0656E-01  2.3200E+01  2.1518E+01  1.6818E+00 -5.4765E-01
  3.6000E+01  9.6000E+01  3.4300E+01  0.0000E+00  0.0000E+00  3.1785E+01  4.8990E-01  6.1786E-01  3.4300E+01  2.9241E+01  5.0592E+00  7.0845E-01
  3.6000E+01  1.2000E+02  2.9300E+01  0.0000E+00  0.0000E+00  4.0315E+01 -2.1457E+00 -2.1999E+00  2.9300E+01  4.0896E+01 -1.1596E+01 -2.2726E+00
  3.6000E+01  1.4400E+02  6.1600E+01  0.0000E+00  0.0000E+00  5.2261E+01  1.8192E+00  1.6573E+00  6.1600E+01  5.4237E+01  7.3629E+00  1.4918E+00
  3.7000E+01  0.0000E+00  9.8500E+01  0.0000E+00  0.0000E+00  1.0119E+02 -5.2386E-01 -5.8903E-01  9.8500E+01  1.0137E+02 -2.8676E+00 -5.6160E-01
  3.7000E+01  1.2000E+01  6.6900E+01  0.0000E+00  0.0000E+00  6.3524E+01  6.5773E-01  7.7736E-01  6.6900E+01  5.9895E+01  7.0054E+00  7.4768E-01
  3.7000E+01  2.4000E+01  4.7900E+01  0.0000E+00  0.0000E+00  4.1598E+01  1.2276E+00  1.3993E+00  4.7900E+01  3.7203E+01  1.0697E+01  1.3718E+00
  3.7000E+01  3.6000E+01  2.1400E+01  0.0000E+00  0.0000E+00  2.9380E+01 -1.5544E+00 -1.3855E+00  2.1400E+01  2.5352E+01 -3.9519E+00 -1.3984E+00
  3.7000E+01  4.8000E+01  2.0200E+01  0.0000E+00  0.0000E+00  2.3131E+01 -5.7087E-01 -4.2293E-01  2.0200E+01  1.9757E+01  4.4316E-01 -4.2348E-01
  3.7000E+01  7.2000E+01  2.3300E+01  0.0000E+00  0.0000E+00  2.0604E+01  5.2525E-01  6.3121E-01  2.3300E+01  1.8290E+01  5.0101E+00  6.4096E-01
  3.7000E+01  9.6000E+01  2.6100E+01  0.0000E+00  0.0000E+00  2.5113E+01  1.9224E-01  2.7515E-01  2.6100E+01  2.3270E+01  2.8304E+00  2.8465E-01
  3.7000E+01  1.2000E+02  3.4700E+01  0.0000E+00  0.0000E+00  3.3396E+01  2.5406E-01  3.2620E-01  3.4700E+01  3.1680E+01  3.0202E+00  3.3328E-01
  3.7000E+01  1.4400E+02  4.3100E+01  0.0000E+00  0.0000E+00  4.3836E+01 -1.4331E-01 -8.0662E-02  4.3100E+01  4.2180E+01  9.1999E-01 -7.5016E-02
  3.8000E+01  0.0000E+00  9.3900E+01  0.0000E+00  0.0000E+00  9.8401E+01 -8.7672E-01 -1.0742E+00  9.3900E+01  1.0137E+02 -7.4676E+00 -8.2973E-01
  3.8000E+01  1.2000E+01  7.4600E+01  0.0000E+00  0.0000E+00  6.8723E+01  1.1448E+00  1.4320E+00  7.4600E+01  5.9941E+01  1.4659E+01  1.1728E+00
  3.8000E+01  2.4000E+01  5.2600E+01  0.0000E+00  0.0000E+00  4.8917E+01  7.1745E-01  1.1774E+00  5.2600E+01  3.7567E+01  1.5033E+01  9.7562E-01
  3.8000E+01  3.6000E+01  3.4100E+01  0.0000E+00  0.0000E+00  3.6133E+01 -3.9608E-01  6.3635E-02  3.4100E+01  2.6371E+01  7.7294E+00  2.6764E-02
  3.8000E+01  4.8000E+01  2.7400E+01  0.0000E+00  0.0000E+00  2.8359E+01 -1.8687E-01  1.8242E-01  2.7400E+01  2.1816E+01  5.5838E+00  2.7297E-01
  3.8000E+01  7.2000E+01  1.9800E+01  0.0000E+00  0.0000E+00  2.2982E+01 -6.1984E-01 -5.3817E-01  1.9800E+01  2.3787E+01 -3.9867E+00 -3.7107E-01
  3.8000E+01  9.6000E+01  2.5300E+01  0.0000E+00  0.0000E+00  2.6701E+01 -2.7286E-01 -5.0315E-01  2.5300E+01  3.3959E+01 -8.6588E+00 -3.9810E-01
  3.8000E+01  1.2000E+02  3.7200E+01  0.0000E+00  0.0000E+00  3.6373E+01  1.6106E-01 -3.3584E-01  3.7200E+01  4.8233E+01 -1.1033E+01 -3.2852E-01
  3.8000E+01  1.4400E+02  4.8000E+01  0.0000E+00  0.0000E+00  4.9269E+01 -2.4711E-01 -9.1459E-01  4.8000E+01  6.3252E+01 -1.5252E+01 -9.8183E-01
  3.9000E+01  0.0000E+00  1.0060E+02  0.0000E+00  0.0000E+00  1.0049E+02  2.1365E-02 -1.3135E-02  1.0060E+02  1.0137E+02 -7.6755E-01  9.0899E-02
  3.9000E+01  1.2000E+01  4.9600E+01  0.0000E+00  0.0000E+00  4.7991E+01  3.1350E-01 -2.9722E-01  4.9600E+01  6.0377E+01 -1.0777E+01 -3.4934E-01
  3.9000E+01  2.4000E+01  2.1100E+01  0.0000E+00  0.0000E+00  2.6635E+01 -1.0783E+00 -1.5680E+00  2.1100E+01  3.8193E+01 -1.7093E+01 -1.5111E+00
  3.9000E+01  3.6000E+01  2.4000E+01  0.0000E+00  0.0000E+00  1.9423E+01  8.9165E-01  6.2316E-01  2.4000E+01  2.7172E+01 -3.1716E+00  7.7106E-01
  3.9000E+01  4.8000E+01  1.1500E+01  0.0000E+00  0.0000E+00  1.8775E+01 -1.4171E+00 -1.5086E+00  1.1500E+01  2.2782E+01 -1.1282E+01 -1.3364E+00
  3.9000E+01  7.2000E+01  2.2500E+01  0.0000E+00  0.0000E+00  2.6184E+01 -7.1767E-01 -6.0775E-01  2.2500E+01  2.5012E+01 -2.5119E+00 -5.0897E-01
  3.9000E+01  9.6000E+01  4.9100E+01  0.0000E+00  0.0000E+00  3.9182E+01  1.9320E+00  2.1320E+00  4.9100E+01  3.5243E+01  1.3857E+01  2.1256E+00
  3.9000E+01  1.2000E+02  5.4400E+01  0.0000E+00  0.0000E+00  5.4409E+01 -1.7023E-03  2.2679E-01  5.4400E+01  4.9298E+01  5.1022E+00  1.4769E-01
  3.9000E+01  1.4400E+02  6.5800E+01  0.0000E+00  0.0000E+00  6.8917E+01 -6.0710E-01 -3.9949E-01  6.5800E+01  6.3917E+01  1.8831E+00 -5.0707E-01
  4.0000E+01  0.0000E+00  9.4100E+01  0.0000E+00  0.0000E+00  9.5325E+01 -2.3864E-01 -4.1962E-01  9.4100E+01  1.0137E+02 -7.2676E+00 -3.1944E-01
  4.0000E+01  1.2000E+01  4.6300E+01  0.0000E+00  0.0000E+00  4.7506E+01 -2.3483E-01 -8.1421E-01  4.6300E+01  6.0930E+01 -1.4630E+01 -8.5322E-01
  4.0000E+01  2.4000E+01  2.1100E+01  0.0000E+00  0.0000E+00  2.6744E+01 -1.0995E+00 -1.6422E+00  2.1100E+01  3.9925E+01 -1.8825E+01 -1.6323E+00
  4.0000E+01  3.6000E+01  2.3900E+01  0.0000E+00  0.0000E+00  1.9658E+01  8.2642E-01  3.8467E-01  2.3900E+01  3.1059E+01 -7.1592E+00  4.4955E-01
  4.0000E+01  4.8000E+01  2.3100E+01  0.0000E+00  0.0000E+00  1.9954E+01  6.1281E-01  2.3633E-01  2.3100E+01  2.9986E+01 -6.8859E+00  3.2123E-01
  4.0000E+01  7.2000E+01  2.5100E+01  0.0000E+00  0.0000E+00  3.2745E+01 -1.4893E+00 -1.8454E+00  2.5100E+01  4.1852E+01 -1.6752E+01 -1.8004E+00
  4.0000E+01  9.6000E+01  5.3800E+01  0.0000E+00  0.0000E+00  5.3096E+01  1.3719E-01 -2.0472E-01  5.3800E+01  6.1469E+01 -7.6691E+00 -2.0295E-01
  4.0000E+01  1.2000E+02  7.1900E+01  0.0000E+00  0.0000E+00  7.1812E+01  1.7102E-02 -2.5817E-01  7.1900E+01  7.8855E+01 -6.9551E+00 -2.4629E-01
  4.0000E+01  1.4400E+02  8.6100E+01  0.0000E+00  0.0000E+00  8.4036E+01  4.0216E-01  1.8698E-01  8.6100E+01  9.0136E+01 -4.0363E+00  2.2904E-01
