TABLE NO.  3
 ID          CAVG
  1.0000E+00  0.0000E+00
  1.0000E+00  0.0000E+00
  1.0000E+00  0.0000E+00
  1.0000E+00  0.0000E+00
  1.0000E+00  0.0000E+00
  1.0000E+00  0.0000E+00
  2.0000E+00  3.9600E-01
  2.0000E+00  3.9600E-01
  2.0000E+00  3.9600E-01
  2.0000E+00  3.9600E-01
  2.0000E+00  3.9600E-01
  2.0000E+00  3.9600E-01
  3.0000E+00  1.0977E+00
  3.0000E+00  1.0977E+00
  3.0000E+00  1.0977E+00
  3.0000E+00  1.0977E+00
  3.0000E+00  1.0977E+00
  3.0000E+00  1.0977E+00
  4.0000E+00  0.0000E+00
  4.0000E+00  0.0000E+00
  4.0000E+00  0.0000E+00
  4.0000E+00  0.0000E+00
  4.0000E+00  0.0000E+00
  4.0000E+00  0.0000E+00
  5.0000E+00  3.8810E-01
  5.0000E+00  3.8810E-01
  5.0000E+00  3.8810E-01
  5.0000E+00  3.8810E-01
  5.0000E+00  3.8810E-01
  5.0000E+00  3.8810E-01
  6.0000E+00  6.1860E-01
  6.0000E+00  6.1860E-01
  6.0000E+00  6.1860E-01
  6.0000E+00  6.1860E-01
  6.0000E+00  6.1860E-01
  6.0000E+00  6.1860E-01
  7.0000E+00  0.0000E+00
  7.0000E+00  0.0000E+00
  7.0000E+00  0.0000E+00
  7.0000E+00  0.0000E+00
  7.0000E+00  0.0000E+00
  7.0000E+00  0.0000E+00
  8.0000E+00  6.9530E-01
  8.0000E+00  6.9530E-01
  8.0000E+00  6.9530E-01
  8.0000E+00  6.9530E-01
  8.0000E+00  6.9530E-01
  8.0000E+00  6.9530E-01
  9.0000E+00  6.0400E-01
  9.0000E+00  6.0400E-01
  9.0000E+00  6.0400E-01
  9.0000E+00  6.0400E-01
  9.0000E+00  6.0400E-01
  9.0000E+00  6.0400E-01
  1.0000E+01  0.0000E+00
  1.0000E+01  0.0000E+00
  1.0000E+01  0.0000E+00
  1.0000E+01  0.0000E+00
  1.0000E+01  0.0000E+00
  1.0000E+01  0.0000E+00
  1.1000E+01  4.5850E-01
  1.1000E+01  4.5850E-01
  1.1000E+01  4.5850E-01
  1.1000E+01  4.5850E-01
  1.1000E+01  4.5850E-01
  1.1000E+01  4.5850E-01
  1.2000E+01  1.3506E+00
  1.2000E+01  1.3506E+00
  1.2000E+01  1.3506E+00
  1.2000E+01  1.3506E+00
  1.2000E+01  1.3506E+00
  1.2000E+01  1.3506E+00
  1.3000E+01  0.0000E+00
  1.3000E+01  0.0000E+00
  1.3000E+01  0.0000E+00
  1.3000E+01  0.0000E+00
  1.3000E+01  0.0000E+00
  1.3000E+01  0.0000E+00
  1.4000E+01  5.5460E-01
  1.4000E+01  5.5460E-01
  1.4000E+01  5.5460E-01
  1.4000E+01  5.5460E-01
  1.4000E+01  5.5460E-01
  1.4000E+01  5.5460E-01
  1.5000E+01  9.2450E-01
  1.5000E+01  9.2450E-01
  1.5000E+01  9.2450E-01
  1.5000E+01  9.2450E-01
  1.5000E+01  9.2450E-01
  1.5000E+01  9.2450E-01
  1.6000E+01  0.0000E+00
  1.6000E+01  0.0000E+00
  1.6000E+01  0.0000E+00
  1.6000E+01  0.0000E+00
  1.6000E+01  0.0000E+00
  1.6000E+01  0.0000E+00
  1.7000E+01  5.6000E-01
  1.7000E+01  5.6000E-01
  1.7000E+01  5.6000E-01
  1.7000E+01  5.6000E-01
  1.7000E+01  5.6000E-01
  1.7000E+01  5.6000E-01
  1.8000E+01  8.6430E-01
  1.8000E+01  8.6430E-01
  1.8000E+01  8.6430E-01
  1.8000E+01  8.6430E-01
  1.8000E+01  8.6430E-01
  1.8000E+01  8.6430E-01
  1.9000E+01  0.0000E+00
  1.9000E+01  0.0000E+00
  1.9000E+01  0.0000E+00
  1.9000E+01  0.0000E+00
  1.9000E+01  0.0000E+00
  1.9000E+01  0.0000E+00
  2.0000E+01  4.0130E-01
  2.0000E+01  4.0130E-01
  2.0000E+01  4.0130E-01
  2.0000E+01  4.0130E-01
  2.0000E+01  4.0130E-01
  2.0000E+01  4.0130E-01
  2.1000E+01  8.9810E-01
  2.1000E+01  8.9810E-01
  2.1000E+01  8.9810E-01
  2.1000E+01  8.9810E-01
  2.1000E+01  8.9810E-01
  2.1000E+01  8.9810E-01
  2.2000E+01  0.0000E+00
  2.2000E+01  0.0000E+00
  2.2000E+01  0.0000E+00
  2.2000E+01  0.0000E+00
  2.2000E+01  0.0000E+00
  2.2000E+01  0.0000E+00
  2.3000E+01  3.8380E-01
  2.3000E+01  3.8380E-01
  2.3000E+01  3.8380E-01
  2.3000E+01  3.8380E-01
  2.3000E+01  3.8380E-01
  2.3000E+01  3.8380E-01
  2.4000E+01  5.8280E-01
  2.4000E+01  5.8280E-01
  2.4000E+01  5.8280E-01
  2.4000E+01  5.8280E-01
  2.4000E+01  5.8280E-01
  2.4000E+01  5.8280E-01
  2.5000E+01  0.0000E+00
  2.5000E+01  0.0000E+00
  2.5000E+01  0.0000E+00
  2.5000E+01  0.0000E+00
  2.5000E+01  0.0000E+00
  2.5000E+01  0.0000E+00
  2.6000E+01  3.0770E-01
  2.6000E+01  3.0770E-01
  2.6000E+01  3.0770E-01
  2.6000E+01  3.0770E-01
  2.6000E+01  3.0770E-01
  2.6000E+01  3.0770E-01
  2.7000E+01  8.8220E-01
  2.7000E+01  8.8220E-01
  2.7000E+01  8.8220E-01
  2.7000E+01  8.8220E-01
  2.7000E+01  8.8220E-01
  2.7000E+01  8.8220E-01
  2.8000E+01  0.0000E+00
  2.8000E+01  0.0000E+00
  2.8000E+01  0.0000E+00
  2.8000E+01  0.0000E+00
  2.8000E+01  0.0000E+00
  2.8000E+01  0.0000E+00
  2.9000E+01  4.2060E-01
  2.9000E+01  4.2060E-01
  2.9000E+01  4.2060E-01
  2.9000E+01  4.2060E-01
  2.9000E+01  4.2060E-01
  2.9000E+01  4.2060E-01
  3.0000E+01  4.2230E-01
  3.0000E+01  4.2230E-01
  3.0000E+01  4.2230E-01
  3.0000E+01  4.2230E-01
  3.0000E+01  4.2230E-01
  3.0000E+01  4.2230E-01
  3.1000E+01  0.0000E+00
  3.1000E+01  0.0000E+00
  3.1000E+01  0.0000E+00
  3.1000E+01  0.0000E+00
  3.1000E+01  0.0000E+00
  3.1000E+01  0.0000E+00
  3.2000E+01  2.6810E-01
  3.2000E+01  2.6810E-01
  3.2000E+01  2.6810E-01
  3.2000E+01  2.6810E-01
  3.2000E+01  2.6810E-01
  3.2000E+01  2.6810E-01
  3.3000E+01  1.6487E+00
  3.3000E+01  1.6487E+00
  3.3000E+01  1.6487E+00
  3.3000E+01  1.6487E+00
  3.3000E+01  1.6487E+00
  3.3000E+01  1.6487E+00
  3.4000E+01  0.0000E+00
  3.4000E+01  0.0000E+00
  3.4000E+01  0.0000E+00
  3.4000E+01  0.0000E+00
  3.4000E+01  0.0000E+00
  3.4000E+01  0.0000E+00
  3.5000E+01  4.1910E-01
  3.5000E+01  4.1910E-01
  3.5000E+01  4.1910E-01
  3.5000E+01  4.1910E-01
  3.5000E+01  4.1910E-01
  3.5000E+01  4.1910E-01
  3.6000E+01  6.7610E-01
  3.6000E+01  6.7610E-01
  3.6000E+01  6.7610E-01
  3.6000E+01  6.7610E-01
  3.6000E+01  6.7610E-01
  3.6000E+01  6.7610E-01
  3.7000E+01  0.0000E+00
  3.7000E+01  0.0000E+00
  3.7000E+01  0.0000E+00
  3.7000E+01  0.0000E+00
  3.7000E+01  0.0000E+00
  3.7000E+01  0.0000E+00
  3.8000E+01  4.3860E-01
  3.8000E+01  4.3860E-01
  3.8000E+01  4.3860E-01
  3.8000E+01  4.3860E-01
  3.8000E+01  4.3860E-01
  3.8000E+01  4.3860E-01
  3.9000E+01  7.4070E-01
  3.9000E+01  7.4070E-01
  3.9000E+01  7.4070E-01
  3.9000E+01  7.4070E-01
  3.9000E+01  7.4070E-01
  3.9000E+01  7.4070E-01
  4.0000E+01  0.0000E+00
  4.0000E+01  0.0000E+00
  4.0000E+01  0.0000E+00
  4.0000E+01  0.0000E+00
  4.0000E+01  0.0000E+00
  4.0000E+01  0.0000E+00
  4.1000E+01  3.0870E-01
  4.1000E+01  3.0870E-01
  4.1000E+01  3.0870E-01
  4.1000E+01  3.0870E-01
  4.1000E+01  3.0870E-01
  4.1000E+01  3.0870E-01
  4.2000E+01  6.3700E-01
  4.2000E+01  6.3700E-01
  4.2000E+01  6.3700E-01
  4.2000E+01  6.3700E-01
  4.2000E+01  6.3700E-01
  4.2000E+01  6.3700E-01
  4.3000E+01  0.0000E+00
  4.3000E+01  0.0000E+00
  4.3000E+01  0.0000E+00
  4.3000E+01  0.0000E+00
  4.3000E+01  0.0000E+00
  4.3000E+01  0.0000E+00
  4.4000E+01  5.1770E-01
  4.4000E+01  5.1770E-01
  4.4000E+01  5.1770E-01
  4.4000E+01  5.1770E-01
  4.4000E+01  5.1770E-01
  4.4000E+01  5.1770E-01
  4.5000E+01  4.3110E-01
  4.5000E+01  4.3110E-01
  4.5000E+01  4.3110E-01
  4.5000E+01  4.3110E-01
  4.5000E+01  4.3110E-01
  4.5000E+01  4.3110E-01
  4.6000E+01  0.0000E+00
  4.6000E+01  0.0000E+00
  4.6000E+01  0.0000E+00
  4.6000E+01  0.0000E+00
  4.6000E+01  0.0000E+00
  4.6000E+01  0.0000E+00
  4.7000E+01  5.3580E-01
  4.7000E+01  5.3580E-01
  4.7000E+01  5.3580E-01
  4.7000E+01  5.3580E-01
  4.7000E+01  5.3580E-01
  4.7000E+01  5.3580E-01
  4.8000E+01  4.8160E-01
  4.8000E+01  4.8160E-01
  4.8000E+01  4.8160E-01
  4.8000E+01  4.8160E-01
  4.8000E+01  4.8160E-01
  4.8000E+01  4.8160E-01
  4.9000E+01  0.0000E+00
  4.9000E+01  0.0000E+00
  4.9000E+01  0.0000E+00
  4.9000E+01  0.0000E+00
  4.9000E+01  0.0000E+00
  4.9000E+01  0.0000E+00
  5.0000E+01  5.2310E-01
  5.0000E+01  5.2310E-01
  5.0000E+01  5.2310E-01
  5.0000E+01  5.2310E-01
  5.0000E+01  5.2310E-01
  5.0000E+01  5.2310E-01
  5.1000E+01  7.5710E-01
  5.1000E+01  7.5710E-01
  5.1000E+01  7.5710E-01
  5.1000E+01  7.5710E-01
  5.1000E+01  7.5710E-01
  5.1000E+01  7.5710E-01
  5.2000E+01  0.0000E+00
  5.2000E+01  0.0000E+00
  5.2000E+01  0.0000E+00
  5.2000E+01  0.0000E+00
  5.2000E+01  0.0000E+00
  5.2000E+01  0.0000E+00
  5.3000E+01  2.2520E-01
  5.3000E+01  2.2520E-01
  5.3000E+01  2.2520E-01
  5.3000E+01  2.2520E-01
  5.3000E+01  2.2520E-01
  5.3000E+01  2.2520E-01
  5.4000E+01  8.6740E-01
  5.4000E+01  8.6740E-01
  5.4000E+01  8.6740E-01
  5.4000E+01  8.6740E-01
  5.4000E+01  8.6740E-01
  5.4000E+01  8.6740E-01
  5.5000E+01  0.0000E+00
  5.5000E+01  0.0000E+00
  5.5000E+01  0.0000E+00
  5.5000E+01  0.0000E+00
  5.5000E+01  0.0000E+00
  5.5000E+01  0.0000E+00
  5.6000E+01  3.6400E-01
  5.6000E+01  3.6400E-01
  5.6000E+01  3.6400E-01
  5.6000E+01  3.6400E-01
  5.6000E+01  3.6400E-01
  5.6000E+01  3.6400E-01
  5.7000E+01  8.4990E-01
  5.7000E+01  8.4990E-01
  5.7000E+01  8.4990E-01
  5.7000E+01  8.4990E-01
  5.7000E+01  8.4990E-01
  5.7000E+01  8.4990E-01
  5.8000E+01  0.0000E+00
  5.8000E+01  0.0000E+00
  5.8000E+01  0.0000E+00
  5.8000E+01  0.0000E+00
  5.8000E+01  0.0000E+00
  5.8000E+01  0.0000E+00
  5.9000E+01  2.6690E-01
  5.9000E+01  2.6690E-01
  5.9000E+01  2.6690E-01
  5.9000E+01  2.6690E-01
  5.9000E+01  2.6690E-01
  5.9000E+01  2.6690E-01
  6.0000E+01  1.2388E+00
  6.0000E+01  1.2388E+00
  6.0000E+01  1.2388E+00
  6.0000E+01  1.2388E+00
  6.0000E+01  1.2388E+00
  6.0000E+01  1.2388E+00
  6.1000E+01  0.0000E+00
  6.1000E+01  0.0000E+00
  6.1000E+01  0.0000E+00
  6.1000E+01  0.0000E+00
  6.1000E+01  0.0000E+00
  6.1000E+01  0.0000E+00
  6.2000E+01  3.5820E-01
  6.2000E+01  3.5820E-01
  6.2000E+01  3.5820E-01
  6.2000E+01  3.5820E-01
  6.2000E+01  3.5820E-01
  6.2000E+01  3.5820E-01
  6.3000E+01  1.1634E+00
  6.3000E+01  1.1634E+00
  6.3000E+01  1.1634E+00
  6.3000E+01  1.1634E+00
  6.3000E+01  1.1634E+00
  6.3000E+01  1.1634E+00
  6.4000E+01  0.0000E+00
  6.4000E+01  0.0000E+00
  6.4000E+01  0.0000E+00
  6.4000E+01  0.0000E+00
  6.4000E+01  0.0000E+00
  6.4000E+01  0.0000E+00
  6.5000E+01  4.9600E-01
  6.5000E+01  4.9600E-01
  6.5000E+01  4.9600E-01
  6.5000E+01  4.9600E-01
  6.5000E+01  4.9600E-01
  6.5000E+01  4.9600E-01
  6.6000E+01  1.2658E+00
  6.6000E+01  1.2658E+00
  6.6000E+01  1.2658E+00
  6.6000E+01  1.2658E+00
  6.6000E+01  1.2658E+00
  6.6000E+01  1.2658E+00
  6.7000E+01  0.0000E+00
  6.7000E+01  0.0000E+00
  6.7000E+01  0.0000E+00
  6.7000E+01  0.0000E+00
  6.7000E+01  0.0000E+00
  6.7000E+01  0.0000E+00
  6.8000E+01  3.2610E-01
  6.8000E+01  3.2610E-01
  6.8000E+01  3.2610E-01
  6.8000E+01  3.2610E-01
  6.8000E+01  3.2610E-01
  6.8000E+01  3.2610E-01
  6.9000E+01  5.3700E-01
  6.9000E+01  5.3700E-01
  6.9000E+01  5.3700E-01
  6.9000E+01  5.3700E-01
  6.9000E+01  5.3700E-01
  6.9000E+01  5.3700E-01
  7.0000E+01  0.0000E+00
  7.0000E+01  0.0000E+00
  7.0000E+01  0.0000E+00
  7.0000E+01  0.0000E+00
  7.0000E+01  0.0000E+00
  7.0000E+01  0.0000E+00
  7.1000E+01  3.6510E-01
  7.1000E+01  3.6510E-01
  7.1000E+01  3.6510E-01
  7.1000E+01  3.6510E-01
  7.1000E+01  3.6510E-01
  7.1000E+01  3.6510E-01
  7.2000E+01  6.6550E-01
  7.2000E+01  6.6550E-01
  7.2000E+01  6.6550E-01
  7.2000E+01  6.6550E-01
  7.2000E+01  6.6550E-01
  7.2000E+01  6.6550E-01
  7.3000E+01  0.0000E+00
  7.3000E+01  0.0000E+00
  7.3000E+01  0.0000E+00
  7.3000E+01  0.0000E+00
  7.3000E+01  0.0000E+00
  7.3000E+01  0.0000E+00
  7.4000E+01  4.1000E-01
  7.4000E+01  4.1000E-01
  7.4000E+01  4.1000E-01
  7.4000E+01  4.1000E-01
  7.4000E+01  4.1000E-01
  7.4000E+01  4.1000E-01
  7.5000E+01  7.3110E-01
  7.5000E+01  7.3110E-01
  7.5000E+01  7.3110E-01
  7.5000E+01  7.3110E-01
  7.5000E+01  7.3110E-01
  7.5000E+01  7.3110E-01
  7.6000E+01  0.0000E+00
  7.6000E+01  0.0000E+00
  7.6000E+01  0.0000E+00
  7.6000E+01  0.0000E+00
  7.6000E+01  0.0000E+00
  7.6000E+01  0.0000E+00
  7.7000E+01  4.2960E-01
  7.7000E+01  4.2960E-01
  7.7000E+01  4.2960E-01
  7.7000E+01  4.2960E-01
  7.7000E+01  4.2960E-01
  7.7000E+01  4.2960E-01
  7.8000E+01  7.4770E-01
  7.8000E+01  7.4770E-01
  7.8000E+01  7.4770E-01
  7.8000E+01  7.4770E-01
  7.8000E+01  7.4770E-01
  7.8000E+01  7.4770E-01
  7.9000E+01  0.0000E+00
  7.9000E+01  0.0000E+00
  7.9000E+01  0.0000E+00
  7.9000E+01  0.0000E+00
  7.9000E+01  0.0000E+00
  7.9000E+01  0.0000E+00
  8.0000E+01  2.5460E-01
  8.0000E+01  2.5460E-01
  8.0000E+01  2.5460E-01
  8.0000E+01  2.5460E-01
  8.0000E+01  2.5460E-01
  8.0000E+01  2.5460E-01
  8.1000E+01  9.6000E-01
  8.1000E+01  9.6000E-01
  8.1000E+01  9.6000E-01
  8.1000E+01  9.6000E-01
  8.1000E+01  9.6000E-01
  8.1000E+01  9.6000E-01
  8.2000E+01  0.0000E+00
  8.2000E+01  0.0000E+00
  8.2000E+01  0.0000E+00
  8.2000E+01  0.0000E+00
  8.2000E+01  0.0000E+00
  8.2000E+01  0.0000E+00
  8.3000E+01  3.0000E-01
  8.3000E+01  3.0000E-01
  8.3000E+01  3.0000E-01
  8.3000E+01  3.0000E-01
  8.3000E+01  3.0000E-01
  8.3000E+01  3.0000E-01
  8.4000E+01  5.9180E-01
  8.4000E+01  5.9180E-01
  8.4000E+01  5.9180E-01
  8.4000E+01  5.9180E-01
  8.4000E+01  5.9180E-01
  8.4000E+01  5.9180E-01
  8.5000E+01  0.0000E+00
  8.5000E+01  0.0000E+00
  8.5000E+01  0.0000E+00
  8.5000E+01  0.0000E+00
  8.5000E+01  0.0000E+00
  8.5000E+01  0.0000E+00
  8.6000E+01  5.2400E-01
  8.6000E+01  5.2400E-01
  8.6000E+01  5.2400E-01
  8.6000E+01  5.2400E-01
  8.6000E+01  5.2400E-01
  8.6000E+01  5.2400E-01
  8.7000E+01  4.8870E-01
  8.7000E+01  4.8870E-01
  8.7000E+01  4.8870E-01
  8.7000E+01  4.8870E-01
  8.7000E+01  4.8870E-01
  8.7000E+01  4.8870E-01
  8.8000E+01  0.0000E+00
  8.8000E+01  0.0000E+00
  8.8000E+01  0.0000E+00
  8.8000E+01  0.0000E+00
  8.8000E+01  0.0000E+00
  8.8000E+01  0.0000E+00
  8.9000E+01  6.8520E-01
  8.9000E+01  6.8520E-01
  8.9000E+01  6.8520E-01
  8.9000E+01  6.8520E-01
  8.9000E+01  6.8520E-01
  8.9000E+01  6.8520E-01
  9.0000E+01  6.7810E-01
  9.0000E+01  6.7810E-01
  9.0000E+01  6.7810E-01
  9.0000E+01  6.7810E-01
  9.0000E+01  6.7810E-01
  9.0000E+01  6.7810E-01
  9.1000E+01  0.0000E+00
  9.1000E+01  0.0000E+00
  9.1000E+01  0.0000E+00
  9.1000E+01  0.0000E+00
  9.1000E+01  0.0000E+00
  9.1000E+01  0.0000E+00
  9.2000E+01  5.6040E-01
  9.2000E+01  5.6040E-01
  9.2000E+01  5.6040E-01
  9.2000E+01  5.6040E-01
  9.2000E+01  5.6040E-01
  9.2000E+01  5.6040E-01
  9.3000E+01  8.0380E-01
  9.3000E+01  8.0380E-01
  9.3000E+01  8.0380E-01
  9.3000E+01  8.0380E-01
  9.3000E+01  8.0380E-01
  9.3000E+01  8.0380E-01
  9.4000E+01  0.0000E+00
  9.4000E+01  0.0000E+00
  9.4000E+01  0.0000E+00
  9.4000E+01  0.0000E+00
  9.4000E+01  0.0000E+00
  9.4000E+01  0.0000E+00
  9.5000E+01  3.8800E-01
  9.5000E+01  3.8800E-01
  9.5000E+01  3.8800E-01
  9.5000E+01  3.8800E-01
  9.5000E+01  3.8800E-01
  9.5000E+01  3.8800E-01
  9.6000E+01  7.5560E-01
  9.6000E+01  7.5560E-01
  9.6000E+01  7.5560E-01
  9.6000E+01  7.5560E-01
  9.6000E+01  7.5560E-01
  9.6000E+01  7.5560E-01
  9.7000E+01  0.0000E+00
  9.7000E+01  0.0000E+00
  9.7000E+01  0.0000E+00
  9.7000E+01  0.0000E+00
  9.7000E+01  0.0000E+00
  9.7000E+01  0.0000E+00
  9.8000E+01  6.8790E-01
  9.8000E+01  6.8790E-01
  9.8000E+01  6.8790E-01
  9.8000E+01  6.8790E-01
  9.8000E+01  6.8790E-01
  9.8000E+01  6.8790E-01
  9.9000E+01  1.5311E+00
  9.9000E+01  1.5311E+00
  9.9000E+01  1.5311E+00
  9.9000E+01  1.5311E+00
  9.9000E+01  1.5311E+00
  9.9000E+01  1.5311E+00
  1.0000E+02  0.0000E+00
  1.0000E+02  0.0000E+00
  1.0000E+02  0.0000E+00
  1.0000E+02  0.0000E+00
  1.0000E+02  0.0000E+00
  1.0000E+02  0.0000E+00
  1.0100E+02  2.5880E-01
  1.0100E+02  2.5880E-01
  1.0100E+02  2.5880E-01
  1.0100E+02  2.5880E-01
  1.0100E+02  2.5880E-01
  1.0100E+02  2.5880E-01
  1.0200E+02  1.4227E+00
  1.0200E+02  1.4227E+00
  1.0200E+02  1.4227E+00
  1.0200E+02  1.4227E+00
  1.0200E+02  1.4227E+00
  1.0200E+02  1.4227E+00
  1.0300E+02  0.0000E+00
  1.0300E+02  0.0000E+00
  1.0300E+02  0.0000E+00
  1.0300E+02  0.0000E+00
  1.0300E+02  0.0000E+00
  1.0300E+02  0.0000E+00
  1.0400E+02  3.5420E-01
  1.0400E+02  3.5420E-01
  1.0400E+02  3.5420E-01
  1.0400E+02  3.5420E-01
  1.0400E+02  3.5420E-01
  1.0400E+02  3.5420E-01
  1.0500E+02  5.5660E-01
  1.0500E+02  5.5660E-01
  1.0500E+02  5.5660E-01
  1.0500E+02  5.5660E-01
  1.0500E+02  5.5660E-01
  1.0500E+02  5.5660E-01
  1.0600E+02  0.0000E+00
  1.0600E+02  0.0000E+00
  1.0600E+02  0.0000E+00
  1.0600E+02  0.0000E+00
  1.0600E+02  0.0000E+00
  1.0600E+02  0.0000E+00
  1.0700E+02  2.7890E-01
  1.0700E+02  2.7890E-01
  1.0700E+02  2.7890E-01
  1.0700E+02  2.7890E-01
  1.0700E+02  2.7890E-01
  1.0700E+02  2.7890E-01
  1.0800E+02  7.5660E-01
  1.0800E+02  7.5660E-01
  1.0800E+02  7.5660E-01
  1.0800E+02  7.5660E-01
  1.0800E+02  7.5660E-01
  1.0800E+02  7.5660E-01
  1.0900E+02  0.0000E+00
  1.0900E+02  0.0000E+00
  1.0900E+02  0.0000E+00
  1.0900E+02  0.0000E+00
  1.0900E+02  0.0000E+00
  1.0900E+02  0.0000E+00
  1.1000E+02  4.9040E-01
  1.1000E+02  4.9040E-01
  1.1000E+02  4.9040E-01
  1.1000E+02  4.9040E-01
  1.1000E+02  4.9040E-01
  1.1000E+02  4.9040E-01
  1.1100E+02  7.9010E-01
  1.1100E+02  7.9010E-01
  1.1100E+02  7.9010E-01
  1.1100E+02  7.9010E-01
  1.1100E+02  7.9010E-01
  1.1100E+02  7.9010E-01
  1.1200E+02  0.0000E+00
  1.1200E+02  0.0000E+00
  1.1200E+02  0.0000E+00
  1.1200E+02  0.0000E+00
  1.1200E+02  0.0000E+00
  1.1200E+02  0.0000E+00
  1.1300E+02  3.5340E-01
  1.1300E+02  3.5340E-01
  1.1300E+02  3.5340E-01
  1.1300E+02  3.5340E-01
  1.1300E+02  3.5340E-01
  1.1300E+02  3.5340E-01
  1.1400E+02  9.9550E-01
  1.1400E+02  9.9550E-01
  1.1400E+02  9.9550E-01
  1.1400E+02  9.9550E-01
  1.1400E+02  9.9550E-01
  1.1400E+02  9.9550E-01
  1.1500E+02  0.0000E+00
  1.1500E+02  0.0000E+00
  1.1500E+02  0.0000E+00
  1.1500E+02  0.0000E+00
  1.1500E+02  0.0000E+00
  1.1500E+02  0.0000E+00
  1.1600E+02  4.8140E-01
  1.1600E+02  4.8140E-01
  1.1600E+02  4.8140E-01
  1.1600E+02  4.8140E-01
  1.1600E+02  4.8140E-01
  1.1600E+02  4.8140E-01
  1.1700E+02  6.8640E-01
  1.1700E+02  6.8640E-01
  1.1700E+02  6.8640E-01
  1.1700E+02  6.8640E-01
  1.1700E+02  6.8640E-01
  1.1700E+02  6.8640E-01
  1.1800E+02  0.0000E+00
  1.1800E+02  0.0000E+00
  1.1800E+02  0.0000E+00
  1.1800E+02  0.0000E+00
  1.1800E+02  0.0000E+00
  1.1800E+02  0.0000E+00
  1.1900E+02  3.7000E-01
  1.1900E+02  3.7000E-01
  1.1900E+02  3.7000E-01
  1.1900E+02  3.7000E-01
  1.1900E+02  3.7000E-01
  1.1900E+02  3.7000E-01
  1.2000E+02  1.4952E+00
  1.2000E+02  1.4952E+00
  1.2000E+02  1.4952E+00
  1.2000E+02  1.4952E+00
  1.2000E+02  1.4952E+00
  1.2000E+02  1.4952E+00
  1.2100E+02  0.0000E+00
  1.2100E+02  0.0000E+00
  1.2100E+02  0.0000E+00
  1.2100E+02  0.0000E+00
  1.2100E+02  0.0000E+00
  1.2100E+02  0.0000E+00
  1.2200E+02  6.1070E-01
  1.2200E+02  6.1070E-01
  1.2200E+02  6.1070E-01
  1.2200E+02  6.1070E-01
  1.2200E+02  6.1070E-01
  1.2200E+02  6.1070E-01
  1.2300E+02  9.5790E-01
  1.2300E+02  9.5790E-01
  1.2300E+02  9.5790E-01
  1.2300E+02  9.5790E-01
  1.2300E+02  9.5790E-01
  1.2300E+02  9.5790E-01
  1.2400E+02  0.0000E+00
  1.2400E+02  0.0000E+00
  1.2400E+02  0.0000E+00
  1.2400E+02  0.0000E+00
  1.2400E+02  0.0000E+00
  1.2400E+02  0.0000E+00
  1.2500E+02  4.1810E-01
  1.2500E+02  4.1810E-01
  1.2500E+02  4.1810E-01
  1.2500E+02  4.1810E-01
  1.2500E+02  4.1810E-01
  1.2500E+02  4.1810E-01
  1.2600E+02  6.1290E-01
  1.2600E+02  6.1290E-01
  1.2600E+02  6.1290E-01
  1.2600E+02  6.1290E-01
  1.2600E+02  6.1290E-01
  1.2600E+02  6.1290E-01
  1.2700E+02  0.0000E+00
  1.2700E+02  0.0000E+00
  1.2700E+02  0.0000E+00
  1.2700E+02  0.0000E+00
  1.2700E+02  0.0000E+00
  1.2700E+02  0.0000E+00
  1.2800E+02  4.1650E-01
  1.2800E+02  4.1650E-01
  1.2800E+02  4.1650E-01
  1.2800E+02  4.1650E-01
  1.2800E+02  4.1650E-01
  1.2800E+02  4.1650E-01
  1.2900E+02  8.1480E-01
  1.2900E+02  8.1480E-01
  1.2900E+02  8.1480E-01
  1.2900E+02  8.1480E-01
  1.2900E+02  8.1480E-01
  1.2900E+02  8.1480E-01
  1.3000E+02  0.0000E+00
  1.3000E+02  0.0000E+00
  1.3000E+02  0.0000E+00
  1.3000E+02  0.0000E+00
  1.3000E+02  0.0000E+00
  1.3000E+02  0.0000E+00
  1.3100E+02  4.6910E-01
  1.3100E+02  4.6910E-01
  1.3100E+02  4.6910E-01
  1.3100E+02  4.6910E-01
  1.3100E+02  4.6910E-01
  1.3100E+02  4.6910E-01
  1.3200E+02  6.5970E-01
  1.3200E+02  6.5970E-01
  1.3200E+02  6.5970E-01
  1.3200E+02  6.5970E-01
  1.3200E+02  6.5970E-01
  1.3200E+02  6.5970E-01
  1.3300E+02  0.0000E+00
  1.3300E+02  0.0000E+00
  1.3300E+02  0.0000E+00
  1.3300E+02  0.0000E+00
  1.3300E+02  0.0000E+00
  1.3300E+02  0.0000E+00
  1.3400E+02  3.0670E-01
  1.3400E+02  3.0670E-01
  1.3400E+02  3.0670E-01
  1.3400E+02  3.0670E-01
  1.3400E+02  3.0670E-01
  1.3400E+02  3.0670E-01
  1.3500E+02  7.3250E-01
  1.3500E+02  7.3250E-01
  1.3500E+02  7.3250E-01
  1.3500E+02  7.3250E-01
  1.3500E+02  7.3250E-01
  1.3500E+02  7.3250E-01
  1.3600E+02  0.0000E+00
  1.3600E+02  0.0000E+00
  1.3600E+02  0.0000E+00
  1.3600E+02  0.0000E+00
  1.3600E+02  0.0000E+00
  1.3600E+02  0.0000E+00
  1.3700E+02  5.0050E-01
  1.3700E+02  5.0050E-01
  1.3700E+02  5.0050E-01
  1.3700E+02  5.0050E-01
  1.3700E+02  5.0050E-01
  1.3700E+02  5.0050E-01
  1.3800E+02  8.1800E-01
  1.3800E+02  8.1800E-01
  1.3800E+02  8.1800E-01
  1.3800E+02  8.1800E-01
  1.3800E+02  8.1800E-01
  1.3800E+02  8.1800E-01
  1.3900E+02  0.0000E+00
  1.3900E+02  0.0000E+00
  1.3900E+02  0.0000E+00
  1.3900E+02  0.0000E+00
  1.3900E+02  0.0000E+00
  1.3900E+02  0.0000E+00
  1.4000E+02  2.6680E-01
  1.4000E+02  2.6680E-01
  1.4000E+02  2.6680E-01
  1.4000E+02  2.6680E-01
  1.4000E+02  2.6680E-01
  1.4000E+02  2.6680E-01
  1.4100E+02  9.5150E-01
  1.4100E+02  9.5150E-01
  1.4100E+02  9.5150E-01
  1.4100E+02  9.5150E-01
  1.4100E+02  9.5150E-01
  1.4100E+02  9.5150E-01
  1.4200E+02  0.0000E+00
  1.4200E+02  0.0000E+00
  1.4200E+02  0.0000E+00
  1.4200E+02  0.0000E+00
  1.4200E+02  0.0000E+00
  1.4200E+02  0.0000E+00
  1.4300E+02  3.8340E-01
  1.4300E+02  3.8340E-01
  1.4300E+02  3.8340E-01
  1.4300E+02  3.8340E-01
  1.4300E+02  3.8340E-01
  1.4300E+02  3.8340E-01
  1.4400E+02  6.0300E-01
  1.4400E+02  6.0300E-01
  1.4400E+02  6.0300E-01
  1.4400E+02  6.0300E-01
  1.4400E+02  6.0300E-01
  1.4400E+02  6.0300E-01
  1.4500E+02  0.0000E+00
  1.4500E+02  0.0000E+00
  1.4500E+02  0.0000E+00
  1.4500E+02  0.0000E+00
  1.4500E+02  0.0000E+00
  1.4500E+02  0.0000E+00
  1.4600E+02  3.0500E-01
  1.4600E+02  3.0500E-01
  1.4600E+02  3.0500E-01
  1.4600E+02  3.0500E-01
  1.4600E+02  3.0500E-01
  1.4600E+02  3.0500E-01
  1.4700E+02  7.8180E-01
  1.4700E+02  7.8180E-01
  1.4700E+02  7.8180E-01
  1.4700E+02  7.8180E-01
  1.4700E+02  7.8180E-01
  1.4700E+02  7.8180E-01
  1.4800E+02  0.0000E+00
  1.4800E+02  0.0000E+00
  1.4800E+02  0.0000E+00
  1.4800E+02  0.0000E+00
  1.4800E+02  0.0000E+00
  1.4800E+02  0.0000E+00
  1.4900E+02  5.0060E-01
  1.4900E+02  5.0060E-01
  1.4900E+02  5.0060E-01
  1.4900E+02  5.0060E-01
  1.4900E+02  5.0060E-01
  1.4900E+02  5.0060E-01
  1.5000E+02  9.6920E-01
  1.5000E+02  9.6920E-01
  1.5000E+02  9.6920E-01
  1.5000E+02  9.6920E-01
  1.5000E+02  9.6920E-01
  1.5000E+02  9.6920E-01
  1.5100E+02  0.0000E+00
  1.5100E+02  0.0000E+00
  1.5100E+02  0.0000E+00
  1.5100E+02  0.0000E+00
  1.5100E+02  0.0000E+00
  1.5100E+02  0.0000E+00
  1.5200E+02  4.6020E-01
  1.5200E+02  4.6020E-01
  1.5200E+02  4.6020E-01
  1.5200E+02  4.6020E-01
  1.5200E+02  4.6020E-01
  1.5200E+02  4.6020E-01
  1.5300E+02  1.0079E+00
  1.5300E+02  1.0079E+00
  1.5300E+02  1.0079E+00
  1.5300E+02  1.0079E+00
  1.5300E+02  1.0079E+00
  1.5300E+02  1.0079E+00
  1.5400E+02  0.0000E+00
  1.5400E+02  0.0000E+00
  1.5400E+02  0.0000E+00
  1.5400E+02  0.0000E+00
  1.5400E+02  0.0000E+00
  1.5400E+02  0.0000E+00
  1.5500E+02  2.2570E-01
  1.5500E+02  2.2570E-01
  1.5500E+02  2.2570E-01
  1.5500E+02  2.2570E-01
  1.5500E+02  2.2570E-01
  1.5500E+02  2.2570E-01
  1.5600E+02  6.9360E-01
  1.5600E+02  6.9360E-01
  1.5600E+02  6.9360E-01
  1.5600E+02  6.9360E-01
  1.5600E+02  6.9360E-01
  1.5600E+02  6.9360E-01
  1.5700E+02  0.0000E+00
  1.5700E+02  0.0000E+00
  1.5700E+02  0.0000E+00
  1.5700E+02  0.0000E+00
  1.5700E+02  0.0000E+00
  1.5700E+02  0.0000E+00
  1.5800E+02  4.7600E-01
  1.5800E+02  4.7600E-01
  1.5800E+02  4.7600E-01
  1.5800E+02  4.7600E-01
  1.5800E+02  4.7600E-01
  1.5800E+02  4.7600E-01
  1.5900E+02  7.6290E-01
  1.5900E+02  7.6290E-01
  1.5900E+02  7.6290E-01
  1.5900E+02  7.6290E-01
  1.5900E+02  7.6290E-01
  1.5900E+02  7.6290E-01
  1.6000E+02  0.0000E+00
  1.6000E+02  0.0000E+00
  1.6000E+02  0.0000E+00
  1.6000E+02  0.0000E+00
  1.6000E+02  0.0000E+00
  1.6000E+02  0.0000E+00
  1.6100E+02  3.8920E-01
  1.6100E+02  3.8920E-01
  1.6100E+02  3.8920E-01
  1.6100E+02  3.8920E-01
  1.6100E+02  3.8920E-01
  1.6100E+02  3.8920E-01
  1.6200E+02  1.1065E+00
  1.6200E+02  1.1065E+00
  1.6200E+02  1.1065E+00
  1.6200E+02  1.1065E+00
  1.6200E+02  1.1065E+00
  1.6200E+02  1.1065E+00
  1.6300E+02  0.0000E+00
  1.6300E+02  0.0000E+00
  1.6300E+02  0.0000E+00
  1.6300E+02  0.0000E+00
  1.6300E+02  0.0000E+00
  1.6300E+02  0.0000E+00
  1.6400E+02  3.7010E-01
  1.6400E+02  3.7010E-01
  1.6400E+02  3.7010E-01
  1.6400E+02  3.7010E-01
  1.6400E+02  3.7010E-01
  1.6400E+02  3.7010E-01
  1.6500E+02  9.8660E-01
  1.6500E+02  9.8660E-01
  1.6500E+02  9.8660E-01
  1.6500E+02  9.8660E-01
  1.6500E+02  9.8660E-01
  1.6500E+02  9.8660E-01
  1.6600E+02  0.0000E+00
  1.6600E+02  0.0000E+00
  1.6600E+02  0.0000E+00
  1.6600E+02  0.0000E+00
  1.6600E+02  0.0000E+00
  1.6600E+02  0.0000E+00
  1.6700E+02  5.3310E-01
  1.6700E+02  5.3310E-01
  1.6700E+02  5.3310E-01
  1.6700E+02  5.3310E-01
  1.6700E+02  5.3310E-01
  1.6700E+02  5.3310E-01
  1.6800E+02  1.1881E+00
  1.6800E+02  1.1881E+00
  1.6800E+02  1.1881E+00
  1.6800E+02  1.1881E+00
  1.6800E+02  1.1881E+00
  1.6800E+02  1.1881E+00
  1.6900E+02  0.0000E+00
  1.6900E+02  0.0000E+00
  1.6900E+02  0.0000E+00
  1.6900E+02  0.0000E+00
  1.6900E+02  0.0000E+00
  1.6900E+02  0.0000E+00
  1.7000E+02  4.3960E-01
  1.7000E+02  4.3960E-01
  1.7000E+02  4.3960E-01
  1.7000E+02  4.3960E-01
  1.7000E+02  4.3960E-01
  1.7000E+02  4.3960E-01
  1.7100E+02  7.2960E-01
  1.7100E+02  7.2960E-01
  1.7100E+02  7.2960E-01
  1.7100E+02  7.2960E-01
  1.7100E+02  7.2960E-01
  1.7100E+02  7.2960E-01
  1.7200E+02  0.0000E+00
  1.7200E+02  0.0000E+00
  1.7200E+02  0.0000E+00
  1.7200E+02  0.0000E+00
  1.7200E+02  0.0000E+00
  1.7200E+02  0.0000E+00
  1.7300E+02  3.7380E-01
  1.7300E+02  3.7380E-01
  1.7300E+02  3.7380E-01
  1.7300E+02  3.7380E-01
  1.7300E+02  3.7380E-01
  1.7300E+02  3.7380E-01
  1.7400E+02  5.2120E-01
  1.7400E+02  5.2120E-01
  1.7400E+02  5.2120E-01
  1.7400E+02  5.2120E-01
  1.7400E+02  5.2120E-01
  1.7400E+02  5.2120E-01
  1.7500E+02  0.0000E+00
  1.7500E+02  0.0000E+00
  1.7500E+02  0.0000E+00
  1.7500E+02  0.0000E+00
  1.7500E+02  0.0000E+00
  1.7500E+02  0.0000E+00
  1.7600E+02  4.0920E-01
  1.7600E+02  4.0920E-01
  1.7600E+02  4.0920E-01
  1.7600E+02  4.0920E-01
  1.7600E+02  4.0920E-01
  1.7600E+02  4.0920E-01
  1.7700E+02  5.5950E-01
  1.7700E+02  5.5950E-01
  1.7700E+02  5.5950E-01
  1.7700E+02  5.5950E-01
  1.7700E+02  5.5950E-01
  1.7700E+02  5.5950E-01
  1.7800E+02  0.0000E+00
  1.7800E+02  0.0000E+00
  1.7800E+02  0.0000E+00
  1.7800E+02  0.0000E+00
  1.7800E+02  0.0000E+00
  1.7800E+02  0.0000E+00
  1.7900E+02  3.2160E-01
  1.7900E+02  3.2160E-01
  1.7900E+02  3.2160E-01
  1.7900E+02  3.2160E-01
  1.7900E+02  3.2160E-01
  1.7900E+02  3.2160E-01
  1.8000E+02  8.9860E-01
  1.8000E+02  8.9860E-01
  1.8000E+02  8.9860E-01
  1.8000E+02  8.9860E-01
  1.8000E+02  8.9860E-01
  1.8000E+02  8.9860E-01
  1.8100E+02  0.0000E+00
  1.8100E+02  0.0000E+00
  1.8100E+02  0.0000E+00
  1.8100E+02  0.0000E+00
  1.8100E+02  0.0000E+00
  1.8100E+02  0.0000E+00
  1.8200E+02  4.5480E-01
  1.8200E+02  4.5480E-01
  1.8200E+02  4.5480E-01
  1.8200E+02  4.5480E-01
  1.8200E+02  4.5480E-01
  1.8200E+02  4.5480E-01
  1.8300E+02  9.9800E-01
  1.8300E+02  9.9800E-01
  1.8300E+02  9.9800E-01
  1.8300E+02  9.9800E-01
  1.8300E+02  9.9800E-01
  1.8300E+02  9.9800E-01
  1.8400E+02  0.0000E+00
  1.8400E+02  0.0000E+00
  1.8400E+02  0.0000E+00
  1.8400E+02  0.0000E+00
  1.8400E+02  0.0000E+00
  1.8400E+02  0.0000E+00
  1.8500E+02  4.9040E-01
  1.8500E+02  4.9040E-01
  1.8500E+02  4.9040E-01
  1.8500E+02  4.9040E-01
  1.8500E+02  4.9040E-01
  1.8500E+02  4.9040E-01
  1.8600E+02  8.5300E-01
  1.8600E+02  8.5300E-01
  1.8600E+02  8.5300E-01
  1.8600E+02  8.5300E-01
  1.8600E+02  8.5300E-01
  1.8600E+02  8.5300E-01
  1.8700E+02  0.0000E+00
  1.8700E+02  0.0000E+00
  1.8700E+02  0.0000E+00
  1.8700E+02  0.0000E+00
  1.8700E+02  0.0000E+00
  1.8700E+02  0.0000E+00
  1.8800E+02  4.5620E-01
  1.8800E+02  4.5620E-01
  1.8800E+02  4.5620E-01
  1.8800E+02  4.5620E-01
  1.8800E+02  4.5620E-01
  1.8800E+02  4.5620E-01
  1.8900E+02  1.0979E+00
  1.8900E+02  1.0979E+00
  1.8900E+02  1.0979E+00
  1.8900E+02  1.0979E+00
  1.8900E+02  1.0979E+00
  1.8900E+02  1.0979E+00
  1.9000E+02  0.0000E+00
  1.9000E+02  0.0000E+00
  1.9000E+02  0.0000E+00
  1.9000E+02  0.0000E+00
  1.9000E+02  0.0000E+00
  1.9000E+02  0.0000E+00
  1.9100E+02  3.5190E-01
  1.9100E+02  3.5190E-01
  1.9100E+02  3.5190E-01
  1.9100E+02  3.5190E-01
  1.9100E+02  3.5190E-01
  1.9100E+02  3.5190E-01
  1.9200E+02  6.8700E-01
  1.9200E+02  6.8700E-01
  1.9200E+02  6.8700E-01
  1.9200E+02  6.8700E-01
  1.9200E+02  6.8700E-01
  1.9200E+02  6.8700E-01
  1.9300E+02  0.0000E+00
  1.9300E+02  0.0000E+00
  1.9300E+02  0.0000E+00
  1.9300E+02  0.0000E+00
  1.9300E+02  0.0000E+00
  1.9300E+02  0.0000E+00
  1.9400E+02  2.3200E-01
  1.9400E+02  2.3200E-01
  1.9400E+02  2.3200E-01
  1.9400E+02  2.3200E-01
  1.9400E+02  2.3200E-01
  1.9400E+02  2.3200E-01
  1.9500E+02  1.3511E+00
  1.9500E+02  1.3511E+00
  1.9500E+02  1.3511E+00
  1.9500E+02  1.3511E+00
  1.9500E+02  1.3511E+00
  1.9500E+02  1.3511E+00
  1.9600E+02  0.0000E+00
  1.9600E+02  0.0000E+00
  1.9600E+02  0.0000E+00
  1.9600E+02  0.0000E+00
  1.9600E+02  0.0000E+00
  1.9600E+02  0.0000E+00
  1.9700E+02  3.3930E-01
  1.9700E+02  3.3930E-01
  1.9700E+02  3.3930E-01
  1.9700E+02  3.3930E-01
  1.9700E+02  3.3930E-01
  1.9700E+02  3.3930E-01
  1.9800E+02  5.7800E-01
  1.9800E+02  5.7800E-01
  1.9800E+02  5.7800E-01
  1.9800E+02  5.7800E-01
  1.9800E+02  5.7800E-01
  1.9800E+02  5.7800E-01
  1.9900E+02  0.0000E+00
  1.9900E+02  0.0000E+00
  1.9900E+02  0.0000E+00
  1.9900E+02  0.0000E+00
  1.9900E+02  0.0000E+00
  1.9900E+02  0.0000E+00
  2.0000E+02  3.2380E-01
  2.0000E+02  3.2380E-01
  2.0000E+02  3.2380E-01
  2.0000E+02  3.2380E-01
  2.0000E+02  3.2380E-01
  2.0000E+02  3.2380E-01
