TABLE NO.  2
 ID          LAM0        ETA1
  1.0000E+00  6.7902E+00  4.9567E-01
  1.0000E+00  6.7902E+00  4.9567E-01
  1.0000E+00  6.7902E+00  4.9567E-01
  1.0000E+00  6.7902E+00  4.9567E-01
  1.0000E+00  6.7902E+00  4.9567E-01
  1.0000E+00  6.7902E+00  4.9567E-01
  2.0000E+00  7.9492E+00  6.5326E-01
  2.0000E+00  7.9492E+00  6.5326E-01
  2.0000E+00  7.9492E+00  6.5326E-01
  2.0000E+00  7.9492E+00  6.5326E-01
  2.0000E+00  7.9492E+00  6.5326E-01
  2.0000E+00  7.9492E+00  6.5326E-01
  3.0000E+00  1.5077E+01  1.2934E+00
  3.0000E+00  1.5077E+01  1.2934E+00
  3.0000E+00  1.5077E+01  1.2934E+00
  3.0000E+00  1.5077E+01  1.2934E+00
  3.0000E+00  1.5077E+01  1.2934E+00
  3.0000E+00  1.5077E+01  1.2934E+00
  4.0000E+00  6.4996E+00  4.5192E-01
  4.0000E+00  6.4996E+00  4.5192E-01
  4.0000E+00  6.4996E+00  4.5192E-01
  4.0000E+00  6.4996E+00  4.5192E-01
  4.0000E+00  6.4996E+00  4.5192E-01
  4.0000E+00  6.4996E+00  4.5192E-01
  5.0000E+00  6.6449E+00  4.7404E-01
  5.0000E+00  6.6449E+00  4.7404E-01
  5.0000E+00  6.6449E+00  4.7404E-01
  5.0000E+00  6.6449E+00  4.7404E-01
  5.0000E+00  6.6449E+00  4.7404E-01
  5.0000E+00  6.6449E+00  4.7404E-01
  6.0000E+00  1.5423E+00 -9.8652E-01
  6.0000E+00  1.5423E+00 -9.8652E-01
  6.0000E+00  1.5423E+00 -9.8652E-01
  6.0000E+00  1.5423E+00 -9.8652E-01
  6.0000E+00  1.5423E+00 -9.8652E-01
  6.0000E+00  1.5423E+00 -9.8652E-01
  7.0000E+00  2.3295E+01  1.7284E+00
  7.0000E+00  2.3295E+01  1.7284E+00
  7.0000E+00  2.3295E+01  1.7284E+00
  7.0000E+00  2.3295E+01  1.7284E+00
  7.0000E+00  2.3295E+01  1.7284E+00
  7.0000E+00  2.3295E+01  1.7284E+00
  8.0000E+00  5.3336E+00  2.5422E-01
  8.0000E+00  5.3336E+00  2.5422E-01
  8.0000E+00  5.3336E+00  2.5422E-01
  8.0000E+00  5.3336E+00  2.5422E-01
  8.0000E+00  5.3336E+00  2.5422E-01
  8.0000E+00  5.3336E+00  2.5422E-01
  9.0000E+00  2.2613E+00 -6.0388E-01
  9.0000E+00  2.2613E+00 -6.0388E-01
  9.0000E+00  2.2613E+00 -6.0388E-01
  9.0000E+00  2.2613E+00 -6.0388E-01
  9.0000E+00  2.2613E+00 -6.0388E-01
  9.0000E+00  2.2613E+00 -6.0388E-01
  1.0000E+01  6.3541E+00  4.2929E-01
  1.0000E+01  6.3541E+00  4.2929E-01
  1.0000E+01  6.3541E+00  4.2929E-01
  1.0000E+01  6.3541E+00  4.2929E-01
  1.0000E+01  6.3541E+00  4.2929E-01
  1.0000E+01  6.3541E+00  4.2929E-01
  1.1000E+01  1.5423E+00 -9.8652E-01
  1.1000E+01  1.5423E+00 -9.8652E-01
  1.1000E+01  1.5423E+00 -9.8652E-01
  1.1000E+01  1.5423E+00 -9.8652E-01
  1.1000E+01  1.5423E+00 -9.8652E-01
  1.1000E+01  1.5423E+00 -9.8652E-01
  1.2000E+01  3.8699E+00 -6.6588E-02
  1.2000E+01  3.8699E+00 -6.6588E-02
  1.2000E+01  3.8699E+00 -6.6588E-02
  1.2000E+01  3.8699E+00 -6.6588E-02
  1.2000E+01  3.8699E+00 -6.6588E-02
  1.2000E+01  3.8699E+00 -6.6588E-02
  1.3000E+01  4.0165E+00 -2.9412E-02
  1.3000E+01  4.0165E+00 -2.9412E-02
  1.3000E+01  4.0165E+00 -2.9412E-02
  1.3000E+01  4.0165E+00 -2.9412E-02
  1.3000E+01  4.0165E+00 -2.9412E-02
  1.3000E+01  4.0165E+00 -2.9412E-02
  1.4000E+01  1.5423E+00 -9.8652E-01
  1.4000E+01  1.5423E+00 -9.8652E-01
  1.4000E+01  1.5423E+00 -9.8652E-01
  1.4000E+01  1.5423E+00 -9.8652E-01
  1.4000E+01  1.5423E+00 -9.8652E-01
  1.4000E+01  1.5423E+00 -9.8652E-01
  1.5000E+01  2.8444E+00 -3.7444E-01
  1.5000E+01  2.8444E+00 -3.7444E-01
  1.5000E+01  2.8444E+00 -3.7444E-01
  1.5000E+01  2.8444E+00 -3.7444E-01
  1.5000E+01  2.8444E+00 -3.7444E-01
  1.5000E+01  2.8444E+00 -3.7444E-01
  1.6000E+01  1.4372E+01  1.2455E+00
  1.6000E+01  1.4372E+01  1.2455E+00
  1.6000E+01  1.4372E+01  1.2455E+00
  1.6000E+01  1.4372E+01  1.2455E+00
  1.6000E+01  1.4372E+01  1.2455E+00
  1.6000E+01  1.4372E+01  1.2455E+00
  1.7000E+01  3.4301E+00 -1.8721E-01
  1.7000E+01  3.4301E+00 -1.8721E-01
  1.7000E+01  3.4301E+00 -1.8721E-01
  1.7000E+01  3.4301E+00 -1.8721E-01
  1.7000E+01  3.4301E+00 -1.8721E-01
  1.7000E+01  3.4301E+00 -1.8721E-01
  1.8000E+01  2.0389E+01  1.5952E+00
  1.8000E+01  2.0389E+01  1.5952E+00
  1.8000E+01  2.0389E+01  1.5952E+00
  1.8000E+01  2.0389E+01  1.5952E+00
  1.8000E+01  2.0389E+01  1.5952E+00
  1.8000E+01  2.0389E+01  1.5952E+00
  1.9000E+01  2.2613E+00 -6.0388E-01
  1.9000E+01  2.2613E+00 -6.0388E-01
  1.9000E+01  2.2613E+00 -6.0388E-01
  1.9000E+01  2.2613E+00 -6.0388E-01
  1.9000E+01  2.2613E+00 -6.0388E-01
  1.9000E+01  2.2613E+00 -6.0388E-01
  2.0000E+01  1.5423E+00 -9.8652E-01
  2.0000E+01  1.5423E+00 -9.8652E-01
  2.0000E+01  1.5423E+00 -9.8652E-01
  2.0000E+01  1.5423E+00 -9.8652E-01
  2.0000E+01  1.5423E+00 -9.8652E-01
  2.0000E+01  1.5423E+00 -9.8652E-01
  2.1000E+01  2.5524E+00 -4.8279E-01
  2.1000E+01  2.5524E+00 -4.8279E-01
  2.1000E+01  2.5524E+00 -4.8279E-01
  2.1000E+01  2.5524E+00 -4.8279E-01
  2.1000E+01  2.5524E+00 -4.8279E-01
  2.1000E+01  2.5524E+00 -4.8279E-01
  2.2000E+01  2.2613E+00 -6.0388E-01
  2.2000E+01  2.2613E+00 -6.0388E-01
  2.2000E+01  2.2613E+00 -6.0388E-01
  2.2000E+01  2.2613E+00 -6.0388E-01
  2.2000E+01  2.2613E+00 -6.0388E-01
  2.2000E+01  2.2613E+00 -6.0388E-01
  2.3000E+01  1.6846E+00 -8.9828E-01
  2.3000E+01  1.6846E+00 -8.9828E-01
  2.3000E+01  1.6846E+00 -8.9828E-01
  2.3000E+01  1.6846E+00 -8.9828E-01
  2.3000E+01  1.6846E+00 -8.9828E-01
  2.3000E+01  1.6846E+00 -8.9828E-01
  2.4000E+01  4.1630E+00  6.4266E-03
  2.4000E+01  4.1630E+00  6.4266E-03
  2.4000E+01  4.1630E+00  6.4266E-03
  2.4000E+01  4.1630E+00  6.4266E-03
  2.4000E+01  4.1630E+00  6.4266E-03
  2.4000E+01  4.1630E+00  6.4266E-03
  2.5000E+01  1.8278E+00 -8.1669E-01
  2.5000E+01  1.8278E+00 -8.1669E-01
  2.5000E+01  1.8278E+00 -8.1669E-01
  2.5000E+01  1.8278E+00 -8.1669E-01
  2.5000E+01  1.8278E+00 -8.1669E-01
  2.5000E+01  1.8278E+00 -8.1669E-01
  2.6000E+01  1.2615E+00 -1.1875E+00
  2.6000E+01  1.2615E+00 -1.1875E+00
  2.6000E+01  1.2615E+00 -1.1875E+00
  2.6000E+01  1.2615E+00 -1.1875E+00
  2.6000E+01  1.2615E+00 -1.1875E+00
  2.6000E+01  1.2615E+00 -1.1875E+00
  2.7000E+01  3.7233E+00 -1.0520E-01
  2.7000E+01  3.7233E+00 -1.0520E-01
  2.7000E+01  3.7233E+00 -1.0520E-01
  2.7000E+01  3.7233E+00 -1.0520E-01
  2.7000E+01  3.7233E+00 -1.0520E-01
  2.7000E+01  3.7233E+00 -1.0520E-01
  2.8000E+01  2.8444E+00 -3.7444E-01
  2.8000E+01  2.8444E+00 -3.7444E-01
  2.8000E+01  2.8444E+00 -3.7444E-01
  2.8000E+01  2.8444E+00 -3.7444E-01
  2.8000E+01  2.8444E+00 -3.7444E-01
  2.8000E+01  2.8444E+00 -3.7444E-01
  2.9000E+01  3.7233E+00 -1.0520E-01
  2.9000E+01  3.7233E+00 -1.0520E-01
  2.9000E+01  3.7233E+00 -1.0520E-01
  2.9000E+01  3.7233E+00 -1.0520E-01
  2.9000E+01  3.7233E+00 -1.0520E-01
  2.9000E+01  3.7233E+00 -1.0520E-01
  3.0000E+01  7.3704E+00  5.7766E-01
  3.0000E+01  7.3704E+00  5.7766E-01
  3.0000E+01  7.3704E+00  5.7766E-01
  3.0000E+01  7.3704E+00  5.7766E-01
  3.0000E+01  7.3704E+00  5.7766E-01
  3.0000E+01  7.3704E+00  5.7766E-01
  3.1000E+01  3.7233E+00 -1.0520E-01
  3.1000E+01  3.7233E+00 -1.0520E-01
  3.1000E+01  3.7233E+00 -1.0520E-01
  3.1000E+01  3.7233E+00 -1.0520E-01
  3.1000E+01  3.7233E+00 -1.0520E-01
  3.1000E+01  3.7233E+00 -1.0520E-01
  3.2000E+01  4.1630E+00  6.4266E-03
  3.2000E+01  4.1630E+00  6.4266E-03
  3.2000E+01  4.1630E+00  6.4266E-03
  3.2000E+01  4.1630E+00  6.4266E-03
  3.2000E+01  4.1630E+00  6.4266E-03
  3.2000E+01  4.1630E+00  6.4266E-03
  3.3000E+01  6.7902E+00  4.9567E-01
  3.3000E+01  6.7902E+00  4.9567E-01
  3.3000E+01  6.7902E+00  4.9567E-01
  3.3000E+01  6.7902E+00  4.9567E-01
  3.3000E+01  6.7902E+00  4.9567E-01
  3.3000E+01  6.7902E+00  4.9567E-01
  3.4000E+01  4.3095E+00  4.1017E-02
  3.4000E+01  4.3095E+00  4.1017E-02
  3.4000E+01  4.3095E+00  4.1017E-02
  3.4000E+01  4.3095E+00  4.1017E-02
  3.4000E+01  4.3095E+00  4.1017E-02
  3.4000E+01  4.3095E+00  4.1017E-02
  3.5000E+01  2.9907E+00 -3.2430E-01
  3.5000E+01  2.9907E+00 -3.2430E-01
  3.5000E+01  2.9907E+00 -3.2430E-01
  3.5000E+01  2.9907E+00 -3.2430E-01
  3.5000E+01  2.9907E+00 -3.2430E-01
  3.5000E+01  2.9907E+00 -3.2430E-01
  3.6000E+01  1.5423E+00 -9.8652E-01
  3.6000E+01  1.5423E+00 -9.8652E-01
  3.6000E+01  1.5423E+00 -9.8652E-01
  3.6000E+01  1.5423E+00 -9.8652E-01
  3.6000E+01  1.5423E+00 -9.8652E-01
  3.6000E+01  1.5423E+00 -9.8652E-01
  3.7000E+01  1.6343E+01  1.3740E+00
  3.7000E+01  1.6343E+01  1.3740E+00
  3.7000E+01  1.6343E+01  1.3740E+00
  3.7000E+01  1.6343E+01  1.3740E+00
  3.7000E+01  1.6343E+01  1.3740E+00
  3.7000E+01  1.6343E+01  1.3740E+00
  3.8000E+01  3.1371E+00 -2.7651E-01
  3.8000E+01  3.1371E+00 -2.7651E-01
  3.8000E+01  3.1371E+00 -2.7651E-01
  3.8000E+01  3.1371E+00 -2.7651E-01
  3.8000E+01  3.1371E+00 -2.7651E-01
  3.8000E+01  3.1371E+00 -2.7651E-01
  3.9000E+01  3.1371E+00 -2.7651E-01
  3.9000E+01  3.1371E+00 -2.7651E-01
  3.9000E+01  3.1371E+00 -2.7651E-01
  3.9000E+01  3.1371E+00 -2.7651E-01
  3.9000E+01  3.1371E+00 -2.7651E-01
  3.9000E+01  3.1371E+00 -2.7651E-01
  4.0000E+01  2.9907E+00 -3.2430E-01
  4.0000E+01  2.9907E+00 -3.2430E-01
  4.0000E+01  2.9907E+00 -3.2430E-01
  4.0000E+01  2.9907E+00 -3.2430E-01
  4.0000E+01  2.9907E+00 -3.2430E-01
  4.0000E+01  2.9907E+00 -3.2430E-01
  4.1000E+01  3.5767E+00 -1.4537E-01
  4.1000E+01  3.5767E+00 -1.4537E-01
  4.1000E+01  3.5767E+00 -1.4537E-01
  4.1000E+01  3.5767E+00 -1.4537E-01
  4.1000E+01  3.5767E+00 -1.4537E-01
  4.1000E+01  3.5767E+00 -1.4537E-01
  4.2000E+01  1.3524E+01  1.1847E+00
  4.2000E+01  1.3524E+01  1.1847E+00
  4.2000E+01  1.3524E+01  1.1847E+00
  4.2000E+01  1.3524E+01  1.1847E+00
  4.2000E+01  1.3524E+01  1.1847E+00
  4.2000E+01  1.3524E+01  1.1847E+00
  4.3000E+01  1.2674E+01  1.1197E+00
  4.3000E+01  1.2674E+01  1.1197E+00
  4.3000E+01  1.2674E+01  1.1197E+00
  4.3000E+01  1.2674E+01  1.1197E+00
  4.3000E+01  1.2674E+01  1.1197E+00
  4.3000E+01  1.2674E+01  1.1197E+00
  4.4000E+01  1.2615E+00 -1.1875E+00
  4.4000E+01  1.2615E+00 -1.1875E+00
  4.4000E+01  1.2615E+00 -1.1875E+00
  4.4000E+01  1.2615E+00 -1.1875E+00
  4.4000E+01  1.2615E+00 -1.1875E+00
  4.4000E+01  1.2615E+00 -1.1875E+00
  4.5000E+01  4.6024E+00  1.0677E-01
  4.5000E+01  4.6024E+00  1.0677E-01
  4.5000E+01  4.6024E+00  1.0677E-01
  4.5000E+01  4.6024E+00  1.0677E-01
  4.5000E+01  4.6024E+00  1.0677E-01
  4.5000E+01  4.6024E+00  1.0677E-01
  4.6000E+01  5.9173E+00  3.5806E-01
  4.6000E+01  5.9173E+00  3.5806E-01
  4.6000E+01  5.9173E+00  3.5806E-01
  4.6000E+01  5.9173E+00  3.5806E-01
  4.6000E+01  5.9173E+00  3.5806E-01
  4.6000E+01  5.9173E+00  3.5806E-01
  4.7000E+01  4.0165E+00 -2.9412E-02
  4.7000E+01  4.0165E+00 -2.9412E-02
  4.7000E+01  4.0165E+00 -2.9412E-02
  4.7000E+01  4.0165E+00 -2.9412E-02
  4.7000E+01  4.0165E+00 -2.9412E-02
  4.7000E+01  4.0165E+00 -2.9412E-02
  4.8000E+01  6.7902E+00  4.9567E-01
  4.8000E+01  6.7902E+00  4.9567E-01
  4.8000E+01  6.7902E+00  4.9567E-01
  4.8000E+01  6.7902E+00  4.9567E-01
  4.8000E+01  6.7902E+00  4.9567E-01
  4.8000E+01  6.7902E+00  4.9567E-01
  4.9000E+01  7.9492E+00  6.5326E-01
  4.9000E+01  7.9492E+00  6.5326E-01
  4.9000E+01  7.9492E+00  6.5326E-01
  4.9000E+01  7.9492E+00  6.5326E-01
  4.9000E+01  7.9492E+00  6.5326E-01
  4.9000E+01  7.9492E+00  6.5326E-01
  5.0000E+01  2.2613E+00 -6.0388E-01
  5.0000E+01  2.2613E+00 -6.0388E-01
  5.0000E+01  2.2613E+00 -6.0388E-01
  5.0000E+01  2.2613E+00 -6.0388E-01
  5.0000E+01  2.2613E+00 -6.0388E-01
  5.0000E+01  2.2613E+00 -6.0388E-01
  5.1000E+01  5.0414E+00  1.9786E-01
  5.1000E+01  5.0414E+00  1.9786E-01
  5.1000E+01  5.0414E+00  1.9786E-01
  5.1000E+01  5.0414E+00  1.9786E-01
  5.1000E+01  5.0414E+00  1.9786E-01
  5.1000E+01  5.0414E+00  1.9786E-01
  5.2000E+01  2.9907E+00 -3.2430E-01
  5.2000E+01  2.9907E+00 -3.2430E-01
  5.2000E+01  2.9907E+00 -3.2430E-01
  5.2000E+01  2.9907E+00 -3.2430E-01
  5.2000E+01  2.9907E+00 -3.2430E-01
  5.2000E+01  2.9907E+00 -3.2430E-01
  5.3000E+01  1.0107E+01  8.9347E-01
  5.3000E+01  1.0107E+01  8.9347E-01
  5.3000E+01  1.0107E+01  8.9347E-01
  5.3000E+01  1.0107E+01  8.9347E-01
  5.3000E+01  1.0107E+01  8.9347E-01
  5.3000E+01  1.0107E+01  8.9347E-01
  5.4000E+01  4.0165E+00 -2.9412E-02
  5.4000E+01  4.0165E+00 -2.9412E-02
  5.4000E+01  4.0165E+00 -2.9412E-02
  5.4000E+01  4.0165E+00 -2.9412E-02
  5.4000E+01  4.0165E+00 -2.9412E-02
  5.4000E+01  4.0165E+00 -2.9412E-02
  5.5000E+01  4.8951E+00  1.6843E-01
  5.5000E+01  4.8951E+00  1.6843E-01
  5.5000E+01  4.8951E+00  1.6843E-01
  5.5000E+01  4.8951E+00  1.6843E-01
  5.5000E+01  4.8951E+00  1.6843E-01
  5.5000E+01  4.8951E+00  1.6843E-01
  5.6000E+01  2.8444E+00 -3.7444E-01
  5.6000E+01  2.8444E+00 -3.7444E-01
  5.6000E+01  2.8444E+00 -3.7444E-01
  5.6000E+01  2.8444E+00 -3.7444E-01
  5.6000E+01  2.8444E+00 -3.7444E-01
  5.6000E+01  2.8444E+00 -3.7444E-01
  5.7000E+01  2.1163E+00 -6.7015E-01
  5.7000E+01  2.1163E+00 -6.7015E-01
  5.7000E+01  2.1163E+00 -6.7015E-01
  5.7000E+01  2.1163E+00 -6.7015E-01
  5.7000E+01  2.1163E+00 -6.7015E-01
  5.7000E+01  2.1163E+00 -6.7015E-01
  5.8000E+01  5.0414E+00  1.9786E-01
  5.8000E+01  5.0414E+00  1.9786E-01
  5.8000E+01  5.0414E+00  1.9786E-01
  5.8000E+01  5.0414E+00  1.9786E-01
  5.8000E+01  5.0414E+00  1.9786E-01
  5.8000E+01  5.0414E+00  1.9786E-01
  5.9000E+01  1.8278E+00 -8.1669E-01
  5.9000E+01  1.8278E+00 -8.1669E-01
  5.9000E+01  1.8278E+00 -8.1669E-01
  5.9000E+01  1.8278E+00 -8.1669E-01
  5.9000E+01  1.8278E+00 -8.1669E-01
  5.9000E+01  1.8278E+00 -8.1669E-01
  6.0000E+01  2.4067E+00 -5.4157E-01
  6.0000E+01  2.4067E+00 -5.4157E-01
  6.0000E+01  2.4067E+00 -5.4157E-01
  6.0000E+01  2.4067E+00 -5.4157E-01
  6.0000E+01  2.4067E+00 -5.4157E-01
  6.0000E+01  2.4067E+00 -5.4157E-01
  6.1000E+01  9.8208E+00  8.6469E-01
  6.1000E+01  9.8208E+00  8.6469E-01
  6.1000E+01  9.8208E+00  8.6469E-01
  6.1000E+01  9.8208E+00  8.6469E-01
  6.1000E+01  9.8208E+00  8.6469E-01
  6.1000E+01  9.8208E+00  8.6469E-01
  6.2000E+01  3.7233E+00 -1.0520E-01
  6.2000E+01  3.7233E+00 -1.0520E-01
  6.2000E+01  3.7233E+00 -1.0520E-01
  6.2000E+01  3.7233E+00 -1.0520E-01
  6.2000E+01  3.7233E+00 -1.0520E-01
  6.2000E+01  3.7233E+00 -1.0520E-01
  6.3000E+01  1.8278E+00 -8.1669E-01
  6.3000E+01  1.8278E+00 -8.1669E-01
  6.3000E+01  1.8278E+00 -8.1669E-01
  6.3000E+01  1.8278E+00 -8.1669E-01
  6.3000E+01  1.8278E+00 -8.1669E-01
  6.3000E+01  1.8278E+00 -8.1669E-01
  6.4000E+01  4.7488E+00  1.3808E-01
  6.4000E+01  4.7488E+00  1.3808E-01
  6.4000E+01  4.7488E+00  1.3808E-01
  6.4000E+01  4.7488E+00  1.3808E-01
  6.4000E+01  4.7488E+00  1.3808E-01
  6.4000E+01  4.7488E+00  1.3808E-01
  6.5000E+01  3.8699E+00 -6.6588E-02
  6.5000E+01  3.8699E+00 -6.6588E-02
  6.5000E+01  3.8699E+00 -6.6588E-02
  6.5000E+01  3.8699E+00 -6.6588E-02
  6.5000E+01  3.8699E+00 -6.6588E-02
  6.5000E+01  3.8699E+00 -6.6588E-02
  6.6000E+01  1.8278E+00 -8.1669E-01
  6.6000E+01  1.8278E+00 -8.1669E-01
  6.6000E+01  1.8278E+00 -8.1669E-01
  6.6000E+01  1.8278E+00 -8.1669E-01
  6.6000E+01  1.8278E+00 -8.1669E-01
  6.6000E+01  1.8278E+00 -8.1669E-01
  6.7000E+01  1.2532E+01  1.1085E+00
  6.7000E+01  1.2532E+01  1.1085E+00
  6.7000E+01  1.2532E+01  1.1085E+00
  6.7000E+01  1.2532E+01  1.1085E+00
  6.7000E+01  1.2532E+01  1.1085E+00
  6.7000E+01  1.2532E+01  1.1085E+00
  6.8000E+01  2.9907E+00 -3.2430E-01
  6.8000E+01  2.9907E+00 -3.2430E-01
  6.8000E+01  2.9907E+00 -3.2430E-01
  6.8000E+01  2.9907E+00 -3.2430E-01
  6.8000E+01  2.9907E+00 -3.2430E-01
  6.8000E+01  2.9907E+00 -3.2430E-01
  6.9000E+01  1.6846E+00 -8.9828E-01
  6.9000E+01  1.6846E+00 -8.9828E-01
  6.9000E+01  1.6846E+00 -8.9828E-01
  6.9000E+01  1.6846E+00 -8.9828E-01
  6.9000E+01  1.6846E+00 -8.9828E-01
  6.9000E+01  1.6846E+00 -8.9828E-01
  7.0000E+01  2.8444E+00 -3.7444E-01
  7.0000E+01  2.8444E+00 -3.7444E-01
  7.0000E+01  2.8444E+00 -3.7444E-01
  7.0000E+01  2.8444E+00 -3.7444E-01
  7.0000E+01  2.8444E+00 -3.7444E-01
  7.0000E+01  2.8444E+00 -3.7444E-01
  7.1000E+01  4.1630E+00  6.4266E-03
  7.1000E+01  4.1630E+00  6.4266E-03
  7.1000E+01  4.1630E+00  6.4266E-03
  7.1000E+01  4.1630E+00  6.4266E-03
  7.1000E+01  4.1630E+00  6.4266E-03
  7.1000E+01  4.1630E+00  6.4266E-03
  7.2000E+01  8.2381E+00  6.8896E-01
  7.2000E+01  8.2381E+00  6.8896E-01
  7.2000E+01  8.2381E+00  6.8896E-01
  7.2000E+01  8.2381E+00  6.8896E-01
  7.2000E+01  8.2381E+00  6.8896E-01
  7.2000E+01  8.2381E+00  6.8896E-01
  7.3000E+01  2.8444E+00 -3.7444E-01
  7.3000E+01  2.8444E+00 -3.7444E-01
  7.3000E+01  2.8444E+00 -3.7444E-01
  7.3000E+01  2.8444E+00 -3.7444E-01
  7.3000E+01  2.8444E+00 -3.7444E-01
  7.3000E+01  2.8444E+00 -3.7444E-01
  7.4000E+01  4.3095E+00  4.1017E-02
  7.4000E+01  4.3095E+00  4.1017E-02
  7.4000E+01  4.3095E+00  4.1017E-02
  7.4000E+01  4.3095E+00  4.1017E-02
  7.4000E+01  4.3095E+00  4.1017E-02
  7.4000E+01  4.3095E+00  4.1017E-02
  7.5000E+01  1.0680E+01  9.4856E-01
  7.5000E+01  1.0680E+01  9.4856E-01
  7.5000E+01  1.0680E+01  9.4856E-01
  7.5000E+01  1.0680E+01  9.4856E-01
  7.5000E+01  1.0680E+01  9.4856E-01
  7.5000E+01  1.0680E+01  9.4856E-01
  7.6000E+01  2.6983E+00 -4.2719E-01
  7.6000E+01  2.6983E+00 -4.2719E-01
  7.6000E+01  2.6983E+00 -4.2719E-01
  7.6000E+01  2.6983E+00 -4.2719E-01
  7.6000E+01  2.6983E+00 -4.2719E-01
  7.6000E+01  2.6983E+00 -4.2719E-01
  7.7000E+01  3.2836E+00 -2.3087E-01
  7.7000E+01  3.2836E+00 -2.3087E-01
  7.7000E+01  3.2836E+00 -2.3087E-01
  7.7000E+01  3.2836E+00 -2.3087E-01
  7.7000E+01  3.2836E+00 -2.3087E-01
  7.7000E+01  3.2836E+00 -2.3087E-01
  7.8000E+01  8.8148E+00  7.5662E-01
  7.8000E+01  8.8148E+00  7.5662E-01
  7.8000E+01  8.8148E+00  7.5662E-01
  7.8000E+01  8.8148E+00  7.5662E-01
  7.8000E+01  8.8148E+00  7.5662E-01
  7.8000E+01  8.8148E+00  7.5662E-01
  7.9000E+01  5.1875E+00  2.2645E-01
  7.9000E+01  5.1875E+00  2.2645E-01
  7.9000E+01  5.1875E+00  2.2645E-01
  7.9000E+01  5.1875E+00  2.2645E-01
  7.9000E+01  5.1875E+00  2.2645E-01
  7.9000E+01  5.1875E+00  2.2645E-01
  8.0000E+01  1.4937E+01  1.2840E+00
  8.0000E+01  1.4937E+01  1.2840E+00
  8.0000E+01  1.4937E+01  1.2840E+00
  8.0000E+01  1.4937E+01  1.2840E+00
  8.0000E+01  1.4937E+01  1.2840E+00
  8.0000E+01  1.4937E+01  1.2840E+00
  8.1000E+01  1.9717E+00 -7.4089E-01
  8.1000E+01  1.9717E+00 -7.4089E-01
  8.1000E+01  1.9717E+00 -7.4089E-01
  8.1000E+01  1.9717E+00 -7.4089E-01
  8.1000E+01  1.9717E+00 -7.4089E-01
  8.1000E+01  1.9717E+00 -7.4089E-01
  8.2000E+01  3.2836E+00 -2.3087E-01
  8.2000E+01  3.2836E+00 -2.3087E-01
  8.2000E+01  3.2836E+00 -2.3087E-01
  8.2000E+01  3.2836E+00 -2.3087E-01
  8.2000E+01  3.2836E+00 -2.3087E-01
  8.2000E+01  3.2836E+00 -2.3087E-01
  8.3000E+01  1.9717E+00 -7.4089E-01
  8.3000E+01  1.9717E+00 -7.4089E-01
  8.3000E+01  1.9717E+00 -7.4089E-01
  8.3000E+01  1.9717E+00 -7.4089E-01
  8.3000E+01  1.9717E+00 -7.4089E-01
  8.3000E+01  1.9717E+00 -7.4089E-01
  8.4000E+01  3.5767E+00 -1.4537E-01
  8.4000E+01  3.5767E+00 -1.4537E-01
  8.4000E+01  3.5767E+00 -1.4537E-01
  8.4000E+01  3.5767E+00 -1.4537E-01
  8.4000E+01  3.5767E+00 -1.4537E-01
  8.4000E+01  3.5767E+00 -1.4537E-01
  8.5000E+01  6.9354E+00  5.1683E-01
  8.5000E+01  6.9354E+00  5.1683E-01
  8.5000E+01  6.9354E+00  5.1683E-01
  8.5000E+01  6.9354E+00  5.1683E-01
  8.5000E+01  6.9354E+00  5.1683E-01
  8.5000E+01  6.9354E+00  5.1683E-01
  8.6000E+01  1.4012E+00 -1.0825E+00
  8.6000E+01  1.4012E+00 -1.0825E+00
  8.6000E+01  1.4012E+00 -1.0825E+00
  8.6000E+01  1.4012E+00 -1.0825E+00
  8.6000E+01  1.4012E+00 -1.0825E+00
  8.6000E+01  1.4012E+00 -1.0825E+00
  8.7000E+01  3.5767E+00 -1.4537E-01
  8.7000E+01  3.5767E+00 -1.4537E-01
  8.7000E+01  3.5767E+00 -1.4537E-01
  8.7000E+01  3.5767E+00 -1.4537E-01
  8.7000E+01  3.5767E+00 -1.4537E-01
  8.7000E+01  3.5767E+00 -1.4537E-01
  8.8000E+01  3.4301E+00 -1.8721E-01
  8.8000E+01  3.4301E+00 -1.8721E-01
  8.8000E+01  3.4301E+00 -1.8721E-01
  8.8000E+01  3.4301E+00 -1.8721E-01
  8.8000E+01  3.4301E+00 -1.8721E-01
  8.8000E+01  3.4301E+00 -1.8721E-01
  8.9000E+01  2.1637E+01  1.6546E+00
  8.9000E+01  2.1637E+01  1.6546E+00
  8.9000E+01  2.1637E+01  1.6546E+00
  8.9000E+01  2.1637E+01  1.6546E+00
  8.9000E+01  2.1637E+01  1.6546E+00
  8.9000E+01  2.1637E+01  1.6546E+00
  9.0000E+01  1.9717E+00 -7.4089E-01
  9.0000E+01  1.9717E+00 -7.4089E-01
  9.0000E+01  1.9717E+00 -7.4089E-01
  9.0000E+01  1.9717E+00 -7.4089E-01
  9.0000E+01  1.9717E+00 -7.4089E-01
  9.0000E+01  1.9717E+00 -7.4089E-01
  9.1000E+01  1.6846E+00 -8.9828E-01
  9.1000E+01  1.6846E+00 -8.9828E-01
  9.1000E+01  1.6846E+00 -8.9828E-01
  9.1000E+01  1.6846E+00 -8.9828E-01
  9.1000E+01  1.6846E+00 -8.9828E-01
  9.1000E+01  1.6846E+00 -8.9828E-01
  9.2000E+01  4.7488E+00  1.3808E-01
  9.2000E+01  4.7488E+00  1.3808E-01
  9.2000E+01  4.7488E+00  1.3808E-01
  9.2000E+01  4.7488E+00  1.3808E-01
  9.2000E+01  4.7488E+00  1.3808E-01
  9.2000E+01  4.7488E+00  1.3808E-01
  9.3000E+01  4.7488E+00  1.3808E-01
  9.3000E+01  4.7488E+00  1.3808E-01
  9.3000E+01  4.7488E+00  1.3808E-01
  9.3000E+01  4.7488E+00  1.3808E-01
  9.3000E+01  4.7488E+00  1.3808E-01
  9.3000E+01  4.7488E+00  1.3808E-01
  9.4000E+01  4.8951E+00  1.6843E-01
  9.4000E+01  4.8951E+00  1.6843E-01
  9.4000E+01  4.8951E+00  1.6843E-01
  9.4000E+01  4.8951E+00  1.6843E-01
  9.4000E+01  4.8951E+00  1.6843E-01
  9.4000E+01  4.8951E+00  1.6843E-01
  9.5000E+01  5.3336E+00  2.5422E-01
  9.5000E+01  5.3336E+00  2.5422E-01
  9.5000E+01  5.3336E+00  2.5422E-01
  9.5000E+01  5.3336E+00  2.5422E-01
  9.5000E+01  5.3336E+00  2.5422E-01
  9.5000E+01  5.3336E+00  2.5422E-01
  9.6000E+01  3.8699E+00 -6.6588E-02
  9.6000E+01  3.8699E+00 -6.6588E-02
  9.6000E+01  3.8699E+00 -6.6588E-02
  9.6000E+01  3.8699E+00 -6.6588E-02
  9.6000E+01  3.8699E+00 -6.6588E-02
  9.6000E+01  3.8699E+00 -6.6588E-02
  9.7000E+01  1.3100E+01  1.1528E+00
  9.7000E+01  1.3100E+01  1.1528E+00
  9.7000E+01  1.3100E+01  1.1528E+00
  9.7000E+01  1.3100E+01  1.1528E+00
  9.7000E+01  1.3100E+01  1.1528E+00
  9.7000E+01  1.3100E+01  1.1528E+00
  9.8000E+01  4.4560E+00  7.4441E-02
  9.8000E+01  4.4560E+00  7.4441E-02
  9.8000E+01  4.4560E+00  7.4441E-02
  9.8000E+01  4.4560E+00  7.4441E-02
  9.8000E+01  4.4560E+00  7.4441E-02
  9.8000E+01  4.4560E+00  7.4441E-02
  9.9000E+01  5.0414E+00  1.9786E-01
  9.9000E+01  5.0414E+00  1.9786E-01
  9.9000E+01  5.0414E+00  1.9786E-01
  9.9000E+01  5.0414E+00  1.9786E-01
  9.9000E+01  5.0414E+00  1.9786E-01
  9.9000E+01  5.0414E+00  1.9786E-01
  1.0000E+02  6.6449E+00  4.7404E-01
  1.0000E+02  6.6449E+00  4.7404E-01
  1.0000E+02  6.6449E+00  4.7404E-01
  1.0000E+02  6.6449E+00  4.7404E-01
  1.0000E+02  6.6449E+00  4.7404E-01
  1.0000E+02  6.6449E+00  4.7404E-01
  1.0100E+02  4.4560E+00  7.4441E-02
  1.0100E+02  4.4560E+00  7.4441E-02
  1.0100E+02  4.4560E+00  7.4441E-02
  1.0100E+02  4.4560E+00  7.4441E-02
  1.0100E+02  4.4560E+00  7.4441E-02
  1.0100E+02  4.4560E+00  7.4441E-02
  1.0200E+02  4.8951E+00  1.6843E-01
  1.0200E+02  4.8951E+00  1.6843E-01
  1.0200E+02  4.8951E+00  1.6843E-01
  1.0200E+02  4.8951E+00  1.6843E-01
  1.0200E+02  4.8951E+00  1.6843E-01
  1.0200E+02  4.8951E+00  1.6843E-01
  1.0300E+02  2.4810E+01  1.7914E+00
  1.0300E+02  2.4810E+01  1.7914E+00
  1.0300E+02  2.4810E+01  1.7914E+00
  1.0300E+02  2.4810E+01  1.7914E+00
  1.0300E+02  2.4810E+01  1.7914E+00
  1.0300E+02  2.4810E+01  1.7914E+00
  1.0400E+02  9.8797E-01 -1.4319E+00
  1.0400E+02  9.8797E-01 -1.4319E+00
  1.0400E+02  9.8797E-01 -1.4319E+00
  1.0400E+02  9.8797E-01 -1.4319E+00
  1.0400E+02  9.8797E-01 -1.4319E+00
  1.0400E+02  9.8797E-01 -1.4319E+00
  1.0500E+02  4.8951E+00  1.6843E-01
  1.0500E+02  4.8951E+00  1.6843E-01
  1.0500E+02  4.8951E+00  1.6843E-01
  1.0500E+02  4.8951E+00  1.6843E-01
  1.0500E+02  4.8951E+00  1.6843E-01
  1.0500E+02  4.8951E+00  1.6843E-01
  1.0600E+02  5.0414E+00  1.9786E-01
  1.0600E+02  5.0414E+00  1.9786E-01
  1.0600E+02  5.0414E+00  1.9786E-01
  1.0600E+02  5.0414E+00  1.9786E-01
  1.0600E+02  5.0414E+00  1.9786E-01
  1.0600E+02  5.0414E+00  1.9786E-01
  1.0700E+02  2.5524E+00 -4.8279E-01
  1.0700E+02  2.5524E+00 -4.8279E-01
  1.0700E+02  2.5524E+00 -4.8279E-01
  1.0700E+02  2.5524E+00 -4.8279E-01
  1.0700E+02  2.5524E+00 -4.8279E-01
  1.0700E+02  2.5524E+00 -4.8279E-01
  1.0800E+02  6.0630E+00  3.8239E-01
  1.0800E+02  6.0630E+00  3.8239E-01
  1.0800E+02  6.0630E+00  3.8239E-01
  1.0800E+02  6.0630E+00  3.8239E-01
  1.0800E+02  6.0630E+00  3.8239E-01
  1.0800E+02  6.0630E+00  3.8239E-01
  1.0900E+02  1.8278E+00 -8.1669E-01
  1.0900E+02  1.8278E+00 -8.1669E-01
  1.0900E+02  1.8278E+00 -8.1669E-01
  1.0900E+02  1.8278E+00 -8.1669E-01
  1.0900E+02  1.8278E+00 -8.1669E-01
  1.0900E+02  1.8278E+00 -8.1669E-01
  1.1000E+02  4.3095E+00  4.1017E-02
  1.1000E+02  4.3095E+00  4.1017E-02
  1.1000E+02  4.3095E+00  4.1017E-02
  1.1000E+02  4.3095E+00  4.1017E-02
  1.1000E+02  4.3095E+00  4.1017E-02
  1.1000E+02  4.3095E+00  4.1017E-02
  1.1100E+02  4.6024E+00  1.0677E-01
  1.1100E+02  4.6024E+00  1.0677E-01
  1.1100E+02  4.6024E+00  1.0677E-01
  1.1100E+02  4.6024E+00  1.0677E-01
  1.1100E+02  4.6024E+00  1.0677E-01
  1.1100E+02  4.6024E+00  1.0677E-01
  1.1200E+02  9.3901E+00  8.1985E-01
  1.1200E+02  9.3901E+00  8.1985E-01
  1.1200E+02  9.3901E+00  8.1985E-01
  1.1200E+02  9.3901E+00  8.1985E-01
  1.1200E+02  9.3901E+00  8.1985E-01
  1.1200E+02  9.3901E+00  8.1985E-01
  1.1300E+02  6.2086E+00  4.0612E-01
  1.1300E+02  6.2086E+00  4.0612E-01
  1.1300E+02  6.2086E+00  4.0612E-01
  1.1300E+02  6.2086E+00  4.0612E-01
  1.1300E+02  6.2086E+00  4.0612E-01
  1.1300E+02  6.2086E+00  4.0612E-01
  1.1400E+02  2.6983E+00 -4.2719E-01
  1.1400E+02  2.6983E+00 -4.2719E-01
  1.1400E+02  2.6983E+00 -4.2719E-01
  1.1400E+02  2.6983E+00 -4.2719E-01
  1.1400E+02  2.6983E+00 -4.2719E-01
  1.1400E+02  2.6983E+00 -4.2719E-01
  1.1500E+02  5.4797E+00  2.8123E-01
  1.1500E+02  5.4797E+00  2.8123E-01
  1.1500E+02  5.4797E+00  2.8123E-01
  1.1500E+02  5.4797E+00  2.8123E-01
  1.1500E+02  5.4797E+00  2.8123E-01
  1.1500E+02  5.4797E+00  2.8123E-01
  1.1600E+02  1.8278E+00 -8.1669E-01
  1.1600E+02  1.8278E+00 -8.1669E-01
  1.1600E+02  1.8278E+00 -8.1669E-01
  1.1600E+02  1.8278E+00 -8.1669E-01
  1.1600E+02  1.8278E+00 -8.1669E-01
  1.1600E+02  1.8278E+00 -8.1669E-01
  1.1700E+02  4.1630E+00  6.4266E-03
  1.1700E+02  4.1630E+00  6.4266E-03
  1.1700E+02  4.1630E+00  6.4266E-03
  1.1700E+02  4.1630E+00  6.4266E-03
  1.1700E+02  4.1630E+00  6.4266E-03
  1.1700E+02  4.1630E+00  6.4266E-03
  1.1800E+02  7.0805E+00  5.3753E-01
  1.1800E+02  7.0805E+00  5.3753E-01
  1.1800E+02  7.0805E+00  5.3753E-01
  1.1800E+02  7.0805E+00  5.3753E-01
  1.1800E+02  7.0805E+00  5.3753E-01
  1.1800E+02  7.0805E+00  5.3753E-01
  1.1900E+02  1.0537E+01  9.3508E-01
  1.1900E+02  1.0537E+01  9.3508E-01
  1.1900E+02  1.0537E+01  9.3508E-01
  1.1900E+02  1.0537E+01  9.3508E-01
  1.1900E+02  1.0537E+01  9.3508E-01
  1.1900E+02  1.0537E+01  9.3508E-01
  1.2000E+02  2.8444E+00 -3.7444E-01
  1.2000E+02  2.8444E+00 -3.7444E-01
  1.2000E+02  2.8444E+00 -3.7444E-01
  1.2000E+02  2.8444E+00 -3.7444E-01
  1.2000E+02  2.8444E+00 -3.7444E-01
  1.2000E+02  2.8444E+00 -3.7444E-01
  1.2100E+02  5.6256E+00  3.0752E-01
  1.2100E+02  5.6256E+00  3.0752E-01
  1.2100E+02  5.6256E+00  3.0752E-01
  1.2100E+02  5.6256E+00  3.0752E-01
  1.2100E+02  5.6256E+00  3.0752E-01
  1.2100E+02  5.6256E+00  3.0752E-01
  1.2200E+02  5.9173E+00  3.5806E-01
  1.2200E+02  5.9173E+00  3.5806E-01
  1.2200E+02  5.9173E+00  3.5806E-01
  1.2200E+02  5.9173E+00  3.5806E-01
  1.2200E+02  5.9173E+00  3.5806E-01
  1.2200E+02  5.9173E+00  3.5806E-01
  1.2300E+02  5.0414E+00  1.9786E-01
  1.2300E+02  5.0414E+00  1.9786E-01
  1.2300E+02  5.0414E+00  1.9786E-01
  1.2300E+02  5.0414E+00  1.9786E-01
  1.2300E+02  5.0414E+00  1.9786E-01
  1.2300E+02  5.0414E+00  1.9786E-01
  1.2400E+02  4.0004E+01  2.2692E+00
  1.2400E+02  4.0004E+01  2.2692E+00
  1.2400E+02  4.0004E+01  2.2692E+00
  1.2400E+02  4.0004E+01  2.2692E+00
  1.2400E+02  4.0004E+01  2.2692E+00
  1.2400E+02  4.0004E+01  2.2692E+00
  1.2500E+02  3.7233E+00 -1.0520E-01
  1.2500E+02  3.7233E+00 -1.0520E-01
  1.2500E+02  3.7233E+00 -1.0520E-01
  1.2500E+02  3.7233E+00 -1.0520E-01
  1.2500E+02  3.7233E+00 -1.0520E-01
  1.2500E+02  3.7233E+00 -1.0520E-01
  1.2600E+02  2.5524E+00 -4.8279E-01
  1.2600E+02  2.5524E+00 -4.8279E-01
  1.2600E+02  2.5524E+00 -4.8279E-01
  1.2600E+02  2.5524E+00 -4.8279E-01
  1.2600E+02  2.5524E+00 -4.8279E-01
  1.2600E+02  2.5524E+00 -4.8279E-01
  1.2700E+02  9.5338E+00  8.3503E-01
  1.2700E+02  9.5338E+00  8.3503E-01
  1.2700E+02  9.5338E+00  8.3503E-01
  1.2700E+02  9.5338E+00  8.3503E-01
  1.2700E+02  9.5338E+00  8.3503E-01
  1.2700E+02  9.5338E+00  8.3503E-01
  1.2800E+02  5.1875E+00  2.2645E-01
  1.2800E+02  5.1875E+00  2.2645E-01
  1.2800E+02  5.1875E+00  2.2645E-01
  1.2800E+02  5.1875E+00  2.2645E-01
  1.2800E+02  5.1875E+00  2.2645E-01
  1.2800E+02  5.1875E+00  2.2645E-01
  1.2900E+02  3.4301E+00 -1.8721E-01
  1.2900E+02  3.4301E+00 -1.8721E-01
  1.2900E+02  3.4301E+00 -1.8721E-01
  1.2900E+02  3.4301E+00 -1.8721E-01
  1.2900E+02  3.4301E+00 -1.8721E-01
  1.2900E+02  3.4301E+00 -1.8721E-01
  1.3000E+02  3.5767E+00 -1.4537E-01
  1.3000E+02  3.5767E+00 -1.4537E-01
  1.3000E+02  3.5767E+00 -1.4537E-01
  1.3000E+02  3.5767E+00 -1.4537E-01
  1.3000E+02  3.5767E+00 -1.4537E-01
  1.3000E+02  3.5767E+00 -1.4537E-01
  1.3100E+02  2.5524E+00 -4.8279E-01
  1.3100E+02  2.5524E+00 -4.8279E-01
  1.3100E+02  2.5524E+00 -4.8279E-01
  1.3100E+02  2.5524E+00 -4.8279E-01
  1.3100E+02  2.5524E+00 -4.8279E-01
  1.3100E+02  2.5524E+00 -4.8279E-01
  1.3200E+02  2.6983E+00 -4.2719E-01
  1.3200E+02  2.6983E+00 -4.2719E-01
  1.3200E+02  2.6983E+00 -4.2719E-01
  1.3200E+02  2.6983E+00 -4.2719E-01
  1.3200E+02  2.6983E+00 -4.2719E-01
  1.3200E+02  2.6983E+00 -4.2719E-01
  1.3300E+02  2.2613E+00 -6.0388E-01
  1.3300E+02  2.2613E+00 -6.0388E-01
  1.3300E+02  2.2613E+00 -6.0388E-01
  1.3300E+02  2.2613E+00 -6.0388E-01
  1.3300E+02  2.2613E+00 -6.0388E-01
  1.3300E+02  2.2613E+00 -6.0388E-01
  1.3400E+02  3.2836E+00 -2.3087E-01
  1.3400E+02  3.2836E+00 -2.3087E-01
  1.3400E+02  3.2836E+00 -2.3087E-01
  1.3400E+02  3.2836E+00 -2.3087E-01
  1.3400E+02  3.2836E+00 -2.3087E-01
  1.3400E+02  3.2836E+00 -2.3087E-01
  1.3500E+02  6.6449E+00  4.7404E-01
  1.3500E+02  6.6449E+00  4.7404E-01
  1.3500E+02  6.6449E+00  4.7404E-01
  1.3500E+02  6.6449E+00  4.7404E-01
  1.3500E+02  6.6449E+00  4.7404E-01
  1.3500E+02  6.6449E+00  4.7404E-01
  1.3600E+02  1.4796E+01  1.2745E+00
  1.3600E+02  1.4796E+01  1.2745E+00
  1.3600E+02  1.4796E+01  1.2745E+00
  1.3600E+02  1.4796E+01  1.2745E+00
  1.3600E+02  1.4796E+01  1.2745E+00
  1.3600E+02  1.4796E+01  1.2745E+00
  1.3700E+02  2.4067E+00 -5.4157E-01
  1.3700E+02  2.4067E+00 -5.4157E-01
  1.3700E+02  2.4067E+00 -5.4157E-01
  1.3700E+02  2.4067E+00 -5.4157E-01
  1.3700E+02  2.4067E+00 -5.4157E-01
  1.3700E+02  2.4067E+00 -5.4157E-01
  1.3800E+02  1.9717E+00 -7.4089E-01
  1.3800E+02  1.9717E+00 -7.4089E-01
  1.3800E+02  1.9717E+00 -7.4089E-01
  1.3800E+02  1.9717E+00 -7.4089E-01
  1.3800E+02  1.9717E+00 -7.4089E-01
  1.3800E+02  1.9717E+00 -7.4089E-01
  1.3900E+02  1.1236E+00 -1.3033E+00
  1.3900E+02  1.1236E+00 -1.3033E+00
  1.3900E+02  1.1236E+00 -1.3033E+00
  1.3900E+02  1.1236E+00 -1.3033E+00
  1.3900E+02  1.1236E+00 -1.3033E+00
  1.3900E+02  1.1236E+00 -1.3033E+00
  1.4000E+02  4.7488E+00  1.3808E-01
  1.4000E+02  4.7488E+00  1.3808E-01
  1.4000E+02  4.7488E+00  1.3808E-01
  1.4000E+02  4.7488E+00  1.3808E-01
  1.4000E+02  4.7488E+00  1.3808E-01
  1.4000E+02  4.7488E+00  1.3808E-01
  1.4100E+02  2.2613E+00 -6.0388E-01
  1.4100E+02  2.2613E+00 -6.0388E-01
  1.4100E+02  2.2613E+00 -6.0388E-01
  1.4100E+02  2.2613E+00 -6.0388E-01
  1.4100E+02  2.2613E+00 -6.0388E-01
  1.4100E+02  2.2613E+00 -6.0388E-01
  1.4200E+02  6.7902E+00  4.9567E-01
  1.4200E+02  6.7902E+00  4.9567E-01
  1.4200E+02  6.7902E+00  4.9567E-01
  1.4200E+02  6.7902E+00  4.9567E-01
  1.4200E+02  6.7902E+00  4.9567E-01
  1.4200E+02  6.7902E+00  4.9567E-01
  1.4300E+02  1.9717E+00 -7.4089E-01
  1.4300E+02  1.9717E+00 -7.4089E-01
  1.4300E+02  1.9717E+00 -7.4089E-01
  1.4300E+02  1.9717E+00 -7.4089E-01
  1.4300E+02  1.9717E+00 -7.4089E-01
  1.4300E+02  1.9717E+00 -7.4089E-01
  1.4400E+02  3.7233E+00 -1.0520E-01
  1.4400E+02  3.7233E+00 -1.0520E-01
  1.4400E+02  3.7233E+00 -1.0520E-01
  1.4400E+02  3.7233E+00 -1.0520E-01
  1.4400E+02  3.7233E+00 -1.0520E-01
  1.4400E+02  3.7233E+00 -1.0520E-01
  1.4500E+02  3.7233E+00 -1.0520E-01
  1.4500E+02  3.7233E+00 -1.0520E-01
  1.4500E+02  3.7233E+00 -1.0520E-01
  1.4500E+02  3.7233E+00 -1.0520E-01
  1.4500E+02  3.7233E+00 -1.0520E-01
  1.4500E+02  3.7233E+00 -1.0520E-01
  1.4600E+02  9.9642E+00  8.7919E-01
  1.4600E+02  9.9642E+00  8.7919E-01
  1.4600E+02  9.9642E+00  8.7919E-01
  1.4600E+02  9.9642E+00  8.7919E-01
  1.4600E+02  9.9642E+00  8.7919E-01
  1.4600E+02  9.9642E+00  8.7919E-01
  1.4700E+02  3.4301E+00 -1.8721E-01
  1.4700E+02  3.4301E+00 -1.8721E-01
  1.4700E+02  3.4301E+00 -1.8721E-01
  1.4700E+02  3.4301E+00 -1.8721E-01
  1.4700E+02  3.4301E+00 -1.8721E-01
  1.4700E+02  3.4301E+00 -1.8721E-01
  1.4800E+02  1.4514E+01  1.2553E+00
  1.4800E+02  1.4514E+01  1.2553E+00
  1.4800E+02  1.4514E+01  1.2553E+00
  1.4800E+02  1.4514E+01  1.2553E+00
  1.4800E+02  1.4514E+01  1.2553E+00
  1.4800E+02  1.4514E+01  1.2553E+00
  1.4900E+02  6.4996E+00  4.5192E-01
  1.4900E+02  6.4996E+00  4.5192E-01
  1.4900E+02  6.4996E+00  4.5192E-01
  1.4900E+02  6.4996E+00  4.5192E-01
  1.4900E+02  6.4996E+00  4.5192E-01
  1.4900E+02  6.4996E+00  4.5192E-01
  1.5000E+02  6.3541E+00  4.2929E-01
  1.5000E+02  6.3541E+00  4.2929E-01
  1.5000E+02  6.3541E+00  4.2929E-01
  1.5000E+02  6.3541E+00  4.2929E-01
  1.5000E+02  6.3541E+00  4.2929E-01
  1.5000E+02  6.3541E+00  4.2929E-01
  1.5100E+02  4.1630E+00  6.4266E-03
  1.5100E+02  4.1630E+00  6.4266E-03
  1.5100E+02  4.1630E+00  6.4266E-03
  1.5100E+02  4.1630E+00  6.4266E-03
  1.5100E+02  4.1630E+00  6.4266E-03
  1.5100E+02  4.1630E+00  6.4266E-03
  1.5200E+02  1.8278E+00 -8.1669E-01
  1.5200E+02  1.8278E+00 -8.1669E-01
  1.5200E+02  1.8278E+00 -8.1669E-01
  1.5200E+02  1.8278E+00 -8.1669E-01
  1.5200E+02  1.8278E+00 -8.1669E-01
  1.5200E+02  1.8278E+00 -8.1669E-01
  1.5300E+02  7.6600E+00  6.1620E-01
  1.5300E+02  7.6600E+00  6.1620E-01
  1.5300E+02  7.6600E+00  6.1620E-01
  1.5300E+02  7.6600E+00  6.1620E-01
  1.5300E+02  7.6600E+00  6.1620E-01
  1.5300E+02  7.6600E+00  6.1620E-01
  1.5400E+02  9.2464E+00  8.0443E-01
  1.5400E+02  9.2464E+00  8.0443E-01
  1.5400E+02  9.2464E+00  8.0443E-01
  1.5400E+02  9.2464E+00  8.0443E-01
  1.5400E+02  9.2464E+00  8.0443E-01
  1.5400E+02  9.2464E+00  8.0443E-01
  1.5500E+02  1.0394E+01  9.2141E-01
  1.5500E+02  1.0394E+01  9.2141E-01
  1.5500E+02  1.0394E+01  9.2141E-01
  1.5500E+02  1.0394E+01  9.2141E-01
  1.5500E+02  1.0394E+01  9.2141E-01
  1.5500E+02  1.0394E+01  9.2141E-01
  1.5600E+02  6.2086E+00  4.0612E-01
  1.5600E+02  6.2086E+00  4.0612E-01
  1.5600E+02  6.2086E+00  4.0612E-01
  1.5600E+02  6.2086E+00  4.0612E-01
  1.5600E+02  6.2086E+00  4.0612E-01
  1.5600E+02  6.2086E+00  4.0612E-01
  1.5700E+02  3.9870E+01  2.2658E+00
  1.5700E+02  3.9870E+01  2.2658E+00
  1.5700E+02  3.9870E+01  2.2658E+00
  1.5700E+02  3.9870E+01  2.2658E+00
  1.5700E+02  3.9870E+01  2.2658E+00
  1.5700E+02  3.9870E+01  2.2658E+00
  1.5800E+02  6.3541E+00  4.2929E-01
  1.5800E+02  6.3541E+00  4.2929E-01
  1.5800E+02  6.3541E+00  4.2929E-01
  1.5800E+02  6.3541E+00  4.2929E-01
  1.5800E+02  6.3541E+00  4.2929E-01
  1.5800E+02  6.3541E+00  4.2929E-01
  1.5900E+02  2.6983E+00 -4.2719E-01
  1.5900E+02  2.6983E+00 -4.2719E-01
  1.5900E+02  2.6983E+00 -4.2719E-01
  1.5900E+02  2.6983E+00 -4.2719E-01
  1.5900E+02  2.6983E+00 -4.2719E-01
  1.5900E+02  2.6983E+00 -4.2719E-01
  1.6000E+02  2.5524E+00 -4.8279E-01
  1.6000E+02  2.5524E+00 -4.8279E-01
  1.6000E+02  2.5524E+00 -4.8279E-01
  1.6000E+02  2.5524E+00 -4.8279E-01
  1.6000E+02  2.5524E+00 -4.8279E-01
  1.6000E+02  2.5524E+00 -4.8279E-01
  1.6100E+02  1.8278E+00 -8.1669E-01
  1.6100E+02  1.8278E+00 -8.1669E-01
  1.6100E+02  1.8278E+00 -8.1669E-01
  1.6100E+02  1.8278E+00 -8.1669E-01
  1.6100E+02  1.8278E+00 -8.1669E-01
  1.6100E+02  1.8278E+00 -8.1669E-01
  1.6200E+02  1.6846E+00 -8.9828E-01
  1.6200E+02  1.6846E+00 -8.9828E-01
  1.6200E+02  1.6846E+00 -8.9828E-01
  1.6200E+02  1.6846E+00 -8.9828E-01
  1.6200E+02  1.6846E+00 -8.9828E-01
  1.6200E+02  1.6846E+00 -8.9828E-01
  1.6300E+02  2.5524E+00 -4.8279E-01
  1.6300E+02  2.5524E+00 -4.8279E-01
  1.6300E+02  2.5524E+00 -4.8279E-01
  1.6300E+02  2.5524E+00 -4.8279E-01
  1.6300E+02  2.5524E+00 -4.8279E-01
  1.6300E+02  2.5524E+00 -4.8279E-01
  1.6400E+02  8.0937E+00  6.7127E-01
  1.6400E+02  8.0937E+00  6.7127E-01
  1.6400E+02  8.0937E+00  6.7127E-01
  1.6400E+02  8.0937E+00  6.7127E-01
  1.6400E+02  8.0937E+00  6.7127E-01
  1.6400E+02  8.0937E+00  6.7127E-01
  1.6500E+02  1.1236E+00 -1.3033E+00
  1.6500E+02  1.1236E+00 -1.3033E+00
  1.6500E+02  1.1236E+00 -1.3033E+00
  1.6500E+02  1.1236E+00 -1.3033E+00
  1.6500E+02  1.1236E+00 -1.3033E+00
  1.6500E+02  1.1236E+00 -1.3033E+00
  1.6600E+02  5.9173E+00  3.5806E-01
  1.6600E+02  5.9173E+00  3.5806E-01
  1.6600E+02  5.9173E+00  3.5806E-01
  1.6600E+02  5.9173E+00  3.5806E-01
  1.6600E+02  5.9173E+00  3.5806E-01
  1.6600E+02  5.9173E+00  3.5806E-01
  1.6700E+02  4.3095E+00  4.1017E-02
  1.6700E+02  4.3095E+00  4.1017E-02
  1.6700E+02  4.3095E+00  4.1017E-02
  1.6700E+02  4.3095E+00  4.1017E-02
  1.6700E+02  4.3095E+00  4.1017E-02
  1.6700E+02  4.3095E+00  4.1017E-02
  1.6800E+02  4.1630E+00  6.4266E-03
  1.6800E+02  4.1630E+00  6.4266E-03
  1.6800E+02  4.1630E+00  6.4266E-03
  1.6800E+02  4.1630E+00  6.4266E-03
  1.6800E+02  4.1630E+00  6.4266E-03
  1.6800E+02  4.1630E+00  6.4266E-03
  1.6900E+02  5.9173E+00  3.5806E-01
  1.6900E+02  5.9173E+00  3.5806E-01
  1.6900E+02  5.9173E+00  3.5806E-01
  1.6900E+02  5.9173E+00  3.5806E-01
  1.6900E+02  5.9173E+00  3.5806E-01
  1.6900E+02  5.9173E+00  3.5806E-01
  1.7000E+02  1.2615E+00 -1.1875E+00
  1.7000E+02  1.2615E+00 -1.1875E+00
  1.7000E+02  1.2615E+00 -1.1875E+00
  1.7000E+02  1.2615E+00 -1.1875E+00
  1.7000E+02  1.2615E+00 -1.1875E+00
  1.7000E+02  1.2615E+00 -1.1875E+00
  1.7100E+02  1.6846E+00 -8.9828E-01
  1.7100E+02  1.6846E+00 -8.9828E-01
  1.7100E+02  1.6846E+00 -8.9828E-01
  1.7100E+02  1.6846E+00 -8.9828E-01
  1.7100E+02  1.6846E+00 -8.9828E-01
  1.7100E+02  1.6846E+00 -8.9828E-01
  1.7200E+02  9.2464E+00  8.0443E-01
  1.7200E+02  9.2464E+00  8.0443E-01
  1.7200E+02  9.2464E+00  8.0443E-01
  1.7200E+02  9.2464E+00  8.0443E-01
  1.7200E+02  9.2464E+00  8.0443E-01
  1.7200E+02  9.2464E+00  8.0443E-01
  1.7300E+02  2.5524E+00 -4.8279E-01
  1.7300E+02  2.5524E+00 -4.8279E-01
  1.7300E+02  2.5524E+00 -4.8279E-01
  1.7300E+02  2.5524E+00 -4.8279E-01
  1.7300E+02  2.5524E+00 -4.8279E-01
  1.7300E+02  2.5524E+00 -4.8279E-01
  1.7400E+02  1.8278E+00 -8.1669E-01
  1.7400E+02  1.8278E+00 -8.1669E-01
  1.7400E+02  1.8278E+00 -8.1669E-01
  1.7400E+02  1.8278E+00 -8.1669E-01
  1.7400E+02  1.8278E+00 -8.1669E-01
  1.7400E+02  1.8278E+00 -8.1669E-01
  1.7500E+02  4.3095E+00  4.1017E-02
  1.7500E+02  4.3095E+00  4.1017E-02
  1.7500E+02  4.3095E+00  4.1017E-02
  1.7500E+02  4.3095E+00  4.1017E-02
  1.7500E+02  4.3095E+00  4.1017E-02
  1.7500E+02  4.3095E+00  4.1017E-02
  1.7600E+02  6.7902E+00  4.9567E-01
  1.7600E+02  6.7902E+00  4.9567E-01
  1.7600E+02  6.7902E+00  4.9567E-01
  1.7600E+02  6.7902E+00  4.9567E-01
  1.7600E+02  6.7902E+00  4.9567E-01
  1.7600E+02  6.7902E+00  4.9567E-01
  1.7700E+02  1.9717E+00 -7.4089E-01
  1.7700E+02  1.9717E+00 -7.4089E-01
  1.7700E+02  1.9717E+00 -7.4089E-01
  1.7700E+02  1.9717E+00 -7.4089E-01
  1.7700E+02  1.9717E+00 -7.4089E-01
  1.7700E+02  1.9717E+00 -7.4089E-01
  1.7800E+02  2.2613E+00 -6.0388E-01
  1.7800E+02  2.2613E+00 -6.0388E-01
  1.7800E+02  2.2613E+00 -6.0388E-01
  1.7800E+02  2.2613E+00 -6.0388E-01
  1.7800E+02  2.2613E+00 -6.0388E-01
  1.7800E+02  2.2613E+00 -6.0388E-01
  1.7900E+02  1.4012E+00 -1.0825E+00
  1.7900E+02  1.4012E+00 -1.0825E+00
  1.7900E+02  1.4012E+00 -1.0825E+00
  1.7900E+02  1.4012E+00 -1.0825E+00
  1.7900E+02  1.4012E+00 -1.0825E+00
  1.7900E+02  1.4012E+00 -1.0825E+00
  1.8000E+02  4.4560E+00  7.4441E-02
  1.8000E+02  4.4560E+00  7.4441E-02
  1.8000E+02  4.4560E+00  7.4441E-02
  1.8000E+02  4.4560E+00  7.4441E-02
  1.8000E+02  4.4560E+00  7.4441E-02
  1.8000E+02  4.4560E+00  7.4441E-02
  1.8100E+02  2.6983E+00 -4.2719E-01
  1.8100E+02  2.6983E+00 -4.2719E-01
  1.8100E+02  2.6983E+00 -4.2719E-01
  1.8100E+02  2.6983E+00 -4.2719E-01
  1.8100E+02  2.6983E+00 -4.2719E-01
  1.8100E+02  2.6983E+00 -4.2719E-01
  1.8200E+02  1.1236E+00 -1.3033E+00
  1.8200E+02  1.1236E+00 -1.3033E+00
  1.8200E+02  1.1236E+00 -1.3033E+00
  1.8200E+02  1.1236E+00 -1.3033E+00
  1.8200E+02  1.1236E+00 -1.3033E+00
  1.8200E+02  1.1236E+00 -1.3033E+00
  1.8300E+02  3.8699E+00 -6.6588E-02
  1.8300E+02  3.8699E+00 -6.6588E-02
  1.8300E+02  3.8699E+00 -6.6588E-02
  1.8300E+02  3.8699E+00 -6.6588E-02
  1.8300E+02  3.8699E+00 -6.6588E-02
  1.8300E+02  3.8699E+00 -6.6588E-02
  1.8400E+02  2.6983E+00 -4.2719E-01
  1.8400E+02  2.6983E+00 -4.2719E-01
  1.8400E+02  2.6983E+00 -4.2719E-01
  1.8400E+02  2.6983E+00 -4.2719E-01
  1.8400E+02  2.6983E+00 -4.2719E-01
  1.8400E+02  2.6983E+00 -4.2719E-01
  1.8500E+02  3.1371E+00 -2.7651E-01
  1.8500E+02  3.1371E+00 -2.7651E-01
  1.8500E+02  3.1371E+00 -2.7651E-01
  1.8500E+02  3.1371E+00 -2.7651E-01
  1.8500E+02  3.1371E+00 -2.7651E-01
  1.8500E+02  3.1371E+00 -2.7651E-01
  1.8600E+02  7.2656E-01 -1.7392E+00
  1.8600E+02  7.2656E-01 -1.7392E+00
  1.8600E+02  7.2656E-01 -1.7392E+00
  1.8600E+02  7.2656E-01 -1.7392E+00
  1.8600E+02  7.2656E-01 -1.7392E+00
  1.8600E+02  7.2656E-01 -1.7392E+00
  1.8700E+02  2.8444E+00 -3.7444E-01
  1.8700E+02  2.8444E+00 -3.7444E-01
  1.8700E+02  2.8444E+00 -3.7444E-01
  1.8700E+02  2.8444E+00 -3.7444E-01
  1.8700E+02  2.8444E+00 -3.7444E-01
  1.8700E+02  2.8444E+00 -3.7444E-01
  1.8800E+02  5.1875E+00  2.2645E-01
  1.8800E+02  5.1875E+00  2.2645E-01
  1.8800E+02  5.1875E+00  2.2645E-01
  1.8800E+02  5.1875E+00  2.2645E-01
  1.8800E+02  5.1875E+00  2.2645E-01
  1.8800E+02  5.1875E+00  2.2645E-01
  1.8900E+02  2.1163E+00 -6.7015E-01
  1.8900E+02  2.1163E+00 -6.7015E-01
  1.8900E+02  2.1163E+00 -6.7015E-01
  1.8900E+02  2.1163E+00 -6.7015E-01
  1.8900E+02  2.1163E+00 -6.7015E-01
  1.8900E+02  2.1163E+00 -6.7015E-01
  1.9000E+02  4.1630E+00  6.4266E-03
  1.9000E+02  4.1630E+00  6.4266E-03
  1.9000E+02  4.1630E+00  6.4266E-03
  1.9000E+02  4.1630E+00  6.4266E-03
  1.9000E+02  4.1630E+00  6.4266E-03
  1.9000E+02  4.1630E+00  6.4266E-03
  1.9100E+02  3.0552E+01  1.9996E+00
  1.9100E+02  3.0552E+01  1.9996E+00
  1.9100E+02  3.0552E+01  1.9996E+00
  1.9100E+02  3.0552E+01  1.9996E+00
  1.9100E+02  3.0552E+01  1.9996E+00
  1.9100E+02  3.0552E+01  1.9996E+00
  1.9200E+02  1.6846E+00 -8.9828E-01
  1.9200E+02  1.6846E+00 -8.9828E-01
  1.9200E+02  1.6846E+00 -8.9828E-01
  1.9200E+02  1.6846E+00 -8.9828E-01
  1.9200E+02  1.6846E+00 -8.9828E-01
  1.9200E+02  1.6846E+00 -8.9828E-01
  1.9300E+02  8.6707E+00  7.4014E-01
  1.9300E+02  8.6707E+00  7.4014E-01
  1.9300E+02  8.6707E+00  7.4014E-01
  1.9300E+02  8.6707E+00  7.4014E-01
  1.9300E+02  8.6707E+00  7.4014E-01
  1.9300E+02  8.6707E+00  7.4014E-01
  1.9400E+02  3.5767E+00 -1.4537E-01
  1.9400E+02  3.5767E+00 -1.4537E-01
  1.9400E+02  3.5767E+00 -1.4537E-01
  1.9400E+02  3.5767E+00 -1.4537E-01
  1.9400E+02  3.5767E+00 -1.4537E-01
  1.9400E+02  3.5767E+00 -1.4537E-01
  1.9500E+02  1.1251E+01  1.0007E+00
  1.9500E+02  1.1251E+01  1.0007E+00
  1.9500E+02  1.1251E+01  1.0007E+00
  1.9500E+02  1.1251E+01  1.0007E+00
  1.9500E+02  1.1251E+01  1.0007E+00
  1.9500E+02  1.1251E+01  1.0007E+00
  1.9600E+02  7.9492E+00  6.5326E-01
  1.9600E+02  7.9492E+00  6.5326E-01
  1.9600E+02  7.9492E+00  6.5326E-01
  1.9600E+02  7.9492E+00  6.5326E-01
  1.9600E+02  7.9492E+00  6.5326E-01
  1.9600E+02  7.9492E+00  6.5326E-01
  1.9700E+02  7.3704E+00  5.7766E-01
  1.9700E+02  7.3704E+00  5.7766E-01
  1.9700E+02  7.3704E+00  5.7766E-01
  1.9700E+02  7.3704E+00  5.7766E-01
  1.9700E+02  7.3704E+00  5.7766E-01
  1.9700E+02  7.3704E+00  5.7766E-01
  1.9800E+02  4.1630E+00  6.4266E-03
  1.9800E+02  4.1630E+00  6.4266E-03
  1.9800E+02  4.1630E+00  6.4266E-03
  1.9800E+02  4.1630E+00  6.4266E-03
  1.9800E+02  4.1630E+00  6.4266E-03
  1.9800E+02  4.1630E+00  6.4266E-03
  1.9900E+02  4.0165E+00 -2.9412E-02
  1.9900E+02  4.0165E+00 -2.9412E-02
  1.9900E+02  4.0165E+00 -2.9412E-02
  1.9900E+02  4.0165E+00 -2.9412E-02
  1.9900E+02  4.0165E+00 -2.9412E-02
  1.9900E+02  4.0165E+00 -2.9412E-02
  2.0000E+02  2.5524E+00 -4.8279E-01
  2.0000E+02  2.5524E+00 -4.8279E-01
  2.0000E+02  2.5524E+00 -4.8279E-01
  2.0000E+02  2.5524E+00 -4.8279E-01
  2.0000E+02  2.5524E+00 -4.8279E-01
  2.0000E+02  2.5524E+00 -4.8279E-01
