TABLE NO.  2
 ID          CL          V           ETA1        ETA2
  1.0000E+00  5.5902E-03  1.3687E+00 -1.4397E-01 -3.8003E-02
  1.0000E+00  5.5902E-03  1.3687E+00 -1.4397E-01 -3.8003E-02
  1.0000E+00  5.5902E-03  1.3687E+00 -1.4397E-01 -3.8003E-02
  1.0000E+00  5.5902E-03  1.3687E+00 -1.4397E-01 -3.8003E-02
  1.0000E+00  5.5902E-03  1.3687E+00 -1.4397E-01 -3.8003E-02
  1.0000E+00  5.5902E-03  1.3687E+00 -1.4397E-01 -3.8003E-02
  1.0000E+00  5.5902E-03  1.3687E+00 -1.4397E-01 -3.8003E-02
  1.0000E+00  5.5902E-03  1.3687E+00 -1.4397E-01 -3.8003E-02
  1.0000E+00  5.5902E-03  1.3687E+00 -1.4397E-01 -3.8003E-02
  1.0000E+00  5.5902E-03  1.3687E+00 -1.4397E-01 -3.8003E-02
  1.0000E+00  5.5902E-03  1.3687E+00 -1.4397E-01 -3.8003E-02
  1.0000E+00  5.5902E-03  1.3687E+00 -1.4397E-01 -3.8003E-02
  1.0000E+00  5.5902E-03  1.3687E+00 -1.4397E-01 -3.8003E-02
  2.0000E+00  4.8938E-03  1.2298E+00 -2.7702E-01 -1.4498E-01
  2.0000E+00  4.8938E-03  1.2298E+00 -2.7702E-01 -1.4498E-01
  2.0000E+00  4.8938E-03  1.2298E+00 -2.7702E-01 -1.4498E-01
  2.0000E+00  4.8938E-03  1.2298E+00 -2.7702E-01 -1.4498E-01
  2.0000E+00  4.8938E-03  1.2298E+00 -2.7702E-01 -1.4498E-01
  2.0000E+00  4.8938E-03  1.2298E+00 -2.7702E-01 -1.4498E-01
  2.0000E+00  4.8938E-03  1.2298E+00 -2.7702E-01 -1.4498E-01
  2.0000E+00  4.8938E-03  1.2298E+00 -2.7702E-01 -1.4498E-01
  2.0000E+00  4.8938E-03  1.2298E+00 -2.7702E-01 -1.4498E-01
  2.0000E+00  4.8938E-03  1.2298E+00 -2.7702E-01 -1.4498E-01
  2.0000E+00  4.8938E-03  1.2298E+00 -2.7702E-01 -1.4498E-01
  2.0000E+00  4.8938E-03  1.2298E+00 -2.7702E-01 -1.4498E-01
  2.0000E+00  4.8938E-03  1.2298E+00 -2.7702E-01 -1.4498E-01
  2.0000E+00  4.8938E-03  1.2298E+00 -2.7702E-01 -1.4498E-01
  2.0000E+00  4.8938E-03  1.2298E+00 -2.7702E-01 -1.4498E-01
  2.0000E+00  4.8938E-03  1.2298E+00 -2.7702E-01 -1.4498E-01
  3.0000E+00  9.0741E-03  1.6809E+00  3.4044E-01  1.6751E-01
  3.0000E+00  9.0741E-03  1.6809E+00  3.4044E-01  1.6751E-01
  3.0000E+00  9.0741E-03  1.6809E+00  3.4044E-01  1.6751E-01
  3.0000E+00  9.0741E-03  1.6809E+00  3.4044E-01  1.6751E-01
  3.0000E+00  9.0741E-03  1.6809E+00  3.4044E-01  1.6751E-01
  3.0000E+00  9.0741E-03  1.6809E+00  3.4044E-01  1.6751E-01
  3.0000E+00  9.0741E-03  1.6809E+00  3.4044E-01  1.6751E-01
  3.0000E+00  9.0741E-03  1.6809E+00  3.4044E-01  1.6751E-01
  3.0000E+00  9.0741E-03  1.6809E+00  3.4044E-01  1.6751E-01
  3.0000E+00  9.0741E-03  1.6809E+00  3.4044E-01  1.6751E-01
  3.0000E+00  9.0741E-03  1.6809E+00  3.4044E-01  1.6751E-01
  3.0000E+00  9.0741E-03  1.6809E+00  3.4044E-01  1.6751E-01
  3.0000E+00  9.0741E-03  1.6809E+00  3.4044E-01  1.6751E-01
  3.0000E+00  9.0741E-03  1.6809E+00  3.4044E-01  1.6751E-01
  3.0000E+00  9.0741E-03  1.6809E+00  3.4044E-01  1.6751E-01
  3.0000E+00  9.0741E-03  1.6809E+00  3.4044E-01  1.6751E-01
  4.0000E+00  3.9085E-03  9.1427E-01 -5.0185E-01 -4.4146E-01
  4.0000E+00  3.9085E-03  9.1427E-01 -5.0185E-01 -4.4146E-01
  4.0000E+00  3.9085E-03  9.1427E-01 -5.0185E-01 -4.4146E-01
  4.0000E+00  3.9085E-03  9.1427E-01 -5.0185E-01 -4.4146E-01
  4.0000E+00  3.9085E-03  9.1427E-01 -5.0185E-01 -4.4146E-01
  4.0000E+00  3.9085E-03  9.1427E-01 -5.0185E-01 -4.4146E-01
  4.0000E+00  3.9085E-03  9.1427E-01 -5.0185E-01 -4.4146E-01
  4.0000E+00  3.9085E-03  9.1427E-01 -5.0185E-01 -4.4146E-01
  4.0000E+00  3.9085E-03  9.1427E-01 -5.0185E-01 -4.4146E-01
  4.0000E+00  3.9085E-03  9.1427E-01 -5.0185E-01 -4.4146E-01
  4.0000E+00  3.9085E-03  9.1427E-01 -5.0185E-01 -4.4146E-01
  4.0000E+00  3.9085E-03  9.1427E-01 -5.0185E-01 -4.4146E-01
  4.0000E+00  3.9085E-03  9.1427E-01 -5.0185E-01 -4.4146E-01
  4.0000E+00  3.9085E-03  9.1427E-01 -5.0185E-01 -4.4146E-01
  4.0000E+00  3.9085E-03  9.1427E-01 -5.0185E-01 -4.4146E-01
  5.0000E+00  9.0815E-03  1.8454E+00  3.4125E-01  2.6088E-01
  5.0000E+00  9.0815E-03  1.8454E+00  3.4125E-01  2.6088E-01
  5.0000E+00  9.0815E-03  1.8454E+00  3.4125E-01  2.6088E-01
  5.0000E+00  9.0815E-03  1.8454E+00  3.4125E-01  2.6088E-01
  5.0000E+00  9.0815E-03  1.8454E+00  3.4125E-01  2.6088E-01
  5.0000E+00  9.0815E-03  1.8454E+00  3.4125E-01  2.6088E-01
  5.0000E+00  9.0815E-03  1.8454E+00  3.4125E-01  2.6088E-01
  5.0000E+00  9.0815E-03  1.8454E+00  3.4125E-01  2.6088E-01
  5.0000E+00  9.0815E-03  1.8454E+00  3.4125E-01  2.6088E-01
  5.0000E+00  9.0815E-03  1.8454E+00  3.4125E-01  2.6088E-01
  5.0000E+00  9.0815E-03  1.8454E+00  3.4125E-01  2.6088E-01
  5.0000E+00  9.0815E-03  1.8454E+00  3.4125E-01  2.6088E-01
  5.0000E+00  9.0815E-03  1.8454E+00  3.4125E-01  2.6088E-01
  5.0000E+00  9.0815E-03  1.8454E+00  3.4125E-01  2.6088E-01
  5.0000E+00  9.0815E-03  1.8454E+00  3.4125E-01  2.6088E-01
  6.0000E+00  5.0089E-03  1.3527E+00 -2.5377E-01 -4.9698E-02
  6.0000E+00  5.0089E-03  1.3527E+00 -2.5377E-01 -4.9698E-02
  6.0000E+00  5.0089E-03  1.3527E+00 -2.5377E-01 -4.9698E-02
  6.0000E+00  5.0089E-03  1.3527E+00 -2.5377E-01 -4.9698E-02
  6.0000E+00  5.0089E-03  1.3527E+00 -2.5377E-01 -4.9698E-02
  6.0000E+00  5.0089E-03  1.3527E+00 -2.5377E-01 -4.9698E-02
  6.0000E+00  5.0089E-03  1.3527E+00 -2.5377E-01 -4.9698E-02
  6.0000E+00  5.0089E-03  1.3527E+00 -2.5377E-01 -4.9698E-02
  6.0000E+00  5.0089E-03  1.3527E+00 -2.5377E-01 -4.9698E-02
  6.0000E+00  5.0089E-03  1.3527E+00 -2.5377E-01 -4.9698E-02
  6.0000E+00  5.0089E-03  1.3527E+00 -2.5377E-01 -4.9698E-02
  6.0000E+00  5.0089E-03  1.3527E+00 -2.5377E-01 -4.9698E-02
  6.0000E+00  5.0089E-03  1.3527E+00 -2.5377E-01 -4.9698E-02
  6.0000E+00  5.0089E-03  1.3527E+00 -2.5377E-01 -4.9698E-02
  6.0000E+00  5.0089E-03  1.3527E+00 -2.5377E-01 -4.9698E-02
  6.0000E+00  5.0089E-03  1.3527E+00 -2.5377E-01 -4.9698E-02
  7.0000E+00  5.0606E-03  1.0546E+00 -2.4350E-01 -2.9865E-01
  7.0000E+00  5.0606E-03  1.0546E+00 -2.4350E-01 -2.9865E-01
  7.0000E+00  5.0606E-03  1.0546E+00 -2.4350E-01 -2.9865E-01
  7.0000E+00  5.0606E-03  1.0546E+00 -2.4350E-01 -2.9865E-01
  7.0000E+00  5.0606E-03  1.0546E+00 -2.4350E-01 -2.9865E-01
  7.0000E+00  5.0606E-03  1.0546E+00 -2.4350E-01 -2.9865E-01
  7.0000E+00  5.0606E-03  1.0546E+00 -2.4350E-01 -2.9865E-01
  7.0000E+00  5.0606E-03  1.0546E+00 -2.4350E-01 -2.9865E-01
  7.0000E+00  5.0606E-03  1.0546E+00 -2.4350E-01 -2.9865E-01
  7.0000E+00  5.0606E-03  1.0546E+00 -2.4350E-01 -2.9865E-01
  7.0000E+00  5.0606E-03  1.0546E+00 -2.4350E-01 -2.9865E-01
  7.0000E+00  5.0606E-03  1.0546E+00 -2.4350E-01 -2.9865E-01
  7.0000E+00  5.0606E-03  1.0546E+00 -2.4350E-01 -2.9865E-01
  7.0000E+00  5.0606E-03  1.0546E+00 -2.4350E-01 -2.9865E-01
  7.0000E+00  5.0606E-03  1.0546E+00 -2.4350E-01 -2.9865E-01
  7.0000E+00  5.0606E-03  1.0546E+00 -2.4350E-01 -2.9865E-01
  7.0000E+00  5.0606E-03  1.0546E+00 -2.4350E-01 -2.9865E-01
  8.0000E+00  5.3364E-03  9.4661E-01 -1.9043E-01 -4.0670E-01
  8.0000E+00  5.3364E-03  9.4661E-01 -1.9043E-01 -4.0670E-01
  8.0000E+00  5.3364E-03  9.4661E-01 -1.9043E-01 -4.0670E-01
  8.0000E+00  5.3364E-03  9.4661E-01 -1.9043E-01 -4.0670E-01
  8.0000E+00  5.3364E-03  9.4661E-01 -1.9043E-01 -4.0670E-01
  8.0000E+00  5.3364E-03  9.4661E-01 -1.9043E-01 -4.0670E-01
  8.0000E+00  5.3364E-03  9.4661E-01 -1.9043E-01 -4.0670E-01
  8.0000E+00  5.3364E-03  9.4661E-01 -1.9043E-01 -4.0670E-01
  8.0000E+00  5.3364E-03  9.4661E-01 -1.9043E-01 -4.0670E-01
  8.0000E+00  5.3364E-03  9.4661E-01 -1.9043E-01 -4.0670E-01
  8.0000E+00  5.3364E-03  9.4661E-01 -1.9043E-01 -4.0670E-01
  8.0000E+00  5.3364E-03  9.4661E-01 -1.9043E-01 -4.0670E-01
  8.0000E+00  5.3364E-03  9.4661E-01 -1.9043E-01 -4.0670E-01
  8.0000E+00  5.3364E-03  9.4661E-01 -1.9043E-01 -4.0670E-01
  8.0000E+00  5.3364E-03  9.4661E-01 -1.9043E-01 -4.0670E-01
  8.0000E+00  5.3364E-03  9.4661E-01 -1.9043E-01 -4.0670E-01
  8.0000E+00  5.3364E-03  9.4661E-01 -1.9043E-01 -4.0670E-01
  9.0000E+00  4.8137E-03  1.2291E+00 -2.9352E-01 -1.4554E-01
  9.0000E+00  4.8137E-03  1.2291E+00 -2.9352E-01 -1.4554E-01
  9.0000E+00  4.8137E-03  1.2291E+00 -2.9352E-01 -1.4554E-01
  9.0000E+00  4.8137E-03  1.2291E+00 -2.9352E-01 -1.4554E-01
  9.0000E+00  4.8137E-03  1.2291E+00 -2.9352E-01 -1.4554E-01
  9.0000E+00  4.8137E-03  1.2291E+00 -2.9352E-01 -1.4554E-01
  9.0000E+00  4.8137E-03  1.2291E+00 -2.9352E-01 -1.4554E-01
  9.0000E+00  4.8137E-03  1.2291E+00 -2.9352E-01 -1.4554E-01
  9.0000E+00  4.8137E-03  1.2291E+00 -2.9352E-01 -1.4554E-01
  9.0000E+00  4.8137E-03  1.2291E+00 -2.9352E-01 -1.4554E-01
  9.0000E+00  4.8137E-03  1.2291E+00 -2.9352E-01 -1.4554E-01
  9.0000E+00  4.8137E-03  1.2291E+00 -2.9352E-01 -1.4554E-01
  9.0000E+00  4.8137E-03  1.2291E+00 -2.9352E-01 -1.4554E-01
  9.0000E+00  4.8137E-03  1.2291E+00 -2.9352E-01 -1.4554E-01
  9.0000E+00  4.8137E-03  1.2291E+00 -2.9352E-01 -1.4554E-01
  9.0000E+00  4.8137E-03  1.2291E+00 -2.9352E-01 -1.4554E-01
  9.0000E+00  4.8137E-03  1.2291E+00 -2.9352E-01 -1.4554E-01
  9.0000E+00  4.8137E-03  1.2291E+00 -2.9352E-01 -1.4554E-01
  1.0000E+01  6.4189E-03  1.3986E+00 -5.7408E-03 -1.6348E-02
  1.0000E+01  6.4189E-03  1.3986E+00 -5.7408E-03 -1.6348E-02
  1.0000E+01  6.4189E-03  1.3986E+00 -5.7408E-03 -1.6348E-02
  1.0000E+01  6.4189E-03  1.3986E+00 -5.7408E-03 -1.6348E-02
  1.0000E+01  6.4189E-03  1.3986E+00 -5.7408E-03 -1.6348E-02
  1.0000E+01  6.4189E-03  1.3986E+00 -5.7408E-03 -1.6348E-02
  1.0000E+01  6.4189E-03  1.3986E+00 -5.7408E-03 -1.6348E-02
  1.0000E+01  6.4189E-03  1.3986E+00 -5.7408E-03 -1.6348E-02
  1.0000E+01  6.4189E-03  1.3986E+00 -5.7408E-03 -1.6348E-02
  1.0000E+01  6.4189E-03  1.3986E+00 -5.7408E-03 -1.6348E-02
  1.0000E+01  6.4189E-03  1.3986E+00 -5.7408E-03 -1.6348E-02
  1.0000E+01  6.4189E-03  1.3986E+00 -5.7408E-03 -1.6348E-02
  1.0000E+01  6.4189E-03  1.3986E+00 -5.7408E-03 -1.6348E-02
  1.0000E+01  6.4189E-03  1.3986E+00 -5.7408E-03 -1.6348E-02
  1.0000E+01  6.4189E-03  1.3986E+00 -5.7408E-03 -1.6348E-02
  1.0000E+01  6.4189E-03  1.3986E+00 -5.7408E-03 -1.6348E-02
  1.1000E+01  8.6898E-03  1.8646E+00  2.9716E-01  2.7123E-01
  1.1000E+01  8.6898E-03  1.8646E+00  2.9716E-01  2.7123E-01
  1.1000E+01  8.6898E-03  1.8646E+00  2.9716E-01  2.7123E-01
  1.1000E+01  8.6898E-03  1.8646E+00  2.9716E-01  2.7123E-01
  1.1000E+01  8.6898E-03  1.8646E+00  2.9716E-01  2.7123E-01
  1.1000E+01  8.6898E-03  1.8646E+00  2.9716E-01  2.7123E-01
  1.1000E+01  8.6898E-03  1.8646E+00  2.9716E-01  2.7123E-01
  1.2000E+01  5.6578E-03  1.3551E+00 -1.3195E-01 -4.7934E-02
  1.2000E+01  5.6578E-03  1.3551E+00 -1.3195E-01 -4.7934E-02
  1.2000E+01  5.6578E-03  1.3551E+00 -1.3195E-01 -4.7934E-02
  1.2000E+01  5.6578E-03  1.3551E+00 -1.3195E-01 -4.7934E-02
  1.2000E+01  5.6578E-03  1.3551E+00 -1.3195E-01 -4.7934E-02
  1.2000E+01  5.6578E-03  1.3551E+00 -1.3195E-01 -4.7934E-02
  1.2000E+01  5.6578E-03  1.3551E+00 -1.3195E-01 -4.7934E-02
  1.2000E+01  5.6578E-03  1.3551E+00 -1.3195E-01 -4.7934E-02
  1.2000E+01  5.6578E-03  1.3551E+00 -1.3195E-01 -4.7934E-02
  1.2000E+01  5.6578E-03  1.3551E+00 -1.3195E-01 -4.7934E-02
  1.2000E+01  5.6578E-03  1.3551E+00 -1.3195E-01 -4.7934E-02
  1.2000E+01  5.6578E-03  1.3551E+00 -1.3195E-01 -4.7934E-02
  1.2000E+01  5.6578E-03  1.3551E+00 -1.3195E-01 -4.7934E-02
  1.2000E+01  5.6578E-03  1.3551E+00 -1.3195E-01 -4.7934E-02
  1.2000E+01  5.6578E-03  1.3551E+00 -1.3195E-01 -4.7934E-02
  1.2000E+01  5.6578E-03  1.3551E+00 -1.3195E-01 -4.7934E-02
  1.2000E+01  5.6578E-03  1.3551E+00 -1.3195E-01 -4.7934E-02
  1.3000E+01  4.0303E-03  9.2578E-01 -4.7116E-01 -4.2896E-01
  1.3000E+01  4.0303E-03  9.2578E-01 -4.7116E-01 -4.2896E-01
  1.3000E+01  4.0303E-03  9.2578E-01 -4.7116E-01 -4.2896E-01
  1.3000E+01  4.0303E-03  9.2578E-01 -4.7116E-01 -4.2896E-01
  1.3000E+01  4.0303E-03  9.2578E-01 -4.7116E-01 -4.2896E-01
  1.3000E+01  4.0303E-03  9.2578E-01 -4.7116E-01 -4.2896E-01
  1.3000E+01  4.0303E-03  9.2578E-01 -4.7116E-01 -4.2896E-01
  1.3000E+01  4.0303E-03  9.2578E-01 -4.7116E-01 -4.2896E-01
  1.3000E+01  4.0303E-03  9.2578E-01 -4.7116E-01 -4.2896E-01
  1.3000E+01  4.0303E-03  9.2578E-01 -4.7116E-01 -4.2896E-01
  1.3000E+01  4.0303E-03  9.2578E-01 -4.7116E-01 -4.2896E-01
  1.3000E+01  4.0303E-03  9.2578E-01 -4.7116E-01 -4.2896E-01
  1.3000E+01  4.0303E-03  9.2578E-01 -4.7116E-01 -4.2896E-01
  1.3000E+01  4.0303E-03  9.2578E-01 -4.7116E-01 -4.2896E-01
  1.3000E+01  4.0303E-03  9.2578E-01 -4.7116E-01 -4.2896E-01
  1.3000E+01  4.0303E-03  9.2578E-01 -4.7116E-01 -4.2896E-01
  1.3000E+01  4.0303E-03  9.2578E-01 -4.7116E-01 -4.2896E-01
  1.4000E+01  5.9532E-03  9.8325E-01 -8.1069E-02 -3.6872E-01
  1.4000E+01  5.9532E-03  9.8325E-01 -8.1069E-02 -3.6872E-01
  1.4000E+01  5.9532E-03  9.8325E-01 -8.1069E-02 -3.6872E-01
  1.4000E+01  5.9532E-03  9.8325E-01 -8.1069E-02 -3.6872E-01
  1.4000E+01  5.9532E-03  9.8325E-01 -8.1069E-02 -3.6872E-01
  1.4000E+01  5.9532E-03  9.8325E-01 -8.1069E-02 -3.6872E-01
  1.4000E+01  5.9532E-03  9.8325E-01 -8.1069E-02 -3.6872E-01
  1.4000E+01  5.9532E-03  9.8325E-01 -8.1069E-02 -3.6872E-01
  1.4000E+01  5.9532E-03  9.8325E-01 -8.1069E-02 -3.6872E-01
  1.4000E+01  5.9532E-03  9.8325E-01 -8.1069E-02 -3.6872E-01
  1.4000E+01  5.9532E-03  9.8325E-01 -8.1069E-02 -3.6872E-01
  1.4000E+01  5.9532E-03  9.8325E-01 -8.1069E-02 -3.6872E-01
  1.4000E+01  5.9532E-03  9.8325E-01 -8.1069E-02 -3.6872E-01
  1.4000E+01  5.9532E-03  9.8325E-01 -8.1069E-02 -3.6872E-01
  1.4000E+01  5.9532E-03  9.8325E-01 -8.1069E-02 -3.6872E-01
  1.4000E+01  5.9532E-03  9.8325E-01 -8.1069E-02 -3.6872E-01
  1.4000E+01  5.9532E-03  9.8325E-01 -8.1069E-02 -3.6872E-01
  1.4000E+01  5.9532E-03  9.8325E-01 -8.1069E-02 -3.6872E-01
  1.5000E+01  6.2311E-03  1.3833E+00 -3.5436E-02 -2.7330E-02
  1.5000E+01  6.2311E-03  1.3833E+00 -3.5436E-02 -2.7330E-02
  1.5000E+01  6.2311E-03  1.3833E+00 -3.5436E-02 -2.7330E-02
  1.5000E+01  6.2311E-03  1.3833E+00 -3.5436E-02 -2.7330E-02
  1.5000E+01  6.2311E-03  1.3833E+00 -3.5436E-02 -2.7330E-02
  1.5000E+01  6.2311E-03  1.3833E+00 -3.5436E-02 -2.7330E-02
  1.5000E+01  6.2311E-03  1.3833E+00 -3.5436E-02 -2.7330E-02
  1.5000E+01  6.2311E-03  1.3833E+00 -3.5436E-02 -2.7330E-02
  1.5000E+01  6.2311E-03  1.3833E+00 -3.5436E-02 -2.7330E-02
  1.5000E+01  6.2311E-03  1.3833E+00 -3.5436E-02 -2.7330E-02
  1.5000E+01  6.2311E-03  1.3833E+00 -3.5436E-02 -2.7330E-02
  1.5000E+01  6.2311E-03  1.3833E+00 -3.5436E-02 -2.7330E-02
  1.5000E+01  6.2311E-03  1.3833E+00 -3.5436E-02 -2.7330E-02
  1.5000E+01  6.2311E-03  1.3833E+00 -3.5436E-02 -2.7330E-02
  1.5000E+01  6.2311E-03  1.3833E+00 -3.5436E-02 -2.7330E-02
  1.6000E+01  4.3475E-03  1.2112E+00 -3.9538E-01 -1.6021E-01
  1.6000E+01  4.3475E-03  1.2112E+00 -3.9538E-01 -1.6021E-01
  1.6000E+01  4.3475E-03  1.2112E+00 -3.9538E-01 -1.6021E-01
  1.6000E+01  4.3475E-03  1.2112E+00 -3.9538E-01 -1.6021E-01
  1.6000E+01  4.3475E-03  1.2112E+00 -3.9538E-01 -1.6021E-01
  1.6000E+01  4.3475E-03  1.2112E+00 -3.9538E-01 -1.6021E-01
  1.6000E+01  4.3475E-03  1.2112E+00 -3.9538E-01 -1.6021E-01
  1.6000E+01  4.3475E-03  1.2112E+00 -3.9538E-01 -1.6021E-01
  1.6000E+01  4.3475E-03  1.2112E+00 -3.9538E-01 -1.6021E-01
  1.6000E+01  4.3475E-03  1.2112E+00 -3.9538E-01 -1.6021E-01
  1.6000E+01  4.3475E-03  1.2112E+00 -3.9538E-01 -1.6021E-01
  1.6000E+01  4.3475E-03  1.2112E+00 -3.9538E-01 -1.6021E-01
  1.6000E+01  4.3475E-03  1.2112E+00 -3.9538E-01 -1.6021E-01
  1.6000E+01  4.3475E-03  1.2112E+00 -3.9538E-01 -1.6021E-01
  1.6000E+01  4.3475E-03  1.2112E+00 -3.9538E-01 -1.6021E-01
  1.6000E+01  4.3475E-03  1.2112E+00 -3.9538E-01 -1.6021E-01
  1.6000E+01  4.3475E-03  1.2112E+00 -3.9538E-01 -1.6021E-01
  1.6000E+01  4.3475E-03  1.2112E+00 -3.9538E-01 -1.6021E-01
  1.6000E+01  4.3475E-03  1.2112E+00 -3.9538E-01 -1.6021E-01
  1.7000E+01  4.2095E-03  1.0679E+00 -4.2764E-01 -2.8618E-01
  1.7000E+01  4.2095E-03  1.0679E+00 -4.2764E-01 -2.8618E-01
  1.7000E+01  4.2095E-03  1.0679E+00 -4.2764E-01 -2.8618E-01
  1.7000E+01  4.2095E-03  1.0679E+00 -4.2764E-01 -2.8618E-01
  1.7000E+01  4.2095E-03  1.0679E+00 -4.2764E-01 -2.8618E-01
  1.7000E+01  4.2095E-03  1.0679E+00 -4.2764E-01 -2.8618E-01
  1.7000E+01  4.2095E-03  1.0679E+00 -4.2764E-01 -2.8618E-01
  1.7000E+01  4.2095E-03  1.0679E+00 -4.2764E-01 -2.8618E-01
  1.7000E+01  4.2095E-03  1.0679E+00 -4.2764E-01 -2.8618E-01
  1.7000E+01  4.2095E-03  1.0679E+00 -4.2764E-01 -2.8618E-01
  1.7000E+01  4.2095E-03  1.0679E+00 -4.2764E-01 -2.8618E-01
  1.7000E+01  4.2095E-03  1.0679E+00 -4.2764E-01 -2.8618E-01
  1.7000E+01  4.2095E-03  1.0679E+00 -4.2764E-01 -2.8618E-01
  1.7000E+01  4.2095E-03  1.0679E+00 -4.2764E-01 -2.8618E-01
  1.7000E+01  4.2095E-03  1.0679E+00 -4.2764E-01 -2.8618E-01
  1.7000E+01  4.2095E-03  1.0679E+00 -4.2764E-01 -2.8618E-01
  1.7000E+01  4.2095E-03  1.0679E+00 -4.2764E-01 -2.8618E-01
  1.8000E+01  7.5131E-03  1.1587E+00  1.5165E-01 -2.0454E-01
  1.8000E+01  7.5131E-03  1.1587E+00  1.5165E-01 -2.0454E-01
  1.8000E+01  7.5131E-03  1.1587E+00  1.5165E-01 -2.0454E-01
  1.8000E+01  7.5131E-03  1.1587E+00  1.5165E-01 -2.0454E-01
  1.8000E+01  7.5131E-03  1.1587E+00  1.5165E-01 -2.0454E-01
  1.8000E+01  7.5131E-03  1.1587E+00  1.5165E-01 -2.0454E-01
  1.8000E+01  7.5131E-03  1.1587E+00  1.5165E-01 -2.0454E-01
  1.8000E+01  7.5131E-03  1.1587E+00  1.5165E-01 -2.0454E-01
  1.8000E+01  7.5131E-03  1.1587E+00  1.5165E-01 -2.0454E-01
  1.8000E+01  7.5131E-03  1.1587E+00  1.5165E-01 -2.0454E-01
  1.8000E+01  7.5131E-03  1.1587E+00  1.5165E-01 -2.0454E-01
  1.8000E+01  7.5131E-03  1.1587E+00  1.5165E-01 -2.0454E-01
  1.8000E+01  7.5131E-03  1.1587E+00  1.5165E-01 -2.0454E-01
  1.8000E+01  7.5131E-03  1.1587E+00  1.5165E-01 -2.0454E-01
  1.8000E+01  7.5131E-03  1.1587E+00  1.5165E-01 -2.0454E-01
  1.8000E+01  7.5131E-03  1.1587E+00  1.5165E-01 -2.0454E-01
  1.8000E+01  7.5131E-03  1.1587E+00  1.5165E-01 -2.0454E-01
  1.9000E+01  4.9568E-03  1.1087E+00 -2.6423E-01 -2.4867E-01
  1.9000E+01  4.9568E-03  1.1087E+00 -2.6423E-01 -2.4867E-01
  1.9000E+01  4.9568E-03  1.1087E+00 -2.6423E-01 -2.4867E-01
  1.9000E+01  4.9568E-03  1.1087E+00 -2.6423E-01 -2.4867E-01
  1.9000E+01  4.9568E-03  1.1087E+00 -2.6423E-01 -2.4867E-01
  1.9000E+01  4.9568E-03  1.1087E+00 -2.6423E-01 -2.4867E-01
  1.9000E+01  4.9568E-03  1.1087E+00 -2.6423E-01 -2.4867E-01
  1.9000E+01  4.9568E-03  1.1087E+00 -2.6423E-01 -2.4867E-01
  1.9000E+01  4.9568E-03  1.1087E+00 -2.6423E-01 -2.4867E-01
  1.9000E+01  4.9568E-03  1.1087E+00 -2.6423E-01 -2.4867E-01
  1.9000E+01  4.9568E-03  1.1087E+00 -2.6423E-01 -2.4867E-01
  1.9000E+01  4.9568E-03  1.1087E+00 -2.6423E-01 -2.4867E-01
  1.9000E+01  4.9568E-03  1.1087E+00 -2.6423E-01 -2.4867E-01
  1.9000E+01  4.9568E-03  1.1087E+00 -2.6423E-01 -2.4867E-01
  1.9000E+01  4.9568E-03  1.1087E+00 -2.6423E-01 -2.4867E-01
  1.9000E+01  4.9568E-03  1.1087E+00 -2.6423E-01 -2.4867E-01
  1.9000E+01  4.9568E-03  1.1087E+00 -2.6423E-01 -2.4867E-01
  1.9000E+01  4.9568E-03  1.1087E+00 -2.6423E-01 -2.4867E-01
  2.0000E+01  5.4398E-03  1.0836E+00 -1.7125E-01 -2.7151E-01
  2.0000E+01  5.4398E-03  1.0836E+00 -1.7125E-01 -2.7151E-01
  2.0000E+01  5.4398E-03  1.0836E+00 -1.7125E-01 -2.7151E-01
  2.0000E+01  5.4398E-03  1.0836E+00 -1.7125E-01 -2.7151E-01
  2.0000E+01  5.4398E-03  1.0836E+00 -1.7125E-01 -2.7151E-01
  2.0000E+01  5.4398E-03  1.0836E+00 -1.7125E-01 -2.7151E-01
  2.0000E+01  5.4398E-03  1.0836E+00 -1.7125E-01 -2.7151E-01
  2.0000E+01  5.4398E-03  1.0836E+00 -1.7125E-01 -2.7151E-01
  2.0000E+01  5.4398E-03  1.0836E+00 -1.7125E-01 -2.7151E-01
  2.0000E+01  5.4398E-03  1.0836E+00 -1.7125E-01 -2.7151E-01
  2.0000E+01  5.4398E-03  1.0836E+00 -1.7125E-01 -2.7151E-01
  2.0000E+01  5.4398E-03  1.0836E+00 -1.7125E-01 -2.7151E-01
  2.0000E+01  5.4398E-03  1.0836E+00 -1.7125E-01 -2.7151E-01
  2.0000E+01  5.4398E-03  1.0836E+00 -1.7125E-01 -2.7151E-01
  2.0000E+01  5.4398E-03  1.0836E+00 -1.7125E-01 -2.7151E-01
  2.0000E+01  5.4398E-03  1.0836E+00 -1.7125E-01 -2.7151E-01
  2.1000E+01  7.7156E-03  1.6487E+00  1.7826E-01  1.4816E-01
  2.1000E+01  7.7156E-03  1.6487E+00  1.7826E-01  1.4816E-01
  2.1000E+01  7.7156E-03  1.6487E+00  1.7826E-01  1.4816E-01
  2.1000E+01  7.7156E-03  1.6487E+00  1.7826E-01  1.4816E-01
  2.1000E+01  7.7156E-03  1.6487E+00  1.7826E-01  1.4816E-01
  2.1000E+01  7.7156E-03  1.6487E+00  1.7826E-01  1.4816E-01
  2.1000E+01  7.7156E-03  1.6487E+00  1.7826E-01  1.4816E-01
  2.1000E+01  7.7156E-03  1.6487E+00  1.7826E-01  1.4816E-01
  2.1000E+01  7.7156E-03  1.6487E+00  1.7826E-01  1.4816E-01
  2.1000E+01  7.7156E-03  1.6487E+00  1.7826E-01  1.4816E-01
  2.1000E+01  7.7156E-03  1.6487E+00  1.7826E-01  1.4816E-01
  2.1000E+01  7.7156E-03  1.6487E+00  1.7826E-01  1.4816E-01
  2.1000E+01  7.7156E-03  1.6487E+00  1.7826E-01  1.4816E-01
  2.1000E+01  7.7156E-03  1.6487E+00  1.7826E-01  1.4816E-01
  2.1000E+01  7.7156E-03  1.6487E+00  1.7826E-01  1.4816E-01
  2.1000E+01  7.7156E-03  1.6487E+00  1.7826E-01  1.4816E-01
  2.1000E+01  7.7156E-03  1.6487E+00  1.7826E-01  1.4816E-01
  2.1000E+01  7.7156E-03  1.6487E+00  1.7826E-01  1.4816E-01
  2.2000E+01  6.3979E-03  1.3746E+00 -9.0131E-03 -3.3683E-02
  2.2000E+01  6.3979E-03  1.3746E+00 -9.0131E-03 -3.3683E-02
  2.2000E+01  6.3979E-03  1.3746E+00 -9.0131E-03 -3.3683E-02
  2.2000E+01  6.3979E-03  1.3746E+00 -9.0131E-03 -3.3683E-02
  2.2000E+01  6.3979E-03  1.3746E+00 -9.0131E-03 -3.3683E-02
  2.2000E+01  6.3979E-03  1.3746E+00 -9.0131E-03 -3.3683E-02
  2.2000E+01  6.3979E-03  1.3746E+00 -9.0131E-03 -3.3683E-02
  2.2000E+01  6.3979E-03  1.3746E+00 -9.0131E-03 -3.3683E-02
  2.3000E+01  1.7805E-02  2.5711E+00  1.0145E+00  5.9250E-01
  2.3000E+01  1.7805E-02  2.5711E+00  1.0145E+00  5.9250E-01
  2.3000E+01  1.7805E-02  2.5711E+00  1.0145E+00  5.9250E-01
  2.3000E+01  1.7805E-02  2.5711E+00  1.0145E+00  5.9250E-01
  2.3000E+01  1.7805E-02  2.5711E+00  1.0145E+00  5.9250E-01
  2.3000E+01  1.7805E-02  2.5711E+00  1.0145E+00  5.9250E-01
  2.3000E+01  1.7805E-02  2.5711E+00  1.0145E+00  5.9250E-01
  2.3000E+01  1.7805E-02  2.5711E+00  1.0145E+00  5.9250E-01
  2.3000E+01  1.7805E-02  2.5711E+00  1.0145E+00  5.9250E-01
  2.3000E+01  1.7805E-02  2.5711E+00  1.0145E+00  5.9250E-01
  2.3000E+01  1.7805E-02  2.5711E+00  1.0145E+00  5.9250E-01
  2.3000E+01  1.7805E-02  2.5711E+00  1.0145E+00  5.9250E-01
  2.3000E+01  1.7805E-02  2.5711E+00  1.0145E+00  5.9250E-01
  2.3000E+01  1.7805E-02  2.5711E+00  1.0145E+00  5.9250E-01
  2.3000E+01  1.7805E-02  2.5711E+00  1.0145E+00  5.9250E-01
  2.3000E+01  1.7805E-02  2.5711E+00  1.0145E+00  5.9250E-01
  2.4000E+01  1.9954E-02  3.4341E+00  1.1284E+00  8.8193E-01
  2.4000E+01  1.9954E-02  3.4341E+00  1.1284E+00  8.8193E-01
  2.4000E+01  1.9954E-02  3.4341E+00  1.1284E+00  8.8193E-01
  2.4000E+01  1.9954E-02  3.4341E+00  1.1284E+00  8.8193E-01
  2.4000E+01  1.9954E-02  3.4341E+00  1.1284E+00  8.8193E-01
  2.4000E+01  1.9954E-02  3.4341E+00  1.1284E+00  8.8193E-01
  2.4000E+01  1.9954E-02  3.4341E+00  1.1284E+00  8.8193E-01
  2.4000E+01  1.9954E-02  3.4341E+00  1.1284E+00  8.8193E-01
  2.4000E+01  1.9954E-02  3.4341E+00  1.1284E+00  8.8193E-01
  2.4000E+01  1.9954E-02  3.4341E+00  1.1284E+00  8.8193E-01
  2.4000E+01  1.9954E-02  3.4341E+00  1.1284E+00  8.8193E-01
  2.4000E+01  1.9954E-02  3.4341E+00  1.1284E+00  8.8193E-01
  2.4000E+01  1.9954E-02  3.4341E+00  1.1284E+00  8.8193E-01
  2.4000E+01  1.9954E-02  3.4341E+00  1.1284E+00  8.8193E-01
  2.4000E+01  1.9954E-02  3.4341E+00  1.1284E+00  8.8193E-01
  2.4000E+01  1.9954E-02  3.4341E+00  1.1284E+00  8.8193E-01
  2.4000E+01  1.9954E-02  3.4341E+00  1.1284E+00  8.8193E-01
  2.4000E+01  1.9954E-02  3.4341E+00  1.1284E+00  8.8193E-01
  2.4000E+01  1.9954E-02  3.4341E+00  1.1284E+00  8.8193E-01
  2.5000E+01  3.5856E-03  1.0899E+00 -5.8806E-01 -2.6572E-01
  2.5000E+01  3.5856E-03  1.0899E+00 -5.8806E-01 -2.6572E-01
  2.5000E+01  3.5856E-03  1.0899E+00 -5.8806E-01 -2.6572E-01
  2.5000E+01  3.5856E-03  1.0899E+00 -5.8806E-01 -2.6572E-01
  2.5000E+01  3.5856E-03  1.0899E+00 -5.8806E-01 -2.6572E-01
  2.5000E+01  3.5856E-03  1.0899E+00 -5.8806E-01 -2.6572E-01
  2.5000E+01  3.5856E-03  1.0899E+00 -5.8806E-01 -2.6572E-01
  2.5000E+01  3.5856E-03  1.0899E+00 -5.8806E-01 -2.6572E-01
  2.5000E+01  3.5856E-03  1.0899E+00 -5.8806E-01 -2.6572E-01
  2.5000E+01  3.5856E-03  1.0899E+00 -5.8806E-01 -2.6572E-01
  2.5000E+01  3.5856E-03  1.0899E+00 -5.8806E-01 -2.6572E-01
  2.5000E+01  3.5856E-03  1.0899E+00 -5.8806E-01 -2.6572E-01
  2.5000E+01  3.5856E-03  1.0899E+00 -5.8806E-01 -2.6572E-01
  2.5000E+01  3.5856E-03  1.0899E+00 -5.8806E-01 -2.6572E-01
  2.5000E+01  3.5856E-03  1.0899E+00 -5.8806E-01 -2.6572E-01
  2.5000E+01  3.5856E-03  1.0899E+00 -5.8806E-01 -2.6572E-01
  2.5000E+01  3.5856E-03  1.0899E+00 -5.8806E-01 -2.6572E-01
  2.5000E+01  3.5856E-03  1.0899E+00 -5.8806E-01 -2.6572E-01
  2.5000E+01  3.5856E-03  1.0899E+00 -5.8806E-01 -2.6572E-01
  2.5000E+01  3.5856E-03  1.0899E+00 -5.8806E-01 -2.6572E-01
  2.5000E+01  3.5856E-03  1.0899E+00 -5.8806E-01 -2.6572E-01
  2.6000E+01  1.4900E-02  2.8937E+00  8.3634E-01  7.1069E-01
  2.6000E+01  1.4900E-02  2.8937E+00  8.3634E-01  7.1069E-01
  2.6000E+01  1.4900E-02  2.8937E+00  8.3634E-01  7.1069E-01
  2.6000E+01  1.4900E-02  2.8937E+00  8.3634E-01  7.1069E-01
  2.6000E+01  1.4900E-02  2.8937E+00  8.3634E-01  7.1069E-01
  2.6000E+01  1.4900E-02  2.8937E+00  8.3634E-01  7.1069E-01
  2.6000E+01  1.4900E-02  2.8937E+00  8.3634E-01  7.1069E-01
  2.6000E+01  1.4900E-02  2.8937E+00  8.3634E-01  7.1069E-01
  2.6000E+01  1.4900E-02  2.8937E+00  8.3634E-01  7.1069E-01
  2.6000E+01  1.4900E-02  2.8937E+00  8.3634E-01  7.1069E-01
  2.6000E+01  1.4900E-02  2.8937E+00  8.3634E-01  7.1069E-01
  2.6000E+01  1.4900E-02  2.8937E+00  8.3634E-01  7.1069E-01
  2.6000E+01  1.4900E-02  2.8937E+00  8.3634E-01  7.1069E-01
  2.7000E+01  7.2999E-03  1.3683E+00  1.2287E-01 -3.8260E-02
  2.7000E+01  7.2999E-03  1.3683E+00  1.2287E-01 -3.8260E-02
  2.7000E+01  7.2999E-03  1.3683E+00  1.2287E-01 -3.8260E-02
  2.7000E+01  7.2999E-03  1.3683E+00  1.2287E-01 -3.8260E-02
  2.7000E+01  7.2999E-03  1.3683E+00  1.2287E-01 -3.8260E-02
  2.7000E+01  7.2999E-03  1.3683E+00  1.2287E-01 -3.8260E-02
  2.7000E+01  7.2999E-03  1.3683E+00  1.2287E-01 -3.8260E-02
  2.7000E+01  7.2999E-03  1.3683E+00  1.2287E-01 -3.8260E-02
  2.7000E+01  7.2999E-03  1.3683E+00  1.2287E-01 -3.8260E-02
  2.7000E+01  7.2999E-03  1.3683E+00  1.2287E-01 -3.8260E-02
  2.8000E+01  1.4464E-02  3.2770E+00  8.0669E-01  8.3509E-01
  2.8000E+01  1.4464E-02  3.2770E+00  8.0669E-01  8.3509E-01
  2.8000E+01  1.4464E-02  3.2770E+00  8.0669E-01  8.3509E-01
  2.9000E+01  4.5394E-03  1.0237E+00 -3.5219E-01 -3.2844E-01
  2.9000E+01  4.5394E-03  1.0237E+00 -3.5219E-01 -3.2844E-01
  2.9000E+01  4.5394E-03  1.0237E+00 -3.5219E-01 -3.2844E-01
  2.9000E+01  4.5394E-03  1.0237E+00 -3.5219E-01 -3.2844E-01
  2.9000E+01  4.5394E-03  1.0237E+00 -3.5219E-01 -3.2844E-01
  2.9000E+01  4.5394E-03  1.0237E+00 -3.5219E-01 -3.2844E-01
  3.0000E+01  8.9707E-03  1.9270E+00  3.2898E-01  3.0411E-01
  3.0000E+01  8.9707E-03  1.9270E+00  3.2898E-01  3.0411E-01
  3.0000E+01  8.9707E-03  1.9270E+00  3.2898E-01  3.0411E-01
  3.0000E+01  8.9707E-03  1.9270E+00  3.2898E-01  3.0411E-01
  3.0000E+01  8.9707E-03  1.9270E+00  3.2898E-01  3.0411E-01
  3.0000E+01  8.9707E-03  1.9270E+00  3.2898E-01  3.0411E-01
  3.0000E+01  8.9707E-03  1.9270E+00  3.2898E-01  3.0411E-01
  3.0000E+01  8.9707E-03  1.9270E+00  3.2898E-01  3.0411E-01
  3.0000E+01  8.9707E-03  1.9270E+00  3.2898E-01  3.0411E-01
  3.0000E+01  8.9707E-03  1.9270E+00  3.2898E-01  3.0411E-01
  3.0000E+01  8.9707E-03  1.9270E+00  3.2898E-01  3.0411E-01
  3.0000E+01  8.9707E-03  1.9270E+00  3.2898E-01  3.0411E-01
  3.0000E+01  8.9707E-03  1.9270E+00  3.2898E-01  3.0411E-01
  3.0000E+01  8.9707E-03  1.9270E+00  3.2898E-01  3.0411E-01
  3.0000E+01  8.9707E-03  1.9270E+00  3.2898E-01  3.0411E-01
  3.0000E+01  8.9707E-03  1.9270E+00  3.2898E-01  3.0411E-01
  3.1000E+01  5.4494E-03  1.1923E+00 -1.6949E-01 -1.7594E-01
  3.1000E+01  5.4494E-03  1.1923E+00 -1.6949E-01 -1.7594E-01
  3.1000E+01  5.4494E-03  1.1923E+00 -1.6949E-01 -1.7594E-01
  3.2000E+01  2.4845E-02  4.8084E+00  1.3477E+00  1.2185E+00
  3.2000E+01  2.4845E-02  4.8084E+00  1.3477E+00  1.2185E+00
  3.2000E+01  2.4845E-02  4.8084E+00  1.3477E+00  1.2185E+00
  3.2000E+01  2.4845E-02  4.8084E+00  1.3477E+00  1.2185E+00
  3.2000E+01  2.4845E-02  4.8084E+00  1.3477E+00  1.2185E+00
  3.2000E+01  2.4845E-02  4.8084E+00  1.3477E+00  1.2185E+00
  3.2000E+01  2.4845E-02  4.8084E+00  1.3477E+00  1.2185E+00
  3.2000E+01  2.4845E-02  4.8084E+00  1.3477E+00  1.2185E+00
  3.2000E+01  2.4845E-02  4.8084E+00  1.3477E+00  1.2185E+00
  3.2000E+01  2.4845E-02  4.8084E+00  1.3477E+00  1.2185E+00
  3.2000E+01  2.4845E-02  4.8084E+00  1.3477E+00  1.2185E+00
  3.2000E+01  2.4845E-02  4.8084E+00  1.3477E+00  1.2185E+00
  3.3000E+01  6.5441E-03  1.5314E+00  1.3573E-02  7.4315E-02
  3.3000E+01  6.5441E-03  1.5314E+00  1.3573E-02  7.4315E-02
  3.3000E+01  6.5441E-03  1.5314E+00  1.3573E-02  7.4315E-02
  3.3000E+01  6.5441E-03  1.5314E+00  1.3573E-02  7.4315E-02
  3.3000E+01  6.5441E-03  1.5314E+00  1.3573E-02  7.4315E-02
  3.3000E+01  6.5441E-03  1.5314E+00  1.3573E-02  7.4315E-02
  3.3000E+01  6.5441E-03  1.5314E+00  1.3573E-02  7.4315E-02
  3.3000E+01  6.5441E-03  1.5314E+00  1.3573E-02  7.4315E-02
  3.3000E+01  6.5441E-03  1.5314E+00  1.3573E-02  7.4315E-02
  3.4000E+01  7.0094E-03  1.5283E+00  8.2260E-02  7.2317E-02
  3.4000E+01  7.0094E-03  1.5283E+00  8.2260E-02  7.2317E-02
  3.4000E+01  7.0094E-03  1.5283E+00  8.2260E-02  7.2317E-02
  3.4000E+01  7.0094E-03  1.5283E+00  8.2260E-02  7.2317E-02
  3.4000E+01  7.0094E-03  1.5283E+00  8.2260E-02  7.2317E-02
  3.4000E+01  7.0094E-03  1.5283E+00  8.2260E-02  7.2317E-02
  3.4000E+01  7.0094E-03  1.5283E+00  8.2260E-02  7.2317E-02
  3.4000E+01  7.0094E-03  1.5283E+00  8.2260E-02  7.2317E-02
  3.4000E+01  7.0094E-03  1.5283E+00  8.2260E-02  7.2317E-02
  3.4000E+01  7.0094E-03  1.5283E+00  8.2260E-02  7.2317E-02
  3.5000E+01  7.1379E-03  1.9309E+00  1.0043E-01  3.0616E-01
  3.5000E+01  7.1379E-03  1.9309E+00  1.0043E-01  3.0616E-01
  3.5000E+01  7.1379E-03  1.9309E+00  1.0043E-01  3.0616E-01
  3.5000E+01  7.1379E-03  1.9309E+00  1.0043E-01  3.0616E-01
  3.5000E+01  7.1379E-03  1.9309E+00  1.0043E-01  3.0616E-01
  3.5000E+01  7.1379E-03  1.9309E+00  1.0043E-01  3.0616E-01
  3.5000E+01  7.1379E-03  1.9309E+00  1.0043E-01  3.0616E-01
  3.5000E+01  7.1379E-03  1.9309E+00  1.0043E-01  3.0616E-01
  3.5000E+01  7.1379E-03  1.9309E+00  1.0043E-01  3.0616E-01
  3.5000E+01  7.1379E-03  1.9309E+00  1.0043E-01  3.0616E-01
  3.5000E+01  7.1379E-03  1.9309E+00  1.0043E-01  3.0616E-01
  3.5000E+01  7.1379E-03  1.9309E+00  1.0043E-01  3.0616E-01
  3.6000E+01  8.3700E-03  1.4387E+00  2.5967E-01  1.1904E-02
  3.6000E+01  8.3700E-03  1.4387E+00  2.5967E-01  1.1904E-02
  3.6000E+01  8.3700E-03  1.4387E+00  2.5967E-01  1.1904E-02
  3.6000E+01  8.3700E-03  1.4387E+00  2.5967E-01  1.1904E-02
  3.6000E+01  8.3700E-03  1.4387E+00  2.5967E-01  1.1904E-02
  3.6000E+01  8.3700E-03  1.4387E+00  2.5967E-01  1.1904E-02
  3.6000E+01  8.3700E-03  1.4387E+00  2.5967E-01  1.1904E-02
  3.6000E+01  8.3700E-03  1.4387E+00  2.5967E-01  1.1904E-02
  3.6000E+01  8.3700E-03  1.4387E+00  2.5967E-01  1.1904E-02
  3.6000E+01  8.3700E-03  1.4387E+00  2.5967E-01  1.1904E-02
  3.6000E+01  8.3700E-03  1.4387E+00  2.5967E-01  1.1904E-02
  3.6000E+01  8.3700E-03  1.4387E+00  2.5967E-01  1.1904E-02
  3.6000E+01  8.3700E-03  1.4387E+00  2.5967E-01  1.1904E-02
  3.6000E+01  8.3700E-03  1.4387E+00  2.5967E-01  1.1904E-02
  3.6000E+01  8.3700E-03  1.4387E+00  2.5967E-01  1.1904E-02
  3.6000E+01  8.3700E-03  1.4387E+00  2.5967E-01  1.1904E-02
  3.7000E+01  5.3456E-03  1.2198E+00 -1.8872E-01 -1.5313E-01
  3.7000E+01  5.3456E-03  1.2198E+00 -1.8872E-01 -1.5313E-01
  3.7000E+01  5.3456E-03  1.2198E+00 -1.8872E-01 -1.5313E-01
  3.7000E+01  5.3456E-03  1.2198E+00 -1.8872E-01 -1.5313E-01
  3.7000E+01  5.3456E-03  1.2198E+00 -1.8872E-01 -1.5313E-01
  3.7000E+01  5.3456E-03  1.2198E+00 -1.8872E-01 -1.5313E-01
  3.7000E+01  5.3456E-03  1.2198E+00 -1.8872E-01 -1.5313E-01
  3.7000E+01  5.3456E-03  1.2198E+00 -1.8872E-01 -1.5313E-01
  3.7000E+01  5.3456E-03  1.2198E+00 -1.8872E-01 -1.5313E-01
  3.7000E+01  5.3456E-03  1.2198E+00 -1.8872E-01 -1.5313E-01
  3.7000E+01  5.3456E-03  1.2198E+00 -1.8872E-01 -1.5313E-01
  3.7000E+01  5.3456E-03  1.2198E+00 -1.8872E-01 -1.5313E-01
  3.7000E+01  5.3456E-03  1.2198E+00 -1.8872E-01 -1.5313E-01
  3.7000E+01  5.3456E-03  1.2198E+00 -1.8872E-01 -1.5313E-01
  3.7000E+01  5.3456E-03  1.2198E+00 -1.8872E-01 -1.5313E-01
  3.7000E+01  5.3456E-03  1.2198E+00 -1.8872E-01 -1.5313E-01
  3.7000E+01  5.3456E-03  1.2198E+00 -1.8872E-01 -1.5313E-01
  3.8000E+01  6.8957E-03  1.4294E+00  6.5908E-02  5.4357E-03
  3.8000E+01  6.8957E-03  1.4294E+00  6.5908E-02  5.4357E-03
  3.8000E+01  6.8957E-03  1.4294E+00  6.5908E-02  5.4357E-03
  3.8000E+01  6.8957E-03  1.4294E+00  6.5908E-02  5.4357E-03
  3.8000E+01  6.8957E-03  1.4294E+00  6.5908E-02  5.4357E-03
  3.8000E+01  6.8957E-03  1.4294E+00  6.5908E-02  5.4357E-03
  3.8000E+01  6.8957E-03  1.4294E+00  6.5908E-02  5.4357E-03
  3.8000E+01  6.8957E-03  1.4294E+00  6.5908E-02  5.4357E-03
  3.8000E+01  6.8957E-03  1.4294E+00  6.5908E-02  5.4357E-03
  3.8000E+01  6.8957E-03  1.4294E+00  6.5908E-02  5.4357E-03
  3.8000E+01  6.8957E-03  1.4294E+00  6.5908E-02  5.4357E-03
  3.8000E+01  6.8957E-03  1.4294E+00  6.5908E-02  5.4357E-03
  3.8000E+01  6.8957E-03  1.4294E+00  6.5908E-02  5.4357E-03
  3.8000E+01  6.8957E-03  1.4294E+00  6.5908E-02  5.4357E-03
  3.8000E+01  6.8957E-03  1.4294E+00  6.5908E-02  5.4357E-03
  3.8000E+01  6.8957E-03  1.4294E+00  6.5908E-02  5.4357E-03
  3.8000E+01  6.8957E-03  1.4294E+00  6.5908E-02  5.4357E-03
  3.8000E+01  6.8957E-03  1.4294E+00  6.5908E-02  5.4357E-03
  3.8000E+01  6.8957E-03  1.4294E+00  6.5908E-02  5.4357E-03
  3.8000E+01  6.8957E-03  1.4294E+00  6.5908E-02  5.4357E-03
  3.9000E+01  9.5840E-03  1.8098E+00  3.9510E-01  2.4139E-01
  3.9000E+01  9.5840E-03  1.8098E+00  3.9510E-01  2.4139E-01
  3.9000E+01  9.5840E-03  1.8098E+00  3.9510E-01  2.4139E-01
  3.9000E+01  9.5840E-03  1.8098E+00  3.9510E-01  2.4139E-01
  3.9000E+01  9.5840E-03  1.8098E+00  3.9510E-01  2.4139E-01
  3.9000E+01  9.5840E-03  1.8098E+00  3.9510E-01  2.4139E-01
  3.9000E+01  9.5840E-03  1.8098E+00  3.9510E-01  2.4139E-01
  3.9000E+01  9.5840E-03  1.8098E+00  3.9510E-01  2.4139E-01
  3.9000E+01  9.5840E-03  1.8098E+00  3.9510E-01  2.4139E-01
  3.9000E+01  9.5840E-03  1.8098E+00  3.9510E-01  2.4139E-01
  3.9000E+01  9.5840E-03  1.8098E+00  3.9510E-01  2.4139E-01
  3.9000E+01  9.5840E-03  1.8098E+00  3.9510E-01  2.4139E-01
  3.9000E+01  9.5840E-03  1.8098E+00  3.9510E-01  2.4139E-01
  3.9000E+01  9.5840E-03  1.8098E+00  3.9510E-01  2.4139E-01
  3.9000E+01  9.5840E-03  1.8098E+00  3.9510E-01  2.4139E-01
  3.9000E+01  9.5840E-03  1.8098E+00  3.9510E-01  2.4139E-01
  4.0000E+01  6.1750E-03  1.3585E+00 -4.4481E-02 -4.5422E-02
  4.0000E+01  6.1750E-03  1.3585E+00 -4.4481E-02 -4.5422E-02
  4.0000E+01  6.1750E-03  1.3585E+00 -4.4481E-02 -4.5422E-02
  4.0000E+01  6.1750E-03  1.3585E+00 -4.4481E-02 -4.5422E-02
  4.0000E+01  6.1750E-03  1.3585E+00 -4.4481E-02 -4.5422E-02
  4.0000E+01  6.1750E-03  1.3585E+00 -4.4481E-02 -4.5422E-02
  4.1000E+01  8.5399E-03  1.8814E+00  2.7976E-01  2.8018E-01
  4.1000E+01  8.5399E-03  1.8814E+00  2.7976E-01  2.8018E-01
  4.1000E+01  8.5399E-03  1.8814E+00  2.7976E-01  2.8018E-01
  4.1000E+01  8.5399E-03  1.8814E+00  2.7976E-01  2.8018E-01
  4.1000E+01  8.5399E-03  1.8814E+00  2.7976E-01  2.8018E-01
  4.1000E+01  8.5399E-03  1.8814E+00  2.7976E-01  2.8018E-01
  4.1000E+01  8.5399E-03  1.8814E+00  2.7976E-01  2.8018E-01
  4.1000E+01  8.5399E-03  1.8814E+00  2.7976E-01  2.8018E-01
  4.1000E+01  8.5399E-03  1.8814E+00  2.7976E-01  2.8018E-01
  4.1000E+01  8.5399E-03  1.8814E+00  2.7976E-01  2.8018E-01
  4.1000E+01  8.5399E-03  1.8814E+00  2.7976E-01  2.8018E-01
  4.2000E+01  2.4137E-02  4.1454E+00  1.3188E+00  1.0702E+00
  4.2000E+01  2.4137E-02  4.1454E+00  1.3188E+00  1.0702E+00
  4.2000E+01  2.4137E-02  4.1454E+00  1.3188E+00  1.0702E+00
  4.2000E+01  2.4137E-02  4.1454E+00  1.3188E+00  1.0702E+00
  4.2000E+01  2.4137E-02  4.1454E+00  1.3188E+00  1.0702E+00
  4.2000E+01  2.4137E-02  4.1454E+00  1.3188E+00  1.0702E+00
  4.2000E+01  2.4137E-02  4.1454E+00  1.3188E+00  1.0702E+00
  4.2000E+01  2.4137E-02  4.1454E+00  1.3188E+00  1.0702E+00
  4.2000E+01  2.4137E-02  4.1454E+00  1.3188E+00  1.0702E+00
  4.2000E+01  2.4137E-02  4.1454E+00  1.3188E+00  1.0702E+00
  4.2000E+01  2.4137E-02  4.1454E+00  1.3188E+00  1.0702E+00
  4.3000E+01  3.8281E-03  8.2776E-01 -5.2262E-01 -5.4087E-01
  4.3000E+01  3.8281E-03  8.2776E-01 -5.2262E-01 -5.4087E-01
  4.3000E+01  3.8281E-03  8.2776E-01 -5.2262E-01 -5.4087E-01
  4.4000E+01  6.7829E-03  1.4804E+00  4.9418E-02  4.0446E-02
  4.4000E+01  6.7829E-03  1.4804E+00  4.9418E-02  4.0446E-02
  4.4000E+01  6.7829E-03  1.4804E+00  4.9418E-02  4.0446E-02
  4.4000E+01  6.7829E-03  1.4804E+00  4.9418E-02  4.0446E-02
  4.4000E+01  6.7829E-03  1.4804E+00  4.9418E-02  4.0446E-02
  4.4000E+01  6.7829E-03  1.4804E+00  4.9418E-02  4.0446E-02
  4.4000E+01  6.7829E-03  1.4804E+00  4.9418E-02  4.0446E-02
  4.4000E+01  6.7829E-03  1.4804E+00  4.9418E-02  4.0446E-02
  4.4000E+01  6.7829E-03  1.4804E+00  4.9418E-02  4.0446E-02
  4.4000E+01  6.7829E-03  1.4804E+00  4.9418E-02  4.0446E-02
  4.4000E+01  6.7829E-03  1.4804E+00  4.9418E-02  4.0446E-02
  4.4000E+01  6.7829E-03  1.4804E+00  4.9418E-02  4.0446E-02
  4.4000E+01  6.7829E-03  1.4804E+00  4.9418E-02  4.0446E-02
  4.4000E+01  6.7829E-03  1.4804E+00  4.9418E-02  4.0446E-02
  4.4000E+01  6.7829E-03  1.4804E+00  4.9418E-02  4.0446E-02
  4.4000E+01  6.7829E-03  1.4804E+00  4.9418E-02  4.0446E-02
  4.5000E+01  4.0897E-03  9.3996E-01 -4.5652E-01 -4.1375E-01
  4.5000E+01  4.0897E-03  9.3996E-01 -4.5652E-01 -4.1375E-01
  4.5000E+01  4.0897E-03  9.3996E-01 -4.5652E-01 -4.1375E-01
  4.5000E+01  4.0897E-03  9.3996E-01 -4.5652E-01 -4.1375E-01
  4.5000E+01  4.0897E-03  9.3996E-01 -4.5652E-01 -4.1375E-01
  4.5000E+01  4.0897E-03  9.3996E-01 -4.5652E-01 -4.1375E-01
  4.5000E+01  4.0897E-03  9.3996E-01 -4.5652E-01 -4.1375E-01
  4.5000E+01  4.0897E-03  9.3996E-01 -4.5652E-01 -4.1375E-01
  4.5000E+01  4.0897E-03  9.3996E-01 -4.5652E-01 -4.1375E-01
  4.5000E+01  4.0897E-03  9.3996E-01 -4.5652E-01 -4.1375E-01
  4.5000E+01  4.0897E-03  9.3996E-01 -4.5652E-01 -4.1375E-01
  4.5000E+01  4.0897E-03  9.3996E-01 -4.5652E-01 -4.1375E-01
  4.5000E+01  4.0897E-03  9.3996E-01 -4.5652E-01 -4.1375E-01
  4.6000E+01  5.0713E-03  1.1072E+00 -2.4139E-01 -2.5002E-01
  4.6000E+01  5.0713E-03  1.1072E+00 -2.4139E-01 -2.5002E-01
  4.6000E+01  5.0713E-03  1.1072E+00 -2.4139E-01 -2.5002E-01
  4.6000E+01  5.0713E-03  1.1072E+00 -2.4139E-01 -2.5002E-01
  4.7000E+01  1.0598E-02  2.2896E+00  4.9563E-01  4.7654E-01
  4.7000E+01  1.0598E-02  2.2896E+00  4.9563E-01  4.7654E-01
  4.7000E+01  1.0598E-02  2.2896E+00  4.9563E-01  4.7654E-01
  4.7000E+01  1.0598E-02  2.2896E+00  4.9563E-01  4.7654E-01
  4.7000E+01  1.0598E-02  2.2896E+00  4.9563E-01  4.7654E-01
  4.7000E+01  1.0598E-02  2.2896E+00  4.9563E-01  4.7654E-01
  4.7000E+01  1.0598E-02  2.2896E+00  4.9563E-01  4.7654E-01
  4.8000E+01  1.9567E-03  7.3360E-01 -1.1937E+00 -6.6163E-01
  4.8000E+01  1.9567E-03  7.3360E-01 -1.1937E+00 -6.6163E-01
  4.8000E+01  1.9567E-03  7.3360E-01 -1.1937E+00 -6.6163E-01
  4.8000E+01  1.9567E-03  7.3360E-01 -1.1937E+00 -6.6163E-01
  4.8000E+01  1.9567E-03  7.3360E-01 -1.1937E+00 -6.6163E-01
  4.8000E+01  1.9567E-03  7.3360E-01 -1.1937E+00 -6.6163E-01
  4.8000E+01  1.9567E-03  7.3360E-01 -1.1937E+00 -6.6163E-01
  4.8000E+01  1.9567E-03  7.3360E-01 -1.1937E+00 -6.6163E-01
  4.8000E+01  1.9567E-03  7.3360E-01 -1.1937E+00 -6.6163E-01
  4.8000E+01  1.9567E-03  7.3360E-01 -1.1937E+00 -6.6163E-01
  4.8000E+01  1.9567E-03  7.3360E-01 -1.1937E+00 -6.6163E-01
  4.8000E+01  1.9567E-03  7.3360E-01 -1.1937E+00 -6.6163E-01
  4.8000E+01  1.9567E-03  7.3360E-01 -1.1937E+00 -6.6163E-01
  4.8000E+01  1.9567E-03  7.3360E-01 -1.1937E+00 -6.6163E-01
  4.9000E+01  5.8061E-03  1.4420E+00 -1.0609E-01  1.4217E-02
  4.9000E+01  5.8061E-03  1.4420E+00 -1.0609E-01  1.4217E-02
  4.9000E+01  5.8061E-03  1.4420E+00 -1.0609E-01  1.4217E-02
  4.9000E+01  5.8061E-03  1.4420E+00 -1.0609E-01  1.4217E-02
  4.9000E+01  5.8061E-03  1.4420E+00 -1.0609E-01  1.4217E-02
  4.9000E+01  5.8061E-03  1.4420E+00 -1.0609E-01  1.4217E-02
  4.9000E+01  5.8061E-03  1.4420E+00 -1.0609E-01  1.4217E-02
  4.9000E+01  5.8061E-03  1.4420E+00 -1.0609E-01  1.4217E-02
  4.9000E+01  5.8061E-03  1.4420E+00 -1.0609E-01  1.4217E-02
  4.9000E+01  5.8061E-03  1.4420E+00 -1.0609E-01  1.4217E-02
  4.9000E+01  5.8061E-03  1.4420E+00 -1.0609E-01  1.4217E-02
  4.9000E+01  5.8061E-03  1.4420E+00 -1.0609E-01  1.4217E-02
  4.9000E+01  5.8061E-03  1.4420E+00 -1.0609E-01  1.4217E-02
  4.9000E+01  5.8061E-03  1.4420E+00 -1.0609E-01  1.4217E-02
  4.9000E+01  5.8061E-03  1.4420E+00 -1.0609E-01  1.4217E-02
  4.9000E+01  5.8061E-03  1.4420E+00 -1.0609E-01  1.4217E-02
  4.9000E+01  5.8061E-03  1.4420E+00 -1.0609E-01  1.4217E-02
  5.0000E+01  4.9689E-03  8.5059E-01 -2.6180E-01 -5.1366E-01
  5.0000E+01  4.9689E-03  8.5059E-01 -2.6180E-01 -5.1366E-01
  5.0000E+01  4.9689E-03  8.5059E-01 -2.6180E-01 -5.1366E-01
  5.0000E+01  4.9689E-03  8.5059E-01 -2.6180E-01 -5.1366E-01
  5.0000E+01  4.9689E-03  8.5059E-01 -2.6180E-01 -5.1366E-01
  5.0000E+01  4.9689E-03  8.5059E-01 -2.6180E-01 -5.1366E-01
  5.0000E+01  4.9689E-03  8.5059E-01 -2.6180E-01 -5.1366E-01
  5.0000E+01  4.9689E-03  8.5059E-01 -2.6180E-01 -5.1366E-01
  5.0000E+01  4.9689E-03  8.5059E-01 -2.6180E-01 -5.1366E-01
  5.0000E+01  4.9689E-03  8.5059E-01 -2.6180E-01 -5.1366E-01
  5.0000E+01  4.9689E-03  8.5059E-01 -2.6180E-01 -5.1366E-01
  5.0000E+01  4.9689E-03  8.5059E-01 -2.6180E-01 -5.1366E-01
  5.0000E+01  4.9689E-03  8.5059E-01 -2.6180E-01 -5.1366E-01
  5.0000E+01  4.9689E-03  8.5059E-01 -2.6180E-01 -5.1366E-01
  5.0000E+01  4.9689E-03  8.5059E-01 -2.6180E-01 -5.1366E-01
  5.0000E+01  4.9689E-03  8.5059E-01 -2.6180E-01 -5.1366E-01
  5.0000E+01  4.9689E-03  8.5059E-01 -2.6180E-01 -5.1366E-01
  5.0000E+01  4.9689E-03  8.5059E-01 -2.6180E-01 -5.1366E-01
  5.0000E+01  4.9689E-03  8.5059E-01 -2.6180E-01 -5.1366E-01
  5.0000E+01  4.9689E-03  8.5059E-01 -2.6180E-01 -5.1366E-01
  5.1000E+01  4.4250E-03  1.1064E+00 -3.7771E-01 -2.5075E-01
  5.1000E+01  4.4250E-03  1.1064E+00 -3.7771E-01 -2.5075E-01
  5.1000E+01  4.4250E-03  1.1064E+00 -3.7771E-01 -2.5075E-01
  5.1000E+01  4.4250E-03  1.1064E+00 -3.7771E-01 -2.5075E-01
  5.1000E+01  4.4250E-03  1.1064E+00 -3.7771E-01 -2.5075E-01
  5.1000E+01  4.4250E-03  1.1064E+00 -3.7771E-01 -2.5075E-01
  5.1000E+01  4.4250E-03  1.1064E+00 -3.7771E-01 -2.5075E-01
  5.1000E+01  4.4250E-03  1.1064E+00 -3.7771E-01 -2.5075E-01
  5.1000E+01  4.4250E-03  1.1064E+00 -3.7771E-01 -2.5075E-01
  5.1000E+01  4.4250E-03  1.1064E+00 -3.7771E-01 -2.5075E-01
  5.1000E+01  4.4250E-03  1.1064E+00 -3.7771E-01 -2.5075E-01
  5.1000E+01  4.4250E-03  1.1064E+00 -3.7771E-01 -2.5075E-01
  5.1000E+01  4.4250E-03  1.1064E+00 -3.7771E-01 -2.5075E-01
  5.1000E+01  4.4250E-03  1.1064E+00 -3.7771E-01 -2.5075E-01
  5.1000E+01  4.4250E-03  1.1064E+00 -3.7771E-01 -2.5075E-01
  5.1000E+01  4.4250E-03  1.1064E+00 -3.7771E-01 -2.5075E-01
  5.2000E+01  5.2782E-03  6.9542E-01 -2.0140E-01 -7.1507E-01
  5.2000E+01  5.2782E-03  6.9542E-01 -2.0140E-01 -7.1507E-01
  5.2000E+01  5.2782E-03  6.9542E-01 -2.0140E-01 -7.1507E-01
  5.2000E+01  5.2782E-03  6.9542E-01 -2.0140E-01 -7.1507E-01
  5.2000E+01  5.2782E-03  6.9542E-01 -2.0140E-01 -7.1507E-01
  5.2000E+01  5.2782E-03  6.9542E-01 -2.0140E-01 -7.1507E-01
  5.2000E+01  5.2782E-03  6.9542E-01 -2.0140E-01 -7.1507E-01
  5.2000E+01  5.2782E-03  6.9542E-01 -2.0140E-01 -7.1507E-01
  5.2000E+01  5.2782E-03  6.9542E-01 -2.0140E-01 -7.1507E-01
  5.2000E+01  5.2782E-03  6.9542E-01 -2.0140E-01 -7.1507E-01
  5.2000E+01  5.2782E-03  6.9542E-01 -2.0140E-01 -7.1507E-01
  5.2000E+01  5.2782E-03  6.9542E-01 -2.0140E-01 -7.1507E-01
  5.2000E+01  5.2782E-03  6.9542E-01 -2.0140E-01 -7.1507E-01
  5.2000E+01  5.2782E-03  6.9542E-01 -2.0140E-01 -7.1507E-01
  5.2000E+01  5.2782E-03  6.9542E-01 -2.0140E-01 -7.1507E-01
  5.2000E+01  5.2782E-03  6.9542E-01 -2.0140E-01 -7.1507E-01
  5.2000E+01  5.2782E-03  6.9542E-01 -2.0140E-01 -7.1507E-01
  5.3000E+01  5.8345E-03  1.5140E+00 -1.0120E-01  6.2899E-02
  5.3000E+01  5.8345E-03  1.5140E+00 -1.0120E-01  6.2899E-02
  5.3000E+01  5.8345E-03  1.5140E+00 -1.0120E-01  6.2899E-02
  5.3000E+01  5.8345E-03  1.5140E+00 -1.0120E-01  6.2899E-02
  5.3000E+01  5.8345E-03  1.5140E+00 -1.0120E-01  6.2899E-02
  5.3000E+01  5.8345E-03  1.5140E+00 -1.0120E-01  6.2899E-02
  5.3000E+01  5.8345E-03  1.5140E+00 -1.0120E-01  6.2899E-02
  5.3000E+01  5.8345E-03  1.5140E+00 -1.0120E-01  6.2899E-02
  5.3000E+01  5.8345E-03  1.5140E+00 -1.0120E-01  6.2899E-02
  5.4000E+01  5.9445E-03  1.3845E+00 -8.2523E-02 -2.6530E-02
  5.4000E+01  5.9445E-03  1.3845E+00 -8.2523E-02 -2.6530E-02
  5.4000E+01  5.9445E-03  1.3845E+00 -8.2523E-02 -2.6530E-02
  5.4000E+01  5.9445E-03  1.3845E+00 -8.2523E-02 -2.6530E-02
  5.4000E+01  5.9445E-03  1.3845E+00 -8.2523E-02 -2.6530E-02
  5.4000E+01  5.9445E-03  1.3845E+00 -8.2523E-02 -2.6530E-02
  5.4000E+01  5.9445E-03  1.3845E+00 -8.2523E-02 -2.6530E-02
  5.4000E+01  5.9445E-03  1.3845E+00 -8.2523E-02 -2.6530E-02
  5.4000E+01  5.9445E-03  1.3845E+00 -8.2523E-02 -2.6530E-02
  5.4000E+01  5.9445E-03  1.3845E+00 -8.2523E-02 -2.6530E-02
  5.4000E+01  5.9445E-03  1.3845E+00 -8.2523E-02 -2.6530E-02
  5.4000E+01  5.9445E-03  1.3845E+00 -8.2523E-02 -2.6530E-02
  5.4000E+01  5.9445E-03  1.3845E+00 -8.2523E-02 -2.6530E-02
  5.4000E+01  5.9445E-03  1.3845E+00 -8.2523E-02 -2.6530E-02
  5.4000E+01  5.9445E-03  1.3845E+00 -8.2523E-02 -2.6530E-02
  5.5000E+01  7.3429E-03  1.5957E+00  1.2875E-01  1.1548E-01
  5.5000E+01  7.3429E-03  1.5957E+00  1.2875E-01  1.1548E-01
  5.5000E+01  7.3429E-03  1.5957E+00  1.2875E-01  1.1548E-01
  5.5000E+01  7.3429E-03  1.5957E+00  1.2875E-01  1.1548E-01
  5.5000E+01  7.3429E-03  1.5957E+00  1.2875E-01  1.1548E-01
  5.5000E+01  7.3429E-03  1.5957E+00  1.2875E-01  1.1548E-01
  5.5000E+01  7.3429E-03  1.5957E+00  1.2875E-01  1.1548E-01
  5.5000E+01  7.3429E-03  1.5957E+00  1.2875E-01  1.1548E-01
  5.5000E+01  7.3429E-03  1.5957E+00  1.2875E-01  1.1548E-01
  5.6000E+01  3.1617E-03  7.0238E-01 -7.1388E-01 -7.0511E-01
  5.6000E+01  3.1617E-03  7.0238E-01 -7.1388E-01 -7.0511E-01
  5.6000E+01  3.1617E-03  7.0238E-01 -7.1388E-01 -7.0511E-01
  5.6000E+01  3.1617E-03  7.0238E-01 -7.1388E-01 -7.0511E-01
  5.7000E+01  1.0034E-02  1.9924E+00  4.4102E-01  3.3749E-01
  5.7000E+01  1.0034E-02  1.9924E+00  4.4102E-01  3.3749E-01
  5.7000E+01  1.0034E-02  1.9924E+00  4.4102E-01  3.3749E-01
  5.7000E+01  1.0034E-02  1.9924E+00  4.4102E-01  3.3749E-01
  5.7000E+01  1.0034E-02  1.9924E+00  4.4102E-01  3.3749E-01
  5.7000E+01  1.0034E-02  1.9924E+00  4.4102E-01  3.3749E-01
  5.7000E+01  1.0034E-02  1.9924E+00  4.4102E-01  3.3749E-01
  5.7000E+01  1.0034E-02  1.9924E+00  4.4102E-01  3.3749E-01
  5.7000E+01  1.0034E-02  1.9924E+00  4.4102E-01  3.3749E-01
  5.7000E+01  1.0034E-02  1.9924E+00  4.4102E-01  3.3749E-01
  5.7000E+01  1.0034E-02  1.9924E+00  4.4102E-01  3.3749E-01
  5.7000E+01  1.0034E-02  1.9924E+00  4.4102E-01  3.3749E-01
  5.7000E+01  1.0034E-02  1.9924E+00  4.4102E-01  3.3749E-01
  5.8000E+01  6.4825E-03  1.1902E+00  4.1176E-03 -1.7769E-01
  5.8000E+01  6.4825E-03  1.1902E+00  4.1176E-03 -1.7769E-01
  5.8000E+01  6.4825E-03  1.1902E+00  4.1176E-03 -1.7769E-01
  5.8000E+01  6.4825E-03  1.1902E+00  4.1176E-03 -1.7769E-01
  5.8000E+01  6.4825E-03  1.1902E+00  4.1176E-03 -1.7769E-01
  5.8000E+01  6.4825E-03  1.1902E+00  4.1176E-03 -1.7769E-01
  5.8000E+01  6.4825E-03  1.1902E+00  4.1176E-03 -1.7769E-01
  5.8000E+01  6.4825E-03  1.1902E+00  4.1176E-03 -1.7769E-01
  5.8000E+01  6.4825E-03  1.1902E+00  4.1176E-03 -1.7769E-01
  5.8000E+01  6.4825E-03  1.1902E+00  4.1176E-03 -1.7769E-01
  5.8000E+01  6.4825E-03  1.1902E+00  4.1176E-03 -1.7769E-01
  5.8000E+01  6.4825E-03  1.1902E+00  4.1176E-03 -1.7769E-01
  5.8000E+01  6.4825E-03  1.1902E+00  4.1176E-03 -1.7769E-01
  5.8000E+01  6.4825E-03  1.1902E+00  4.1176E-03 -1.7769E-01
  5.8000E+01  6.4825E-03  1.1902E+00  4.1176E-03 -1.7769E-01
  5.8000E+01  6.4825E-03  1.1902E+00  4.1176E-03 -1.7769E-01
  5.9000E+01  4.1578E-03  9.7980E-01 -4.4000E-01 -3.7224E-01
  5.9000E+01  4.1578E-03  9.7980E-01 -4.4000E-01 -3.7224E-01
  5.9000E+01  4.1578E-03  9.7980E-01 -4.4000E-01 -3.7224E-01
  5.9000E+01  4.1578E-03  9.7980E-01 -4.4000E-01 -3.7224E-01
  5.9000E+01  4.1578E-03  9.7980E-01 -4.4000E-01 -3.7224E-01
  5.9000E+01  4.1578E-03  9.7980E-01 -4.4000E-01 -3.7224E-01
  5.9000E+01  4.1578E-03  9.7980E-01 -4.4000E-01 -3.7224E-01
  5.9000E+01  4.1578E-03  9.7980E-01 -4.4000E-01 -3.7224E-01
  5.9000E+01  4.1578E-03  9.7980E-01 -4.4000E-01 -3.7224E-01
  5.9000E+01  4.1578E-03  9.7980E-01 -4.4000E-01 -3.7224E-01
  5.9000E+01  4.1578E-03  9.7980E-01 -4.4000E-01 -3.7224E-01
  5.9000E+01  4.1578E-03  9.7980E-01 -4.4000E-01 -3.7224E-01
  5.9000E+01  4.1578E-03  9.7980E-01 -4.4000E-01 -3.7224E-01
  5.9000E+01  4.1578E-03  9.7980E-01 -4.4000E-01 -3.7224E-01
  5.9000E+01  4.1578E-03  9.7980E-01 -4.4000E-01 -3.7224E-01
  5.9000E+01  4.1578E-03  9.7980E-01 -4.4000E-01 -3.7224E-01
  5.9000E+01  4.1578E-03  9.7980E-01 -4.4000E-01 -3.7224E-01
