TABLE NO.  2
 ID          LAM0        ETA1
  1.0000E+00  7.0968E+00  2.5849E-01
  1.0000E+00  7.0968E+00  2.5849E-01
  1.0000E+00  7.0968E+00  2.5849E-01
  1.0000E+00  7.0968E+00  2.5849E-01
  1.0000E+00  7.0968E+00  2.5849E-01
  1.0000E+00  7.0968E+00  2.5849E-01
  2.0000E+00  1.2770E+01  8.4598E-01
  2.0000E+00  1.2770E+01  8.4598E-01
  2.0000E+00  1.2770E+01  8.4598E-01
  2.0000E+00  1.2770E+01  8.4598E-01
  2.0000E+00  1.2770E+01  8.4598E-01
  2.0000E+00  1.2770E+01  8.4598E-01
  3.0000E+00  2.6950E+01  1.5928E+00
  3.0000E+00  2.6950E+01  1.5928E+00
  3.0000E+00  2.6950E+01  1.5928E+00
  3.0000E+00  2.6950E+01  1.5928E+00
  3.0000E+00  2.6950E+01  1.5928E+00
  3.0000E+00  2.6950E+01  1.5928E+00
  4.0000E+00  6.7760E+00  2.1223E-01
  4.0000E+00  6.7760E+00  2.1223E-01
  4.0000E+00  6.7760E+00  2.1223E-01
  4.0000E+00  6.7760E+00  2.1223E-01
  4.0000E+00  6.7760E+00  2.1223E-01
  4.0000E+00  6.7760E+00  2.1223E-01
  5.0000E+00  1.0517E+01  6.5188E-01
  5.0000E+00  1.0517E+01  6.5188E-01
  5.0000E+00  1.0517E+01  6.5188E-01
  5.0000E+00  1.0517E+01  6.5188E-01
  5.0000E+00  1.0517E+01  6.5188E-01
  5.0000E+00  1.0517E+01  6.5188E-01
  6.0000E+00  2.2463E+00 -8.9189E-01
  6.0000E+00  2.2463E+00 -8.9189E-01
  6.0000E+00  2.2463E+00 -8.9189E-01
  6.0000E+00  2.2463E+00 -8.9189E-01
  6.0000E+00  2.2463E+00 -8.9189E-01
  6.0000E+00  2.2463E+00 -8.9189E-01
  7.0000E+00  2.6243E+01  1.5663E+00
  7.0000E+00  2.6243E+01  1.5663E+00
  7.0000E+00  2.6243E+01  1.5663E+00
  7.0000E+00  2.6243E+01  1.5663E+00
  7.0000E+00  2.6243E+01  1.5663E+00
  7.0000E+00  2.6243E+01  1.5663E+00
  8.0000E+00  8.6403E+00  4.5528E-01
  8.0000E+00  8.6403E+00  4.5528E-01
  8.0000E+00  8.6403E+00  4.5528E-01
  8.0000E+00  8.6403E+00  4.5528E-01
  8.0000E+00  8.6403E+00  4.5528E-01
  8.0000E+00  8.6403E+00  4.5528E-01
  9.0000E+00  3.3929E+00 -4.7948E-01
  9.0000E+00  3.3929E+00 -4.7948E-01
  9.0000E+00  3.3929E+00 -4.7948E-01
  9.0000E+00  3.3929E+00 -4.7948E-01
  9.0000E+00  3.3929E+00 -4.7948E-01
  9.0000E+00  3.3929E+00 -4.7948E-01
  1.0000E+01  6.6158E+00  1.8830E-01
  1.0000E+01  6.6158E+00  1.8830E-01
  1.0000E+01  6.6158E+00  1.8830E-01
  1.0000E+01  6.6158E+00  1.8830E-01
  1.0000E+01  6.6158E+00  1.8830E-01
  1.0000E+01  6.6158E+00  1.8830E-01
  1.1000E+01  2.2070E+00 -9.0953E-01
  1.1000E+01  2.2070E+00 -9.0953E-01
  1.1000E+01  2.2070E+00 -9.0953E-01
  1.1000E+01  2.2070E+00 -9.0953E-01
  1.1000E+01  2.2070E+00 -9.0953E-01
  1.1000E+01  2.2070E+00 -9.0953E-01
  1.2000E+01  6.2853E+00  1.3707E-01
  1.2000E+01  6.2853E+00  1.3707E-01
  1.2000E+01  6.2853E+00  1.3707E-01
  1.2000E+01  6.2853E+00  1.3707E-01
  1.2000E+01  6.2853E+00  1.3707E-01
  1.2000E+01  6.2853E+00  1.3707E-01
  1.3000E+01  4.0798E+00 -2.9511E-01
  1.3000E+01  4.0798E+00 -2.9511E-01
  1.3000E+01  4.0798E+00 -2.9511E-01
  1.3000E+01  4.0798E+00 -2.9511E-01
  1.3000E+01  4.0798E+00 -2.9511E-01
  1.3000E+01  4.0798E+00 -2.9511E-01
  1.4000E+01  2.2328E+00 -8.9790E-01
  1.4000E+01  2.2328E+00 -8.9790E-01
  1.4000E+01  2.2328E+00 -8.9790E-01
  1.4000E+01  2.2328E+00 -8.9790E-01
  1.4000E+01  2.2328E+00 -8.9790E-01
  1.4000E+01  2.2328E+00 -8.9790E-01
  1.5000E+01  4.4417E+00 -2.1013E-01
  1.5000E+01  4.4417E+00 -2.1013E-01
  1.5000E+01  4.4417E+00 -2.1013E-01
  1.5000E+01  4.4417E+00 -2.1013E-01
  1.5000E+01  4.4417E+00 -2.1013E-01
  1.5000E+01  4.4417E+00 -2.1013E-01
  1.6000E+01  1.5715E+01  1.0535E+00
  1.6000E+01  1.5715E+01  1.0535E+00
  1.6000E+01  1.5715E+01  1.0535E+00
  1.6000E+01  1.5715E+01  1.0535E+00
  1.6000E+01  1.5715E+01  1.0535E+00
  1.6000E+01  1.5715E+01  1.0535E+00
  1.7000E+01  5.2987E+00 -3.3702E-02
  1.7000E+01  5.2987E+00 -3.3702E-02
  1.7000E+01  5.2987E+00 -3.3702E-02
  1.7000E+01  5.2987E+00 -3.3702E-02
  1.7000E+01  5.2987E+00 -3.3702E-02
  1.7000E+01  5.2987E+00 -3.3702E-02
  1.8000E+01  3.6824E+01  1.9050E+00
  1.8000E+01  3.6824E+01  1.9050E+00
  1.8000E+01  3.6824E+01  1.9050E+00
  1.8000E+01  3.6824E+01  1.9050E+00
  1.8000E+01  3.6824E+01  1.9050E+00
  1.8000E+01  3.6824E+01  1.9050E+00
  1.9000E+01  2.2417E+00 -8.9394E-01
  1.9000E+01  2.2417E+00 -8.9394E-01
  1.9000E+01  2.2417E+00 -8.9394E-01
  1.9000E+01  2.2417E+00 -8.9394E-01
  1.9000E+01  2.2417E+00 -8.9394E-01
  1.9000E+01  2.2417E+00 -8.9394E-01
  2.0000E+01  2.1871E+00 -9.1857E-01
  2.0000E+01  2.1871E+00 -9.1857E-01
  2.0000E+01  2.1871E+00 -9.1857E-01
  2.0000E+01  2.1871E+00 -9.1857E-01
  2.0000E+01  2.1871E+00 -9.1857E-01
  2.0000E+01  2.1871E+00 -9.1857E-01
  2.1000E+01  3.9450E+00 -3.2872E-01
  2.1000E+01  3.9450E+00 -3.2872E-01
  2.1000E+01  3.9450E+00 -3.2872E-01
  2.1000E+01  3.9450E+00 -3.2872E-01
  2.1000E+01  3.9450E+00 -3.2872E-01
  2.1000E+01  3.9450E+00 -3.2872E-01
  2.2000E+01  2.2417E+00 -8.9394E-01
  2.2000E+01  2.2417E+00 -8.9394E-01
  2.2000E+01  2.2417E+00 -8.9394E-01
  2.2000E+01  2.2417E+00 -8.9394E-01
  2.2000E+01  2.2417E+00 -8.9394E-01
  2.2000E+01  2.2417E+00 -8.9394E-01
  2.3000E+01  2.3973E+00 -8.2683E-01
  2.3000E+01  2.3973E+00 -8.2683E-01
  2.3000E+01  2.3973E+00 -8.2683E-01
  2.3000E+01  2.3973E+00 -8.2683E-01
  2.3000E+01  2.3973E+00 -8.2683E-01
  2.3000E+01  2.3973E+00 -8.2683E-01
  2.4000E+01  6.5465E+00  1.7778E-01
  2.4000E+01  6.5465E+00  1.7778E-01
  2.4000E+01  6.5465E+00  1.7778E-01
  2.4000E+01  6.5465E+00  1.7778E-01
  2.4000E+01  6.5465E+00  1.7778E-01
  2.4000E+01  6.5465E+00  1.7778E-01
  2.5000E+01  1.8009E+00 -1.1129E+00
  2.5000E+01  1.8009E+00 -1.1129E+00
  2.5000E+01  1.8009E+00 -1.1129E+00
  2.5000E+01  1.8009E+00 -1.1129E+00
  2.5000E+01  1.8009E+00 -1.1129E+00
  2.5000E+01  1.8009E+00 -1.1129E+00
  2.6000E+01  1.7280E+00 -1.1542E+00
  2.6000E+01  1.7280E+00 -1.1542E+00
  2.6000E+01  1.7280E+00 -1.1542E+00
  2.6000E+01  1.7280E+00 -1.1542E+00
  2.6000E+01  1.7280E+00 -1.1542E+00
  2.6000E+01  1.7280E+00 -1.1542E+00
  2.7000E+01  5.9319E+00  7.9185E-02
  2.7000E+01  5.9319E+00  7.9185E-02
  2.7000E+01  5.9319E+00  7.9185E-02
  2.7000E+01  5.9319E+00  7.9185E-02
  2.7000E+01  5.9319E+00  7.9185E-02
  2.7000E+01  5.9319E+00  7.9185E-02
  2.8000E+01  2.8440E+00 -6.5595E-01
  2.8000E+01  2.8440E+00 -6.5595E-01
  2.8000E+01  2.8440E+00 -6.5595E-01
  2.8000E+01  2.8440E+00 -6.5595E-01
  2.8000E+01  2.8440E+00 -6.5595E-01
  2.8000E+01  2.8440E+00 -6.5595E-01
  2.9000E+01  5.6750E+00  3.4917E-02
  2.9000E+01  5.6750E+00  3.4917E-02
  2.9000E+01  5.6750E+00  3.4917E-02
  2.9000E+01  5.6750E+00  3.4917E-02
  2.9000E+01  5.6750E+00  3.4917E-02
  2.9000E+01  5.6750E+00  3.4917E-02
  3.0000E+01  1.1836E+01  7.7000E-01
  3.0000E+01  1.1836E+01  7.7000E-01
  3.0000E+01  1.1836E+01  7.7000E-01
  3.0000E+01  1.1836E+01  7.7000E-01
  3.0000E+01  1.1836E+01  7.7000E-01
  3.0000E+01  1.1836E+01  7.7000E-01
  3.1000E+01  3.7679E+00 -3.7463E-01
  3.1000E+01  3.7679E+00 -3.7463E-01
  3.1000E+01  3.7679E+00 -3.7463E-01
  3.1000E+01  3.7679E+00 -3.7463E-01
  3.1000E+01  3.7679E+00 -3.7463E-01
  3.1000E+01  3.7679E+00 -3.7463E-01
  3.2000E+01  6.1528E+00  1.1575E-01
  3.2000E+01  6.1528E+00  1.1575E-01
  3.2000E+01  6.1528E+00  1.1575E-01
  3.2000E+01  6.1528E+00  1.1575E-01
  3.2000E+01  6.1528E+00  1.1575E-01
  3.2000E+01  6.1528E+00  1.1575E-01
  3.3000E+01  1.1601E+01  7.4996E-01
  3.3000E+01  1.1601E+01  7.4996E-01
  3.3000E+01  1.1601E+01  7.4996E-01
  3.3000E+01  1.1601E+01  7.4996E-01
  3.3000E+01  1.1601E+01  7.4996E-01
  3.3000E+01  1.1601E+01  7.4996E-01
  3.4000E+01  4.3931E+00 -2.2112E-01
  3.4000E+01  4.3931E+00 -2.2112E-01
  3.4000E+01  4.3931E+00 -2.2112E-01
  3.4000E+01  4.3931E+00 -2.2112E-01
  3.4000E+01  4.3931E+00 -2.2112E-01
  3.4000E+01  4.3931E+00 -2.2112E-01
  3.5000E+01  4.4798E+00 -2.0158E-01
  3.5000E+01  4.4798E+00 -2.0158E-01
  3.5000E+01  4.4798E+00 -2.0158E-01
  3.5000E+01  4.4798E+00 -2.0158E-01
  3.5000E+01  4.4798E+00 -2.0158E-01
  3.5000E+01  4.4798E+00 -2.0158E-01
  3.6000E+01  2.2565E+00 -8.8734E-01
  3.6000E+01  2.2565E+00 -8.8734E-01
  3.6000E+01  2.2565E+00 -8.8734E-01
  3.6000E+01  2.2565E+00 -8.8734E-01
  3.6000E+01  2.2565E+00 -8.8734E-01
  3.6000E+01  2.2565E+00 -8.8734E-01
  3.7000E+01  1.8012E+01  1.1899E+00
  3.7000E+01  1.8012E+01  1.1899E+00
  3.7000E+01  1.8012E+01  1.1899E+00
  3.7000E+01  1.8012E+01  1.1899E+00
  3.7000E+01  1.8012E+01  1.1899E+00
  3.7000E+01  1.8012E+01  1.1899E+00
  3.8000E+01  4.7327E+00 -1.4666E-01
  3.8000E+01  4.7327E+00 -1.4666E-01
  3.8000E+01  4.7327E+00 -1.4666E-01
  3.8000E+01  4.7327E+00 -1.4666E-01
  3.8000E+01  4.7327E+00 -1.4666E-01
  3.8000E+01  4.7327E+00 -1.4666E-01
  3.9000E+01  4.8879E+00 -1.1439E-01
  3.9000E+01  4.8879E+00 -1.1439E-01
  3.9000E+01  4.8879E+00 -1.1439E-01
  3.9000E+01  4.8879E+00 -1.1439E-01
  3.9000E+01  4.8879E+00 -1.1439E-01
  3.9000E+01  4.8879E+00 -1.1439E-01
  4.0000E+01  2.9965E+00 -6.0370E-01
  4.0000E+01  2.9965E+00 -6.0370E-01
  4.0000E+01  2.9965E+00 -6.0370E-01
  4.0000E+01  2.9965E+00 -6.0370E-01
  4.0000E+01  2.9965E+00 -6.0370E-01
  4.0000E+01  2.9965E+00 -6.0370E-01
  4.1000E+01  5.2962E+00 -3.4158E-02
  4.1000E+01  5.2962E+00 -3.4158E-02
  4.1000E+01  5.2962E+00 -3.4158E-02
  4.1000E+01  5.2962E+00 -3.4158E-02
  4.1000E+01  5.2962E+00 -3.4158E-02
  4.1000E+01  5.2962E+00 -3.4158E-02
  4.2000E+01  2.3352E+01  1.4495E+00
  4.2000E+01  2.3352E+01  1.4495E+00
  4.2000E+01  2.3352E+01  1.4495E+00
  4.2000E+01  2.3352E+01  1.4495E+00
  4.2000E+01  2.3352E+01  1.4495E+00
  4.2000E+01  2.3352E+01  1.4495E+00
  4.3000E+01  1.3751E+01  9.1998E-01
  4.3000E+01  1.3751E+01  9.1998E-01
  4.3000E+01  1.3751E+01  9.1998E-01
  4.3000E+01  1.3751E+01  9.1998E-01
  4.3000E+01  1.3751E+01  9.1998E-01
  4.3000E+01  1.3751E+01  9.1998E-01
  4.4000E+01  1.7906E+00 -1.1186E+00
  4.4000E+01  1.7906E+00 -1.1186E+00
  4.4000E+01  1.7906E+00 -1.1186E+00
  4.4000E+01  1.7906E+00 -1.1186E+00
  4.4000E+01  1.7906E+00 -1.1186E+00
  4.4000E+01  1.7906E+00 -1.1186E+00
  4.5000E+01  7.1444E+00  2.6518E-01
  4.5000E+01  7.1444E+00  2.6518E-01
  4.5000E+01  7.1444E+00  2.6518E-01
  4.5000E+01  7.1444E+00  2.6518E-01
  4.5000E+01  7.1444E+00  2.6518E-01
  4.5000E+01  7.1444E+00  2.6518E-01
  4.6000E+01  6.1361E+00  1.1304E-01
  4.6000E+01  6.1361E+00  1.1304E-01
  4.6000E+01  6.1361E+00  1.1304E-01
  4.6000E+01  6.1361E+00  1.1304E-01
  4.6000E+01  6.1361E+00  1.1304E-01
  4.6000E+01  6.1361E+00  1.1304E-01
  4.7000E+01  6.2647E+00  1.3377E-01
  4.7000E+01  6.2647E+00  1.3377E-01
  4.7000E+01  6.2647E+00  1.3377E-01
  4.7000E+01  6.2647E+00  1.3377E-01
  4.7000E+01  6.2647E+00  1.3377E-01
  4.7000E+01  6.2647E+00  1.3377E-01
  4.8000E+01  1.0946E+01  6.9183E-01
  4.8000E+01  1.0946E+01  6.9183E-01
  4.8000E+01  1.0946E+01  6.9183E-01
  4.8000E+01  1.0946E+01  6.9183E-01
  4.8000E+01  1.0946E+01  6.9183E-01
  4.8000E+01  1.0946E+01  6.9183E-01
  4.9000E+01  8.3850E+00  4.2529E-01
  4.9000E+01  8.3850E+00  4.2529E-01
  4.9000E+01  8.3850E+00  4.2529E-01
  4.9000E+01  8.3850E+00  4.2529E-01
  4.9000E+01  8.3850E+00  4.2529E-01
  4.9000E+01  8.3850E+00  4.2529E-01
  5.0000E+01  3.3638E+00 -4.8810E-01
  5.0000E+01  3.3638E+00 -4.8810E-01
  5.0000E+01  3.3638E+00 -4.8810E-01
  5.0000E+01  3.3638E+00 -4.8810E-01
  5.0000E+01  3.3638E+00 -4.8810E-01
  5.0000E+01  3.3638E+00 -4.8810E-01
  5.1000E+01  8.1680E+00  3.9907E-01
  5.1000E+01  8.1680E+00  3.9907E-01
  5.1000E+01  8.1680E+00  3.9907E-01
  5.1000E+01  8.1680E+00  3.9907E-01
  5.1000E+01  8.1680E+00  3.9907E-01
  5.1000E+01  8.1680E+00  3.9907E-01
  5.2000E+01  2.9965E+00 -6.0370E-01
  5.2000E+01  2.9965E+00 -6.0370E-01
  5.2000E+01  2.9965E+00 -6.0370E-01
  5.2000E+01  2.9965E+00 -6.0370E-01
  5.2000E+01  2.9965E+00 -6.0370E-01
  5.2000E+01  2.9965E+00 -6.0370E-01
  5.3000E+01  1.5645E+01  1.0490E+00
  5.3000E+01  1.5645E+01  1.0490E+00
  5.3000E+01  1.5645E+01  1.0490E+00
  5.3000E+01  1.5645E+01  1.0490E+00
  5.3000E+01  1.5645E+01  1.0490E+00
  5.3000E+01  1.5645E+01  1.0490E+00
  5.4000E+01  6.4333E+00  1.6034E-01
  5.4000E+01  6.4333E+00  1.6034E-01
  5.4000E+01  6.4333E+00  1.6034E-01
  5.4000E+01  6.4333E+00  1.6034E-01
  5.4000E+01  6.4333E+00  1.6034E-01
  5.4000E+01  6.4333E+00  1.6034E-01
  5.5000E+01  5.0235E+00 -8.7024E-02
  5.5000E+01  5.0235E+00 -8.7024E-02
  5.5000E+01  5.0235E+00 -8.7024E-02
  5.5000E+01  5.0235E+00 -8.7024E-02
  5.5000E+01  5.0235E+00 -8.7024E-02
  5.5000E+01  5.0235E+00 -8.7024E-02
  5.6000E+01  4.1976E+00 -2.6665E-01
  5.6000E+01  4.1976E+00 -2.6665E-01
  5.6000E+01  4.1976E+00 -2.6665E-01
  5.6000E+01  4.1976E+00 -2.6665E-01
  5.6000E+01  4.1976E+00 -2.6665E-01
  5.6000E+01  4.1976E+00 -2.6665E-01
  5.7000E+01  3.2125E+00 -5.3412E-01
  5.7000E+01  3.2125E+00 -5.3412E-01
  5.7000E+01  3.2125E+00 -5.3412E-01
  5.7000E+01  3.2125E+00 -5.3412E-01
  5.7000E+01  3.2125E+00 -5.3412E-01
  5.7000E+01  3.2125E+00 -5.3412E-01
  5.8000E+01  5.1818E+00 -5.6002E-02
  5.8000E+01  5.1818E+00 -5.6002E-02
  5.8000E+01  5.1818E+00 -5.6002E-02
  5.8000E+01  5.1818E+00 -5.6002E-02
  5.8000E+01  5.1818E+00 -5.6002E-02
  5.8000E+01  5.1818E+00 -5.6002E-02
  5.9000E+01  2.5399E+00 -7.6904E-01
  5.9000E+01  2.5399E+00 -7.6904E-01
  5.9000E+01  2.5399E+00 -7.6904E-01
  5.9000E+01  2.5399E+00 -7.6904E-01
  5.9000E+01  2.5399E+00 -7.6904E-01
  5.9000E+01  2.5399E+00 -7.6904E-01
  6.0000E+01  3.7462E+00 -3.8042E-01
  6.0000E+01  3.7462E+00 -3.8042E-01
  6.0000E+01  3.7462E+00 -3.8042E-01
  6.0000E+01  3.7462E+00 -3.8042E-01
  6.0000E+01  3.7462E+00 -3.8042E-01
  6.0000E+01  3.7462E+00 -3.8042E-01
  6.1000E+01  1.0491E+01  6.4937E-01
  6.1000E+01  1.0491E+01  6.4937E-01
  6.1000E+01  1.0491E+01  6.4937E-01
  6.1000E+01  1.0491E+01  6.4937E-01
  6.1000E+01  1.0491E+01  6.4937E-01
  6.1000E+01  1.0491E+01  6.4937E-01
  6.2000E+01  5.6025E+00  2.2063E-02
  6.2000E+01  5.6025E+00  2.2063E-02
  6.2000E+01  5.6025E+00  2.2063E-02
  6.2000E+01  5.6025E+00  2.2063E-02
  6.2000E+01  5.6025E+00  2.2063E-02
  6.2000E+01  5.6025E+00  2.2063E-02
  6.3000E+01  2.7734E+00 -6.8108E-01
  6.3000E+01  2.7734E+00 -6.8108E-01
  6.3000E+01  2.7734E+00 -6.8108E-01
  6.3000E+01  2.7734E+00 -6.8108E-01
  6.3000E+01  2.7734E+00 -6.8108E-01
  6.3000E+01  2.7734E+00 -6.8108E-01
  6.4000E+01  4.8655E+00 -1.1899E-01
  6.4000E+01  4.8655E+00 -1.1899E-01
  6.4000E+01  4.8655E+00 -1.1899E-01
  6.4000E+01  4.8655E+00 -1.1899E-01
  6.4000E+01  4.8655E+00 -1.1899E-01
  6.4000E+01  4.8655E+00 -1.1899E-01
  6.5000E+01  5.9874E+00  8.8498E-02
  6.5000E+01  5.9874E+00  8.8498E-02
  6.5000E+01  5.9874E+00  8.8498E-02
  6.5000E+01  5.9874E+00  8.8498E-02
  6.5000E+01  5.9874E+00  8.8498E-02
  6.5000E+01  5.9874E+00  8.8498E-02
  6.6000E+01  2.7809E+00 -6.7840E-01
  6.6000E+01  2.7809E+00 -6.7840E-01
  6.6000E+01  2.7809E+00 -6.7840E-01
  6.6000E+01  2.7809E+00 -6.7840E-01
  6.6000E+01  2.7809E+00 -6.7840E-01
  6.6000E+01  2.7809E+00 -6.7840E-01
  6.7000E+01  1.3588E+01  9.0802E-01
  6.7000E+01  1.3588E+01  9.0802E-01
  6.7000E+01  1.3588E+01  9.0802E-01
  6.7000E+01  1.3588E+01  9.0802E-01
  6.7000E+01  1.3588E+01  9.0802E-01
  6.7000E+01  1.3588E+01  9.0802E-01
  6.8000E+01  4.3898E+00 -2.2187E-01
  6.8000E+01  4.3898E+00 -2.2187E-01
  6.8000E+01  4.3898E+00 -2.2187E-01
  6.8000E+01  4.3898E+00 -2.2187E-01
  6.8000E+01  4.3898E+00 -2.2187E-01
  6.8000E+01  4.3898E+00 -2.2187E-01
  6.9000E+01  2.4514E+00 -8.0451E-01
  6.9000E+01  2.4514E+00 -8.0451E-01
  6.9000E+01  2.4514E+00 -8.0451E-01
  6.9000E+01  2.4514E+00 -8.0451E-01
  6.9000E+01  2.4514E+00 -8.0451E-01
  6.9000E+01  2.4514E+00 -8.0451E-01
  7.0000E+01  2.8440E+00 -6.5595E-01
  7.0000E+01  2.8440E+00 -6.5595E-01
  7.0000E+01  2.8440E+00 -6.5595E-01
  7.0000E+01  2.8440E+00 -6.5595E-01
  7.0000E+01  2.8440E+00 -6.5595E-01
  7.0000E+01  2.8440E+00 -6.5595E-01
  7.1000E+01  6.3282E+00  1.4386E-01
  7.1000E+01  6.3282E+00  1.4386E-01
  7.1000E+01  6.3282E+00  1.4386E-01
  7.1000E+01  6.3282E+00  1.4386E-01
  7.1000E+01  6.3282E+00  1.4386E-01
  7.1000E+01  6.3282E+00  1.4386E-01
  7.2000E+01  1.3759E+01  9.2055E-01
  7.2000E+01  1.3759E+01  9.2055E-01
  7.2000E+01  1.3759E+01  9.2055E-01
  7.2000E+01  1.3759E+01  9.2055E-01
  7.2000E+01  1.3759E+01  9.2055E-01
  7.2000E+01  1.3759E+01  9.2055E-01
  7.3000E+01  2.8440E+00 -6.5595E-01
  7.3000E+01  2.8440E+00 -6.5595E-01
  7.3000E+01  2.8440E+00 -6.5595E-01
  7.3000E+01  2.8440E+00 -6.5595E-01
  7.3000E+01  2.8440E+00 -6.5595E-01
  7.3000E+01  2.8440E+00 -6.5595E-01
  7.4000E+01  6.6303E+00  1.9049E-01
  7.4000E+01  6.6303E+00  1.9049E-01
  7.4000E+01  6.6303E+00  1.9049E-01
  7.4000E+01  6.6303E+00  1.9049E-01
  7.4000E+01  6.6303E+00  1.9049E-01
  7.4000E+01  6.6303E+00  1.9049E-01
  7.5000E+01  1.8276E+01  1.2044E+00
  7.5000E+01  1.8276E+01  1.2044E+00
  7.5000E+01  1.8276E+01  1.2044E+00
  7.5000E+01  1.8276E+01  1.2044E+00
  7.5000E+01  1.8276E+01  1.2044E+00
  7.5000E+01  1.8276E+01  1.2044E+00
  7.6000E+01  2.6922E+00 -7.1081E-01
  7.6000E+01  2.6922E+00 -7.1081E-01
  7.6000E+01  2.6922E+00 -7.1081E-01
  7.6000E+01  2.6922E+00 -7.1081E-01
  7.6000E+01  2.6922E+00 -7.1081E-01
  7.6000E+01  2.6922E+00 -7.1081E-01
  7.7000E+01  4.9639E+00 -9.8974E-02
  7.7000E+01  4.9639E+00 -9.8974E-02
  7.7000E+01  4.9639E+00 -9.8974E-02
  7.7000E+01  4.9639E+00 -9.8974E-02
  7.7000E+01  4.9639E+00 -9.8974E-02
  7.7000E+01  4.9639E+00 -9.8974E-02
  7.8000E+01  1.4892E+01  9.9969E-01
  7.8000E+01  1.4892E+01  9.9969E-01
  7.8000E+01  1.4892E+01  9.9969E-01
  7.8000E+01  1.4892E+01  9.9969E-01
  7.8000E+01  1.4892E+01  9.9969E-01
  7.8000E+01  1.4892E+01  9.9969E-01
  7.9000E+01  5.3403E+00 -2.5869E-02
  7.9000E+01  5.3403E+00 -2.5869E-02
  7.9000E+01  5.3403E+00 -2.5869E-02
  7.9000E+01  5.3403E+00 -2.5869E-02
  7.9000E+01  5.3403E+00 -2.5869E-02
  7.9000E+01  5.3403E+00 -2.5869E-02
  8.0000E+01  2.4070E+01  1.4798E+00
  8.0000E+01  2.4070E+01  1.4798E+00
  8.0000E+01  2.4070E+01  1.4798E+00
  8.0000E+01  2.4070E+01  1.4798E+00
  8.0000E+01  2.4070E+01  1.4798E+00
  8.0000E+01  2.4070E+01  1.4798E+00
  8.1000E+01  2.9904E+00 -6.0577E-01
  8.1000E+01  2.9904E+00 -6.0577E-01
  8.1000E+01  2.9904E+00 -6.0577E-01
  8.1000E+01  2.9904E+00 -6.0577E-01
  8.1000E+01  2.9904E+00 -6.0577E-01
  8.1000E+01  2.9904E+00 -6.0577E-01
  8.2000E+01  3.3035E+00 -5.0617E-01
  8.2000E+01  3.3035E+00 -5.0617E-01
  8.2000E+01  3.3035E+00 -5.0617E-01
  8.2000E+01  3.3035E+00 -5.0617E-01
  8.2000E+01  3.3035E+00 -5.0617E-01
  8.2000E+01  3.3035E+00 -5.0617E-01
  8.3000E+01  2.7839E+00 -6.7731E-01
  8.3000E+01  2.7839E+00 -6.7731E-01
  8.3000E+01  2.7839E+00 -6.7731E-01
  8.3000E+01  2.7839E+00 -6.7731E-01
  8.3000E+01  2.7839E+00 -6.7731E-01
  8.3000E+01  2.7839E+00 -6.7731E-01
  8.4000E+01  5.5624E+00  1.4877E-02
  8.4000E+01  5.5624E+00  1.4877E-02
  8.4000E+01  5.5624E+00  1.4877E-02
  8.4000E+01  5.5624E+00  1.4877E-02
  8.4000E+01  5.5624E+00  1.4877E-02
  8.4000E+01  5.5624E+00  1.4877E-02
  8.5000E+01  7.2574E+00  2.8087E-01
  8.5000E+01  7.2574E+00  2.8087E-01
  8.5000E+01  7.2574E+00  2.8087E-01
  8.5000E+01  7.2574E+00  2.8087E-01
  8.5000E+01  7.2574E+00  2.8087E-01
  8.5000E+01  7.2574E+00  2.8087E-01
  8.6000E+01  2.0066E+00 -1.0047E+00
  8.6000E+01  2.0066E+00 -1.0047E+00
  8.6000E+01  2.0066E+00 -1.0047E+00
  8.6000E+01  2.0066E+00 -1.0047E+00
  8.6000E+01  2.0066E+00 -1.0047E+00
  8.6000E+01  2.0066E+00 -1.0047E+00
  8.7000E+01  5.4940E+00  2.4969E-03
  8.7000E+01  5.4940E+00  2.4969E-03
  8.7000E+01  5.4940E+00  2.4969E-03
  8.7000E+01  5.4940E+00  2.4969E-03
  8.7000E+01  5.4940E+00  2.4969E-03
  8.7000E+01  5.4940E+00  2.4969E-03
  8.8000E+01  3.4578E+00 -4.6052E-01
  8.8000E+01  3.4578E+00 -4.6052E-01
  8.8000E+01  3.4578E+00 -4.6052E-01
  8.8000E+01  3.4578E+00 -4.6052E-01
  8.8000E+01  3.4578E+00 -4.6052E-01
  8.8000E+01  3.4578E+00 -4.6052E-01
  8.9000E+01  3.8755E+01  1.9561E+00
  8.9000E+01  3.8755E+01  1.9561E+00
  8.9000E+01  3.8755E+01  1.9561E+00
  8.9000E+01  3.8755E+01  1.9561E+00
  8.9000E+01  3.8755E+01  1.9561E+00
  8.9000E+01  3.8755E+01  1.9561E+00
  9.0000E+01  2.9439E+00 -6.2144E-01
  9.0000E+01  2.9439E+00 -6.2144E-01
  9.0000E+01  2.9439E+00 -6.2144E-01
  9.0000E+01  2.9439E+00 -6.2144E-01
  9.0000E+01  2.9439E+00 -6.2144E-01
  9.0000E+01  2.9439E+00 -6.2144E-01
  9.1000E+01  1.6567E+00 -1.1963E+00
  9.1000E+01  1.6567E+00 -1.1963E+00
  9.1000E+01  1.6567E+00 -1.1963E+00
  9.1000E+01  1.6567E+00 -1.1963E+00
  9.1000E+01  1.6567E+00 -1.1963E+00
  9.1000E+01  1.6567E+00 -1.1963E+00
  9.2000E+01  7.5265E+00  3.1728E-01
  9.2000E+01  7.5265E+00  3.1728E-01
  9.2000E+01  7.5265E+00  3.1728E-01
  9.2000E+01  7.5265E+00  3.1728E-01
  9.2000E+01  7.5265E+00  3.1728E-01
  9.2000E+01  7.5265E+00  3.1728E-01
  9.3000E+01  7.6809E+00  3.3759E-01
  9.3000E+01  7.6809E+00  3.3759E-01
  9.3000E+01  7.6809E+00  3.3759E-01
  9.3000E+01  7.6809E+00  3.3759E-01
  9.3000E+01  7.6809E+00  3.3759E-01
  9.3000E+01  7.6809E+00  3.3759E-01
  9.4000E+01  5.0235E+00 -8.7024E-02
  9.4000E+01  5.0235E+00 -8.7024E-02
  9.4000E+01  5.0235E+00 -8.7024E-02
  9.4000E+01  5.0235E+00 -8.7024E-02
  9.4000E+01  5.0235E+00 -8.7024E-02
  9.4000E+01  5.0235E+00 -8.7024E-02
  9.5000E+01  8.3038E+00  4.1555E-01
  9.5000E+01  8.3038E+00  4.1555E-01
  9.5000E+01  8.3038E+00  4.1555E-01
  9.5000E+01  8.3038E+00  4.1555E-01
  9.5000E+01  8.3038E+00  4.1555E-01
  9.5000E+01  8.3038E+00  4.1555E-01
  9.6000E+01  6.1391E+00  1.1353E-01
  9.6000E+01  6.1391E+00  1.1353E-01
  9.6000E+01  6.1391E+00  1.1353E-01
  9.6000E+01  6.1391E+00  1.1353E-01
  9.6000E+01  6.1391E+00  1.1353E-01
  9.6000E+01  6.1391E+00  1.1353E-01
  9.7000E+01  1.4242E+01  9.5503E-01
  9.7000E+01  1.4242E+01  9.5503E-01
  9.7000E+01  1.4242E+01  9.5503E-01
  9.7000E+01  1.4242E+01  9.5503E-01
  9.7000E+01  1.4242E+01  9.5503E-01
  9.7000E+01  1.4242E+01  9.5503E-01
  9.8000E+01  7.1134E+00  2.6083E-01
  9.8000E+01  7.1134E+00  2.6083E-01
  9.8000E+01  7.1134E+00  2.6083E-01
  9.8000E+01  7.1134E+00  2.6083E-01
  9.8000E+01  7.1134E+00  2.6083E-01
  9.8000E+01  7.1134E+00  2.6083E-01
  9.9000E+01  8.3969E+00  4.2670E-01
  9.9000E+01  8.3969E+00  4.2670E-01
  9.9000E+01  8.3969E+00  4.2670E-01
  9.9000E+01  8.3969E+00  4.2670E-01
  9.9000E+01  8.3969E+00  4.2670E-01
  9.9000E+01  8.3969E+00  4.2670E-01
  1.0000E+02  6.9363E+00  2.3561E-01
  1.0000E+02  6.9363E+00  2.3561E-01
  1.0000E+02  6.9363E+00  2.3561E-01
  1.0000E+02  6.9363E+00  2.3561E-01
  1.0000E+02  6.9363E+00  2.3561E-01
  1.0000E+02  6.9363E+00  2.3561E-01
  1.0100E+02  6.5961E+00  1.8533E-01
  1.0100E+02  6.5961E+00  1.8533E-01
  1.0100E+02  6.5961E+00  1.8533E-01
  1.0100E+02  6.5961E+00  1.8533E-01
  1.0100E+02  6.5961E+00  1.8533E-01
  1.0100E+02  6.5961E+00  1.8533E-01
  1.0200E+02  8.1164E+00  3.9273E-01
  1.0200E+02  8.1164E+00  3.9273E-01
  1.0200E+02  8.1164E+00  3.9273E-01
  1.0200E+02  8.1164E+00  3.9273E-01
  1.0200E+02  8.1164E+00  3.9273E-01
  1.0200E+02  8.1164E+00  3.9273E-01
  1.0300E+02  2.8059E+01  1.6331E+00
  1.0300E+02  2.8059E+01  1.6331E+00
  1.0300E+02  2.8059E+01  1.6331E+00
  1.0300E+02  2.8059E+01  1.6331E+00
  1.0300E+02  2.8059E+01  1.6331E+00
  1.0300E+02  2.8059E+01  1.6331E+00
  1.0400E+02  1.3450E+00 -1.4047E+00
  1.0400E+02  1.3450E+00 -1.4047E+00
  1.0400E+02  1.3450E+00 -1.4047E+00
  1.0400E+02  1.3450E+00 -1.4047E+00
  1.0400E+02  1.3450E+00 -1.4047E+00
  1.0400E+02  1.3450E+00 -1.4047E+00
  1.0500E+02  7.7733E+00  3.4954E-01
  1.0500E+02  7.7733E+00  3.4954E-01
  1.0500E+02  7.7733E+00  3.4954E-01
  1.0500E+02  7.7733E+00  3.4954E-01
  1.0500E+02  7.7733E+00  3.4954E-01
  1.0500E+02  7.7733E+00  3.4954E-01
  1.0600E+02  5.1818E+00 -5.6002E-02
  1.0600E+02  5.1818E+00 -5.6002E-02
  1.0600E+02  5.1818E+00 -5.6002E-02
  1.0600E+02  5.1818E+00 -5.6002E-02
  1.0600E+02  5.1818E+00 -5.6002E-02
  1.0600E+02  5.1818E+00 -5.6002E-02
  1.0700E+02  3.6500E+00 -4.0642E-01
  1.0700E+02  3.6500E+00 -4.0642E-01
  1.0700E+02  3.6500E+00 -4.0642E-01
  1.0700E+02  3.6500E+00 -4.0642E-01
  1.0700E+02  3.6500E+00 -4.0642E-01
  1.0700E+02  3.6500E+00 -4.0642E-01
  1.0800E+02  9.9646E+00  5.9788E-01
  1.0800E+02  9.9646E+00  5.9788E-01
  1.0800E+02  9.9646E+00  5.9788E-01
  1.0800E+02  9.9646E+00  5.9788E-01
  1.0800E+02  9.9646E+00  5.9788E-01
  1.0800E+02  9.9646E+00  5.9788E-01
  1.0900E+02  1.8009E+00 -1.1129E+00
  1.0900E+02  1.8009E+00 -1.1129E+00
  1.0900E+02  1.8009E+00 -1.1129E+00
  1.0900E+02  1.8009E+00 -1.1129E+00
  1.0900E+02  1.8009E+00 -1.1129E+00
  1.0900E+02  1.8009E+00 -1.1129E+00
  1.1000E+02  6.7186E+00  2.0373E-01
  1.1000E+02  6.7186E+00  2.0373E-01
  1.1000E+02  6.7186E+00  2.0373E-01
  1.1000E+02  6.7186E+00  2.0373E-01
  1.1000E+02  6.7186E+00  2.0373E-01
  1.1000E+02  6.7186E+00  2.0373E-01
  1.1100E+02  7.4195E+00  3.0295E-01
  1.1100E+02  7.4195E+00  3.0295E-01
  1.1100E+02  7.4195E+00  3.0295E-01
  1.1100E+02  7.4195E+00  3.0295E-01
  1.1100E+02  7.4195E+00  3.0295E-01
  1.1100E+02  7.4195E+00  3.0295E-01
  1.1200E+02  1.0004E+01  6.0183E-01
  1.1200E+02  1.0004E+01  6.0183E-01
  1.1200E+02  1.0004E+01  6.0183E-01
  1.1200E+02  1.0004E+01  6.0183E-01
  1.1200E+02  1.0004E+01  6.0183E-01
  1.1200E+02  1.0004E+01  6.0183E-01
  1.1300E+02  9.6999E+00  5.7096E-01
  1.1300E+02  9.6999E+00  5.7096E-01
  1.1300E+02  9.6999E+00  5.7096E-01
  1.1300E+02  9.6999E+00  5.7096E-01
  1.1300E+02  9.6999E+00  5.7096E-01
  1.1300E+02  9.6999E+00  5.7096E-01
  1.1400E+02  4.2077E+00 -2.6424E-01
  1.1400E+02  4.2077E+00 -2.6424E-01
  1.1400E+02  4.2077E+00 -2.6424E-01
  1.1400E+02  4.2077E+00 -2.6424E-01
  1.1400E+02  4.2077E+00 -2.6424E-01
  1.1400E+02  4.2077E+00 -2.6424E-01
  1.1500E+02  5.6580E+00  3.1921E-02
  1.1500E+02  5.6580E+00  3.1921E-02
  1.1500E+02  5.6580E+00  3.1921E-02
  1.1500E+02  5.6580E+00  3.1921E-02
  1.1500E+02  5.6580E+00  3.1921E-02
  1.1500E+02  5.6580E+00  3.1921E-02
  1.1600E+02  2.6590E+00 -7.2322E-01
  1.1600E+02  2.6590E+00 -7.2322E-01
  1.1600E+02  2.6590E+00 -7.2322E-01
  1.1600E+02  2.6590E+00 -7.2322E-01
  1.1600E+02  2.6590E+00 -7.2322E-01
  1.1600E+02  2.6590E+00 -7.2322E-01
  1.1700E+02  6.6092E+00  1.8731E-01
  1.1700E+02  6.6092E+00  1.8731E-01
  1.1700E+02  6.6092E+00  1.8731E-01
  1.1700E+02  6.6092E+00  1.8731E-01
  1.1700E+02  6.6092E+00  1.8731E-01
  1.1700E+02  6.6092E+00  1.8731E-01
  1.1800E+02  7.4182E+00  3.0277E-01
  1.1800E+02  7.4182E+00  3.0277E-01
  1.1800E+02  7.4182E+00  3.0277E-01
  1.1800E+02  7.4182E+00  3.0277E-01
  1.1800E+02  7.4182E+00  3.0277E-01
  1.1800E+02  7.4182E+00  3.0277E-01
  1.1900E+02  1.7177E+01  1.1424E+00
  1.1900E+02  1.7177E+01  1.1424E+00
  1.1900E+02  1.7177E+01  1.1424E+00
  1.1900E+02  1.7177E+01  1.1424E+00
  1.1900E+02  1.7177E+01  1.1424E+00
  1.1900E+02  1.7177E+01  1.1424E+00
  1.2000E+02  4.5165E+00 -1.9342E-01
  1.2000E+02  4.5165E+00 -1.9342E-01
  1.2000E+02  4.5165E+00 -1.9342E-01
  1.2000E+02  4.5165E+00 -1.9342E-01
  1.2000E+02  4.5165E+00 -1.9342E-01
  1.2000E+02  4.5165E+00 -1.9342E-01
  1.2100E+02  5.8172E+00  5.9664E-02
  1.2100E+02  5.8172E+00  5.9664E-02
  1.2100E+02  5.8172E+00  5.9664E-02
  1.2100E+02  5.8172E+00  5.9664E-02
  1.2100E+02  5.8172E+00  5.9664E-02
  1.2100E+02  5.8172E+00  5.9664E-02
  1.2200E+02  9.5904E+00  5.5961E-01
  1.2200E+02  9.5904E+00  5.5961E-01
  1.2200E+02  9.5904E+00  5.5961E-01
  1.2200E+02  9.5904E+00  5.5961E-01
  1.2200E+02  9.5904E+00  5.5961E-01
  1.2200E+02  9.5904E+00  5.5961E-01
  1.2300E+02  8.2588E+00  4.1012E-01
  1.2300E+02  8.2588E+00  4.1012E-01
  1.2300E+02  8.2588E+00  4.1012E-01
  1.2300E+02  8.2588E+00  4.1012E-01
  1.2300E+02  8.2588E+00  4.1012E-01
  1.2300E+02  8.2588E+00  4.1012E-01
  1.2400E+02  4.6588E+01  2.1402E+00
  1.2400E+02  4.6588E+01  2.1402E+00
  1.2400E+02  4.6588E+01  2.1402E+00
  1.2400E+02  4.6588E+01  2.1402E+00
  1.2400E+02  4.6588E+01  2.1402E+00
  1.2400E+02  4.6588E+01  2.1402E+00
  1.2500E+02  5.6724E+00  3.4462E-02
  1.2500E+02  5.6724E+00  3.4462E-02
  1.2500E+02  5.6724E+00  3.4462E-02
  1.2500E+02  5.6724E+00  3.4462E-02
  1.2500E+02  5.6724E+00  3.4462E-02
  1.2500E+02  5.6724E+00  3.4462E-02
  1.2600E+02  3.8708E+00 -3.4769E-01
  1.2600E+02  3.8708E+00 -3.4769E-01
  1.2600E+02  3.8708E+00 -3.4769E-01
  1.2600E+02  3.8708E+00 -3.4769E-01
  1.2600E+02  3.8708E+00 -3.4769E-01
  1.2600E+02  3.8708E+00 -3.4769E-01
  1.2700E+02  1.0166E+01  6.1792E-01
  1.2700E+02  1.0166E+01  6.1792E-01
  1.2700E+02  1.0166E+01  6.1792E-01
  1.2700E+02  1.0166E+01  6.1792E-01
  1.2700E+02  1.0166E+01  6.1792E-01
  1.2700E+02  1.0166E+01  6.1792E-01
  1.2800E+02  8.1052E+00  3.9135E-01
  1.2800E+02  8.1052E+00  3.9135E-01
  1.2800E+02  8.1052E+00  3.9135E-01
  1.2800E+02  8.1052E+00  3.9135E-01
  1.2800E+02  8.1052E+00  3.9135E-01
  1.2800E+02  8.1052E+00  3.9135E-01
  1.2900E+02  5.4087E+00 -1.3151E-02
  1.2900E+02  5.4087E+00 -1.3151E-02
  1.2900E+02  5.4087E+00 -1.3151E-02
  1.2900E+02  5.4087E+00 -1.3151E-02
  1.2900E+02  5.4087E+00 -1.3151E-02
  1.2900E+02  5.4087E+00 -1.3151E-02
  1.3000E+02  3.6127E+00 -4.1671E-01
  1.3000E+02  3.6127E+00 -4.1671E-01
  1.3000E+02  3.6127E+00 -4.1671E-01
  1.3000E+02  3.6127E+00 -4.1671E-01
  1.3000E+02  3.6127E+00 -4.1671E-01
  1.3000E+02  3.6127E+00 -4.1671E-01
  1.3100E+02  3.8063E+00 -3.6450E-01
  1.3100E+02  3.8063E+00 -3.6450E-01
  1.3100E+02  3.8063E+00 -3.6450E-01
  1.3100E+02  3.8063E+00 -3.6450E-01
  1.3100E+02  3.8063E+00 -3.6450E-01
  1.3100E+02  3.8063E+00 -3.6450E-01
  1.3200E+02  4.1276E+00 -2.8345E-01
  1.3200E+02  4.1276E+00 -2.8345E-01
  1.3200E+02  4.1276E+00 -2.8345E-01
  1.3200E+02  4.1276E+00 -2.8345E-01
  1.3200E+02  4.1276E+00 -2.8345E-01
  1.3200E+02  4.1276E+00 -2.8345E-01
  1.3300E+02  2.2417E+00 -8.9394E-01
  1.3300E+02  2.2417E+00 -8.9394E-01
  1.3300E+02  2.2417E+00 -8.9394E-01
  1.3300E+02  2.2417E+00 -8.9394E-01
  1.3300E+02  2.2417E+00 -8.9394E-01
  1.3300E+02  2.2417E+00 -8.9394E-01
  1.3400E+02  4.8279E+00 -1.2675E-01
  1.3400E+02  4.8279E+00 -1.2675E-01
  1.3400E+02  4.8279E+00 -1.2675E-01
  1.3400E+02  4.8279E+00 -1.2675E-01
  1.3400E+02  4.8279E+00 -1.2675E-01
  1.3400E+02  4.8279E+00 -1.2675E-01
  1.3500E+02  1.0979E+01  6.9483E-01
  1.3500E+02  1.0979E+01  6.9483E-01
  1.3500E+02  1.0979E+01  6.9483E-01
  1.3500E+02  1.0979E+01  6.9483E-01
  1.3500E+02  1.0979E+01  6.9483E-01
  1.3500E+02  1.0979E+01  6.9483E-01
  1.3600E+02  1.6207E+01  1.0843E+00
  1.3600E+02  1.6207E+01  1.0843E+00
  1.3600E+02  1.6207E+01  1.0843E+00
  1.3600E+02  1.6207E+01  1.0843E+00
  1.3600E+02  1.6207E+01  1.0843E+00
  1.3600E+02  1.6207E+01  1.0843E+00
  1.3700E+02  3.5878E+00 -4.2362E-01
  1.3700E+02  3.5878E+00 -4.2362E-01
  1.3700E+02  3.5878E+00 -4.2362E-01
  1.3700E+02  3.5878E+00 -4.2362E-01
  1.3700E+02  3.5878E+00 -4.2362E-01
  1.3700E+02  3.5878E+00 -4.2362E-01
  1.3800E+02  2.9704E+00 -6.1245E-01
  1.3800E+02  2.9704E+00 -6.1245E-01
  1.3800E+02  2.9704E+00 -6.1245E-01
  1.3800E+02  2.9704E+00 -6.1245E-01
  1.3800E+02  2.9704E+00 -6.1245E-01
  1.3800E+02  2.9704E+00 -6.1245E-01
  1.3900E+02  1.1006E+00 -1.6053E+00
  1.3900E+02  1.1006E+00 -1.6053E+00
  1.3900E+02  1.1006E+00 -1.6053E+00
  1.3900E+02  1.1006E+00 -1.6053E+00
  1.3900E+02  1.1006E+00 -1.6053E+00
  1.3900E+02  1.1006E+00 -1.6053E+00
  1.4000E+02  7.0844E+00  2.5674E-01
  1.4000E+02  7.0844E+00  2.5674E-01
  1.4000E+02  7.0844E+00  2.5674E-01
  1.4000E+02  7.0844E+00  2.5674E-01
  1.4000E+02  7.0844E+00  2.5674E-01
  1.4000E+02  7.0844E+00  2.5674E-01
  1.4100E+02  3.4681E+00 -4.5756E-01
  1.4100E+02  3.4681E+00 -4.5756E-01
  1.4100E+02  3.4681E+00 -4.5756E-01
  1.4100E+02  3.4681E+00 -4.5756E-01
  1.4100E+02  3.4681E+00 -4.5756E-01
  1.4100E+02  3.4681E+00 -4.5756E-01
  1.4200E+02  7.0968E+00  2.5849E-01
  1.4200E+02  7.0968E+00  2.5849E-01
  1.4200E+02  7.0968E+00  2.5849E-01
  1.4200E+02  7.0968E+00  2.5849E-01
  1.4200E+02  7.0968E+00  2.5849E-01
  1.4200E+02  7.0968E+00  2.5849E-01
  1.4300E+02  2.8398E+00 -6.5744E-01
  1.4300E+02  2.8398E+00 -6.5744E-01
  1.4300E+02  2.8398E+00 -6.5744E-01
  1.4300E+02  2.8398E+00 -6.5744E-01
  1.4300E+02  2.8398E+00 -6.5744E-01
  1.4300E+02  2.8398E+00 -6.5744E-01
  1.4400E+02  5.8155E+00  5.9372E-02
  1.4400E+02  5.8155E+00  5.9372E-02
  1.4400E+02  5.8155E+00  5.9372E-02
  1.4400E+02  5.8155E+00  5.9372E-02
  1.4400E+02  5.8155E+00  5.9372E-02
  1.4400E+02  5.8155E+00  5.9372E-02
  1.4500E+02  3.7679E+00 -3.7463E-01
  1.4500E+02  3.7679E+00 -3.7463E-01
  1.4500E+02  3.7679E+00 -3.7463E-01
  1.4500E+02  3.7679E+00 -3.7463E-01
  1.4500E+02  3.7679E+00 -3.7463E-01
  1.4500E+02  3.7679E+00 -3.7463E-01
  1.4600E+02  1.5897E+01  1.0650E+00
  1.4600E+02  1.5897E+01  1.0650E+00
  1.4600E+02  1.5897E+01  1.0650E+00
  1.4600E+02  1.5897E+01  1.0650E+00
  1.4600E+02  1.5897E+01  1.0650E+00
  1.4600E+02  1.5897E+01  1.0650E+00
  1.4700E+02  5.3979E+00 -1.5142E-02
  1.4700E+02  5.3979E+00 -1.5142E-02
  1.4700E+02  5.3979E+00 -1.5142E-02
  1.4700E+02  5.3979E+00 -1.5142E-02
  1.4700E+02  5.3979E+00 -1.5142E-02
  1.4700E+02  5.3979E+00 -1.5142E-02
  1.4800E+02  1.5879E+01  1.0638E+00
  1.4800E+02  1.5879E+01  1.0638E+00
  1.4800E+02  1.5879E+01  1.0638E+00
  1.4800E+02  1.5879E+01  1.0638E+00
  1.4800E+02  1.5879E+01  1.0638E+00
  1.4800E+02  1.5879E+01  1.0638E+00
  1.4900E+02  1.0472E+01  6.4756E-01
  1.4900E+02  1.0472E+01  6.4756E-01
  1.4900E+02  1.0472E+01  6.4756E-01
  1.4900E+02  1.0472E+01  6.4756E-01
  1.4900E+02  1.0472E+01  6.4756E-01
  1.4900E+02  1.0472E+01  6.4756E-01
  1.5000E+02  1.0604E+01  6.6010E-01
  1.5000E+02  1.0604E+01  6.6010E-01
  1.5000E+02  1.0604E+01  6.6010E-01
  1.5000E+02  1.0604E+01  6.6010E-01
  1.5000E+02  1.0604E+01  6.6010E-01
  1.5000E+02  1.0604E+01  6.6010E-01
  1.5100E+02  4.2363E+00 -2.5747E-01
  1.5100E+02  4.2363E+00 -2.5747E-01
  1.5100E+02  4.2363E+00 -2.5747E-01
  1.5100E+02  4.2363E+00 -2.5747E-01
  1.5100E+02  4.2363E+00 -2.5747E-01
  1.5100E+02  4.2363E+00 -2.5747E-01
  1.5200E+02  2.6511E+00 -7.2617E-01
  1.5200E+02  2.6511E+00 -7.2617E-01
  1.5200E+02  2.6511E+00 -7.2617E-01
  1.5200E+02  2.6511E+00 -7.2617E-01
  1.5200E+02  2.6511E+00 -7.2617E-01
  1.5200E+02  2.6511E+00 -7.2617E-01
  1.5300E+02  1.2989E+01  8.6291E-01
  1.5300E+02  1.2989E+01  8.6291E-01
  1.5300E+02  1.2989E+01  8.6291E-01
  1.5300E+02  1.2989E+01  8.6291E-01
  1.5300E+02  1.2989E+01  8.6291E-01
  1.5300E+02  1.2989E+01  8.6291E-01
  1.5400E+02  9.8417E+00  5.8548E-01
  1.5400E+02  9.8417E+00  5.8548E-01
  1.5400E+02  9.8417E+00  5.8548E-01
  1.5400E+02  9.8417E+00  5.8548E-01
  1.5400E+02  9.8417E+00  5.8548E-01
  1.5400E+02  9.8417E+00  5.8548E-01
  1.5500E+02  1.6123E+01  1.0791E+00
  1.5500E+02  1.6123E+01  1.0791E+00
  1.5500E+02  1.6123E+01  1.0791E+00
  1.5500E+02  1.6123E+01  1.0791E+00
  1.5500E+02  1.6123E+01  1.0791E+00
  1.5500E+02  1.6123E+01  1.0791E+00
  1.5600E+02  1.0175E+01  6.1876E-01
  1.5600E+02  1.0175E+01  6.1876E-01
  1.5600E+02  1.0175E+01  6.1876E-01
  1.5600E+02  1.0175E+01  6.1876E-01
  1.5600E+02  1.0175E+01  6.1876E-01
  1.5600E+02  1.0175E+01  6.1876E-01
  1.5700E+02  4.6422E+01  2.1366E+00
  1.5700E+02  4.6422E+01  2.1366E+00
  1.5700E+02  4.6422E+01  2.1366E+00
  1.5700E+02  4.6422E+01  2.1366E+00
  1.5700E+02  4.6422E+01  2.1366E+00
  1.5700E+02  4.6422E+01  2.1366E+00
  1.5800E+02  1.0184E+01  6.1963E-01
  1.5800E+02  1.0184E+01  6.1963E-01
  1.5800E+02  1.0184E+01  6.1963E-01
  1.5800E+02  1.0184E+01  6.1963E-01
  1.5800E+02  1.0184E+01  6.1963E-01
  1.5800E+02  1.0184E+01  6.1963E-01
  1.5900E+02  4.1587E+00 -2.7595E-01
  1.5900E+02  4.1587E+00 -2.7595E-01
  1.5900E+02  4.1587E+00 -2.7595E-01
  1.5900E+02  4.1587E+00 -2.7595E-01
  1.5900E+02  4.1587E+00 -2.7595E-01
  1.5900E+02  4.1587E+00 -2.7595E-01
  1.6000E+02  2.5411E+00 -7.6856E-01
  1.6000E+02  2.5411E+00 -7.6856E-01
  1.6000E+02  2.5411E+00 -7.6856E-01
  1.6000E+02  2.5411E+00 -7.6856E-01
  1.6000E+02  2.5411E+00 -7.6856E-01
  1.6000E+02  2.5411E+00 -7.6856E-01
  1.6100E+02  2.6201E+00 -7.3796E-01
  1.6100E+02  2.6201E+00 -7.3796E-01
  1.6100E+02  2.6201E+00 -7.3796E-01
  1.6100E+02  2.6201E+00 -7.3796E-01
  1.6100E+02  2.6201E+00 -7.3796E-01
  1.6100E+02  2.6201E+00 -7.3796E-01
  1.6200E+02  2.5341E+00 -7.7131E-01
  1.6200E+02  2.5341E+00 -7.7131E-01
  1.6200E+02  2.5341E+00 -7.7131E-01
  1.6200E+02  2.5341E+00 -7.7131E-01
  1.6200E+02  2.5341E+00 -7.7131E-01
  1.6200E+02  2.5341E+00 -7.7131E-01
  1.6300E+02  2.5411E+00 -7.6856E-01
  1.6300E+02  2.5411E+00 -7.6856E-01
  1.6300E+02  2.5411E+00 -7.6856E-01
  1.6300E+02  2.5411E+00 -7.6856E-01
  1.6300E+02  2.5411E+00 -7.6856E-01
  1.6300E+02  2.5411E+00 -7.6856E-01
  1.6400E+02  1.2946E+01  8.5963E-01
  1.6400E+02  1.2946E+01  8.5963E-01
  1.6400E+02  1.2946E+01  8.5963E-01
  1.6400E+02  1.2946E+01  8.5963E-01
  1.6400E+02  1.2946E+01  8.5963E-01
  1.6400E+02  1.2946E+01  8.5963E-01
  1.6500E+02  1.6273E+00 -1.2142E+00
  1.6500E+02  1.6273E+00 -1.2142E+00
  1.6500E+02  1.6273E+00 -1.2142E+00
  1.6500E+02  1.6273E+00 -1.2142E+00
  1.6500E+02  1.6273E+00 -1.2142E+00
  1.6500E+02  1.6273E+00 -1.2142E+00
  1.6600E+02  6.1361E+00  1.1304E-01
  1.6600E+02  6.1361E+00  1.1304E-01
  1.6600E+02  6.1361E+00  1.1304E-01
  1.6600E+02  6.1361E+00  1.1304E-01
  1.6600E+02  6.1361E+00  1.1304E-01
  1.6600E+02  6.1361E+00  1.1304E-01
  1.6700E+02  6.7568E+00  2.0939E-01
  1.6700E+02  6.7568E+00  2.0939E-01
  1.6700E+02  6.7568E+00  2.0939E-01
  1.6700E+02  6.7568E+00  2.0939E-01
  1.6700E+02  6.7568E+00  2.0939E-01
  1.6700E+02  6.7568E+00  2.0939E-01
  1.6800E+02  6.7728E+00  2.1175E-01
  1.6800E+02  6.7728E+00  2.1175E-01
  1.6800E+02  6.7728E+00  2.1175E-01
  1.6800E+02  6.7728E+00  2.1175E-01
  1.6800E+02  6.7728E+00  2.1175E-01
  1.6800E+02  6.7728E+00  2.1175E-01
  1.6900E+02  6.1361E+00  1.1304E-01
  1.6900E+02  6.1361E+00  1.1304E-01
  1.6900E+02  6.1361E+00  1.1304E-01
  1.6900E+02  6.1361E+00  1.1304E-01
  1.6900E+02  6.1361E+00  1.1304E-01
  1.6900E+02  6.1361E+00  1.1304E-01
  1.7000E+02  1.7728E+00 -1.1286E+00
  1.7000E+02  1.7728E+00 -1.1286E+00
  1.7000E+02  1.7728E+00 -1.1286E+00
  1.7000E+02  1.7728E+00 -1.1286E+00
  1.7000E+02  1.7728E+00 -1.1286E+00
  1.7000E+02  1.7728E+00 -1.1286E+00
  1.7100E+02  2.4918E+00 -7.8817E-01
  1.7100E+02  2.4918E+00 -7.8817E-01
  1.7100E+02  2.4918E+00 -7.8817E-01
  1.7100E+02  2.4918E+00 -7.8817E-01
  1.7100E+02  2.4918E+00 -7.8817E-01
  1.7100E+02  2.4918E+00 -7.8817E-01
  1.7200E+02  9.8417E+00  5.8548E-01
  1.7200E+02  9.8417E+00  5.8548E-01
  1.7200E+02  9.8417E+00  5.8548E-01
  1.7200E+02  9.8417E+00  5.8548E-01
  1.7200E+02  9.8417E+00  5.8548E-01
  1.7200E+02  9.8417E+00  5.8548E-01
  1.7300E+02  3.7430E+00 -3.8128E-01
  1.7300E+02  3.7430E+00 -3.8128E-01
  1.7300E+02  3.7430E+00 -3.8128E-01
  1.7300E+02  3.7430E+00 -3.8128E-01
  1.7300E+02  3.7430E+00 -3.8128E-01
  1.7300E+02  3.7430E+00 -3.8128E-01
  1.7400E+02  2.6723E+00 -7.1821E-01
  1.7400E+02  2.6723E+00 -7.1821E-01
  1.7400E+02  2.6723E+00 -7.1821E-01
  1.7400E+02  2.6723E+00 -7.1821E-01
  1.7400E+02  2.6723E+00 -7.1821E-01
  1.7400E+02  2.6723E+00 -7.1821E-01
  1.7500E+02  4.3931E+00 -2.2112E-01
  1.7500E+02  4.3931E+00 -2.2112E-01
  1.7500E+02  4.3931E+00 -2.2112E-01
  1.7500E+02  4.3931E+00 -2.2112E-01
  1.7500E+02  4.3931E+00 -2.2112E-01
  1.7500E+02  4.3931E+00 -2.2112E-01
  1.7600E+02  1.0811E+01  6.7942E-01
  1.7600E+02  1.0811E+01  6.7942E-01
  1.7600E+02  1.0811E+01  6.7942E-01
  1.7600E+02  1.0811E+01  6.7942E-01
  1.7600E+02  1.0811E+01  6.7942E-01
  1.7600E+02  1.0811E+01  6.7942E-01
  1.7700E+02  2.9128E+00 -6.3204E-01
  1.7700E+02  2.9128E+00 -6.3204E-01
  1.7700E+02  2.9128E+00 -6.3204E-01
  1.7700E+02  2.9128E+00 -6.3204E-01
  1.7700E+02  2.9128E+00 -6.3204E-01
  1.7700E+02  2.9128E+00 -6.3204E-01
  1.7800E+02  2.2417E+00 -8.9394E-01
  1.7800E+02  2.2417E+00 -8.9394E-01
  1.7800E+02  2.2417E+00 -8.9394E-01
  1.7800E+02  2.2417E+00 -8.9394E-01
  1.7800E+02  2.2417E+00 -8.9394E-01
  1.7800E+02  2.2417E+00 -8.9394E-01
  1.7900E+02  1.9405E+00 -1.0382E+00
  1.7900E+02  1.9405E+00 -1.0382E+00
  1.7900E+02  1.9405E+00 -1.0382E+00
  1.7900E+02  1.9405E+00 -1.0382E+00
  1.7900E+02  1.9405E+00 -1.0382E+00
  1.7900E+02  1.9405E+00 -1.0382E+00
  1.8000E+02  7.2085E+00  2.7411E-01
  1.8000E+02  7.2085E+00  2.7411E-01
  1.8000E+02  7.2085E+00  2.7411E-01
  1.8000E+02  7.2085E+00  2.7411E-01
  1.8000E+02  7.2085E+00  2.7411E-01
  1.8000E+02  7.2085E+00  2.7411E-01
  1.8100E+02  2.6922E+00 -7.1081E-01
  1.8100E+02  2.6922E+00 -7.1081E-01
  1.8100E+02  2.6922E+00 -7.1081E-01
  1.8100E+02  2.6922E+00 -7.1081E-01
  1.8100E+02  2.6922E+00 -7.1081E-01
  1.8100E+02  2.6922E+00 -7.1081E-01
  1.8200E+02  1.5689E+00 -1.2508E+00
  1.8200E+02  1.5689E+00 -1.2508E+00
  1.8200E+02  1.5689E+00 -1.2508E+00
  1.8200E+02  1.5689E+00 -1.2508E+00
  1.8200E+02  1.5689E+00 -1.2508E+00
  1.8200E+02  1.5689E+00 -1.2508E+00
  1.8300E+02  6.2174E+00  1.2620E-01
  1.8300E+02  6.2174E+00  1.2620E-01
  1.8300E+02  6.2174E+00  1.2620E-01
  1.8300E+02  6.2174E+00  1.2620E-01
  1.8300E+02  6.2174E+00  1.2620E-01
  1.8300E+02  6.2174E+00  1.2620E-01
  1.8400E+02  2.6922E+00 -7.1081E-01
  1.8400E+02  2.6922E+00 -7.1081E-01
  1.8400E+02  2.6922E+00 -7.1081E-01
  1.8400E+02  2.6922E+00 -7.1081E-01
  1.8400E+02  2.6922E+00 -7.1081E-01
  1.8400E+02  2.6922E+00 -7.1081E-01
  1.8500E+02  4.7702E+00 -1.3878E-01
  1.8500E+02  4.7702E+00 -1.3878E-01
  1.8500E+02  4.7702E+00 -1.3878E-01
  1.8500E+02  4.7702E+00 -1.3878E-01
  1.8500E+02  4.7702E+00 -1.3878E-01
  1.8500E+02  4.7702E+00 -1.3878E-01
  1.8600E+02  1.0125E+00 -1.6888E+00
  1.8600E+02  1.0125E+00 -1.6888E+00
  1.8600E+02  1.0125E+00 -1.6888E+00
  1.8600E+02  1.0125E+00 -1.6888E+00
  1.8600E+02  1.0125E+00 -1.6888E+00
  1.8600E+02  1.0125E+00 -1.6888E+00
  1.8700E+02  2.8440E+00 -6.5595E-01
  1.8700E+02  2.8440E+00 -6.5595E-01
  1.8700E+02  2.8440E+00 -6.5595E-01
  1.8700E+02  2.8440E+00 -6.5595E-01
  1.8700E+02  2.8440E+00 -6.5595E-01
  1.8700E+02  2.8440E+00 -6.5595E-01
  1.8800E+02  8.1615E+00  3.9828E-01
  1.8800E+02  8.1615E+00  3.9828E-01
  1.8800E+02  8.1615E+00  3.9828E-01
  1.8800E+02  8.1615E+00  3.9828E-01
  1.8800E+02  8.1615E+00  3.9828E-01
  1.8800E+02  8.1615E+00  3.9828E-01
  1.8900E+02  3.2450E+00 -5.2404E-01
  1.8900E+02  3.2450E+00 -5.2404E-01
  1.8900E+02  3.2450E+00 -5.2404E-01
  1.8900E+02  3.2450E+00 -5.2404E-01
  1.8900E+02  3.2450E+00 -5.2404E-01
  1.8900E+02  3.2450E+00 -5.2404E-01
  1.9000E+02  4.2363E+00 -2.5747E-01
  1.9000E+02  4.2363E+00 -2.5747E-01
  1.9000E+02  4.2363E+00 -2.5747E-01
  1.9000E+02  4.2363E+00 -2.5747E-01
  1.9000E+02  4.2363E+00 -2.5747E-01
  1.9000E+02  4.2363E+00 -2.5747E-01
  1.9100E+02  5.3304E+01  2.2749E+00
  1.9100E+02  5.3304E+01  2.2749E+00
  1.9100E+02  5.3304E+01  2.2749E+00
  1.9100E+02  5.3304E+01  2.2749E+00
  1.9100E+02  5.3304E+01  2.2749E+00
  1.9100E+02  5.3304E+01  2.2749E+00
  1.9200E+02  2.4845E+00 -7.9109E-01
  1.9200E+02  2.4845E+00 -7.9109E-01
  1.9200E+02  2.4845E+00 -7.9109E-01
  1.9200E+02  2.4845E+00 -7.9109E-01
  1.9200E+02  2.4845E+00 -7.9109E-01
  1.9200E+02  2.4845E+00 -7.9109E-01
  1.9300E+02  9.1935E+00  5.1734E-01
  1.9300E+02  9.1935E+00  5.1734E-01
  1.9300E+02  9.1935E+00  5.1734E-01
  1.9300E+02  9.1935E+00  5.1734E-01
  1.9300E+02  9.1935E+00  5.1734E-01
  1.9300E+02  9.1935E+00  5.1734E-01
  1.9400E+02  5.1512E+00 -6.1936E-02
  1.9400E+02  5.1512E+00 -6.1936E-02
  1.9400E+02  5.1512E+00 -6.1936E-02
  1.9400E+02  5.1512E+00 -6.1936E-02
  1.9400E+02  5.1512E+00 -6.1936E-02
  1.9400E+02  5.1512E+00 -6.1936E-02
  1.9500E+02  1.9844E+01  1.2868E+00
  1.9500E+02  1.9844E+01  1.2868E+00
  1.9500E+02  1.9844E+01  1.2868E+00
  1.9500E+02  1.9844E+01  1.2868E+00
  1.9500E+02  1.9844E+01  1.2868E+00
  1.9500E+02  1.9844E+01  1.2868E+00
  1.9600E+02  8.3850E+00  4.2529E-01
  1.9600E+02  8.3850E+00  4.2529E-01
  1.9600E+02  8.3850E+00  4.2529E-01
  1.9600E+02  8.3850E+00  4.2529E-01
  1.9600E+02  8.3850E+00  4.2529E-01
  1.9600E+02  8.3850E+00  4.2529E-01
  1.9700E+02  1.1620E+01  7.5156E-01
  1.9700E+02  1.1620E+01  7.5156E-01
  1.9700E+02  1.1620E+01  7.5156E-01
  1.9700E+02  1.1620E+01  7.5156E-01
  1.9700E+02  1.1620E+01  7.5156E-01
  1.9700E+02  1.1620E+01  7.5156E-01
  1.9800E+02  6.5432E+00  1.7726E-01
  1.9800E+02  6.5432E+00  1.7726E-01
  1.9800E+02  6.5432E+00  1.7726E-01
  1.9800E+02  6.5432E+00  1.7726E-01
  1.9800E+02  6.5432E+00  1.7726E-01
  1.9800E+02  6.5432E+00  1.7726E-01
  1.9900E+02  4.0798E+00 -2.9511E-01
  1.9900E+02  4.0798E+00 -2.9511E-01
  1.9900E+02  4.0798E+00 -2.9511E-01
  1.9900E+02  4.0798E+00 -2.9511E-01
  1.9900E+02  4.0798E+00 -2.9511E-01
  1.9900E+02  4.0798E+00 -2.9511E-01
  2.0000E+02  3.6989E+00 -3.9311E-01
  2.0000E+02  3.6989E+00 -3.9311E-01
  2.0000E+02  3.6989E+00 -3.9311E-01
  2.0000E+02  3.6989E+00 -3.9311E-01
  2.0000E+02  3.6989E+00 -3.9311E-01
  2.0000E+02  3.6989E+00 -3.9311E-01
