TABLE NO.  2
 ID          V0          A           ETA1        ETA2
  1.0000E+00  7.1653E-01  1.1842E+00  1.7845E+00 -2.8385E-02
  1.0000E+00  7.1653E-01  1.1842E+00  1.7845E+00 -2.8385E-02
  1.0000E+00  7.1653E-01  1.1842E+00  1.7845E+00 -2.8385E-02
  1.0000E+00  7.1653E-01  1.1842E+00  1.7845E+00 -2.8385E-02
  1.0000E+00  7.1653E-01  1.1842E+00  1.7845E+00 -2.8385E-02
  1.0000E+00  7.1653E-01  1.1842E+00  1.7845E+00 -2.8385E-02
  1.0000E+00  7.1653E-01  1.1842E+00  1.7845E+00 -2.8385E-02
  1.0000E+00  7.1653E-01  1.1842E+00  1.7845E+00 -2.8385E-02
  2.0000E+00  1.8353E+00  1.1420E+00  2.7250E+00 -6.4602E-02
  2.0000E+00  1.8353E+00  1.1420E+00  2.7250E+00 -6.4602E-02
  2.0000E+00  1.8353E+00  1.1420E+00  2.7250E+00 -6.4602E-02
  2.0000E+00  1.8353E+00  1.1420E+00  2.7250E+00 -6.4602E-02
  2.0000E+00  1.8353E+00  1.1420E+00  2.7250E+00 -6.4602E-02
  2.0000E+00  1.8353E+00  1.1420E+00  2.7250E+00 -6.4602E-02
  2.0000E+00  1.8353E+00  1.1420E+00  2.7250E+00 -6.4602E-02
  2.0000E+00  1.8353E+00  1.1420E+00  2.7250E+00 -6.4602E-02
  2.0000E+00  1.8353E+00  1.1420E+00  2.7250E+00 -6.4602E-02
  2.0000E+00  1.8353E+00  1.1420E+00  2.7250E+00 -6.4602E-02
  2.0000E+00  1.8353E+00  1.1420E+00  2.7250E+00 -6.4602E-02
  3.0000E+00  9.0474E-01  1.2040E+00  2.0177E+00 -1.1735E-02
  3.0000E+00  9.0474E-01  1.2040E+00  2.0177E+00 -1.1735E-02
  3.0000E+00  9.0474E-01  1.2040E+00  2.0177E+00 -1.1735E-02
  3.0000E+00  9.0474E-01  1.2040E+00  2.0177E+00 -1.1735E-02
  3.0000E+00  9.0474E-01  1.2040E+00  2.0177E+00 -1.1735E-02
  3.0000E+00  9.0474E-01  1.2040E+00  2.0177E+00 -1.1735E-02
  3.0000E+00  9.0474E-01  1.2040E+00  2.0177E+00 -1.1735E-02
  3.0000E+00  9.0474E-01  1.2040E+00  2.0177E+00 -1.1735E-02
  4.0000E+00  2.4290E-02  1.0788E+00 -1.5999E+00 -1.2160E-01
  4.0000E+00  2.4290E-02  1.0788E+00 -1.5999E+00 -1.2160E-01
  4.0000E+00  2.4290E-02  1.0788E+00 -1.5999E+00 -1.2160E-01
  4.0000E+00  2.4290E-02  1.0788E+00 -1.5999E+00 -1.2160E-01
  4.0000E+00  2.4290E-02  1.0788E+00 -1.5999E+00 -1.2160E-01
  4.0000E+00  2.4290E-02  1.0788E+00 -1.5999E+00 -1.2160E-01
  4.0000E+00  2.4290E-02  1.0788E+00 -1.5999E+00 -1.2160E-01
  4.0000E+00  2.4290E-02  1.0788E+00 -1.5999E+00 -1.2160E-01
  4.0000E+00  2.4290E-02  1.0788E+00 -1.5999E+00 -1.2160E-01
  4.0000E+00  2.4290E-02  1.0788E+00 -1.5999E+00 -1.2160E-01
  4.0000E+00  2.4290E-02  1.0788E+00 -1.5999E+00 -1.2160E-01
  4.0000E+00  2.4290E-02  1.0788E+00 -1.5999E+00 -1.2160E-01
  5.0000E+00  5.9708E-01  1.1430E+00  1.6021E+00 -6.3763E-02
  5.0000E+00  5.9708E-01  1.1430E+00  1.6021E+00 -6.3763E-02
  5.0000E+00  5.9708E-01  1.1430E+00  1.6021E+00 -6.3763E-02
  5.0000E+00  5.9708E-01  1.1430E+00  1.6021E+00 -6.3763E-02
  5.0000E+00  5.9708E-01  1.1430E+00  1.6021E+00 -6.3763E-02
  5.0000E+00  5.9708E-01  1.1430E+00  1.6021E+00 -6.3763E-02
  5.0000E+00  5.9708E-01  1.1430E+00  1.6021E+00 -6.3763E-02
  5.0000E+00  5.9708E-01  1.1430E+00  1.6021E+00 -6.3763E-02
  5.0000E+00  5.9708E-01  1.1430E+00  1.6021E+00 -6.3763E-02
  5.0000E+00  5.9708E-01  1.1430E+00  1.6021E+00 -6.3763E-02
  5.0000E+00  5.9708E-01  1.1430E+00  1.6021E+00 -6.3763E-02
  6.0000E+00  3.1968E-01  1.2932E+00  9.7737E-01  5.9725E-02
  6.0000E+00  3.1968E-01  1.2932E+00  9.7737E-01  5.9725E-02
  6.0000E+00  3.1968E-01  1.2932E+00  9.7737E-01  5.9725E-02
  6.0000E+00  3.1968E-01  1.2932E+00  9.7737E-01  5.9725E-02
  6.0000E+00  3.1968E-01  1.2932E+00  9.7737E-01  5.9725E-02
  6.0000E+00  3.1968E-01  1.2932E+00  9.7737E-01  5.9725E-02
  6.0000E+00  3.1968E-01  1.2932E+00  9.7737E-01  5.9725E-02
  6.0000E+00  3.1968E-01  1.2932E+00  9.7737E-01  5.9725E-02
  7.0000E+00  2.1139E+00  1.2456E+00  2.8663E+00  2.2229E-02
  7.0000E+00  2.1139E+00  1.2456E+00  2.8663E+00  2.2229E-02
  7.0000E+00  2.1139E+00  1.2456E+00  2.8663E+00  2.2229E-02
  7.0000E+00  2.1139E+00  1.2456E+00  2.8663E+00  2.2229E-02
  7.0000E+00  2.1139E+00  1.2456E+00  2.8663E+00  2.2229E-02
  7.0000E+00  2.1139E+00  1.2456E+00  2.8663E+00  2.2229E-02
  7.0000E+00  2.1139E+00  1.2456E+00  2.8663E+00  2.2229E-02
  8.0000E+00  1.8328E-01  1.1857E+00  4.2108E-01 -2.7100E-02
  8.0000E+00  1.8328E-01  1.1857E+00  4.2108E-01 -2.7100E-02
  8.0000E+00  1.8328E-01  1.1857E+00  4.2108E-01 -2.7100E-02
  8.0000E+00  1.8328E-01  1.1857E+00  4.2108E-01 -2.7100E-02
  8.0000E+00  1.8328E-01  1.1857E+00  4.2108E-01 -2.7100E-02
  8.0000E+00  1.8328E-01  1.1857E+00  4.2108E-01 -2.7100E-02
  8.0000E+00  1.8328E-01  1.1857E+00  4.2108E-01 -2.7100E-02
  9.0000E+00  2.7103E-02  1.1602E+00 -1.4903E+00 -4.8798E-02
  9.0000E+00  2.7103E-02  1.1602E+00 -1.4903E+00 -4.8798E-02
  9.0000E+00  2.7103E-02  1.1602E+00 -1.4903E+00 -4.8798E-02
  9.0000E+00  2.7103E-02  1.1602E+00 -1.4903E+00 -4.8798E-02
  9.0000E+00  2.7103E-02  1.1602E+00 -1.4903E+00 -4.8798E-02
  9.0000E+00  2.7103E-02  1.1602E+00 -1.4903E+00 -4.8798E-02
  9.0000E+00  2.7103E-02  1.1602E+00 -1.4903E+00 -4.8798E-02
  9.0000E+00  2.7103E-02  1.1602E+00 -1.4903E+00 -4.8798E-02
  9.0000E+00  2.7103E-02  1.1602E+00 -1.4903E+00 -4.8798E-02
  9.0000E+00  2.7103E-02  1.1602E+00 -1.4903E+00 -4.8798E-02
  1.0000E+01  3.9061E-02  1.1335E+00 -1.1248E+00 -7.2085E-02
  1.0000E+01  3.9061E-02  1.1335E+00 -1.1248E+00 -7.2085E-02
  1.0000E+01  3.9061E-02  1.1335E+00 -1.1248E+00 -7.2085E-02
  1.0000E+01  3.9061E-02  1.1335E+00 -1.1248E+00 -7.2085E-02
  1.0000E+01  3.9061E-02  1.1335E+00 -1.1248E+00 -7.2085E-02
  1.0000E+01  3.9061E-02  1.1335E+00 -1.1248E+00 -7.2085E-02
  1.0000E+01  3.9061E-02  1.1335E+00 -1.1248E+00 -7.2085E-02
  1.0000E+01  3.9061E-02  1.1335E+00 -1.1248E+00 -7.2085E-02
  1.0000E+01  3.9061E-02  1.1335E+00 -1.1248E+00 -7.2085E-02
  1.0000E+01  3.9061E-02  1.1335E+00 -1.1248E+00 -7.2085E-02
  1.1000E+01  1.1522E-02  1.1333E+00 -2.3457E+00 -7.2253E-02
  1.1000E+01  1.1522E-02  1.1333E+00 -2.3457E+00 -7.2253E-02
  1.1000E+01  1.1522E-02  1.1333E+00 -2.3457E+00 -7.2253E-02
  1.1000E+01  1.1522E-02  1.1333E+00 -2.3457E+00 -7.2253E-02
  1.1000E+01  1.1522E-02  1.1333E+00 -2.3457E+00 -7.2253E-02
  1.1000E+01  1.1522E-02  1.1333E+00 -2.3457E+00 -7.2253E-02
  1.1000E+01  1.1522E-02  1.1333E+00 -2.3457E+00 -7.2253E-02
  1.1000E+01  1.1522E-02  1.1333E+00 -2.3457E+00 -7.2253E-02
  1.1000E+01  1.1522E-02  1.1333E+00 -2.3457E+00 -7.2253E-02
  1.2000E+01  4.8085E-02  1.1152E+00 -9.1697E-01 -8.8339E-02
  1.2000E+01  4.8085E-02  1.1152E+00 -9.1697E-01 -8.8339E-02
  1.2000E+01  4.8085E-02  1.1152E+00 -9.1697E-01 -8.8339E-02
  1.2000E+01  4.8085E-02  1.1152E+00 -9.1697E-01 -8.8339E-02
  1.2000E+01  4.8085E-02  1.1152E+00 -9.1697E-01 -8.8339E-02
  1.2000E+01  4.8085E-02  1.1152E+00 -9.1697E-01 -8.8339E-02
  1.2000E+01  4.8085E-02  1.1152E+00 -9.1697E-01 -8.8339E-02
  1.2000E+01  4.8085E-02  1.1152E+00 -9.1697E-01 -8.8339E-02
  1.3000E+01  1.7328E-02  1.4119E+00 -1.9376E+00  1.4750E-01
  1.3000E+01  1.7328E-02  1.4119E+00 -1.9376E+00  1.4750E-01
  1.3000E+01  1.7328E-02  1.4119E+00 -1.9376E+00  1.4750E-01
  1.3000E+01  1.7328E-02  1.4119E+00 -1.9376E+00  1.4750E-01
  1.3000E+01  1.7328E-02  1.4119E+00 -1.9376E+00  1.4750E-01
  1.3000E+01  1.7328E-02  1.4119E+00 -1.9376E+00  1.4750E-01
  1.3000E+01  1.7328E-02  1.4119E+00 -1.9376E+00  1.4750E-01
  1.3000E+01  1.7328E-02  1.4119E+00 -1.9376E+00  1.4750E-01
  1.3000E+01  1.7328E-02  1.4119E+00 -1.9376E+00  1.4750E-01
  1.4000E+01  1.2866E-02  1.0961E+00 -2.2354E+00 -1.0569E-01
  1.4000E+01  1.2866E-02  1.0961E+00 -2.2354E+00 -1.0569E-01
  1.4000E+01  1.2866E-02  1.0961E+00 -2.2354E+00 -1.0569E-01
  1.4000E+01  1.2866E-02  1.0961E+00 -2.2354E+00 -1.0569E-01
  1.4000E+01  1.2866E-02  1.0961E+00 -2.2354E+00 -1.0569E-01
  1.4000E+01  1.2866E-02  1.0961E+00 -2.2354E+00 -1.0569E-01
  1.4000E+01  1.2866E-02  1.0961E+00 -2.2354E+00 -1.0569E-01
  1.5000E+01  4.4563E+00  1.2542E+00  3.6121E+00  2.9065E-02
  1.5000E+01  4.4563E+00  1.2542E+00  3.6121E+00  2.9065E-02
  1.5000E+01  4.4563E+00  1.2542E+00  3.6121E+00  2.9065E-02
  1.5000E+01  4.4563E+00  1.2542E+00  3.6121E+00  2.9065E-02
  1.5000E+01  4.4563E+00  1.2542E+00  3.6121E+00  2.9065E-02
  1.5000E+01  4.4563E+00  1.2542E+00  3.6121E+00  2.9065E-02
  1.6000E+01  3.3427E-02  1.3927E+00 -1.2806E+00  1.3381E-01
  1.6000E+01  3.3427E-02  1.3927E+00 -1.2806E+00  1.3381E-01
  1.6000E+01  3.3427E-02  1.3927E+00 -1.2806E+00  1.3381E-01
  1.6000E+01  3.3427E-02  1.3927E+00 -1.2806E+00  1.3381E-01
  1.6000E+01  3.3427E-02  1.3927E+00 -1.2806E+00  1.3381E-01
  1.6000E+01  3.3427E-02  1.3927E+00 -1.2806E+00  1.3381E-01
  1.6000E+01  3.3427E-02  1.3927E+00 -1.2806E+00  1.3381E-01
  1.6000E+01  3.3427E-02  1.3927E+00 -1.2806E+00  1.3381E-01
  1.6000E+01  3.3427E-02  1.3927E+00 -1.2806E+00  1.3381E-01
  1.7000E+01  6.4383E-01  1.2737E+00  1.6775E+00  4.4490E-02
  1.7000E+01  6.4383E-01  1.2737E+00  1.6775E+00  4.4490E-02
  1.7000E+01  6.4383E-01  1.2737E+00  1.6775E+00  4.4490E-02
  1.7000E+01  6.4383E-01  1.2737E+00  1.6775E+00  4.4490E-02
  1.7000E+01  6.4383E-01  1.2737E+00  1.6775E+00  4.4490E-02
  1.7000E+01  6.4383E-01  1.2737E+00  1.6775E+00  4.4490E-02
  1.7000E+01  6.4383E-01  1.2737E+00  1.6775E+00  4.4490E-02
  1.8000E+01  1.0123E-02  1.2367E+00 -2.4752E+00  1.5054E-02
  1.8000E+01  1.0123E-02  1.2367E+00 -2.4752E+00  1.5054E-02
  1.8000E+01  1.0123E-02  1.2367E+00 -2.4752E+00  1.5054E-02
  1.8000E+01  1.0123E-02  1.2367E+00 -2.4752E+00  1.5054E-02
  1.8000E+01  1.0123E-02  1.2367E+00 -2.4752E+00  1.5054E-02
  1.8000E+01  1.0123E-02  1.2367E+00 -2.4752E+00  1.5054E-02
  1.8000E+01  1.0123E-02  1.2367E+00 -2.4752E+00  1.5054E-02
  1.8000E+01  1.0123E-02  1.2367E+00 -2.4752E+00  1.5054E-02
  1.9000E+01  2.3782E-01  1.2557E+00  6.8158E-01  3.0276E-02
  1.9000E+01  2.3782E-01  1.2557E+00  6.8158E-01  3.0276E-02
  1.9000E+01  2.3782E-01  1.2557E+00  6.8158E-01  3.0276E-02
  1.9000E+01  2.3782E-01  1.2557E+00  6.8158E-01  3.0276E-02
  1.9000E+01  2.3782E-01  1.2557E+00  6.8158E-01  3.0276E-02
  1.9000E+01  2.3782E-01  1.2557E+00  6.8158E-01  3.0276E-02
  1.9000E+01  2.3782E-01  1.2557E+00  6.8158E-01  3.0276E-02
  1.9000E+01  2.3782E-01  1.2557E+00  6.8158E-01  3.0276E-02
  2.0000E+01  8.8004E-01  1.2839E+00  1.9900E+00  5.2516E-02
  2.0000E+01  8.8004E-01  1.2839E+00  1.9900E+00  5.2516E-02
  2.0000E+01  8.8004E-01  1.2839E+00  1.9900E+00  5.2516E-02
  2.0000E+01  8.8004E-01  1.2839E+00  1.9900E+00  5.2516E-02
  2.0000E+01  8.8004E-01  1.2839E+00  1.9900E+00  5.2516E-02
  2.0000E+01  8.8004E-01  1.2839E+00  1.9900E+00  5.2516E-02
  2.0000E+01  8.8004E-01  1.2839E+00  1.9900E+00  5.2516E-02
  2.0000E+01  8.8004E-01  1.2839E+00  1.9900E+00  5.2516E-02
  2.0000E+01  8.8004E-01  1.2839E+00  1.9900E+00  5.2516E-02
  2.0000E+01  8.8004E-01  1.2839E+00  1.9900E+00  5.2516E-02
