TABLE NO.  1
 ID          TIME        DV          MDV         IPRE        IWRE        CWRES       DV          PRED        RES         WRES
  1.0000E+00  7.0000E+00  5.0022E+01  0.0000E+00  7.2081E+01 -6.3316E-01 -5.2104E-01  5.0022E+01  5.0458E+01 -4.3598E-01 -4.3760E-01
  1.0000E+00  1.1000E+01  3.0952E+02  0.0000E+00  2.5803E+02  1.1638E+00  1.3598E+00  3.0952E+02  2.0761E+02  1.0191E+02  1.5399E+00
  1.0000E+00  1.2000E+01  3.2490E+02  0.0000E+00  3.3501E+02 -2.0180E-01  1.0048E-02  3.2490E+02  2.7572E+02  4.9176E+01  7.2861E-02
  1.0000E+00  1.3000E+01  4.5084E+02  0.0000E+00  4.2764E+02  3.9979E-01  6.2375E-01  4.5084E+02  3.5896E+02  9.1884E+01  7.1496E-01
  1.0000E+00  1.4000E+01  5.7245E+02  0.0000E+00  5.3783E+02  5.0742E-01  7.3897E-01  5.7245E+02  4.5931E+02  1.1314E+02  8.1397E-01
  1.0000E+00  1.5000E+01  6.6434E+02  0.0000E+00  6.6754E+02 -3.9601E-02  1.9460E-01  6.6434E+02  5.7886E+02  8.5475E+01  2.0327E-01
  1.0000E+00  1.8000E+01  1.1517E+03  0.0000E+00  1.1951E+03 -3.1964E-01 -1.0471E-01  1.1517E+03  1.0752E+03  7.6490E+01 -1.5913E-01
  1.0000E+00  1.9000E+01  1.3384E+03  0.0000E+00  1.4246E+03 -5.3760E-01 -3.3590E-01  1.3384E+03  1.2945E+03  4.3851E+01 -4.0721E-01
  2.0000E+00  5.0000E+00  5.4886E+01  0.0000E+00  4.1516E+01  3.9061E-01  5.0885E-01  5.4886E+01  1.9036E+01  3.5850E+01  6.8987E-01
  2.0000E+00  6.0000E+00  5.9408E+01  0.0000E+00  6.2038E+01 -7.5992E-02  7.5074E-02  5.9408E+01  3.1984E+01  2.7424E+01  2.8677E-01
  2.0000E+00  7.0000E+00  8.5662E+01  0.0000E+00  8.9176E+01 -9.9496E-02  8.7602E-02  8.5662E+01  5.0458E+01  3.5205E+01  3.2814E-01
  2.0000E+00  1.1000E+01  2.6157E+02  0.0000E+00  2.8968E+02 -6.0363E-01 -2.5872E-01  2.6157E+02  2.0761E+02  5.3966E+01 -8.8876E-02
  2.0000E+00  1.2000E+01  4.1227E+02  0.0000E+00  3.6999E+02  7.9748E-01  1.1772E+00  4.1227E+02  2.7572E+02  1.3655E+02  1.5001E+00
  2.0000E+00  1.3000E+01  4.8845E+02  0.0000E+00  4.6556E+02  3.7244E-01  7.8064E-01  4.8845E+02  3.5896E+02  1.2949E+02  9.9451E-01
  2.0000E+00  1.4000E+01  6.1886E+02  0.0000E+00  5.7811E+02  5.6499E-01  9.9348E-01  6.1886E+02  4.5931E+02  1.5955E+02  1.1797E+00
  2.0000E+00  1.5000E+01  7.9900E+02  0.0000E+00  7.0945E+02  1.0516E+00  1.4910E+00  7.9900E+02  5.7886E+02  2.2014E+02  1.6814E+00
  2.0000E+00  1.8000E+01  1.2187E+03  0.0000E+00  1.2355E+03 -1.1976E-01  2.9525E-01  1.2187E+03  1.0752E+03  1.4352E+02  2.1590E-01
  2.0000E+00  1.9000E+01  1.4155E+03  0.0000E+00  1.4617E+03 -2.8102E-01  1.0952E-01  1.4155E+03  1.2945E+03  1.2094E+02 -8.8679E-03
  2.0000E+00  2.0000E+01  1.4102E+03  0.0000E+00  1.7169E+03 -1.5973E+00 -1.2373E+00  1.4102E+03  1.5450E+03 -1.3489E+02 -1.4392E+00
  3.0000E+00  6.0000E+00  8.9231E+01  0.0000E+00  5.4424E+01  1.0104E+00  1.1570E+00  8.9231E+01  3.1984E+01  5.7247E+01  1.2904E+00
  3.0000E+00  7.0000E+00  1.5735E+02  0.0000E+00  8.0741E+01  2.1846E+00  2.3580E+00  1.5735E+02  5.0458E+01  1.0689E+02  2.5503E+00
  3.0000E+00  1.1000E+01  2.2170E+02  0.0000E+00  2.8485E+02 -1.3670E+00 -1.1548E+00  2.2170E+02  2.0761E+02  1.4092E+01 -1.1526E+00
  3.0000E+00  1.2000E+01  3.2749E+02  0.0000E+00  3.6894E+02 -7.8321E-01 -5.8365E-01  3.2749E+02  2.7572E+02  5.1772E+01 -5.6182E-01
  3.0000E+00  1.3000E+01  4.6144E+02  0.0000E+00  4.6996E+02 -1.3773E-01  4.3423E-02  4.6144E+02  3.5896E+02  1.0248E+02  1.1489E-01
  3.0000E+00  1.4000E+01  6.4145E+02  0.0000E+00  5.8994E+02  7.0296E-01  8.6319E-01  6.4145E+02  4.5931E+02  1.8214E+02  1.0263E+00
  3.0000E+00  1.5000E+01  7.4687E+02  0.0000E+00  7.3101E+02  1.8161E-01  3.2137E-01  7.4687E+02  5.7886E+02  1.6801E+02  3.6060E-01
  3.0000E+00  1.8000E+01  1.3595E+03  0.0000E+00  1.3035E+03  3.7973E-01  4.7958E-01  1.3595E+03  1.0752E+03  2.8426E+02  4.5789E-01
  4.0000E+00  6.0000E+00  5.5349E+01  0.0000E+00  1.6086E+01  1.1558E+00  1.1426E+00  5.5349E+01  3.1984E+01  2.3364E+01  1.1799E+00
  4.0000E+00  7.0000E+00  5.6176E+01  0.0000E+00  2.6071E+01  8.8425E-01  8.6226E-01  5.6176E+01  5.0458E+01  5.7180E+00  9.0701E-01
  4.0000E+00  1.1000E+01  1.0333E+02  0.0000E+00  1.1446E+02 -3.0752E-01 -4.0924E-01  1.0333E+02  2.0761E+02 -1.0428E+02 -2.7690E-01
  4.0000E+00  1.2000E+01  1.5532E+02  0.0000E+00  1.5357E+02  4.6073E-02 -9.0352E-02  1.5532E+02  2.7572E+02 -1.2040E+02  1.9966E-03
  4.0000E+00  1.3000E+01  1.6796E+02  0.0000E+00  2.0171E+02 -8.3235E-01 -1.0102E+00  1.6796E+02  3.5896E+02 -1.9100E+02 -7.0303E-01
  4.0000E+00  1.4000E+01  2.1938E+02  0.0000E+00  2.6008E+02 -9.1697E-01 -1.1430E+00  2.1938E+02  4.5931E+02 -2.3993E+02 -7.6085E-01
  4.0000E+00  1.5000E+01  4.1238E+02  0.0000E+00  3.3000E+02  1.6573E+00  1.3767E+00  4.1238E+02  5.7886E+02 -1.6648E+02  9.2596E-01
  4.0000E+00  1.8000E+01  5.8419E+02  0.0000E+00  6.2290E+02 -5.0602E-01 -9.8736E-01  5.8419E+02  1.0752E+03 -4.9101E+02 -6.4655E-01
  4.0000E+00  1.9000E+01  7.6207E+02  0.0000E+00  7.5322E+02  9.8857E-02 -4.6144E-01  7.6207E+02  1.2945E+03 -5.3245E+02 -3.6154E-01
  4.0000E+00  2.0000E+01  8.8033E+02  0.0000E+00  9.0251E+02 -2.1128E-01 -8.5648E-01  8.8033E+02  1.5450E+03 -6.6471E+02 -6.1341E-01
  4.0000E+00  2.1000E+01  1.0401E+03  0.0000E+00  1.0724E+03 -2.6359E-01 -9.9949E-01  1.0401E+03  1.8294E+03 -7.8936E+02 -7.1977E-01
  4.0000E+00  2.2000E+01  1.3351E+03  0.0000E+00  1.2648E+03  4.9099E-01 -3.4117E-01  1.3351E+03  2.1505E+03 -8.1534E+02 -3.7245E-01
  5.0000E+00  5.0000E+00  6.8809E+01  0.0000E+00  2.6543E+01  1.2413E+00  1.3456E+00  6.8809E+01  1.9036E+01  4.9773E+01  1.3717E+00
  5.0000E+00  6.0000E+00  5.9853E+01  0.0000E+00  4.1622E+01  5.3258E-01  6.6616E-01  5.9853E+01  3.1984E+01  2.7869E+01  6.9769E-01
  5.0000E+00  7.0000E+00  5.8989E+01  0.0000E+00  6.2201E+01 -9.2811E-02  7.0882E-02  5.8989E+01  5.0458E+01  8.5307E+00  1.0472E-01
  5.0000E+00  1.1000E+01  1.7966E+02  0.0000E+00  2.2358E+02 -1.0479E+00 -7.9879E-01  1.7966E+02  2.0761E+02 -2.7942E+01 -7.9004E-01
  5.0000E+00  1.2000E+01  3.0979E+02  0.0000E+00  2.9049E+02  4.1394E-01  6.6406E-01  3.0979E+02  2.7572E+02  3.4068E+01  6.7809E-01
  5.0000E+00  1.3000E+01  4.7057E+02  0.0000E+00  3.7104E+02  1.8746E+00  2.1147E+00  4.7057E+02  3.5896E+02  1.1161E+02  2.0961E+00
  5.0000E+00  1.4000E+01  4.8093E+02  0.0000E+00  4.6689E+02  2.2806E-01  4.4728E-01  4.8093E+02  4.5931E+02  2.1622E+01  4.2159E-01
  5.0000E+00  1.5000E+01  4.8878E+02  0.0000E+00  5.7976E+02 -1.2588E+00 -1.0706E+00  4.8878E+02  5.7886E+02 -9.0084E+01 -1.0519E+00
  5.0000E+00  1.8000E+01  1.0217E+03  0.0000E+00  1.0392E+03 -1.4613E-01 -9.6643E-02  1.0217E+03  1.0752E+03 -5.3480E+01 -1.4106E-01
  5.0000E+00  1.9000E+01  1.2785E+03  0.0000E+00  1.2391E+03  2.8042E-01  2.7364E-01  1.2785E+03  1.2945E+03 -1.5999E+01  1.8900E-01
  5.0000E+00  2.0000E+01  1.3774E+03  0.0000E+00  1.4660E+03 -5.3717E-01 -6.0282E-01  1.3774E+03  1.5450E+03 -1.6766E+02 -6.0749E-01
  6.0000E+00  6.0000E+00  4.6502E+01  0.0000E+00  4.8135E+01 -4.7538E-02 -6.5743E-02  4.6502E+01  3.1984E+01  1.4518E+01 -2.6615E-02
  6.0000E+00  7.0000E+00  5.5155E+01  0.0000E+00  7.4389E+01 -5.5115E-01 -5.5497E-01  5.5155E+01  5.0458E+01  4.6974E+00 -5.1586E-01
  6.0000E+00  1.1000E+01  2.5122E+02  0.0000E+00  2.9099E+02 -8.5228E-01 -6.5902E-01  2.5122E+02  2.0761E+02  4.3615E+01 -6.8953E-01
  6.0000E+00  1.2000E+01  3.4118E+02  0.0000E+00  3.8334E+02 -7.7869E-01 -5.0122E-01  3.4118E+02  2.7572E+02  6.5455E+01 -5.4202E-01
  6.0000E+00  1.3000E+01  4.3833E+02  0.0000E+00  4.9557E+02 -8.9095E-01 -5.2043E-01  4.3833E+02  3.5896E+02  7.9377E+01 -5.9756E-01
  6.0000E+00  1.4000E+01  8.5995E+02  0.0000E+00  6.3023E+02  2.9746E+00  3.4436E+00  8.5995E+02  4.5931E+02  4.0064E+02  4.2203E+00
  6.0000E+00  1.5000E+01  8.5473E+02  0.0000E+00  7.8998E+02  6.9359E-01  1.2636E+00  8.5473E+02  5.7886E+02  2.7587E+02  1.5507E+00
  6.0000E+00  1.8000E+01  1.1433E+03  0.0000E+00  1.4484E+03 -1.8718E+00 -1.0053E+00  1.1433E+03  1.0752E+03  6.8080E+01 -1.3329E+00
  7.0000E+00  6.0000E+00  9.4728E+01  0.0000E+00  8.0054E+01  4.1866E-01  5.5405E-01  9.4728E+01  3.1984E+01  6.2744E+01  9.3699E-01
  7.0000E+00  7.0000E+00  1.2609E+02  0.0000E+00  1.1584E+02  2.8294E-01  4.5104E-01  1.2609E+02  5.0458E+01  7.5636E+01  8.9749E-01
  7.0000E+00  1.1000E+01  3.3314E+02  0.0000E+00  3.8296E+02 -9.2070E-01 -5.9393E-01  3.3314E+02  2.0761E+02  1.2553E+02 -4.4548E-01
  7.0000E+00  1.2000E+01  5.3868E+02  0.0000E+00  4.9061E+02  7.5379E-01  1.1287E+00  5.3868E+02  2.7572E+02  2.6296E+02  1.7709E+00
  7.0000E+00  1.3000E+01  6.6993E+02  0.0000E+00  6.1896E+02  6.6966E-01  1.0970E+00  6.6993E+02  3.5896E+02  3.1097E+02  1.6471E+00
  7.0000E+00  1.4000E+01  7.6253E+02  0.0000E+00  7.7040E+02 -8.6129E-02  3.9823E-01  7.6253E+02  4.5931E+02  3.0322E+02  5.3661E-01
  7.0000E+00  1.5000E+01  9.2372E+02  0.0000E+00  9.4740E+02 -2.1597E-01  3.3010E-01  9.2372E+02  5.7886E+02  3.4486E+02  3.2984E-01
  8.0000E+00  1.1000E+01  2.0116E+02  0.0000E+00  2.0240E+02 -3.0481E-02 -7.3949E-03  2.0116E+02  2.0761E+02 -6.4422E+00 -1.1562E-02
  8.0000E+00  1.2000E+01  3.1638E+02  0.0000E+00  2.6733E+02  1.0922E+00  1.1070E+00  3.1638E+02  2.7572E+02  4.0663E+01  1.0678E+00
  8.0000E+00  1.3000E+01  3.3824E+02  0.0000E+00  3.4638E+02 -1.5950E-01 -1.5591E-01  3.3824E+02  3.5896E+02 -2.0718E+01 -1.5584E-01
  8.0000E+00  1.4000E+01  4.1196E+02  0.0000E+00  4.4137E+02 -4.9632E-01 -5.0669E-01  4.1196E+02  4.5931E+02 -4.7349E+01 -4.8408E-01
  8.0000E+00  1.5000E+01  5.8667E+02  0.0000E+00  5.5422E+02  4.6488E-01  4.3784E-01  5.8667E+02  5.7886E+02  7.8054E+00  3.9546E-01
  8.0000E+00  1.8000E+01  9.9188E+02  0.0000E+00  1.0204E+03 -2.4299E-01 -3.3448E-01  9.9188E+02  1.0752E+03 -8.3318E+01 -3.1564E-01
  8.0000E+00  1.9000E+01  1.2199E+03  0.0000E+00  1.2256E+03 -4.1201E-02 -1.5789E-01  1.2199E+03  1.2945E+03 -7.4629E+01 -1.5692E-01
  9.0000E+00  6.0000E+00  1.8567E+01  0.0000E+00  2.0553E+01 -5.8413E-02 -8.9837E-02  1.8567E+01  3.1984E+01 -1.3417E+01 -5.3551E-02
  9.0000E+00  7.0000E+00  7.3294E+01  0.0000E+00  3.3428E+01  1.1683E+00  1.1215E+00  7.3294E+01  5.0458E+01  2.2836E+01  1.1582E+00
  9.0000E+00  1.1000E+01  1.2682E+02  0.0000E+00  1.4796E+02 -5.6186E-01 -7.1980E-01  1.2682E+02  2.0761E+02 -8.0786E+01 -5.9268E-01
  9.0000E+00  1.2000E+01  2.2266E+02  0.0000E+00  1.9878E+02  5.9149E-01  3.9327E-01  2.2266E+02  2.7572E+02 -5.3059E+01  3.9891E-01
  9.0000E+00  1.3000E+01  2.4473E+02  0.0000E+00  2.6137E+02 -3.7419E-01 -6.1624E-01  2.4473E+02  3.5896E+02 -1.1423E+02 -4.6908E-01
  9.0000E+00  1.4000E+01  3.3363E+02  0.0000E+00  3.3734E+02 -7.3783E-02 -3.6199E-01  3.3363E+02  4.5931E+02 -1.2568E+02 -2.6150E-01
  9.0000E+00  1.5000E+01  3.6748E+02  0.0000E+00  4.2839E+02 -1.0485E+00 -1.3842E+00  3.6748E+02  5.7886E+02 -2.1139E+02 -1.0573E+00
  9.0000E+00  1.8000E+01  8.0578E+02  0.0000E+00  8.1023E+02 -4.6600E-02 -5.2807E-01  8.0578E+02  1.0752E+03 -2.6942E+02 -4.2898E-01
  9.0000E+00  1.9000E+01  1.0300E+03  0.0000E+00  9.8025E+02  4.4009E-01 -9.0864E-02  1.0300E+03  1.2945E+03 -2.6450E+02 -1.2213E-01
  9.0000E+00  2.0000E+01  1.2728E+03  0.0000E+00  1.1751E+03  7.3067E-01  1.4965E-01  1.2728E+03  1.5450E+03 -2.7222E+02  4.0346E-02
  1.0000E+01  6.0000E+00  2.6880E+01  0.0000E+00  2.0432E+01  1.8966E-01  1.7275E-01  2.6880E+01  3.1984E+01 -5.1042E+00  1.9764E-01
  1.0000E+01  1.1000E+01  1.4415E+02  0.0000E+00  1.4230E+02  4.9595E-02 -5.5982E-02  1.4415E+02  2.0761E+02 -6.3456E+01 -7.4012E-03
  1.0000E+01  1.2000E+01  1.9340E+02  0.0000E+00  1.9047E+02  7.3399E-02 -6.3153E-02  1.9340E+02  2.7572E+02 -8.2318E+01 -1.6709E-02
  1.0000E+01  1.3000E+01  2.8117E+02  0.0000E+00  2.4967E+02  7.2161E-01  5.5014E-01  2.8117E+02  3.5896E+02 -7.7787E+01  4.7694E-01
  1.0000E+01  1.4000E+01  2.9489E+02  0.0000E+00  3.2135E+02 -5.4003E-01 -7.4981E-01  2.9489E+02  4.5931E+02 -1.6442E+02 -5.6699E-01
  1.0000E+01  1.5000E+01  3.9188E+02  0.0000E+00  4.0711E+02 -2.7089E-01 -5.2197E-01  3.9188E+02  5.7886E+02 -1.8698E+02 -3.8857E-01
  1.0000E+01  1.8000E+01  7.4496E+02  0.0000E+00  7.6562E+02 -2.2748E-01 -6.2049E-01  7.4496E+02  1.0752E+03 -3.3025E+02 -4.7970E-01
  1.0000E+01  1.9000E+01  9.9033E+02  0.0000E+00  9.2488E+02  6.0993E-01  1.6310E-01  9.9033E+02  1.2945E+03 -3.0420E+02  5.1742E-02
  1.0000E+01  2.0000E+01  1.0853E+03  0.0000E+00  1.1072E+03 -1.7299E-01 -6.7703E-01  1.0853E+03  1.5450E+03 -4.5973E+02 -5.4269E-01
  1.0000E+01  2.1000E+01  1.3312E+03  0.0000E+00  1.3146E+03  1.1156E-01 -4.5301E-01  1.3312E+03  1.8294E+03 -4.9824E+02 -4.0147E-01
  1.1000E+01  9.0000E+00  1.3992E+01  0.0000E+00  6.3626E+01 -1.4329E+00 -1.5285E+00  1.3992E+01  1.0935E+02 -9.5355E+01 -1.1933E+00
  1.1000E+01  1.0000E+01  2.3745E+01  0.0000E+00  9.1009E+01 -1.9016E+00 -2.0156E+00  2.3745E+01  1.5274E+02 -1.2899E+02 -1.5893E+00
  1.1000E+01  1.1000E+01  4.2285E+01  0.0000E+00  1.2619E+02 -2.2887E+00 -2.4205E+00  4.2285E+01  2.0761E+02 -1.6532E+02 -1.8767E+00
  1.1000E+01  1.4000E+01  3.0702E+02  0.0000E+00  2.9177E+02  3.2651E-01  1.5145E-01  3.0702E+02  4.5931E+02 -1.5229E+02  2.2723E-01
  1.1000E+01  1.5000E+01  4.3996E+02  0.0000E+00  3.7183E+02  1.2817E+00  1.0941E+00  4.3996E+02  5.7886E+02 -1.3890E+02  8.2468E-01
  1.1000E+01  1.6000E+01  5.4535E+02  0.0000E+00  4.6694E+02  1.2731E+00  1.0717E+00  5.4535E+02  7.1981E+02 -1.7447E+02  7.2667E-01
  1.1000E+01  1.7000E+01  6.0547E+02  0.0000E+00  5.7879E+02  3.6954E-01  1.5047E-01  6.0547E+02  8.8446E+02 -2.7899E+02  4.9267E-02
  1.1000E+01  1.8000E+01  7.4313E+02  0.0000E+00  7.0917E+02  3.9899E-01  1.5659E-01  7.4313E+02  1.0752E+03 -3.3207E+02  1.0536E-02
  1.1000E+01  2.1000E+01  9.6310E+02  0.0000E+00  1.2302E+03 -1.9134E+00 -2.2737E+00  9.6310E+02  1.8294E+03 -8.6632E+02 -1.6529E+00
  1.2000E+01  1.1000E+01  1.0937E+02  0.0000E+00  1.3813E+02 -7.7356E-01 -8.1397E-01  1.0937E+02  2.0761E+02 -9.8239E+01 -6.8266E-01
  1.2000E+01  1.4000E+01  3.9051E+02  0.0000E+00  3.1004E+02  1.6722E+00  1.5496E+00  3.9051E+02  4.5931E+02 -6.8799E+01  1.1969E+00
  1.2000E+01  1.5000E+01  4.3064E+02  0.0000E+00  3.9217E+02  7.0055E-01  5.3859E-01  4.3064E+02  5.7886E+02 -1.4822E+02  3.9086E-01
  1.2000E+01  1.6000E+01  4.1365E+02  0.0000E+00  4.8925E+02 -1.1878E+00 -1.3950E+00  4.1365E+02  7.1981E+02 -3.0617E+02 -9.9974E-01
  1.2000E+01  1.7000E+01  5.4487E+02  0.0000E+00  6.0291E+02 -7.7868E-01 -1.0369E+00  5.4487E+02  8.8446E+02 -3.3960E+02 -7.4789E-01
  1.2000E+01  1.8000E+01  7.4950E+02  0.0000E+00  7.3484E+02  1.6710E-01 -1.4770E-01  7.4950E+02  1.0752E+03 -3.2571E+02 -1.5384E-01
  1.2000E+01  2.1000E+01  1.3128E+03  0.0000E+00  1.2584E+03  3.8186E-01 -1.3365E-01  1.3128E+03  1.8294E+03 -5.1660E+02 -1.9254E-01
  1.2000E+01  2.2000E+01  1.4148E+03  0.0000E+00  1.4818E+03 -4.0258E-01 -9.9410E-01  1.4148E+03  2.1505E+03 -7.3572E+02 -7.7493E-01
  1.3000E+01  7.0000E+00  4.9278E+01  0.0000E+00  5.9805E+01 -3.0463E-01 -4.1839E-01  4.9278E+01  5.0458E+01 -1.1798E+00 -5.2328E-01
  1.3000E+01  8.0000E+00  7.6058E+01  0.0000E+00  9.3589E+01 -4.9447E-01 -6.3003E-01  7.6058E+01  7.5768E+01  2.8975E-01 -7.6883E-01
  1.3000E+01  9.0000E+00  1.4878E+02  0.0000E+00  1.3963E+02  2.4557E-01  9.4989E-02  1.4878E+02  1.0935E+02  3.9434E+01 -5.7079E-02
  1.3000E+01  1.0000E+01  1.1859E+02  0.0000E+00  2.0046E+02 -2.0230E+00 -2.1770E+00  1.1859E+02  1.5274E+02 -3.4149E+01 -2.4936E+00
  1.3000E+01  1.1000E+01  2.0243E+02  0.0000E+00  2.7880E+02 -1.6694E+00 -1.8098E+00  2.0243E+02  2.0761E+02 -5.1792E+00 -2.1955E+00
  1.3000E+01  1.4000E+01  5.6855E+02  0.0000E+00  6.4899E+02 -1.0171E+00 -9.7540E-01  5.6855E+02  4.5931E+02  1.0924E+02 -1.4242E+00
  1.3000E+01  1.5000E+01  1.0068E+03  0.0000E+00  8.2845E+02  1.8324E+00  1.9850E+00  1.0068E+03  5.7886E+02  4.2789E+02  2.3541E+00
  1.3000E+01  1.6000E+01  1.0851E+03  0.0000E+00  1.0419E+03  3.6112E-01  6.4665E-01  1.0851E+03  7.1981E+02  3.6528E+02  6.3721E-01
  1.3000E+01  1.7000E+01  1.4921E+03  0.0000E+00  1.2932E+03  1.3589E+00  1.7960E+00  1.4921E+03  8.8446E+02  6.0760E+02  2.1847E+00
  1.4000E+01  1.1000E+01  6.9900E+01  0.0000E+00  1.1358E+02 -1.2081E+00 -1.4080E+00  6.9900E+01  2.0761E+02 -1.3771E+02 -1.0066E+00
  1.4000E+01  1.4000E+01  2.4218E+02  0.0000E+00  2.6155E+02 -4.3533E-01 -8.1473E-01  2.4218E+02  4.5931E+02 -2.1712E+02 -4.6918E-01
  1.4000E+01  1.5000E+01  3.7053E+02  0.0000E+00  3.3298E+02  7.5190E-01  3.0131E-01  3.7053E+02  5.7886E+02 -2.0833E+02  2.4842E-01
  1.4000E+01  1.6000E+01  4.0819E+02  0.0000E+00  4.1778E+02 -1.6782E-01 -6.9429E-01  4.0819E+02  7.1981E+02 -3.1163E+02 -4.4414E-01
  1.4000E+01  1.7000E+01  5.2224E+02  0.0000E+00  5.1744E+02  7.2286E-02 -5.3473E-01  5.2224E+02  8.8446E+02 -3.6223E+02 -3.8310E-01
  1.4000E+01  1.8000E+01  6.1625E+02  0.0000E+00  6.3354E+02 -2.2296E-01 -9.1536E-01  6.1625E+02  1.0752E+03 -4.5895E+02 -6.4925E-01
  1.4000E+01  2.1000E+01  1.1427E+03  0.0000E+00  1.0971E+03  3.6334E-01 -6.1553E-01  1.1427E+03  1.8294E+03 -6.8674E+02 -5.7546E-01
  1.5000E+01  4.0000E+00  3.4157E+01  0.0000E+00  4.9452E+01 -4.4516E-01 -2.8517E-01  3.4157E+01  1.0425E+01  2.3733E+01  1.5421E-01
  1.5000E+01  7.0000E+00  1.5356E+02  0.0000E+00  1.5479E+02 -3.2226E-02  3.4234E-01  1.5356E+02  5.0458E+01  1.0311E+02  1.0835E+00
  1.5000E+01  8.0000E+00  2.4071E+02  0.0000E+00  2.1200E+02  6.9738E-01  1.1704E+00  2.4071E+02  7.5768E+01  1.6494E+02  2.0970E+00
  1.5000E+01  9.0000E+00  2.7921E+02  0.0000E+00  2.8338E+02 -9.0470E-02  4.9483E-01  2.7921E+02  1.0935E+02  1.6987E+02  1.2897E+00
  1.5000E+01  1.0000E+01  4.2300E+02  0.0000E+00  3.7101E+02  9.7926E-01  1.6897E+00  4.2300E+02  1.5274E+02  2.7026E+02  2.8696E+00
  1.5000E+01  1.1000E+01  4.2466E+02  0.0000E+00  4.7705E+02 -8.3797E-01  8.8898E-03  4.2466E+02  2.0761E+02  2.1705E+02  2.9947E-01
  1.6000E+01  7.0000E+00  6.7362E+01  0.0000E+00  6.2047E+01  1.5359E-01  2.7140E-02  6.7362E+01  5.0458E+01  1.6904E+01 -8.2400E-02
  1.6000E+01  8.0000E+00  7.3277E+01  0.0000E+00  9.6149E+01 -6.4361E-01 -7.9448E-01  7.3277E+01  7.5768E+01 -2.4913E+00 -9.3881E-01
  1.6000E+01  9.0000E+00  8.1923E+01  0.0000E+00  1.4233E+02 -1.6166E+00 -1.7843E+00  8.1923E+01  1.0935E+02 -2.7424E+01 -1.9971E+00
  1.6000E+01  1.0000E+01  1.4119E+02  0.0000E+00  2.0303E+02 -1.5221E+00 -1.6927E+00  1.4119E+02  1.5274E+02 -1.1547E+01 -1.9654E+00
  1.6000E+01  1.1000E+01  2.9142E+02  0.0000E+00  2.8086E+02  2.3000E-01  7.6997E-02  2.9142E+02  2.0761E+02  8.3809E+01 -7.1585E-02
  1.6000E+01  1.4000E+01  7.1939E+02  0.0000E+00  6.4614E+02  9.2955E-01  9.8571E-01  7.1939E+02  4.5931E+02  2.6008E+02  1.0908E+00
  1.6000E+01  1.5000E+01  8.9126E+02  0.0000E+00  8.2238E+02  7.1240E-01  8.8709E-01  8.9126E+02  5.7886E+02  3.1240E+02  9.9681E-01
  1.6000E+01  1.6000E+01  1.0261E+03  0.0000E+00  1.0316E+03 -4.6165E-02  2.6544E-01  1.0261E+03  7.1981E+02  3.0631E+02  1.9942E-01
  1.6000E+01  1.7000E+01  1.3878E+03  0.0000E+00  1.2774E+03  7.6263E-01  1.2255E+00  1.3878E+03  8.8446E+02  5.0331E+02  1.4682E+00
  1.7000E+01  9.0000E+00  9.5995E+01  0.0000E+00  1.7308E+02 -1.9812E+00 -1.8805E+00  9.5995E+01  1.0935E+02 -1.3352E+01 -1.8822E+00
  1.7000E+01  1.0000E+01  2.6843E+02  0.0000E+00  2.3604E+02  7.5808E-01  8.8656E-01  2.6843E+02  1.5274E+02  1.1569E+02  1.1428E+00
  1.7000E+01  1.1000E+01  3.7577E+02  0.0000E+00  3.1437E+02  1.2671E+00  1.4285E+00  3.7577E+02  2.0761E+02  1.6817E+02  1.8090E+00
  1.7000E+01  1.4000E+01  6.3909E+02  0.0000E+00  6.6430E+02 -3.1274E-01 -1.8835E-02  6.3909E+02  4.5931E+02  1.7978E+02  9.6279E-03
  1.7000E+01  1.5000E+01  9.2436E+02  0.0000E+00  8.2744E+02  9.9709E-01  1.3454E+00  9.2436E+02  5.7886E+02  3.4549E+02  1.7303E+00
  1.7000E+01  1.6000E+01  8.8997E+02  0.0000E+00  1.0182E+03 -1.0951E+00 -6.8839E-01  8.8997E+02  7.1981E+02  1.7016E+02 -9.2886E-01
  1.7000E+01  1.7000E+01  1.2785E+03  0.0000E+00  1.2395E+03  2.7786E-01  7.4654E-01  1.2785E+03  8.8446E+02  3.9408E+02  8.9640E-01
  1.8000E+01  9.0000E+00  7.0744E+01  0.0000E+00  8.4560E+01 -3.9274E-01 -5.4538E-01  7.0744E+01  1.0935E+02 -3.8603E+01 -3.7635E-01
  1.8000E+01  1.0000E+01  9.4620E+01  0.0000E+00  1.2144E+02 -7.3544E-01 -9.2343E-01  9.4620E+01  1.5274E+02 -5.8119E+01 -7.2830E-01
  1.8000E+01  1.1000E+01  1.1829E+02  0.0000E+00  1.6894E+02 -1.3091E+00 -1.5329E+00  1.1829E+02  2.0761E+02 -8.9318E+01 -1.2923E+00
  1.8000E+01  1.4000E+01  3.2642E+02  0.0000E+00  3.9349E+02 -1.2190E+00 -1.5304E+00  3.2642E+02  4.5931E+02 -1.3289E+02 -1.2908E+00
  1.8000E+01  1.5000E+01  4.7725E+02  0.0000E+00  5.0237E+02 -3.8723E-01 -7.1539E-01  4.7725E+02  5.7886E+02 -1.0161E+02 -6.0649E-01
  1.8000E+01  1.6000E+01  6.1731E+02  0.0000E+00  6.3189E+02 -1.8847E-01 -5.2624E-01  6.1731E+02  7.1981E+02 -1.0251E+02 -4.6881E-01
  1.8000E+01  1.7000E+01  8.4731E+02  0.0000E+00  7.8439E+02  6.7823E-01  3.3751E-01  8.4731E+02  8.8446E+02 -3.7148E+01  2.4774E-01
  1.8000E+01  1.8000E+01  1.1687E+03  0.0000E+00  9.6231E+02  1.8550E+00  1.5171E+00  1.1687E+03  1.0752E+03  9.3450E+01  1.2415E+00
  1.9000E+01  9.0000E+00  1.0573E+02  0.0000E+00  1.3525E+02 -7.9702E-01 -8.0691E-01  1.0573E+02  1.0935E+02 -3.6209E+00 -8.0455E-01
  1.9000E+01  1.0000E+01  1.9345E+02  0.0000E+00  1.8737E+02  1.5321E-01  1.4934E-01  1.9345E+02  1.5274E+02  4.0708E+01  1.8167E-01
  1.9000E+01  1.1000E+01  2.4754E+02  0.0000E+00  2.5289E+02 -1.2198E-01 -1.1464E-01  2.4754E+02  2.0761E+02  3.9930E+01 -9.7013E-02
  1.9000E+01  1.4000E+01  6.6064E+02  0.0000E+00  5.5075E+02  1.5818E+00  1.6597E+00  6.6064E+02  4.5931E+02  2.0134E+02  1.8388E+00
  1.9000E+01  1.5000E+01  6.7733E+02  0.0000E+00  6.9133E+02 -1.6798E-01 -5.6317E-02  6.7733E+02  5.7886E+02  9.8468E+01 -5.5657E-02
  1.9000E+01  1.6000E+01  8.4411E+02  0.0000E+00  8.5661E+02 -1.2474E-01  2.3853E-02  8.4411E+02  7.1981E+02  1.2429E+02  2.7228E-02
  1.9000E+01  1.7000E+01  1.0202E+03  0.0000E+00  1.0492E+03 -2.4050E-01 -5.2826E-02  1.0202E+03  8.8446E+02  1.3579E+02 -6.3184E-02
  1.9000E+01  1.8000E+01  1.2579E+03  0.0000E+00  1.2718E+03 -9.6426E-02  1.3173E-01  1.2579E+03  1.0752E+03  1.8273E+02  1.3615E-01
  2.0000E+01  7.0000E+00  6.8877E+01  0.0000E+00  9.4945E+01 -7.3433E-01 -7.2413E-01  6.8877E+01  5.0458E+01  1.8420E+01 -5.7753E-01
  2.0000E+01  8.0000E+00  1.1392E+02  0.0000E+00  1.3666E+02 -6.1293E-01 -5.7212E-01  1.1392E+02  7.5768E+01  3.8150E+01 -4.1756E-01
  2.0000E+01  9.0000E+00  1.3339E+02  0.0000E+00  1.9048E+02 -1.4317E+00 -1.3460E+00  1.3339E+02  1.0935E+02  2.4039E+01 -1.2874E+00
  2.0000E+01  1.0000E+01  2.1320E+02  0.0000E+00  2.5844E+02 -1.0217E+00 -8.7616E-01  2.1320E+02  1.5274E+02  6.0461E+01 -8.1944E-01
  2.0000E+01  1.1000E+01  4.5050E+02  0.0000E+00  3.4269E+02  2.1250E+00  2.3447E+00  4.5050E+02  2.0761E+02  2.4289E+02  3.0657E+00
  2.0000E+01  1.4000E+01  8.4285E+02  0.0000E+00  7.1690E+02  1.4662E+00  1.9657E+00  8.4285E+02  4.5931E+02  3.8354E+02  2.7322E+00
  2.0000E+01  1.5000E+01  1.0696E+03  0.0000E+00  8.9064E+02  1.7252E+00  2.3251E+00  1.0696E+03  5.7886E+02  4.9077E+02  3.2054E+00
  2.0000E+01  1.6000E+01  1.0833E+03  0.0000E+00  1.0935E+03 -8.0837E-02  6.1806E-01  1.0833E+03  7.1981E+02  3.6354E+02  8.1235E-01
  2.0000E+01  1.7000E+01  1.1068E+03  0.0000E+00  1.3283E+03 -1.4758E+00 -6.8089E-01  1.1068E+03  8.8446E+02  2.2230E+02 -1.0261E+00
  2.0000E+01  1.8000E+01  1.2896E+03  0.0000E+00  1.5982E+03 -1.7222E+00 -8.3520E-01  1.2896E+03  1.0752E+03  2.1440E+02 -1.2758E+00
