TABLE NO.  2
 ID          CL          V           ETA1        ETA2
  1.0000E+00  6.2482E-03  1.3343E+00 -7.7574E-02 -5.1671E-02
  1.0000E+00  6.2482E-03  1.3343E+00 -7.7574E-02 -5.1671E-02
  1.0000E+00  6.2482E-03  1.3343E+00 -7.7574E-02 -5.1671E-02
  1.0000E+00  6.2482E-03  1.3343E+00 -7.7574E-02 -5.1671E-02
  1.0000E+00  6.2482E-03  1.3343E+00 -7.7574E-02 -5.1671E-02
  1.0000E+00  6.2482E-03  1.3343E+00 -7.7574E-02 -5.1671E-02
  1.0000E+00  6.2482E-03  1.3343E+00 -7.7574E-02 -5.1671E-02
  1.0000E+00  6.2482E-03  1.3343E+00 -7.7574E-02 -5.1671E-02
  1.0000E+00  6.2482E-03  1.3343E+00 -7.7574E-02 -5.1671E-02
  1.0000E+00  6.2482E-03  1.3343E+00 -7.7574E-02 -5.1671E-02
  1.0000E+00  6.2482E-03  1.3343E+00 -7.7574E-02 -5.1671E-02
  1.0000E+00  6.2482E-03  1.3343E+00 -7.7574E-02 -5.1671E-02
  1.0000E+00  6.2482E-03  1.3343E+00 -7.7574E-02 -5.1671E-02
  2.0000E+00  5.4266E-03  1.1967E+00 -2.1855E-01 -1.6056E-01
  2.0000E+00  5.4266E-03  1.1967E+00 -2.1855E-01 -1.6056E-01
  2.0000E+00  5.4266E-03  1.1967E+00 -2.1855E-01 -1.6056E-01
  2.0000E+00  5.4266E-03  1.1967E+00 -2.1855E-01 -1.6056E-01
  2.0000E+00  5.4266E-03  1.1967E+00 -2.1855E-01 -1.6056E-01
  2.0000E+00  5.4266E-03  1.1967E+00 -2.1855E-01 -1.6056E-01
  2.0000E+00  5.4266E-03  1.1967E+00 -2.1855E-01 -1.6056E-01
  2.0000E+00  5.4266E-03  1.1967E+00 -2.1855E-01 -1.6056E-01
  2.0000E+00  5.4266E-03  1.1967E+00 -2.1855E-01 -1.6056E-01
  2.0000E+00  5.4266E-03  1.1967E+00 -2.1855E-01 -1.6056E-01
  2.0000E+00  5.4266E-03  1.1967E+00 -2.1855E-01 -1.6056E-01
  2.0000E+00  5.4266E-03  1.1967E+00 -2.1855E-01 -1.6056E-01
  2.0000E+00  5.4266E-03  1.1967E+00 -2.1855E-01 -1.6056E-01
  2.0000E+00  5.4266E-03  1.1967E+00 -2.1855E-01 -1.6056E-01
  2.0000E+00  5.4266E-03  1.1967E+00 -2.1855E-01 -1.6056E-01
  2.0000E+00  5.4266E-03  1.1967E+00 -2.1855E-01 -1.6056E-01
  3.0000E+00  8.7428E-03  1.7046E+00  2.5837E-01  1.9319E-01
  3.0000E+00  8.7428E-03  1.7046E+00  2.5837E-01  1.9319E-01
  3.0000E+00  8.7428E-03  1.7046E+00  2.5837E-01  1.9319E-01
  3.0000E+00  8.7428E-03  1.7046E+00  2.5837E-01  1.9319E-01
  3.0000E+00  8.7428E-03  1.7046E+00  2.5837E-01  1.9319E-01
  3.0000E+00  8.7428E-03  1.7046E+00  2.5837E-01  1.9319E-01
  3.0000E+00  8.7428E-03  1.7046E+00  2.5837E-01  1.9319E-01
  3.0000E+00  8.7428E-03  1.7046E+00  2.5837E-01  1.9319E-01
  3.0000E+00  8.7428E-03  1.7046E+00  2.5837E-01  1.9319E-01
  3.0000E+00  8.7428E-03  1.7046E+00  2.5837E-01  1.9319E-01
  3.0000E+00  8.7428E-03  1.7046E+00  2.5837E-01  1.9319E-01
  3.0000E+00  8.7428E-03  1.7046E+00  2.5837E-01  1.9319E-01
  3.0000E+00  8.7428E-03  1.7046E+00  2.5837E-01  1.9319E-01
  3.0000E+00  8.7428E-03  1.7046E+00  2.5837E-01  1.9319E-01
  3.0000E+00  8.7428E-03  1.7046E+00  2.5837E-01  1.9319E-01
  3.0000E+00  8.7428E-03  1.7046E+00  2.5837E-01  1.9319E-01
  4.0000E+00  3.9282E-03  9.2029E-01 -5.4168E-01 -4.2318E-01
  4.0000E+00  3.9282E-03  9.2029E-01 -5.4168E-01 -4.2318E-01
  4.0000E+00  3.9282E-03  9.2029E-01 -5.4168E-01 -4.2318E-01
  4.0000E+00  3.9282E-03  9.2029E-01 -5.4168E-01 -4.2318E-01
  4.0000E+00  3.9282E-03  9.2029E-01 -5.4168E-01 -4.2318E-01
  4.0000E+00  3.9282E-03  9.2029E-01 -5.4168E-01 -4.2318E-01
  4.0000E+00  3.9282E-03  9.2029E-01 -5.4168E-01 -4.2318E-01
  4.0000E+00  3.9282E-03  9.2029E-01 -5.4168E-01 -4.2318E-01
  4.0000E+00  3.9282E-03  9.2029E-01 -5.4168E-01 -4.2318E-01
  4.0000E+00  3.9282E-03  9.2029E-01 -5.4168E-01 -4.2318E-01
  4.0000E+00  3.9282E-03  9.2029E-01 -5.4168E-01 -4.2318E-01
  4.0000E+00  3.9282E-03  9.2029E-01 -5.4168E-01 -4.2318E-01
  4.0000E+00  3.9282E-03  9.2029E-01 -5.4168E-01 -4.2318E-01
  4.0000E+00  3.9282E-03  9.2029E-01 -5.4168E-01 -4.2318E-01
  4.0000E+00  3.9282E-03  9.2029E-01 -5.4168E-01 -4.2318E-01
  5.0000E+00  9.4119E-03  1.8194E+00  3.3211E-01  2.5839E-01
  5.0000E+00  9.4119E-03  1.8194E+00  3.3211E-01  2.5839E-01
  5.0000E+00  9.4119E-03  1.8194E+00  3.3211E-01  2.5839E-01
  5.0000E+00  9.4119E-03  1.8194E+00  3.3211E-01  2.5839E-01
  5.0000E+00  9.4119E-03  1.8194E+00  3.3211E-01  2.5839E-01
  5.0000E+00  9.4119E-03  1.8194E+00  3.3211E-01  2.5839E-01
  5.0000E+00  9.4119E-03  1.8194E+00  3.3211E-01  2.5839E-01
  5.0000E+00  9.4119E-03  1.8194E+00  3.3211E-01  2.5839E-01
  5.0000E+00  9.4119E-03  1.8194E+00  3.3211E-01  2.5839E-01
  5.0000E+00  9.4119E-03  1.8194E+00  3.3211E-01  2.5839E-01
  5.0000E+00  9.4119E-03  1.8194E+00  3.3211E-01  2.5839E-01
  5.0000E+00  9.4119E-03  1.8194E+00  3.3211E-01  2.5839E-01
  5.0000E+00  9.4119E-03  1.8194E+00  3.3211E-01  2.5839E-01
  5.0000E+00  9.4119E-03  1.8194E+00  3.3211E-01  2.5839E-01
  5.0000E+00  9.4119E-03  1.8194E+00  3.3211E-01  2.5839E-01
  6.0000E+00  5.8975E-03  1.2868E+00 -1.3533E-01 -8.7940E-02
  6.0000E+00  5.8975E-03  1.2868E+00 -1.3533E-01 -8.7940E-02
  6.0000E+00  5.8975E-03  1.2868E+00 -1.3533E-01 -8.7940E-02
  6.0000E+00  5.8975E-03  1.2868E+00 -1.3533E-01 -8.7940E-02
  6.0000E+00  5.8975E-03  1.2868E+00 -1.3533E-01 -8.7940E-02
  6.0000E+00  5.8975E-03  1.2868E+00 -1.3533E-01 -8.7940E-02
  6.0000E+00  5.8975E-03  1.2868E+00 -1.3533E-01 -8.7940E-02
  6.0000E+00  5.8975E-03  1.2868E+00 -1.3533E-01 -8.7940E-02
  6.0000E+00  5.8975E-03  1.2868E+00 -1.3533E-01 -8.7940E-02
  6.0000E+00  5.8975E-03  1.2868E+00 -1.3533E-01 -8.7940E-02
  6.0000E+00  5.8975E-03  1.2868E+00 -1.3533E-01 -8.7940E-02
  6.0000E+00  5.8975E-03  1.2868E+00 -1.3533E-01 -8.7940E-02
  6.0000E+00  5.8975E-03  1.2868E+00 -1.3533E-01 -8.7940E-02
  6.0000E+00  5.8975E-03  1.2868E+00 -1.3533E-01 -8.7940E-02
  6.0000E+00  5.8975E-03  1.2868E+00 -1.3533E-01 -8.7940E-02
  6.0000E+00  5.8975E-03  1.2868E+00 -1.3533E-01 -8.7940E-02
  7.0000E+00  4.8646E-03  1.0800E+00 -3.2788E-01 -2.6313E-01
  7.0000E+00  4.8646E-03  1.0800E+00 -3.2788E-01 -2.6313E-01
  7.0000E+00  4.8646E-03  1.0800E+00 -3.2788E-01 -2.6313E-01
  7.0000E+00  4.8646E-03  1.0800E+00 -3.2788E-01 -2.6313E-01
  7.0000E+00  4.8646E-03  1.0800E+00 -3.2788E-01 -2.6313E-01
  7.0000E+00  4.8646E-03  1.0800E+00 -3.2788E-01 -2.6313E-01
  7.0000E+00  4.8646E-03  1.0800E+00 -3.2788E-01 -2.6313E-01
  7.0000E+00  4.8646E-03  1.0800E+00 -3.2788E-01 -2.6313E-01
  7.0000E+00  4.8646E-03  1.0800E+00 -3.2788E-01 -2.6313E-01
  7.0000E+00  4.8646E-03  1.0800E+00 -3.2788E-01 -2.6313E-01
  7.0000E+00  4.8646E-03  1.0800E+00 -3.2788E-01 -2.6313E-01
  7.0000E+00  4.8646E-03  1.0800E+00 -3.2788E-01 -2.6313E-01
  7.0000E+00  4.8646E-03  1.0800E+00 -3.2788E-01 -2.6313E-01
  7.0000E+00  4.8646E-03  1.0800E+00 -3.2788E-01 -2.6313E-01
  7.0000E+00  4.8646E-03  1.0800E+00 -3.2788E-01 -2.6313E-01
  7.0000E+00  4.8646E-03  1.0800E+00 -3.2788E-01 -2.6313E-01
  7.0000E+00  4.8646E-03  1.0800E+00 -3.2788E-01 -2.6313E-01
  8.0000E+00  4.5534E-03  1.0098E+00 -3.9398E-01 -3.3039E-01
  8.0000E+00  4.5534E-03  1.0098E+00 -3.9398E-01 -3.3039E-01
  8.0000E+00  4.5534E-03  1.0098E+00 -3.9398E-01 -3.3039E-01
  8.0000E+00  4.5534E-03  1.0098E+00 -3.9398E-01 -3.3039E-01
  8.0000E+00  4.5534E-03  1.0098E+00 -3.9398E-01 -3.3039E-01
  8.0000E+00  4.5534E-03  1.0098E+00 -3.9398E-01 -3.3039E-01
  8.0000E+00  4.5534E-03  1.0098E+00 -3.9398E-01 -3.3039E-01
  8.0000E+00  4.5534E-03  1.0098E+00 -3.9398E-01 -3.3039E-01
  8.0000E+00  4.5534E-03  1.0098E+00 -3.9398E-01 -3.3039E-01
  8.0000E+00  4.5534E-03  1.0098E+00 -3.9398E-01 -3.3039E-01
  8.0000E+00  4.5534E-03  1.0098E+00 -3.9398E-01 -3.3039E-01
  8.0000E+00  4.5534E-03  1.0098E+00 -3.9398E-01 -3.3039E-01
  8.0000E+00  4.5534E-03  1.0098E+00 -3.9398E-01 -3.3039E-01
  8.0000E+00  4.5534E-03  1.0098E+00 -3.9398E-01 -3.3039E-01
  8.0000E+00  4.5534E-03  1.0098E+00 -3.9398E-01 -3.3039E-01
  8.0000E+00  4.5534E-03  1.0098E+00 -3.9398E-01 -3.3039E-01
  8.0000E+00  4.5534E-03  1.0098E+00 -3.9398E-01 -3.3039E-01
  9.0000E+00  5.1512E-03  1.1791E+00 -2.7063E-01 -1.7537E-01
  9.0000E+00  5.1512E-03  1.1791E+00 -2.7063E-01 -1.7537E-01
  9.0000E+00  5.1512E-03  1.1791E+00 -2.7063E-01 -1.7537E-01
  9.0000E+00  5.1512E-03  1.1791E+00 -2.7063E-01 -1.7537E-01
  9.0000E+00  5.1512E-03  1.1791E+00 -2.7063E-01 -1.7537E-01
  9.0000E+00  5.1512E-03  1.1791E+00 -2.7063E-01 -1.7537E-01
  9.0000E+00  5.1512E-03  1.1791E+00 -2.7063E-01 -1.7537E-01
  9.0000E+00  5.1512E-03  1.1791E+00 -2.7063E-01 -1.7537E-01
  9.0000E+00  5.1512E-03  1.1791E+00 -2.7063E-01 -1.7537E-01
  9.0000E+00  5.1512E-03  1.1791E+00 -2.7063E-01 -1.7537E-01
  9.0000E+00  5.1512E-03  1.1791E+00 -2.7063E-01 -1.7537E-01
  9.0000E+00  5.1512E-03  1.1791E+00 -2.7063E-01 -1.7537E-01
  9.0000E+00  5.1512E-03  1.1791E+00 -2.7063E-01 -1.7537E-01
  9.0000E+00  5.1512E-03  1.1791E+00 -2.7063E-01 -1.7537E-01
  9.0000E+00  5.1512E-03  1.1791E+00 -2.7063E-01 -1.7537E-01
  9.0000E+00  5.1512E-03  1.1791E+00 -2.7063E-01 -1.7537E-01
  9.0000E+00  5.1512E-03  1.1791E+00 -2.7063E-01 -1.7537E-01
  9.0000E+00  5.1512E-03  1.1791E+00 -2.7063E-01 -1.7537E-01
  1.0000E+01  6.6312E-03  1.3866E+00 -1.8077E-02 -1.3248E-02
  1.0000E+01  6.6312E-03  1.3866E+00 -1.8077E-02 -1.3248E-02
  1.0000E+01  6.6312E-03  1.3866E+00 -1.8077E-02 -1.3248E-02
  1.0000E+01  6.6312E-03  1.3866E+00 -1.8077E-02 -1.3248E-02
  1.0000E+01  6.6312E-03  1.3866E+00 -1.8077E-02 -1.3248E-02
  1.0000E+01  6.6312E-03  1.3866E+00 -1.8077E-02 -1.3248E-02
  1.0000E+01  6.6312E-03  1.3866E+00 -1.8077E-02 -1.3248E-02
  1.0000E+01  6.6312E-03  1.3866E+00 -1.8077E-02 -1.3248E-02
  1.0000E+01  6.6312E-03  1.3866E+00 -1.8077E-02 -1.3248E-02
  1.0000E+01  6.6312E-03  1.3866E+00 -1.8077E-02 -1.3248E-02
  1.0000E+01  6.6312E-03  1.3866E+00 -1.8077E-02 -1.3248E-02
  1.0000E+01  6.6312E-03  1.3866E+00 -1.8077E-02 -1.3248E-02
  1.0000E+01  6.6312E-03  1.3866E+00 -1.8077E-02 -1.3248E-02
  1.0000E+01  6.6312E-03  1.3866E+00 -1.8077E-02 -1.3248E-02
  1.0000E+01  6.6312E-03  1.3866E+00 -1.8077E-02 -1.3248E-02
  1.0000E+01  6.6312E-03  1.3866E+00 -1.8077E-02 -1.3248E-02
  1.1000E+01  9.3743E-03  1.8157E+00  3.2811E-01  2.5636E-01
  1.1000E+01  9.3743E-03  1.8157E+00  3.2811E-01  2.5636E-01
  1.1000E+01  9.3743E-03  1.8157E+00  3.2811E-01  2.5636E-01
  1.1000E+01  9.3743E-03  1.8157E+00  3.2811E-01  2.5636E-01
  1.1000E+01  9.3743E-03  1.8157E+00  3.2811E-01  2.5636E-01
  1.1000E+01  9.3743E-03  1.8157E+00  3.2811E-01  2.5636E-01
  1.1000E+01  9.3743E-03  1.8157E+00  3.2811E-01  2.5636E-01
  1.2000E+01  5.9853E-03  1.3096E+00 -1.2056E-01 -7.0361E-02
  1.2000E+01  5.9853E-03  1.3096E+00 -1.2056E-01 -7.0361E-02
  1.2000E+01  5.9853E-03  1.3096E+00 -1.2056E-01 -7.0361E-02
  1.2000E+01  5.9853E-03  1.3096E+00 -1.2056E-01 -7.0361E-02
  1.2000E+01  5.9853E-03  1.3096E+00 -1.2056E-01 -7.0361E-02
  1.2000E+01  5.9853E-03  1.3096E+00 -1.2056E-01 -7.0361E-02
  1.2000E+01  5.9853E-03  1.3096E+00 -1.2056E-01 -7.0361E-02
  1.2000E+01  5.9853E-03  1.3096E+00 -1.2056E-01 -7.0361E-02
  1.2000E+01  5.9853E-03  1.3096E+00 -1.2056E-01 -7.0361E-02
  1.2000E+01  5.9853E-03  1.3096E+00 -1.2056E-01 -7.0361E-02
  1.2000E+01  5.9853E-03  1.3096E+00 -1.2056E-01 -7.0361E-02
  1.2000E+01  5.9853E-03  1.3096E+00 -1.2056E-01 -7.0361E-02
  1.2000E+01  5.9853E-03  1.3096E+00 -1.2056E-01 -7.0361E-02
  1.2000E+01  5.9853E-03  1.3096E+00 -1.2056E-01 -7.0361E-02
  1.2000E+01  5.9853E-03  1.3096E+00 -1.2056E-01 -7.0361E-02
  1.2000E+01  5.9853E-03  1.3096E+00 -1.2056E-01 -7.0361E-02
  1.2000E+01  5.9853E-03  1.3096E+00 -1.2056E-01 -7.0361E-02
  1.3000E+01  4.0175E-03  9.3618E-01 -5.1920E-01 -4.0607E-01
  1.3000E+01  4.0175E-03  9.3618E-01 -5.1920E-01 -4.0607E-01
  1.3000E+01  4.0175E-03  9.3618E-01 -5.1920E-01 -4.0607E-01
  1.3000E+01  4.0175E-03  9.3618E-01 -5.1920E-01 -4.0607E-01
  1.3000E+01  4.0175E-03  9.3618E-01 -5.1920E-01 -4.0607E-01
  1.3000E+01  4.0175E-03  9.3618E-01 -5.1920E-01 -4.0607E-01
  1.3000E+01  4.0175E-03  9.3618E-01 -5.1920E-01 -4.0607E-01
  1.3000E+01  4.0175E-03  9.3618E-01 -5.1920E-01 -4.0607E-01
  1.3000E+01  4.0175E-03  9.3618E-01 -5.1920E-01 -4.0607E-01
  1.3000E+01  4.0175E-03  9.3618E-01 -5.1920E-01 -4.0607E-01
  1.3000E+01  4.0175E-03  9.3618E-01 -5.1920E-01 -4.0607E-01
  1.3000E+01  4.0175E-03  9.3618E-01 -5.1920E-01 -4.0607E-01
  1.3000E+01  4.0175E-03  9.3618E-01 -5.1920E-01 -4.0607E-01
  1.3000E+01  4.0175E-03  9.3618E-01 -5.1920E-01 -4.0607E-01
  1.3000E+01  4.0175E-03  9.3618E-01 -5.1920E-01 -4.0607E-01
  1.3000E+01  4.0175E-03  9.3618E-01 -5.1920E-01 -4.0607E-01
  1.3000E+01  4.0175E-03  9.3618E-01 -5.1920E-01 -4.0607E-01
  1.4000E+01  5.2214E-03  1.0765E+00 -2.5709E-01 -2.6640E-01
  1.4000E+01  5.2214E-03  1.0765E+00 -2.5709E-01 -2.6640E-01
  1.4000E+01  5.2214E-03  1.0765E+00 -2.5709E-01 -2.6640E-01
  1.4000E+01  5.2214E-03  1.0765E+00 -2.5709E-01 -2.6640E-01
  1.4000E+01  5.2214E-03  1.0765E+00 -2.5709E-01 -2.6640E-01
  1.4000E+01  5.2214E-03  1.0765E+00 -2.5709E-01 -2.6640E-01
  1.4000E+01  5.2214E-03  1.0765E+00 -2.5709E-01 -2.6640E-01
  1.4000E+01  5.2214E-03  1.0765E+00 -2.5709E-01 -2.6640E-01
  1.4000E+01  5.2214E-03  1.0765E+00 -2.5709E-01 -2.6640E-01
  1.4000E+01  5.2214E-03  1.0765E+00 -2.5709E-01 -2.6640E-01
  1.4000E+01  5.2214E-03  1.0765E+00 -2.5709E-01 -2.6640E-01
  1.4000E+01  5.2214E-03  1.0765E+00 -2.5709E-01 -2.6640E-01
  1.4000E+01  5.2214E-03  1.0765E+00 -2.5709E-01 -2.6640E-01
  1.4000E+01  5.2214E-03  1.0765E+00 -2.5709E-01 -2.6640E-01
  1.4000E+01  5.2214E-03  1.0765E+00 -2.5709E-01 -2.6640E-01
  1.4000E+01  5.2214E-03  1.0765E+00 -2.5709E-01 -2.6640E-01
  1.4000E+01  5.2214E-03  1.0765E+00 -2.5709E-01 -2.6640E-01
  1.4000E+01  5.2214E-03  1.0765E+00 -2.5709E-01 -2.6640E-01
  1.5000E+01  6.4953E-03  1.3654E+00 -3.8778E-02 -2.8686E-02
  1.5000E+01  6.4953E-03  1.3654E+00 -3.8778E-02 -2.8686E-02
  1.5000E+01  6.4953E-03  1.3654E+00 -3.8778E-02 -2.8686E-02
  1.5000E+01  6.4953E-03  1.3654E+00 -3.8778E-02 -2.8686E-02
  1.5000E+01  6.4953E-03  1.3654E+00 -3.8778E-02 -2.8686E-02
  1.5000E+01  6.4953E-03  1.3654E+00 -3.8778E-02 -2.8686E-02
  1.5000E+01  6.4953E-03  1.3654E+00 -3.8778E-02 -2.8686E-02
  1.5000E+01  6.4953E-03  1.3654E+00 -3.8778E-02 -2.8686E-02
  1.5000E+01  6.4953E-03  1.3654E+00 -3.8778E-02 -2.8686E-02
  1.5000E+01  6.4953E-03  1.3654E+00 -3.8778E-02 -2.8686E-02
  1.5000E+01  6.4953E-03  1.3654E+00 -3.8778E-02 -2.8686E-02
  1.5000E+01  6.4953E-03  1.3654E+00 -3.8778E-02 -2.8686E-02
  1.5000E+01  6.4953E-03  1.3654E+00 -3.8778E-02 -2.8686E-02
  1.5000E+01  6.4953E-03  1.3654E+00 -3.8778E-02 -2.8686E-02
  1.5000E+01  6.4953E-03  1.3654E+00 -3.8778E-02 -2.8686E-02
  1.6000E+01  5.1408E-03  1.1590E+00 -2.7266E-01 -1.9257E-01
  1.6000E+01  5.1408E-03  1.1590E+00 -2.7266E-01 -1.9257E-01
  1.6000E+01  5.1408E-03  1.1590E+00 -2.7266E-01 -1.9257E-01
  1.6000E+01  5.1408E-03  1.1590E+00 -2.7266E-01 -1.9257E-01
  1.6000E+01  5.1408E-03  1.1590E+00 -2.7266E-01 -1.9257E-01
  1.6000E+01  5.1408E-03  1.1590E+00 -2.7266E-01 -1.9257E-01
  1.6000E+01  5.1408E-03  1.1590E+00 -2.7266E-01 -1.9257E-01
  1.6000E+01  5.1408E-03  1.1590E+00 -2.7266E-01 -1.9257E-01
  1.6000E+01  5.1408E-03  1.1590E+00 -2.7266E-01 -1.9257E-01
  1.6000E+01  5.1408E-03  1.1590E+00 -2.7266E-01 -1.9257E-01
  1.6000E+01  5.1408E-03  1.1590E+00 -2.7266E-01 -1.9257E-01
  1.6000E+01  5.1408E-03  1.1590E+00 -2.7266E-01 -1.9257E-01
  1.6000E+01  5.1408E-03  1.1590E+00 -2.7266E-01 -1.9257E-01
  1.6000E+01  5.1408E-03  1.1590E+00 -2.7266E-01 -1.9257E-01
  1.6000E+01  5.1408E-03  1.1590E+00 -2.7266E-01 -1.9257E-01
  1.6000E+01  5.1408E-03  1.1590E+00 -2.7266E-01 -1.9257E-01
  1.6000E+01  5.1408E-03  1.1590E+00 -2.7266E-01 -1.9257E-01
  1.6000E+01  5.1408E-03  1.1590E+00 -2.7266E-01 -1.9257E-01
  1.6000E+01  5.1408E-03  1.1590E+00 -2.7266E-01 -1.9257E-01
  1.7000E+01  4.5570E-03  1.0427E+00 -3.9320E-01 -2.9827E-01
  1.7000E+01  4.5570E-03  1.0427E+00 -3.9320E-01 -2.9827E-01
  1.7000E+01  4.5570E-03  1.0427E+00 -3.9320E-01 -2.9827E-01
  1.7000E+01  4.5570E-03  1.0427E+00 -3.9320E-01 -2.9827E-01
  1.7000E+01  4.5570E-03  1.0427E+00 -3.9320E-01 -2.9827E-01
  1.7000E+01  4.5570E-03  1.0427E+00 -3.9320E-01 -2.9827E-01
  1.7000E+01  4.5570E-03  1.0427E+00 -3.9320E-01 -2.9827E-01
  1.7000E+01  4.5570E-03  1.0427E+00 -3.9320E-01 -2.9827E-01
  1.7000E+01  4.5570E-03  1.0427E+00 -3.9320E-01 -2.9827E-01
  1.7000E+01  4.5570E-03  1.0427E+00 -3.9320E-01 -2.9827E-01
  1.7000E+01  4.5570E-03  1.0427E+00 -3.9320E-01 -2.9827E-01
  1.7000E+01  4.5570E-03  1.0427E+00 -3.9320E-01 -2.9827E-01
  1.7000E+01  4.5570E-03  1.0427E+00 -3.9320E-01 -2.9827E-01
  1.7000E+01  4.5570E-03  1.0427E+00 -3.9320E-01 -2.9827E-01
  1.7000E+01  4.5570E-03  1.0427E+00 -3.9320E-01 -2.9827E-01
  1.7000E+01  4.5570E-03  1.0427E+00 -3.9320E-01 -2.9827E-01
  1.7000E+01  4.5570E-03  1.0427E+00 -3.9320E-01 -2.9827E-01
  1.8000E+01  6.5799E-03  1.2881E+00 -2.5839E-02 -8.6946E-02
  1.8000E+01  6.5799E-03  1.2881E+00 -2.5839E-02 -8.6946E-02
  1.8000E+01  6.5799E-03  1.2881E+00 -2.5839E-02 -8.6946E-02
  1.8000E+01  6.5799E-03  1.2881E+00 -2.5839E-02 -8.6946E-02
  1.8000E+01  6.5799E-03  1.2881E+00 -2.5839E-02 -8.6946E-02
  1.8000E+01  6.5799E-03  1.2881E+00 -2.5839E-02 -8.6946E-02
  1.8000E+01  6.5799E-03  1.2881E+00 -2.5839E-02 -8.6946E-02
  1.8000E+01  6.5799E-03  1.2881E+00 -2.5839E-02 -8.6946E-02
  1.8000E+01  6.5799E-03  1.2881E+00 -2.5839E-02 -8.6946E-02
  1.8000E+01  6.5799E-03  1.2881E+00 -2.5839E-02 -8.6946E-02
  1.8000E+01  6.5799E-03  1.2881E+00 -2.5839E-02 -8.6946E-02
  1.8000E+01  6.5799E-03  1.2881E+00 -2.5839E-02 -8.6946E-02
  1.8000E+01  6.5799E-03  1.2881E+00 -2.5839E-02 -8.6946E-02
  1.8000E+01  6.5799E-03  1.2881E+00 -2.5839E-02 -8.6946E-02
  1.8000E+01  6.5799E-03  1.2881E+00 -2.5839E-02 -8.6946E-02
  1.8000E+01  6.5799E-03  1.2881E+00 -2.5839E-02 -8.6946E-02
  1.8000E+01  6.5799E-03  1.2881E+00 -2.5839E-02 -8.6946E-02
  1.9000E+01  5.0029E-03  1.1103E+00 -2.9986E-01 -2.3544E-01
  1.9000E+01  5.0029E-03  1.1103E+00 -2.9986E-01 -2.3544E-01
  1.9000E+01  5.0029E-03  1.1103E+00 -2.9986E-01 -2.3544E-01
  1.9000E+01  5.0029E-03  1.1103E+00 -2.9986E-01 -2.3544E-01
  1.9000E+01  5.0029E-03  1.1103E+00 -2.9986E-01 -2.3544E-01
  1.9000E+01  5.0029E-03  1.1103E+00 -2.9986E-01 -2.3544E-01
  1.9000E+01  5.0029E-03  1.1103E+00 -2.9986E-01 -2.3544E-01
  1.9000E+01  5.0029E-03  1.1103E+00 -2.9986E-01 -2.3544E-01
  1.9000E+01  5.0029E-03  1.1103E+00 -2.9986E-01 -2.3544E-01
  1.9000E+01  5.0029E-03  1.1103E+00 -2.9986E-01 -2.3544E-01
  1.9000E+01  5.0029E-03  1.1103E+00 -2.9986E-01 -2.3544E-01
  1.9000E+01  5.0029E-03  1.1103E+00 -2.9986E-01 -2.3544E-01
  1.9000E+01  5.0029E-03  1.1103E+00 -2.9986E-01 -2.3544E-01
  1.9000E+01  5.0029E-03  1.1103E+00 -2.9986E-01 -2.3544E-01
  1.9000E+01  5.0029E-03  1.1103E+00 -2.9986E-01 -2.3544E-01
  1.9000E+01  5.0029E-03  1.1103E+00 -2.9986E-01 -2.3544E-01
  1.9000E+01  5.0029E-03  1.1103E+00 -2.9986E-01 -2.3544E-01
  1.9000E+01  5.0029E-03  1.1103E+00 -2.9986E-01 -2.3544E-01
  2.0000E+01  5.0790E-03  1.1136E+00 -2.8476E-01 -2.3252E-01
  2.0000E+01  5.0790E-03  1.1136E+00 -2.8476E-01 -2.3252E-01
  2.0000E+01  5.0790E-03  1.1136E+00 -2.8476E-01 -2.3252E-01
  2.0000E+01  5.0790E-03  1.1136E+00 -2.8476E-01 -2.3252E-01
  2.0000E+01  5.0790E-03  1.1136E+00 -2.8476E-01 -2.3252E-01
  2.0000E+01  5.0790E-03  1.1136E+00 -2.8476E-01 -2.3252E-01
  2.0000E+01  5.0790E-03  1.1136E+00 -2.8476E-01 -2.3252E-01
  2.0000E+01  5.0790E-03  1.1136E+00 -2.8476E-01 -2.3252E-01
  2.0000E+01  5.0790E-03  1.1136E+00 -2.8476E-01 -2.3252E-01
  2.0000E+01  5.0790E-03  1.1136E+00 -2.8476E-01 -2.3252E-01
  2.0000E+01  5.0790E-03  1.1136E+00 -2.8476E-01 -2.3252E-01
  2.0000E+01  5.0790E-03  1.1136E+00 -2.8476E-01 -2.3252E-01
  2.0000E+01  5.0790E-03  1.1136E+00 -2.8476E-01 -2.3252E-01
  2.0000E+01  5.0790E-03  1.1136E+00 -2.8476E-01 -2.3252E-01
  2.0000E+01  5.0790E-03  1.1136E+00 -2.8476E-01 -2.3252E-01
  2.0000E+01  5.0790E-03  1.1136E+00 -2.8476E-01 -2.3252E-01
  2.1000E+01  7.9438E-03  1.6098E+00  1.6253E-01  1.3602E-01
  2.1000E+01  7.9438E-03  1.6098E+00  1.6253E-01  1.3602E-01
  2.1000E+01  7.9438E-03  1.6098E+00  1.6253E-01  1.3602E-01
  2.1000E+01  7.9438E-03  1.6098E+00  1.6253E-01  1.3602E-01
  2.1000E+01  7.9438E-03  1.6098E+00  1.6253E-01  1.3602E-01
  2.1000E+01  7.9438E-03  1.6098E+00  1.6253E-01  1.3602E-01
  2.1000E+01  7.9438E-03  1.6098E+00  1.6253E-01  1.3602E-01
  2.1000E+01  7.9438E-03  1.6098E+00  1.6253E-01  1.3602E-01
  2.1000E+01  7.9438E-03  1.6098E+00  1.6253E-01  1.3602E-01
  2.1000E+01  7.9438E-03  1.6098E+00  1.6253E-01  1.3602E-01
  2.1000E+01  7.9438E-03  1.6098E+00  1.6253E-01  1.3602E-01
  2.1000E+01  7.9438E-03  1.6098E+00  1.6253E-01  1.3602E-01
  2.1000E+01  7.9438E-03  1.6098E+00  1.6253E-01  1.3602E-01
  2.1000E+01  7.9438E-03  1.6098E+00  1.6253E-01  1.3602E-01
  2.1000E+01  7.9438E-03  1.6098E+00  1.6253E-01  1.3602E-01
  2.1000E+01  7.9438E-03  1.6098E+00  1.6253E-01  1.3602E-01
  2.1000E+01  7.9438E-03  1.6098E+00  1.6253E-01  1.3602E-01
  2.1000E+01  7.9438E-03  1.6098E+00  1.6253E-01  1.3602E-01
  2.2000E+01  6.5706E-03  1.3739E+00 -2.7265E-02 -2.2480E-02
  2.2000E+01  6.5706E-03  1.3739E+00 -2.7265E-02 -2.2480E-02
  2.2000E+01  6.5706E-03  1.3739E+00 -2.7265E-02 -2.2480E-02
  2.2000E+01  6.5706E-03  1.3739E+00 -2.7265E-02 -2.2480E-02
  2.2000E+01  6.5706E-03  1.3739E+00 -2.7265E-02 -2.2480E-02
  2.2000E+01  6.5706E-03  1.3739E+00 -2.7265E-02 -2.2480E-02
  2.2000E+01  6.5706E-03  1.3739E+00 -2.7265E-02 -2.2480E-02
  2.2000E+01  6.5706E-03  1.3739E+00 -2.7265E-02 -2.2480E-02
  2.3000E+01  1.6077E-02  2.7048E+00  8.6752E-01  6.5492E-01
  2.3000E+01  1.6077E-02  2.7048E+00  8.6752E-01  6.5492E-01
  2.3000E+01  1.6077E-02  2.7048E+00  8.6752E-01  6.5492E-01
  2.3000E+01  1.6077E-02  2.7048E+00  8.6752E-01  6.5492E-01
  2.3000E+01  1.6077E-02  2.7048E+00  8.6752E-01  6.5492E-01
  2.3000E+01  1.6077E-02  2.7048E+00  8.6752E-01  6.5492E-01
  2.3000E+01  1.6077E-02  2.7048E+00  8.6752E-01  6.5492E-01
  2.3000E+01  1.6077E-02  2.7048E+00  8.6752E-01  6.5492E-01
  2.3000E+01  1.6077E-02  2.7048E+00  8.6752E-01  6.5492E-01
  2.3000E+01  1.6077E-02  2.7048E+00  8.6752E-01  6.5492E-01
  2.3000E+01  1.6077E-02  2.7048E+00  8.6752E-01  6.5492E-01
  2.3000E+01  1.6077E-02  2.7048E+00  8.6752E-01  6.5492E-01
  2.3000E+01  1.6077E-02  2.7048E+00  8.6752E-01  6.5492E-01
  2.3000E+01  1.6077E-02  2.7048E+00  8.6752E-01  6.5492E-01
  2.3000E+01  1.6077E-02  2.7048E+00  8.6752E-01  6.5492E-01
  2.3000E+01  1.6077E-02  2.7048E+00  8.6752E-01  6.5492E-01
  2.4000E+01  2.0475E-02  3.3545E+00  1.1093E+00  8.7018E-01
  2.4000E+01  2.0475E-02  3.3545E+00  1.1093E+00  8.7018E-01
  2.4000E+01  2.0475E-02  3.3545E+00  1.1093E+00  8.7018E-01
  2.4000E+01  2.0475E-02  3.3545E+00  1.1093E+00  8.7018E-01
  2.4000E+01  2.0475E-02  3.3545E+00  1.1093E+00  8.7018E-01
  2.4000E+01  2.0475E-02  3.3545E+00  1.1093E+00  8.7018E-01
  2.4000E+01  2.0475E-02  3.3545E+00  1.1093E+00  8.7018E-01
  2.4000E+01  2.0475E-02  3.3545E+00  1.1093E+00  8.7018E-01
  2.4000E+01  2.0475E-02  3.3545E+00  1.1093E+00  8.7018E-01
  2.4000E+01  2.0475E-02  3.3545E+00  1.1093E+00  8.7018E-01
  2.4000E+01  2.0475E-02  3.3545E+00  1.1093E+00  8.7018E-01
  2.4000E+01  2.0475E-02  3.3545E+00  1.1093E+00  8.7018E-01
  2.4000E+01  2.0475E-02  3.3545E+00  1.1093E+00  8.7018E-01
  2.4000E+01  2.0475E-02  3.3545E+00  1.1093E+00  8.7018E-01
  2.4000E+01  2.0475E-02  3.3545E+00  1.1093E+00  8.7018E-01
  2.4000E+01  2.0475E-02  3.3545E+00  1.1093E+00  8.7018E-01
  2.4000E+01  2.0475E-02  3.3545E+00  1.1093E+00  8.7018E-01
  2.4000E+01  2.0475E-02  3.3545E+00  1.1093E+00  8.7018E-01
  2.4000E+01  2.0475E-02  3.3545E+00  1.1093E+00  8.7018E-01
  2.5000E+01  4.3937E-03  1.0327E+00 -4.2970E-01 -3.0793E-01
  2.5000E+01  4.3937E-03  1.0327E+00 -4.2970E-01 -3.0793E-01
  2.5000E+01  4.3937E-03  1.0327E+00 -4.2970E-01 -3.0793E-01
  2.5000E+01  4.3937E-03  1.0327E+00 -4.2970E-01 -3.0793E-01
  2.5000E+01  4.3937E-03  1.0327E+00 -4.2970E-01 -3.0793E-01
  2.5000E+01  4.3937E-03  1.0327E+00 -4.2970E-01 -3.0793E-01
  2.5000E+01  4.3937E-03  1.0327E+00 -4.2970E-01 -3.0793E-01
  2.5000E+01  4.3937E-03  1.0327E+00 -4.2970E-01 -3.0793E-01
  2.5000E+01  4.3937E-03  1.0327E+00 -4.2970E-01 -3.0793E-01
  2.5000E+01  4.3937E-03  1.0327E+00 -4.2970E-01 -3.0793E-01
  2.5000E+01  4.3937E-03  1.0327E+00 -4.2970E-01 -3.0793E-01
  2.5000E+01  4.3937E-03  1.0327E+00 -4.2970E-01 -3.0793E-01
  2.5000E+01  4.3937E-03  1.0327E+00 -4.2970E-01 -3.0793E-01
  2.5000E+01  4.3937E-03  1.0327E+00 -4.2970E-01 -3.0793E-01
  2.5000E+01  4.3937E-03  1.0327E+00 -4.2970E-01 -3.0793E-01
  2.5000E+01  4.3937E-03  1.0327E+00 -4.2970E-01 -3.0793E-01
  2.5000E+01  4.3937E-03  1.0327E+00 -4.2970E-01 -3.0793E-01
  2.5000E+01  4.3937E-03  1.0327E+00 -4.2970E-01 -3.0793E-01
  2.5000E+01  4.3937E-03  1.0327E+00 -4.2970E-01 -3.0793E-01
  2.5000E+01  4.3937E-03  1.0327E+00 -4.2970E-01 -3.0793E-01
  2.5000E+01  4.3937E-03  1.0327E+00 -4.2970E-01 -3.0793E-01
  2.6000E+01  1.6188E-02  2.7798E+00  8.7439E-01  6.8228E-01
  2.6000E+01  1.6188E-02  2.7798E+00  8.7439E-01  6.8228E-01
  2.6000E+01  1.6188E-02  2.7798E+00  8.7439E-01  6.8228E-01
  2.6000E+01  1.6188E-02  2.7798E+00  8.7439E-01  6.8228E-01
  2.6000E+01  1.6188E-02  2.7798E+00  8.7439E-01  6.8228E-01
  2.6000E+01  1.6188E-02  2.7798E+00  8.7439E-01  6.8228E-01
  2.6000E+01  1.6188E-02  2.7798E+00  8.7439E-01  6.8228E-01
  2.6000E+01  1.6188E-02  2.7798E+00  8.7439E-01  6.8228E-01
  2.6000E+01  1.6188E-02  2.7798E+00  8.7439E-01  6.8228E-01
  2.6000E+01  1.6188E-02  2.7798E+00  8.7439E-01  6.8228E-01
  2.6000E+01  1.6188E-02  2.7798E+00  8.7439E-01  6.8228E-01
  2.6000E+01  1.6188E-02  2.7798E+00  8.7439E-01  6.8228E-01
  2.6000E+01  1.6188E-02  2.7798E+00  8.7439E-01  6.8228E-01
  2.7000E+01  6.7712E-03  1.3948E+00  2.8151E-03 -7.3451E-03
  2.7000E+01  6.7712E-03  1.3948E+00  2.8151E-03 -7.3451E-03
  2.7000E+01  6.7712E-03  1.3948E+00  2.8151E-03 -7.3451E-03
  2.7000E+01  6.7712E-03  1.3948E+00  2.8151E-03 -7.3451E-03
  2.7000E+01  6.7712E-03  1.3948E+00  2.8151E-03 -7.3451E-03
  2.7000E+01  6.7712E-03  1.3948E+00  2.8151E-03 -7.3451E-03
  2.7000E+01  6.7712E-03  1.3948E+00  2.8151E-03 -7.3451E-03
  2.7000E+01  6.7712E-03  1.3948E+00  2.8151E-03 -7.3451E-03
  2.7000E+01  6.7712E-03  1.3948E+00  2.8151E-03 -7.3451E-03
  2.7000E+01  6.7712E-03  1.3948E+00  2.8151E-03 -7.3451E-03
  2.8000E+01  1.8943E-02  3.1732E+00  1.0316E+00  8.1462E-01
  2.8000E+01  1.8943E-02  3.1732E+00  1.0316E+00  8.1462E-01
  2.8000E+01  1.8943E-02  3.1732E+00  1.0316E+00  8.1462E-01
  2.9000E+01  4.5704E-03  1.0350E+00 -3.9026E-01 -3.0575E-01
  2.9000E+01  4.5704E-03  1.0350E+00 -3.9026E-01 -3.0575E-01
  2.9000E+01  4.5704E-03  1.0350E+00 -3.9026E-01 -3.0575E-01
  2.9000E+01  4.5704E-03  1.0350E+00 -3.9026E-01 -3.0575E-01
  2.9000E+01  4.5704E-03  1.0350E+00 -3.9026E-01 -3.0575E-01
  2.9000E+01  4.5704E-03  1.0350E+00 -3.9026E-01 -3.0575E-01
  3.0000E+01  9.4486E-03  1.8474E+00  3.3600E-01  2.7365E-01
  3.0000E+01  9.4486E-03  1.8474E+00  3.3600E-01  2.7365E-01
  3.0000E+01  9.4486E-03  1.8474E+00  3.3600E-01  2.7365E-01
  3.0000E+01  9.4486E-03  1.8474E+00  3.3600E-01  2.7365E-01
  3.0000E+01  9.4486E-03  1.8474E+00  3.3600E-01  2.7365E-01
  3.0000E+01  9.4486E-03  1.8474E+00  3.3600E-01  2.7365E-01
  3.0000E+01  9.4486E-03  1.8474E+00  3.3600E-01  2.7365E-01
  3.0000E+01  9.4486E-03  1.8474E+00  3.3600E-01  2.7365E-01
  3.0000E+01  9.4486E-03  1.8474E+00  3.3600E-01  2.7365E-01
  3.0000E+01  9.4486E-03  1.8474E+00  3.3600E-01  2.7365E-01
  3.0000E+01  9.4486E-03  1.8474E+00  3.3600E-01  2.7365E-01
  3.0000E+01  9.4486E-03  1.8474E+00  3.3600E-01  2.7365E-01
  3.0000E+01  9.4486E-03  1.8474E+00  3.3600E-01  2.7365E-01
  3.0000E+01  9.4486E-03  1.8474E+00  3.3600E-01  2.7365E-01
  3.0000E+01  9.4486E-03  1.8474E+00  3.3600E-01  2.7365E-01
  3.0000E+01  9.4486E-03  1.8474E+00  3.3600E-01  2.7365E-01
  3.1000E+01  5.5304E-03  1.2001E+00 -1.9961E-01 -1.5768E-01
  3.1000E+01  5.5304E-03  1.2001E+00 -1.9961E-01 -1.5768E-01
  3.1000E+01  5.5304E-03  1.2001E+00 -1.9961E-01 -1.5768E-01
  3.2000E+01  3.0089E-02  4.5442E+00  1.4943E+00  1.1737E+00
  3.2000E+01  3.0089E-02  4.5442E+00  1.4943E+00  1.1737E+00
  3.2000E+01  3.0089E-02  4.5442E+00  1.4943E+00  1.1737E+00
  3.2000E+01  3.0089E-02  4.5442E+00  1.4943E+00  1.1737E+00
  3.2000E+01  3.0089E-02  4.5442E+00  1.4943E+00  1.1737E+00
  3.2000E+01  3.0089E-02  4.5442E+00  1.4943E+00  1.1737E+00
  3.2000E+01  3.0089E-02  4.5442E+00  1.4943E+00  1.1737E+00
  3.2000E+01  3.0089E-02  4.5442E+00  1.4943E+00  1.1737E+00
  3.2000E+01  3.0089E-02  4.5442E+00  1.4943E+00  1.1737E+00
  3.2000E+01  3.0089E-02  4.5442E+00  1.4943E+00  1.1737E+00
  3.2000E+01  3.0089E-02  4.5442E+00  1.4943E+00  1.1737E+00
  3.2000E+01  3.0089E-02  4.5442E+00  1.4943E+00  1.1737E+00
  3.3000E+01  7.3261E-03  1.5059E+00  8.1576E-02  6.9303E-02
  3.3000E+01  7.3261E-03  1.5059E+00  8.1576E-02  6.9303E-02
  3.3000E+01  7.3261E-03  1.5059E+00  8.1576E-02  6.9303E-02
  3.3000E+01  7.3261E-03  1.5059E+00  8.1576E-02  6.9303E-02
  3.3000E+01  7.3261E-03  1.5059E+00  8.1576E-02  6.9303E-02
  3.3000E+01  7.3261E-03  1.5059E+00  8.1576E-02  6.9303E-02
  3.3000E+01  7.3261E-03  1.5059E+00  8.1576E-02  6.9303E-02
  3.3000E+01  7.3261E-03  1.5059E+00  8.1576E-02  6.9303E-02
  3.3000E+01  7.3261E-03  1.5059E+00  8.1576E-02  6.9303E-02
  3.4000E+01  7.4073E-03  1.5129E+00  9.2606E-02  7.3922E-02
  3.4000E+01  7.4073E-03  1.5129E+00  9.2606E-02  7.3922E-02
  3.4000E+01  7.4073E-03  1.5129E+00  9.2606E-02  7.3922E-02
  3.4000E+01  7.4073E-03  1.5129E+00  9.2606E-02  7.3922E-02
  3.4000E+01  7.4073E-03  1.5129E+00  9.2606E-02  7.3922E-02
  3.4000E+01  7.4073E-03  1.5129E+00  9.2606E-02  7.3922E-02
  3.4000E+01  7.4073E-03  1.5129E+00  9.2606E-02  7.3922E-02
  3.4000E+01  7.4073E-03  1.5129E+00  9.2606E-02  7.3922E-02
  3.4000E+01  7.4073E-03  1.5129E+00  9.2606E-02  7.3922E-02
  3.4000E+01  7.4073E-03  1.5129E+00  9.2606E-02  7.3922E-02
  3.5000E+01  9.0939E-03  1.8096E+00  2.9774E-01  2.5301E-01
  3.5000E+01  9.0939E-03  1.8096E+00  2.9774E-01  2.5301E-01
  3.5000E+01  9.0939E-03  1.8096E+00  2.9774E-01  2.5301E-01
  3.5000E+01  9.0939E-03  1.8096E+00  2.9774E-01  2.5301E-01
  3.5000E+01  9.0939E-03  1.8096E+00  2.9774E-01  2.5301E-01
  3.5000E+01  9.0939E-03  1.8096E+00  2.9774E-01  2.5301E-01
  3.5000E+01  9.0939E-03  1.8096E+00  2.9774E-01  2.5301E-01
  3.5000E+01  9.0939E-03  1.8096E+00  2.9774E-01  2.5301E-01
  3.5000E+01  9.0939E-03  1.8096E+00  2.9774E-01  2.5301E-01
  3.5000E+01  9.0939E-03  1.8096E+00  2.9774E-01  2.5301E-01
  3.5000E+01  9.0939E-03  1.8096E+00  2.9774E-01  2.5301E-01
  3.5000E+01  9.0939E-03  1.8096E+00  2.9774E-01  2.5301E-01
  3.6000E+01  7.7915E-03  1.5140E+00  1.4317E-01  7.4665E-02
  3.6000E+01  7.7915E-03  1.5140E+00  1.4317E-01  7.4665E-02
  3.6000E+01  7.7915E-03  1.5140E+00  1.4317E-01  7.4665E-02
  3.6000E+01  7.7915E-03  1.5140E+00  1.4317E-01  7.4665E-02
  3.6000E+01  7.7915E-03  1.5140E+00  1.4317E-01  7.4665E-02
  3.6000E+01  7.7915E-03  1.5140E+00  1.4317E-01  7.4665E-02
  3.6000E+01  7.7915E-03  1.5140E+00  1.4317E-01  7.4665E-02
  3.6000E+01  7.7915E-03  1.5140E+00  1.4317E-01  7.4665E-02
  3.6000E+01  7.7915E-03  1.5140E+00  1.4317E-01  7.4665E-02
  3.6000E+01  7.7915E-03  1.5140E+00  1.4317E-01  7.4665E-02
  3.6000E+01  7.7915E-03  1.5140E+00  1.4317E-01  7.4665E-02
  3.6000E+01  7.7915E-03  1.5140E+00  1.4317E-01  7.4665E-02
  3.6000E+01  7.7915E-03  1.5140E+00  1.4317E-01  7.4665E-02
  3.6000E+01  7.7915E-03  1.5140E+00  1.4317E-01  7.4665E-02
  3.6000E+01  7.7915E-03  1.5140E+00  1.4317E-01  7.4665E-02
  3.6000E+01  7.7915E-03  1.5140E+00  1.4317E-01  7.4665E-02
  3.7000E+01  5.5480E-03  1.2090E+00 -1.9643E-01 -1.5033E-01
  3.7000E+01  5.5480E-03  1.2090E+00 -1.9643E-01 -1.5033E-01
  3.7000E+01  5.5480E-03  1.2090E+00 -1.9643E-01 -1.5033E-01
  3.7000E+01  5.5480E-03  1.2090E+00 -1.9643E-01 -1.5033E-01
  3.7000E+01  5.5480E-03  1.2090E+00 -1.9643E-01 -1.5033E-01
  3.7000E+01  5.5480E-03  1.2090E+00 -1.9643E-01 -1.5033E-01
  3.7000E+01  5.5480E-03  1.2090E+00 -1.9643E-01 -1.5033E-01
  3.7000E+01  5.5480E-03  1.2090E+00 -1.9643E-01 -1.5033E-01
  3.7000E+01  5.5480E-03  1.2090E+00 -1.9643E-01 -1.5033E-01
  3.7000E+01  5.5480E-03  1.2090E+00 -1.9643E-01 -1.5033E-01
  3.7000E+01  5.5480E-03  1.2090E+00 -1.9643E-01 -1.5033E-01
  3.7000E+01  5.5480E-03  1.2090E+00 -1.9643E-01 -1.5033E-01
  3.7000E+01  5.5480E-03  1.2090E+00 -1.9643E-01 -1.5033E-01
  3.7000E+01  5.5480E-03  1.2090E+00 -1.9643E-01 -1.5033E-01
  3.7000E+01  5.5480E-03  1.2090E+00 -1.9643E-01 -1.5033E-01
  3.7000E+01  5.5480E-03  1.2090E+00 -1.9643E-01 -1.5033E-01
  3.7000E+01  5.5480E-03  1.2090E+00 -1.9643E-01 -1.5033E-01
  3.8000E+01  6.9435E-03  1.4311E+00  2.7937E-02  1.8351E-02
  3.8000E+01  6.9435E-03  1.4311E+00  2.7937E-02  1.8351E-02
  3.8000E+01  6.9435E-03  1.4311E+00  2.7937E-02  1.8351E-02
  3.8000E+01  6.9435E-03  1.4311E+00  2.7937E-02  1.8351E-02
  3.8000E+01  6.9435E-03  1.4311E+00  2.7937E-02  1.8351E-02
  3.8000E+01  6.9435E-03  1.4311E+00  2.7937E-02  1.8351E-02
  3.8000E+01  6.9435E-03  1.4311E+00  2.7937E-02  1.8351E-02
  3.8000E+01  6.9435E-03  1.4311E+00  2.7937E-02  1.8351E-02
  3.8000E+01  6.9435E-03  1.4311E+00  2.7937E-02  1.8351E-02
  3.8000E+01  6.9435E-03  1.4311E+00  2.7937E-02  1.8351E-02
  3.8000E+01  6.9435E-03  1.4311E+00  2.7937E-02  1.8351E-02
  3.8000E+01  6.9435E-03  1.4311E+00  2.7937E-02  1.8351E-02
  3.8000E+01  6.9435E-03  1.4311E+00  2.7937E-02  1.8351E-02
  3.8000E+01  6.9435E-03  1.4311E+00  2.7937E-02  1.8351E-02
  3.8000E+01  6.9435E-03  1.4311E+00  2.7937E-02  1.8351E-02
  3.8000E+01  6.9435E-03  1.4311E+00  2.7937E-02  1.8351E-02
  3.8000E+01  6.9435E-03  1.4311E+00  2.7937E-02  1.8351E-02
  3.8000E+01  6.9435E-03  1.4311E+00  2.7937E-02  1.8351E-02
  3.8000E+01  6.9435E-03  1.4311E+00  2.7937E-02  1.8351E-02
  3.8000E+01  6.9435E-03  1.4311E+00  2.7937E-02  1.8351E-02
  3.9000E+01  9.5592E-03  1.8238E+00  3.4764E-01  2.6083E-01
  3.9000E+01  9.5592E-03  1.8238E+00  3.4764E-01  2.6083E-01
  3.9000E+01  9.5592E-03  1.8238E+00  3.4764E-01  2.6083E-01
  3.9000E+01  9.5592E-03  1.8238E+00  3.4764E-01  2.6083E-01
  3.9000E+01  9.5592E-03  1.8238E+00  3.4764E-01  2.6083E-01
  3.9000E+01  9.5592E-03  1.8238E+00  3.4764E-01  2.6083E-01
  3.9000E+01  9.5592E-03  1.8238E+00  3.4764E-01  2.6083E-01
  3.9000E+01  9.5592E-03  1.8238E+00  3.4764E-01  2.6083E-01
  3.9000E+01  9.5592E-03  1.8238E+00  3.4764E-01  2.6083E-01
  3.9000E+01  9.5592E-03  1.8238E+00  3.4764E-01  2.6083E-01
  3.9000E+01  9.5592E-03  1.8238E+00  3.4764E-01  2.6083E-01
  3.9000E+01  9.5592E-03  1.8238E+00  3.4764E-01  2.6083E-01
  3.9000E+01  9.5592E-03  1.8238E+00  3.4764E-01  2.6083E-01
  3.9000E+01  9.5592E-03  1.8238E+00  3.4764E-01  2.6083E-01
  3.9000E+01  9.5592E-03  1.8238E+00  3.4764E-01  2.6083E-01
  3.9000E+01  9.5592E-03  1.8238E+00  3.4764E-01  2.6083E-01
  4.0000E+01  6.4941E-03  1.3626E+00 -3.8975E-02 -3.0747E-02
  4.0000E+01  6.4941E-03  1.3626E+00 -3.8975E-02 -3.0747E-02
  4.0000E+01  6.4941E-03  1.3626E+00 -3.8975E-02 -3.0747E-02
  4.0000E+01  6.4941E-03  1.3626E+00 -3.8975E-02 -3.0747E-02
  4.0000E+01  6.4941E-03  1.3626E+00 -3.8975E-02 -3.0747E-02
  4.0000E+01  6.4941E-03  1.3626E+00 -3.8975E-02 -3.0747E-02
  4.1000E+01  9.5365E-03  1.8456E+00  3.4527E-01  2.7271E-01
  4.1000E+01  9.5365E-03  1.8456E+00  3.4527E-01  2.7271E-01
  4.1000E+01  9.5365E-03  1.8456E+00  3.4527E-01  2.7271E-01
  4.1000E+01  9.5365E-03  1.8456E+00  3.4527E-01  2.7271E-01
  4.1000E+01  9.5365E-03  1.8456E+00  3.4527E-01  2.7271E-01
  4.1000E+01  9.5365E-03  1.8456E+00  3.4527E-01  2.7271E-01
  4.1000E+01  9.5365E-03  1.8456E+00  3.4527E-01  2.7271E-01
  4.1000E+01  9.5365E-03  1.8456E+00  3.4527E-01  2.7271E-01
  4.1000E+01  9.5365E-03  1.8456E+00  3.4527E-01  2.7271E-01
  4.1000E+01  9.5365E-03  1.8456E+00  3.4527E-01  2.7271E-01
  4.1000E+01  9.5365E-03  1.8456E+00  3.4527E-01  2.7271E-01
  4.2000E+01  2.5735E-02  3.9702E+00  1.3380E+00  1.0387E+00
  4.2000E+01  2.5735E-02  3.9702E+00  1.3380E+00  1.0387E+00
  4.2000E+01  2.5735E-02  3.9702E+00  1.3380E+00  1.0387E+00
  4.2000E+01  2.5735E-02  3.9702E+00  1.3380E+00  1.0387E+00
  4.2000E+01  2.5735E-02  3.9702E+00  1.3380E+00  1.0387E+00
  4.2000E+01  2.5735E-02  3.9702E+00  1.3380E+00  1.0387E+00
  4.2000E+01  2.5735E-02  3.9702E+00  1.3380E+00  1.0387E+00
  4.2000E+01  2.5735E-02  3.9702E+00  1.3380E+00  1.0387E+00
  4.2000E+01  2.5735E-02  3.9702E+00  1.3380E+00  1.0387E+00
  4.2000E+01  2.5735E-02  3.9702E+00  1.3380E+00  1.0387E+00
  4.2000E+01  2.5735E-02  3.9702E+00  1.3380E+00  1.0387E+00
  4.3000E+01  3.5408E-03  8.4391E-01 -6.4550E-01 -5.0982E-01
  4.3000E+01  3.5408E-03  8.4391E-01 -6.4550E-01 -5.0982E-01
  4.3000E+01  3.5408E-03  8.4391E-01 -6.4550E-01 -5.0982E-01
  4.4000E+01  6.9878E-03  1.4543E+00  3.4305E-02  3.4436E-02
  4.4000E+01  6.9878E-03  1.4543E+00  3.4305E-02  3.4436E-02
  4.4000E+01  6.9878E-03  1.4543E+00  3.4305E-02  3.4436E-02
  4.4000E+01  6.9878E-03  1.4543E+00  3.4305E-02  3.4436E-02
  4.4000E+01  6.9878E-03  1.4543E+00  3.4305E-02  3.4436E-02
  4.4000E+01  6.9878E-03  1.4543E+00  3.4305E-02  3.4436E-02
  4.4000E+01  6.9878E-03  1.4543E+00  3.4305E-02  3.4436E-02
  4.4000E+01  6.9878E-03  1.4543E+00  3.4305E-02  3.4436E-02
  4.4000E+01  6.9878E-03  1.4543E+00  3.4305E-02  3.4436E-02
  4.4000E+01  6.9878E-03  1.4543E+00  3.4305E-02  3.4436E-02
  4.4000E+01  6.9878E-03  1.4543E+00  3.4305E-02  3.4436E-02
  4.4000E+01  6.9878E-03  1.4543E+00  3.4305E-02  3.4436E-02
  4.4000E+01  6.9878E-03  1.4543E+00  3.4305E-02  3.4436E-02
  4.4000E+01  6.9878E-03  1.4543E+00  3.4305E-02  3.4436E-02
  4.4000E+01  6.9878E-03  1.4543E+00  3.4305E-02  3.4436E-02
  4.4000E+01  6.9878E-03  1.4543E+00  3.4305E-02  3.4436E-02
  4.5000E+01  4.0823E-03  9.4783E-01 -5.0319E-01 -3.9369E-01
  4.5000E+01  4.0823E-03  9.4783E-01 -5.0319E-01 -3.9369E-01
  4.5000E+01  4.0823E-03  9.4783E-01 -5.0319E-01 -3.9369E-01
  4.5000E+01  4.0823E-03  9.4783E-01 -5.0319E-01 -3.9369E-01
  4.5000E+01  4.0823E-03  9.4783E-01 -5.0319E-01 -3.9369E-01
  4.5000E+01  4.0823E-03  9.4783E-01 -5.0319E-01 -3.9369E-01
  4.5000E+01  4.0823E-03  9.4783E-01 -5.0319E-01 -3.9369E-01
  4.5000E+01  4.0823E-03  9.4783E-01 -5.0319E-01 -3.9369E-01
  4.5000E+01  4.0823E-03  9.4783E-01 -5.0319E-01 -3.9369E-01
  4.5000E+01  4.0823E-03  9.4783E-01 -5.0319E-01 -3.9369E-01
  4.5000E+01  4.0823E-03  9.4783E-01 -5.0319E-01 -3.9369E-01
  4.5000E+01  4.0823E-03  9.4783E-01 -5.0319E-01 -3.9369E-01
  4.5000E+01  4.0823E-03  9.4783E-01 -5.0319E-01 -3.9369E-01
  4.6000E+01  5.0565E-03  1.1182E+00 -2.8919E-01 -2.2841E-01
  4.6000E+01  5.0565E-03  1.1182E+00 -2.8919E-01 -2.2841E-01
  4.6000E+01  5.0565E-03  1.1182E+00 -2.8919E-01 -2.2841E-01
  4.6000E+01  5.0565E-03  1.1182E+00 -2.8919E-01 -2.2841E-01
  4.7000E+01  1.2087E-02  2.2186E+00  5.8225E-01  4.5676E-01
  4.7000E+01  1.2087E-02  2.2186E+00  5.8225E-01  4.5676E-01
  4.7000E+01  1.2087E-02  2.2186E+00  5.8225E-01  4.5676E-01
  4.7000E+01  1.2087E-02  2.2186E+00  5.8225E-01  4.5676E-01
  4.7000E+01  1.2087E-02  2.2186E+00  5.8225E-01  4.5676E-01
  4.7000E+01  1.2087E-02  2.2186E+00  5.8225E-01  4.5676E-01
  4.7000E+01  1.2087E-02  2.2186E+00  5.8225E-01  4.5676E-01
  4.8000E+01  2.5414E-03  6.8797E-01 -9.7713E-01 -7.1413E-01
  4.8000E+01  2.5414E-03  6.8797E-01 -9.7713E-01 -7.1413E-01
  4.8000E+01  2.5414E-03  6.8797E-01 -9.7713E-01 -7.1413E-01
  4.8000E+01  2.5414E-03  6.8797E-01 -9.7713E-01 -7.1413E-01
  4.8000E+01  2.5414E-03  6.8797E-01 -9.7713E-01 -7.1413E-01
  4.8000E+01  2.5414E-03  6.8797E-01 -9.7713E-01 -7.1413E-01
  4.8000E+01  2.5414E-03  6.8797E-01 -9.7713E-01 -7.1413E-01
  4.8000E+01  2.5414E-03  6.8797E-01 -9.7713E-01 -7.1413E-01
  4.8000E+01  2.5414E-03  6.8797E-01 -9.7713E-01 -7.1413E-01
  4.8000E+01  2.5414E-03  6.8797E-01 -9.7713E-01 -7.1413E-01
  4.8000E+01  2.5414E-03  6.8797E-01 -9.7713E-01 -7.1413E-01
  4.8000E+01  2.5414E-03  6.8797E-01 -9.7713E-01 -7.1413E-01
  4.8000E+01  2.5414E-03  6.8797E-01 -9.7713E-01 -7.1413E-01
  4.8000E+01  2.5414E-03  6.8797E-01 -9.7713E-01 -7.1413E-01
  4.9000E+01  6.5435E-03  1.3865E+00 -3.1387E-02 -1.3318E-02
  4.9000E+01  6.5435E-03  1.3865E+00 -3.1387E-02 -1.3318E-02
  4.9000E+01  6.5435E-03  1.3865E+00 -3.1387E-02 -1.3318E-02
  4.9000E+01  6.5435E-03  1.3865E+00 -3.1387E-02 -1.3318E-02
  4.9000E+01  6.5435E-03  1.3865E+00 -3.1387E-02 -1.3318E-02
  4.9000E+01  6.5435E-03  1.3865E+00 -3.1387E-02 -1.3318E-02
  4.9000E+01  6.5435E-03  1.3865E+00 -3.1387E-02 -1.3318E-02
  4.9000E+01  6.5435E-03  1.3865E+00 -3.1387E-02 -1.3318E-02
  4.9000E+01  6.5435E-03  1.3865E+00 -3.1387E-02 -1.3318E-02
  4.9000E+01  6.5435E-03  1.3865E+00 -3.1387E-02 -1.3318E-02
  4.9000E+01  6.5435E-03  1.3865E+00 -3.1387E-02 -1.3318E-02
  4.9000E+01  6.5435E-03  1.3865E+00 -3.1387E-02 -1.3318E-02
  4.9000E+01  6.5435E-03  1.3865E+00 -3.1387E-02 -1.3318E-02
  4.9000E+01  6.5435E-03  1.3865E+00 -3.1387E-02 -1.3318E-02
  4.9000E+01  6.5435E-03  1.3865E+00 -3.1387E-02 -1.3318E-02
  4.9000E+01  6.5435E-03  1.3865E+00 -3.1387E-02 -1.3318E-02
  4.9000E+01  6.5435E-03  1.3865E+00 -3.1387E-02 -1.3318E-02
  5.0000E+01  4.0309E-03  9.1558E-01 -5.1588E-01 -4.2831E-01
  5.0000E+01  4.0309E-03  9.1558E-01 -5.1588E-01 -4.2831E-01
  5.0000E+01  4.0309E-03  9.1558E-01 -5.1588E-01 -4.2831E-01
  5.0000E+01  4.0309E-03  9.1558E-01 -5.1588E-01 -4.2831E-01
  5.0000E+01  4.0309E-03  9.1558E-01 -5.1588E-01 -4.2831E-01
  5.0000E+01  4.0309E-03  9.1558E-01 -5.1588E-01 -4.2831E-01
  5.0000E+01  4.0309E-03  9.1558E-01 -5.1588E-01 -4.2831E-01
  5.0000E+01  4.0309E-03  9.1558E-01 -5.1588E-01 -4.2831E-01
  5.0000E+01  4.0309E-03  9.1558E-01 -5.1588E-01 -4.2831E-01
  5.0000E+01  4.0309E-03  9.1558E-01 -5.1588E-01 -4.2831E-01
  5.0000E+01  4.0309E-03  9.1558E-01 -5.1588E-01 -4.2831E-01
  5.0000E+01  4.0309E-03  9.1558E-01 -5.1588E-01 -4.2831E-01
  5.0000E+01  4.0309E-03  9.1558E-01 -5.1588E-01 -4.2831E-01
  5.0000E+01  4.0309E-03  9.1558E-01 -5.1588E-01 -4.2831E-01
  5.0000E+01  4.0309E-03  9.1558E-01 -5.1588E-01 -4.2831E-01
  5.0000E+01  4.0309E-03  9.1558E-01 -5.1588E-01 -4.2831E-01
  5.0000E+01  4.0309E-03  9.1558E-01 -5.1588E-01 -4.2831E-01
  5.0000E+01  4.0309E-03  9.1558E-01 -5.1588E-01 -4.2831E-01
  5.0000E+01  4.0309E-03  9.1558E-01 -5.1588E-01 -4.2831E-01
  5.0000E+01  4.0309E-03  9.1558E-01 -5.1588E-01 -4.2831E-01
  5.1000E+01  4.7910E-03  1.0860E+00 -3.4313E-01 -2.5763E-01
  5.1000E+01  4.7910E-03  1.0860E+00 -3.4313E-01 -2.5763E-01
  5.1000E+01  4.7910E-03  1.0860E+00 -3.4313E-01 -2.5763E-01
  5.1000E+01  4.7910E-03  1.0860E+00 -3.4313E-01 -2.5763E-01
  5.1000E+01  4.7910E-03  1.0860E+00 -3.4313E-01 -2.5763E-01
  5.1000E+01  4.7910E-03  1.0860E+00 -3.4313E-01 -2.5763E-01
  5.1000E+01  4.7910E-03  1.0860E+00 -3.4313E-01 -2.5763E-01
  5.1000E+01  4.7910E-03  1.0860E+00 -3.4313E-01 -2.5763E-01
  5.1000E+01  4.7910E-03  1.0860E+00 -3.4313E-01 -2.5763E-01
  5.1000E+01  4.7910E-03  1.0860E+00 -3.4313E-01 -2.5763E-01
  5.1000E+01  4.7910E-03  1.0860E+00 -3.4313E-01 -2.5763E-01
  5.1000E+01  4.7910E-03  1.0860E+00 -3.4313E-01 -2.5763E-01
  5.1000E+01  4.7910E-03  1.0860E+00 -3.4313E-01 -2.5763E-01
  5.1000E+01  4.7910E-03  1.0860E+00 -3.4313E-01 -2.5763E-01
  5.1000E+01  4.7910E-03  1.0860E+00 -3.4313E-01 -2.5763E-01
  5.1000E+01  4.7910E-03  1.0860E+00 -3.4313E-01 -2.5763E-01
  5.2000E+01  3.8501E-03  8.7240E-01 -5.6177E-01 -4.7662E-01
  5.2000E+01  3.8501E-03  8.7240E-01 -5.6177E-01 -4.7662E-01
  5.2000E+01  3.8501E-03  8.7240E-01 -5.6177E-01 -4.7662E-01
  5.2000E+01  3.8501E-03  8.7240E-01 -5.6177E-01 -4.7662E-01
  5.2000E+01  3.8501E-03  8.7240E-01 -5.6177E-01 -4.7662E-01
  5.2000E+01  3.8501E-03  8.7240E-01 -5.6177E-01 -4.7662E-01
  5.2000E+01  3.8501E-03  8.7240E-01 -5.6177E-01 -4.7662E-01
  5.2000E+01  3.8501E-03  8.7240E-01 -5.6177E-01 -4.7662E-01
  5.2000E+01  3.8501E-03  8.7240E-01 -5.6177E-01 -4.7662E-01
  5.2000E+01  3.8501E-03  8.7240E-01 -5.6177E-01 -4.7662E-01
  5.2000E+01  3.8501E-03  8.7240E-01 -5.6177E-01 -4.7662E-01
  5.2000E+01  3.8501E-03  8.7240E-01 -5.6177E-01 -4.7662E-01
  5.2000E+01  3.8501E-03  8.7240E-01 -5.6177E-01 -4.7662E-01
  5.2000E+01  3.8501E-03  8.7240E-01 -5.6177E-01 -4.7662E-01
  5.2000E+01  3.8501E-03  8.7240E-01 -5.6177E-01 -4.7662E-01
  5.2000E+01  3.8501E-03  8.7240E-01 -5.6177E-01 -4.7662E-01
  5.2000E+01  3.8501E-03  8.7240E-01 -5.6177E-01 -4.7662E-01
  5.3000E+01  7.1521E-03  1.4863E+00  5.7546E-02  5.6199E-02
  5.3000E+01  7.1521E-03  1.4863E+00  5.7546E-02  5.6199E-02
  5.3000E+01  7.1521E-03  1.4863E+00  5.7546E-02  5.6199E-02
  5.3000E+01  7.1521E-03  1.4863E+00  5.7546E-02  5.6199E-02
  5.3000E+01  7.1521E-03  1.4863E+00  5.7546E-02  5.6199E-02
  5.3000E+01  7.1521E-03  1.4863E+00  5.7546E-02  5.6199E-02
  5.3000E+01  7.1521E-03  1.4863E+00  5.7546E-02  5.6199E-02
  5.3000E+01  7.1521E-03  1.4863E+00  5.7546E-02  5.6199E-02
  5.3000E+01  7.1521E-03  1.4863E+00  5.7546E-02  5.6199E-02
  5.4000E+01  6.4371E-03  1.3622E+00 -4.7785E-02 -3.1007E-02
  5.4000E+01  6.4371E-03  1.3622E+00 -4.7785E-02 -3.1007E-02
  5.4000E+01  6.4371E-03  1.3622E+00 -4.7785E-02 -3.1007E-02
  5.4000E+01  6.4371E-03  1.3622E+00 -4.7785E-02 -3.1007E-02
  5.4000E+01  6.4371E-03  1.3622E+00 -4.7785E-02 -3.1007E-02
  5.4000E+01  6.4371E-03  1.3622E+00 -4.7785E-02 -3.1007E-02
  5.4000E+01  6.4371E-03  1.3622E+00 -4.7785E-02 -3.1007E-02
  5.4000E+01  6.4371E-03  1.3622E+00 -4.7785E-02 -3.1007E-02
  5.4000E+01  6.4371E-03  1.3622E+00 -4.7785E-02 -3.1007E-02
  5.4000E+01  6.4371E-03  1.3622E+00 -4.7785E-02 -3.1007E-02
  5.4000E+01  6.4371E-03  1.3622E+00 -4.7785E-02 -3.1007E-02
  5.4000E+01  6.4371E-03  1.3622E+00 -4.7785E-02 -3.1007E-02
  5.4000E+01  6.4371E-03  1.3622E+00 -4.7785E-02 -3.1007E-02
  5.4000E+01  6.4371E-03  1.3622E+00 -4.7785E-02 -3.1007E-02
  5.4000E+01  6.4371E-03  1.3622E+00 -4.7785E-02 -3.1007E-02
  5.5000E+01  7.7578E-03  1.5659E+00  1.3883E-01  1.0835E-01
  5.5000E+01  7.7578E-03  1.5659E+00  1.3883E-01  1.0835E-01
  5.5000E+01  7.7578E-03  1.5659E+00  1.3883E-01  1.0835E-01
  5.5000E+01  7.7578E-03  1.5659E+00  1.3883E-01  1.0835E-01
  5.5000E+01  7.7578E-03  1.5659E+00  1.3883E-01  1.0835E-01
  5.5000E+01  7.7578E-03  1.5659E+00  1.3883E-01  1.0835E-01
  5.5000E+01  7.7578E-03  1.5659E+00  1.3883E-01  1.0835E-01
  5.5000E+01  7.7578E-03  1.5659E+00  1.3883E-01  1.0835E-01
  5.5000E+01  7.7578E-03  1.5659E+00  1.3883E-01  1.0835E-01
  5.6000E+01  2.9235E-03  7.2697E-01 -8.3707E-01 -6.5898E-01
  5.6000E+01  2.9235E-03  7.2697E-01 -8.3707E-01 -6.5898E-01
  5.6000E+01  2.9235E-03  7.2697E-01 -8.3707E-01 -6.5898E-01
  5.6000E+01  2.9235E-03  7.2697E-01 -8.3707E-01 -6.5898E-01
  5.7000E+01  1.0392E-02  1.9652E+00  4.3117E-01  3.3546E-01
  5.7000E+01  1.0392E-02  1.9652E+00  4.3117E-01  3.3546E-01
  5.7000E+01  1.0392E-02  1.9652E+00  4.3117E-01  3.3546E-01
  5.7000E+01  1.0392E-02  1.9652E+00  4.3117E-01  3.3546E-01
  5.7000E+01  1.0392E-02  1.9652E+00  4.3117E-01  3.3546E-01
  5.7000E+01  1.0392E-02  1.9652E+00  4.3117E-01  3.3546E-01
  5.7000E+01  1.0392E-02  1.9652E+00  4.3117E-01  3.3546E-01
  5.7000E+01  1.0392E-02  1.9652E+00  4.3117E-01  3.3546E-01
  5.7000E+01  1.0392E-02  1.9652E+00  4.3117E-01  3.3546E-01
  5.7000E+01  1.0392E-02  1.9652E+00  4.3117E-01  3.3546E-01
  5.7000E+01  1.0392E-02  1.9652E+00  4.3117E-01  3.3546E-01
  5.7000E+01  1.0392E-02  1.9652E+00  4.3117E-01  3.3546E-01
  5.7000E+01  1.0392E-02  1.9652E+00  4.3117E-01  3.3546E-01
  5.8000E+01  5.8471E-03  1.2379E+00 -1.4391E-01 -1.2674E-01
  5.8000E+01  5.8471E-03  1.2379E+00 -1.4391E-01 -1.2674E-01
  5.8000E+01  5.8471E-03  1.2379E+00 -1.4391E-01 -1.2674E-01
  5.8000E+01  5.8471E-03  1.2379E+00 -1.4391E-01 -1.2674E-01
  5.8000E+01  5.8471E-03  1.2379E+00 -1.4391E-01 -1.2674E-01
  5.8000E+01  5.8471E-03  1.2379E+00 -1.4391E-01 -1.2674E-01
  5.8000E+01  5.8471E-03  1.2379E+00 -1.4391E-01 -1.2674E-01
  5.8000E+01  5.8471E-03  1.2379E+00 -1.4391E-01 -1.2674E-01
  5.8000E+01  5.8471E-03  1.2379E+00 -1.4391E-01 -1.2674E-01
  5.8000E+01  5.8471E-03  1.2379E+00 -1.4391E-01 -1.2674E-01
  5.8000E+01  5.8471E-03  1.2379E+00 -1.4391E-01 -1.2674E-01
  5.8000E+01  5.8471E-03  1.2379E+00 -1.4391E-01 -1.2674E-01
  5.8000E+01  5.8471E-03  1.2379E+00 -1.4391E-01 -1.2674E-01
  5.8000E+01  5.8471E-03  1.2379E+00 -1.4391E-01 -1.2674E-01
  5.8000E+01  5.8471E-03  1.2379E+00 -1.4391E-01 -1.2674E-01
  5.8000E+01  5.8471E-03  1.2379E+00 -1.4391E-01 -1.2674E-01
  5.9000E+01  4.2448E-03  9.8020E-01 -4.6416E-01 -3.6012E-01
  5.9000E+01  4.2448E-03  9.8020E-01 -4.6416E-01 -3.6012E-01
  5.9000E+01  4.2448E-03  9.8020E-01 -4.6416E-01 -3.6012E-01
  5.9000E+01  4.2448E-03  9.8020E-01 -4.6416E-01 -3.6012E-01
  5.9000E+01  4.2448E-03  9.8020E-01 -4.6416E-01 -3.6012E-01
  5.9000E+01  4.2448E-03  9.8020E-01 -4.6416E-01 -3.6012E-01
  5.9000E+01  4.2448E-03  9.8020E-01 -4.6416E-01 -3.6012E-01
  5.9000E+01  4.2448E-03  9.8020E-01 -4.6416E-01 -3.6012E-01
  5.9000E+01  4.2448E-03  9.8020E-01 -4.6416E-01 -3.6012E-01
  5.9000E+01  4.2448E-03  9.8020E-01 -4.6416E-01 -3.6012E-01
  5.9000E+01  4.2448E-03  9.8020E-01 -4.6416E-01 -3.6012E-01
  5.9000E+01  4.2448E-03  9.8020E-01 -4.6416E-01 -3.6012E-01
  5.9000E+01  4.2448E-03  9.8020E-01 -4.6416E-01 -3.6012E-01
  5.9000E+01  4.2448E-03  9.8020E-01 -4.6416E-01 -3.6012E-01
  5.9000E+01  4.2448E-03  9.8020E-01 -4.6416E-01 -3.6012E-01
  5.9000E+01  4.2448E-03  9.8020E-01 -4.6416E-01 -3.6012E-01
  5.9000E+01  4.2448E-03  9.8020E-01 -4.6416E-01 -3.6012E-01
