TABLE NO.  2
 ID          CL          V1          Q           V2          ETA1        ETA2        ETA3        ETA4
  1.0000E+00  3.2043E+00  1.8799E+01  8.4929E+00  1.0938E+02 -4.4252E-01 -6.6989E-02  9.3805E-02  6.1927E-01
  1.0000E+00  3.2043E+00  1.8799E+01  8.4929E+00  1.0938E+02 -4.4252E-01 -6.6989E-02  9.3805E-02  6.1927E-01
  1.0000E+00  3.2043E+00  1.8799E+01  8.4929E+00  1.0938E+02 -4.4252E-01 -6.6989E-02  9.3805E-02  6.1927E-01
  1.0000E+00  3.2043E+00  1.8799E+01  8.4929E+00  1.0938E+02 -4.4252E-01 -6.6989E-02  9.3805E-02  6.1927E-01
  1.0000E+00  3.2043E+00  1.8799E+01  8.4929E+00  1.0938E+02 -4.4252E-01 -6.6989E-02  9.3805E-02  6.1927E-01
  1.0000E+00  3.2043E+00  1.8799E+01  8.4929E+00  1.0938E+02 -4.4252E-01 -6.6989E-02  9.3805E-02  6.1927E-01
  1.0000E+00  3.2043E+00  1.8799E+01  8.4929E+00  1.0938E+02 -4.4252E-01 -6.6989E-02  9.3805E-02  6.1927E-01
  1.0000E+00  3.2043E+00  1.8799E+01  8.4929E+00  1.0938E+02 -4.4252E-01 -6.6989E-02  9.3805E-02  6.1927E-01
  1.0000E+00  3.2043E+00  1.8799E+01  8.4929E+00  1.0938E+02 -4.4252E-01 -6.6989E-02  9.3805E-02  6.1927E-01
  1.0000E+00  3.2043E+00  1.8799E+01  8.4929E+00  1.0938E+02 -4.4252E-01 -6.6989E-02  9.3805E-02  6.1927E-01
  1.0000E+00  3.2043E+00  1.8799E+01  8.4929E+00  1.0938E+02 -4.4252E-01 -6.6989E-02  9.3805E-02  6.1927E-01
  1.0000E+00  3.2043E+00  1.8799E+01  8.4929E+00  1.0938E+02 -4.4252E-01 -6.6989E-02  9.3805E-02  6.1927E-01
  2.0000E+00  5.4063E+00  2.4133E+01  1.7919E+01  5.6909E+01  8.0558E-02  1.8281E-01  8.4046E-01 -3.4074E-02
  2.0000E+00  5.4063E+00  2.4133E+01  1.7919E+01  5.6909E+01  8.0558E-02  1.8281E-01  8.4046E-01 -3.4074E-02
  2.0000E+00  5.4063E+00  2.4133E+01  1.7919E+01  5.6909E+01  8.0558E-02  1.8281E-01  8.4046E-01 -3.4074E-02
  2.0000E+00  5.4063E+00  2.4133E+01  1.7919E+01  5.6909E+01  8.0558E-02  1.8281E-01  8.4046E-01 -3.4074E-02
  2.0000E+00  5.4063E+00  2.4133E+01  1.7919E+01  5.6909E+01  8.0558E-02  1.8281E-01  8.4046E-01 -3.4074E-02
  2.0000E+00  5.4063E+00  2.4133E+01  1.7919E+01  5.6909E+01  8.0558E-02  1.8281E-01  8.4046E-01 -3.4074E-02
  2.0000E+00  5.4063E+00  2.4133E+01  1.7919E+01  5.6909E+01  8.0558E-02  1.8281E-01  8.4046E-01 -3.4074E-02
  2.0000E+00  5.4063E+00  2.4133E+01  1.7919E+01  5.6909E+01  8.0558E-02  1.8281E-01  8.4046E-01 -3.4074E-02
  2.0000E+00  5.4063E+00  2.4133E+01  1.7919E+01  5.6909E+01  8.0558E-02  1.8281E-01  8.4046E-01 -3.4074E-02
  2.0000E+00  5.4063E+00  2.4133E+01  1.7919E+01  5.6909E+01  8.0558E-02  1.8281E-01  8.4046E-01 -3.4074E-02
  2.0000E+00  5.4063E+00  2.4133E+01  1.7919E+01  5.6909E+01  8.0558E-02  1.8281E-01  8.4046E-01 -3.4074E-02
  2.0000E+00  5.4063E+00  2.4133E+01  1.7919E+01  5.6909E+01  8.0558E-02  1.8281E-01  8.4046E-01 -3.4074E-02
  3.0000E+00  4.6739E+00  2.1076E+01  6.2263E+00  5.2232E+01 -6.5026E-02  4.7364E-02 -2.1665E-01 -1.1984E-01
  3.0000E+00  4.6739E+00  2.1076E+01  6.2263E+00  5.2232E+01 -6.5026E-02  4.7364E-02 -2.1665E-01 -1.1984E-01
  3.0000E+00  4.6739E+00  2.1076E+01  6.2263E+00  5.2232E+01 -6.5026E-02  4.7364E-02 -2.1665E-01 -1.1984E-01
  3.0000E+00  4.6739E+00  2.1076E+01  6.2263E+00  5.2232E+01 -6.5026E-02  4.7364E-02 -2.1665E-01 -1.1984E-01
  3.0000E+00  4.6739E+00  2.1076E+01  6.2263E+00  5.2232E+01 -6.5026E-02  4.7364E-02 -2.1665E-01 -1.1984E-01
  3.0000E+00  4.6739E+00  2.1076E+01  6.2263E+00  5.2232E+01 -6.5026E-02  4.7364E-02 -2.1665E-01 -1.1984E-01
  3.0000E+00  4.6739E+00  2.1076E+01  6.2263E+00  5.2232E+01 -6.5026E-02  4.7364E-02 -2.1665E-01 -1.1984E-01
  3.0000E+00  4.6739E+00  2.1076E+01  6.2263E+00  5.2232E+01 -6.5026E-02  4.7364E-02 -2.1665E-01 -1.1984E-01
  3.0000E+00  4.6739E+00  2.1076E+01  6.2263E+00  5.2232E+01 -6.5026E-02  4.7364E-02 -2.1665E-01 -1.1984E-01
  3.0000E+00  4.6739E+00  2.1076E+01  6.2263E+00  5.2232E+01 -6.5026E-02  4.7364E-02 -2.1665E-01 -1.1984E-01
  3.0000E+00  4.6739E+00  2.1076E+01  6.2263E+00  5.2232E+01 -6.5026E-02  4.7364E-02 -2.1665E-01 -1.1984E-01
  3.0000E+00  4.6739E+00  2.1076E+01  6.2263E+00  5.2232E+01 -6.5026E-02  4.7364E-02 -2.1665E-01 -1.1984E-01
  4.0000E+00  3.6904E+00  1.7708E+01  1.0899E+01  4.7196E+01 -3.0128E-01 -1.2680E-01  3.4328E-01 -2.2123E-01
  4.0000E+00  3.6904E+00  1.7708E+01  1.0899E+01  4.7196E+01 -3.0128E-01 -1.2680E-01  3.4328E-01 -2.2123E-01
  4.0000E+00  3.6904E+00  1.7708E+01  1.0899E+01  4.7196E+01 -3.0128E-01 -1.2680E-01  3.4328E-01 -2.2123E-01
  4.0000E+00  3.6904E+00  1.7708E+01  1.0899E+01  4.7196E+01 -3.0128E-01 -1.2680E-01  3.4328E-01 -2.2123E-01
  4.0000E+00  3.6904E+00  1.7708E+01  1.0899E+01  4.7196E+01 -3.0128E-01 -1.2680E-01  3.4328E-01 -2.2123E-01
  4.0000E+00  3.6904E+00  1.7708E+01  1.0899E+01  4.7196E+01 -3.0128E-01 -1.2680E-01  3.4328E-01 -2.2123E-01
  4.0000E+00  3.6904E+00  1.7708E+01  1.0899E+01  4.7196E+01 -3.0128E-01 -1.2680E-01  3.4328E-01 -2.2123E-01
  4.0000E+00  3.6904E+00  1.7708E+01  1.0899E+01  4.7196E+01 -3.0128E-01 -1.2680E-01  3.4328E-01 -2.2123E-01
  4.0000E+00  3.6904E+00  1.7708E+01  1.0899E+01  4.7196E+01 -3.0128E-01 -1.2680E-01  3.4328E-01 -2.2123E-01
  4.0000E+00  3.6904E+00  1.7708E+01  1.0899E+01  4.7196E+01 -3.0128E-01 -1.2680E-01  3.4328E-01 -2.2123E-01
  4.0000E+00  3.6904E+00  1.7708E+01  1.0899E+01  4.7196E+01 -3.0128E-01 -1.2680E-01  3.4328E-01 -2.2123E-01
  4.0000E+00  3.6904E+00  1.7708E+01  1.0899E+01  4.7196E+01 -3.0128E-01 -1.2680E-01  3.4328E-01 -2.2123E-01
  5.0000E+00  3.9618E+00  1.7993E+01  4.9937E+00  4.8290E+01 -2.3032E-01 -1.1083E-01 -4.3724E-01 -1.9831E-01
  5.0000E+00  3.9618E+00  1.7993E+01  4.9937E+00  4.8290E+01 -2.3032E-01 -1.1083E-01 -4.3724E-01 -1.9831E-01
  5.0000E+00  3.9618E+00  1.7993E+01  4.9937E+00  4.8290E+01 -2.3032E-01 -1.1083E-01 -4.3724E-01 -1.9831E-01
  5.0000E+00  3.9618E+00  1.7993E+01  4.9937E+00  4.8290E+01 -2.3032E-01 -1.1083E-01 -4.3724E-01 -1.9831E-01
  5.0000E+00  3.9618E+00  1.7993E+01  4.9937E+00  4.8290E+01 -2.3032E-01 -1.1083E-01 -4.3724E-01 -1.9831E-01
  5.0000E+00  3.9618E+00  1.7993E+01  4.9937E+00  4.8290E+01 -2.3032E-01 -1.1083E-01 -4.3724E-01 -1.9831E-01
  5.0000E+00  3.9618E+00  1.7993E+01  4.9937E+00  4.8290E+01 -2.3032E-01 -1.1083E-01 -4.3724E-01 -1.9831E-01
  5.0000E+00  3.9618E+00  1.7993E+01  4.9937E+00  4.8290E+01 -2.3032E-01 -1.1083E-01 -4.3724E-01 -1.9831E-01
  5.0000E+00  3.9618E+00  1.7993E+01  4.9937E+00  4.8290E+01 -2.3032E-01 -1.1083E-01 -4.3724E-01 -1.9831E-01
  5.0000E+00  3.9618E+00  1.7993E+01  4.9937E+00  4.8290E+01 -2.3032E-01 -1.1083E-01 -4.3724E-01 -1.9831E-01
  5.0000E+00  3.9618E+00  1.7993E+01  4.9937E+00  4.8290E+01 -2.3032E-01 -1.1083E-01 -4.3724E-01 -1.9831E-01
  5.0000E+00  3.9618E+00  1.7993E+01  4.9937E+00  4.8290E+01 -2.3032E-01 -1.1083E-01 -4.3724E-01 -1.9831E-01
  6.0000E+00  5.7968E+00  3.1112E+01  1.0809E+01  6.2949E+01  1.5029E-01  4.3681E-01  3.3493E-01  6.6797E-02
  6.0000E+00  5.7968E+00  3.1112E+01  1.0809E+01  6.2949E+01  1.5029E-01  4.3681E-01  3.3493E-01  6.6797E-02
  6.0000E+00  5.7968E+00  3.1112E+01  1.0809E+01  6.2949E+01  1.5029E-01  4.3681E-01  3.3493E-01  6.6797E-02
  6.0000E+00  5.7968E+00  3.1112E+01  1.0809E+01  6.2949E+01  1.5029E-01  4.3681E-01  3.3493E-01  6.6797E-02
  6.0000E+00  5.7968E+00  3.1112E+01  1.0809E+01  6.2949E+01  1.5029E-01  4.3681E-01  3.3493E-01  6.6797E-02
  6.0000E+00  5.7968E+00  3.1112E+01  1.0809E+01  6.2949E+01  1.5029E-01  4.3681E-01  3.3493E-01  6.6797E-02
  6.0000E+00  5.7968E+00  3.1112E+01  1.0809E+01  6.2949E+01  1.5029E-01  4.3681E-01  3.3493E-01  6.6797E-02
  6.0000E+00  5.7968E+00  3.1112E+01  1.0809E+01  6.2949E+01  1.5029E-01  4.3681E-01  3.3493E-01  6.6797E-02
  6.0000E+00  5.7968E+00  3.1112E+01  1.0809E+01  6.2949E+01  1.5029E-01  4.3681E-01  3.3493E-01  6.6797E-02
  6.0000E+00  5.7968E+00  3.1112E+01  1.0809E+01  6.2949E+01  1.5029E-01  4.3681E-01  3.3493E-01  6.6797E-02
  6.0000E+00  5.7968E+00  3.1112E+01  1.0809E+01  6.2949E+01  1.5029E-01  4.3681E-01  3.3493E-01  6.6797E-02
  6.0000E+00  5.7968E+00  3.1112E+01  1.0809E+01  6.2949E+01  1.5029E-01  4.3681E-01  3.3493E-01  6.6797E-02
  7.0000E+00  5.6717E+00  1.8457E+01  6.4593E+00  6.9015E+01  1.2847E-01 -8.5318E-02 -1.7991E-01  1.5879E-01
  7.0000E+00  5.6717E+00  1.8457E+01  6.4593E+00  6.9015E+01  1.2847E-01 -8.5318E-02 -1.7991E-01  1.5879E-01
  7.0000E+00  5.6717E+00  1.8457E+01  6.4593E+00  6.9015E+01  1.2847E-01 -8.5318E-02 -1.7991E-01  1.5879E-01
  7.0000E+00  5.6717E+00  1.8457E+01  6.4593E+00  6.9015E+01  1.2847E-01 -8.5318E-02 -1.7991E-01  1.5879E-01
  7.0000E+00  5.6717E+00  1.8457E+01  6.4593E+00  6.9015E+01  1.2847E-01 -8.5318E-02 -1.7991E-01  1.5879E-01
  7.0000E+00  5.6717E+00  1.8457E+01  6.4593E+00  6.9015E+01  1.2847E-01 -8.5318E-02 -1.7991E-01  1.5879E-01
  7.0000E+00  5.6717E+00  1.8457E+01  6.4593E+00  6.9015E+01  1.2847E-01 -8.5318E-02 -1.7991E-01  1.5879E-01
  7.0000E+00  5.6717E+00  1.8457E+01  6.4593E+00  6.9015E+01  1.2847E-01 -8.5318E-02 -1.7991E-01  1.5879E-01
  7.0000E+00  5.6717E+00  1.8457E+01  6.4593E+00  6.9015E+01  1.2847E-01 -8.5318E-02 -1.7991E-01  1.5879E-01
  7.0000E+00  5.6717E+00  1.8457E+01  6.4593E+00  6.9015E+01  1.2847E-01 -8.5318E-02 -1.7991E-01  1.5879E-01
  7.0000E+00  5.6717E+00  1.8457E+01  6.4593E+00  6.9015E+01  1.2847E-01 -8.5318E-02 -1.7991E-01  1.5879E-01
  7.0000E+00  5.6717E+00  1.8457E+01  6.4593E+00  6.9015E+01  1.2847E-01 -8.5318E-02 -1.7991E-01  1.5879E-01
  8.0000E+00  3.0684E+00  1.6230E+01  4.7860E+00  5.9038E+01 -4.8586E-01 -2.1390E-01 -4.7973E-01  2.6451E-03
  8.0000E+00  3.0684E+00  1.6230E+01  4.7860E+00  5.9038E+01 -4.8586E-01 -2.1390E-01 -4.7973E-01  2.6451E-03
  8.0000E+00  3.0684E+00  1.6230E+01  4.7860E+00  5.9038E+01 -4.8586E-01 -2.1390E-01 -4.7973E-01  2.6451E-03
  8.0000E+00  3.0684E+00  1.6230E+01  4.7860E+00  5.9038E+01 -4.8586E-01 -2.1390E-01 -4.7973E-01  2.6451E-03
  8.0000E+00  3.0684E+00  1.6230E+01  4.7860E+00  5.9038E+01 -4.8586E-01 -2.1390E-01 -4.7973E-01  2.6451E-03
  8.0000E+00  3.0684E+00  1.6230E+01  4.7860E+00  5.9038E+01 -4.8586E-01 -2.1390E-01 -4.7973E-01  2.6451E-03
  8.0000E+00  3.0684E+00  1.6230E+01  4.7860E+00  5.9038E+01 -4.8586E-01 -2.1390E-01 -4.7973E-01  2.6451E-03
  8.0000E+00  3.0684E+00  1.6230E+01  4.7860E+00  5.9038E+01 -4.8586E-01 -2.1390E-01 -4.7973E-01  2.6451E-03
  8.0000E+00  3.0684E+00  1.6230E+01  4.7860E+00  5.9038E+01 -4.8586E-01 -2.1390E-01 -4.7973E-01  2.6451E-03
  8.0000E+00  3.0684E+00  1.6230E+01  4.7860E+00  5.9038E+01 -4.8586E-01 -2.1390E-01 -4.7973E-01  2.6451E-03
  8.0000E+00  3.0684E+00  1.6230E+01  4.7860E+00  5.9038E+01 -4.8586E-01 -2.1390E-01 -4.7973E-01  2.6451E-03
  8.0000E+00  3.0684E+00  1.6230E+01  4.7860E+00  5.9038E+01 -4.8586E-01 -2.1390E-01 -4.7973E-01  2.6451E-03
  9.0000E+00  5.2920E+00  1.8143E+01  1.2679E+01  8.6727E+01  5.9188E-02 -1.0248E-01  4.9451E-01  3.8723E-01
  9.0000E+00  5.2920E+00  1.8143E+01  1.2679E+01  8.6727E+01  5.9188E-02 -1.0248E-01  4.9451E-01  3.8723E-01
  9.0000E+00  5.2920E+00  1.8143E+01  1.2679E+01  8.6727E+01  5.9188E-02 -1.0248E-01  4.9451E-01  3.8723E-01
  9.0000E+00  5.2920E+00  1.8143E+01  1.2679E+01  8.6727E+01  5.9188E-02 -1.0248E-01  4.9451E-01  3.8723E-01
  9.0000E+00  5.2920E+00  1.8143E+01  1.2679E+01  8.6727E+01  5.9188E-02 -1.0248E-01  4.9451E-01  3.8723E-01
  9.0000E+00  5.2920E+00  1.8143E+01  1.2679E+01  8.6727E+01  5.9188E-02 -1.0248E-01  4.9451E-01  3.8723E-01
  9.0000E+00  5.2920E+00  1.8143E+01  1.2679E+01  8.6727E+01  5.9188E-02 -1.0248E-01  4.9451E-01  3.8723E-01
  9.0000E+00  5.2920E+00  1.8143E+01  1.2679E+01  8.6727E+01  5.9188E-02 -1.0248E-01  4.9451E-01  3.8723E-01
  9.0000E+00  5.2920E+00  1.8143E+01  1.2679E+01  8.6727E+01  5.9188E-02 -1.0248E-01  4.9451E-01  3.8723E-01
  9.0000E+00  5.2920E+00  1.8143E+01  1.2679E+01  8.6727E+01  5.9188E-02 -1.0248E-01  4.9451E-01  3.8723E-01
  9.0000E+00  5.2920E+00  1.8143E+01  1.2679E+01  8.6727E+01  5.9188E-02 -1.0248E-01  4.9451E-01  3.8723E-01
  9.0000E+00  5.2920E+00  1.8143E+01  1.2679E+01  8.6727E+01  5.9188E-02 -1.0248E-01  4.9451E-01  3.8723E-01
  1.0000E+01  1.1210E+01  2.0436E+01  1.1324E+01  5.1754E+01  8.0978E-01  1.6531E-02  3.8147E-01 -1.2903E-01
  1.0000E+01  1.1210E+01  2.0436E+01  1.1324E+01  5.1754E+01  8.0978E-01  1.6531E-02  3.8147E-01 -1.2903E-01
  1.0000E+01  1.1210E+01  2.0436E+01  1.1324E+01  5.1754E+01  8.0978E-01  1.6531E-02  3.8147E-01 -1.2903E-01
  1.0000E+01  1.1210E+01  2.0436E+01  1.1324E+01  5.1754E+01  8.0978E-01  1.6531E-02  3.8147E-01 -1.2903E-01
  1.0000E+01  1.1210E+01  2.0436E+01  1.1324E+01  5.1754E+01  8.0978E-01  1.6531E-02  3.8147E-01 -1.2903E-01
  1.0000E+01  1.1210E+01  2.0436E+01  1.1324E+01  5.1754E+01  8.0978E-01  1.6531E-02  3.8147E-01 -1.2903E-01
  1.0000E+01  1.1210E+01  2.0436E+01  1.1324E+01  5.1754E+01  8.0978E-01  1.6531E-02  3.8147E-01 -1.2903E-01
  1.0000E+01  1.1210E+01  2.0436E+01  1.1324E+01  5.1754E+01  8.0978E-01  1.6531E-02  3.8147E-01 -1.2903E-01
  1.0000E+01  1.1210E+01  2.0436E+01  1.1324E+01  5.1754E+01  8.0978E-01  1.6531E-02  3.8147E-01 -1.2903E-01
  1.0000E+01  1.1210E+01  2.0436E+01  1.1324E+01  5.1754E+01  8.0978E-01  1.6531E-02  3.8147E-01 -1.2903E-01
  1.0000E+01  1.1210E+01  2.0436E+01  1.1324E+01  5.1754E+01  8.0978E-01  1.6531E-02  3.8147E-01 -1.2903E-01
  1.0000E+01  1.1210E+01  2.0436E+01  1.1324E+01  5.1754E+01  8.0978E-01  1.6531E-02  3.8147E-01 -1.2903E-01
  1.1000E+01  4.7719E+00  1.9819E+01  8.8195E+00  6.2468E+01 -4.4262E-02 -1.4135E-02  1.3154E-01  5.9123E-02
  1.1000E+01  4.7719E+00  1.9819E+01  8.8195E+00  6.2468E+01 -4.4262E-02 -1.4135E-02  1.3154E-01  5.9123E-02
  1.1000E+01  4.7719E+00  1.9819E+01  8.8195E+00  6.2468E+01 -4.4262E-02 -1.4135E-02  1.3154E-01  5.9123E-02
  1.1000E+01  4.7719E+00  1.9819E+01  8.8195E+00  6.2468E+01 -4.4262E-02 -1.4135E-02  1.3154E-01  5.9123E-02
  1.1000E+01  4.7719E+00  1.9819E+01  8.8195E+00  6.2468E+01 -4.4262E-02 -1.4135E-02  1.3154E-01  5.9123E-02
  1.1000E+01  4.7719E+00  1.9819E+01  8.8195E+00  6.2468E+01 -4.4262E-02 -1.4135E-02  1.3154E-01  5.9123E-02
  1.1000E+01  4.7719E+00  1.9819E+01  8.8195E+00  6.2468E+01 -4.4262E-02 -1.4135E-02  1.3154E-01  5.9123E-02
  1.1000E+01  4.7719E+00  1.9819E+01  8.8195E+00  6.2468E+01 -4.4262E-02 -1.4135E-02  1.3154E-01  5.9123E-02
  1.1000E+01  4.7719E+00  1.9819E+01  8.8195E+00  6.2468E+01 -4.4262E-02 -1.4135E-02  1.3154E-01  5.9123E-02
  1.1000E+01  4.7719E+00  1.9819E+01  8.8195E+00  6.2468E+01 -4.4262E-02 -1.4135E-02  1.3154E-01  5.9123E-02
  1.1000E+01  4.7719E+00  1.9819E+01  8.8195E+00  6.2468E+01 -4.4262E-02 -1.4135E-02  1.3154E-01  5.9123E-02
  1.1000E+01  4.7719E+00  1.9819E+01  8.8195E+00  6.2468E+01 -4.4262E-02 -1.4135E-02  1.3154E-01  5.9123E-02
  1.2000E+01  5.6513E+00  2.9099E+01  5.3222E+00  6.7433E+01  1.2488E-01  3.6992E-01 -3.7353E-01  1.3560E-01
  1.2000E+01  5.6513E+00  2.9099E+01  5.3222E+00  6.7433E+01  1.2488E-01  3.6992E-01 -3.7353E-01  1.3560E-01
  1.2000E+01  5.6513E+00  2.9099E+01  5.3222E+00  6.7433E+01  1.2488E-01  3.6992E-01 -3.7353E-01  1.3560E-01
  1.2000E+01  5.6513E+00  2.9099E+01  5.3222E+00  6.7433E+01  1.2488E-01  3.6992E-01 -3.7353E-01  1.3560E-01
  1.2000E+01  5.6513E+00  2.9099E+01  5.3222E+00  6.7433E+01  1.2488E-01  3.6992E-01 -3.7353E-01  1.3560E-01
  1.2000E+01  5.6513E+00  2.9099E+01  5.3222E+00  6.7433E+01  1.2488E-01  3.6992E-01 -3.7353E-01  1.3560E-01
  1.2000E+01  5.6513E+00  2.9099E+01  5.3222E+00  6.7433E+01  1.2488E-01  3.6992E-01 -3.7353E-01  1.3560E-01
  1.2000E+01  5.6513E+00  2.9099E+01  5.3222E+00  6.7433E+01  1.2488E-01  3.6992E-01 -3.7353E-01  1.3560E-01
  1.2000E+01  5.6513E+00  2.9099E+01  5.3222E+00  6.7433E+01  1.2488E-01  3.6992E-01 -3.7353E-01  1.3560E-01
  1.2000E+01  5.6513E+00  2.9099E+01  5.3222E+00  6.7433E+01  1.2488E-01  3.6992E-01 -3.7353E-01  1.3560E-01
  1.2000E+01  5.6513E+00  2.9099E+01  5.3222E+00  6.7433E+01  1.2488E-01  3.6992E-01 -3.7353E-01  1.3560E-01
  1.2000E+01  5.6513E+00  2.9099E+01  5.3222E+00  6.7433E+01  1.2488E-01  3.6992E-01 -3.7353E-01  1.3560E-01
  1.3000E+01  3.1683E+00  2.3205E+01  9.6986E+00  2.9916E+01 -4.5384E-01  1.4359E-01  2.2656E-01 -6.7714E-01
  1.3000E+01  3.1683E+00  2.3205E+01  9.6986E+00  2.9916E+01 -4.5384E-01  1.4359E-01  2.2656E-01 -6.7714E-01
  1.3000E+01  3.1683E+00  2.3205E+01  9.6986E+00  2.9916E+01 -4.5384E-01  1.4359E-01  2.2656E-01 -6.7714E-01
  1.3000E+01  3.1683E+00  2.3205E+01  9.6986E+00  2.9916E+01 -4.5384E-01  1.4359E-01  2.2656E-01 -6.7714E-01
  1.3000E+01  3.1683E+00  2.3205E+01  9.6986E+00  2.9916E+01 -4.5384E-01  1.4359E-01  2.2656E-01 -6.7714E-01
  1.3000E+01  3.1683E+00  2.3205E+01  9.6986E+00  2.9916E+01 -4.5384E-01  1.4359E-01  2.2656E-01 -6.7714E-01
  1.3000E+01  3.1683E+00  2.3205E+01  9.6986E+00  2.9916E+01 -4.5384E-01  1.4359E-01  2.2656E-01 -6.7714E-01
  1.3000E+01  3.1683E+00  2.3205E+01  9.6986E+00  2.9916E+01 -4.5384E-01  1.4359E-01  2.2656E-01 -6.7714E-01
  1.3000E+01  3.1683E+00  2.3205E+01  9.6986E+00  2.9916E+01 -4.5384E-01  1.4359E-01  2.2656E-01 -6.7714E-01
  1.3000E+01  3.1683E+00  2.3205E+01  9.6986E+00  2.9916E+01 -4.5384E-01  1.4359E-01  2.2656E-01 -6.7714E-01
  1.3000E+01  3.1683E+00  2.3205E+01  9.6986E+00  2.9916E+01 -4.5384E-01  1.4359E-01  2.2656E-01 -6.7714E-01
  1.3000E+01  3.1683E+00  2.3205E+01  9.6986E+00  2.9916E+01 -4.5384E-01  1.4359E-01  2.2656E-01 -6.7714E-01
  1.4000E+01  4.5934E+00  2.0537E+01  8.6732E+00  6.4447E+01 -8.2394E-02  2.1436E-02  1.1482E-01  9.0302E-02
  1.4000E+01  4.5934E+00  2.0537E+01  8.6732E+00  6.4447E+01 -8.2394E-02  2.1436E-02  1.1482E-01  9.0302E-02
  1.4000E+01  4.5934E+00  2.0537E+01  8.6732E+00  6.4447E+01 -8.2394E-02  2.1436E-02  1.1482E-01  9.0302E-02
  1.4000E+01  4.5934E+00  2.0537E+01  8.6732E+00  6.4447E+01 -8.2394E-02  2.1436E-02  1.1482E-01  9.0302E-02
  1.4000E+01  4.5934E+00  2.0537E+01  8.6732E+00  6.4447E+01 -8.2394E-02  2.1436E-02  1.1482E-01  9.0302E-02
  1.4000E+01  4.5934E+00  2.0537E+01  8.6732E+00  6.4447E+01 -8.2394E-02  2.1436E-02  1.1482E-01  9.0302E-02
  1.4000E+01  4.5934E+00  2.0537E+01  8.6732E+00  6.4447E+01 -8.2394E-02  2.1436E-02  1.1482E-01  9.0302E-02
  1.4000E+01  4.5934E+00  2.0537E+01  8.6732E+00  6.4447E+01 -8.2394E-02  2.1436E-02  1.1482E-01  9.0302E-02
  1.4000E+01  4.5934E+00  2.0537E+01  8.6732E+00  6.4447E+01 -8.2394E-02  2.1436E-02  1.1482E-01  9.0302E-02
  1.4000E+01  4.5934E+00  2.0537E+01  8.6732E+00  6.4447E+01 -8.2394E-02  2.1436E-02  1.1482E-01  9.0302E-02
  1.4000E+01  4.5934E+00  2.0537E+01  8.6732E+00  6.4447E+01 -8.2394E-02  2.1436E-02  1.1482E-01  9.0302E-02
  1.4000E+01  4.5934E+00  2.0537E+01  8.6732E+00  6.4447E+01 -8.2394E-02  2.1436E-02  1.1482E-01  9.0302E-02
  1.5000E+01  4.3068E+00  2.2431E+01  1.1231E+01  4.5421E+01 -1.4681E-01  1.0964E-01  3.7329E-01 -2.5955E-01
  1.5000E+01  4.3068E+00  2.2431E+01  1.1231E+01  4.5421E+01 -1.4681E-01  1.0964E-01  3.7329E-01 -2.5955E-01
  1.5000E+01  4.3068E+00  2.2431E+01  1.1231E+01  4.5421E+01 -1.4681E-01  1.0964E-01  3.7329E-01 -2.5955E-01
  1.5000E+01  4.3068E+00  2.2431E+01  1.1231E+01  4.5421E+01 -1.4681E-01  1.0964E-01  3.7329E-01 -2.5955E-01
  1.5000E+01  4.3068E+00  2.2431E+01  1.1231E+01  4.5421E+01 -1.4681E-01  1.0964E-01  3.7329E-01 -2.5955E-01
  1.5000E+01  4.3068E+00  2.2431E+01  1.1231E+01  4.5421E+01 -1.4681E-01  1.0964E-01  3.7329E-01 -2.5955E-01
  1.5000E+01  4.3068E+00  2.2431E+01  1.1231E+01  4.5421E+01 -1.4681E-01  1.0964E-01  3.7329E-01 -2.5955E-01
  1.5000E+01  4.3068E+00  2.2431E+01  1.1231E+01  4.5421E+01 -1.4681E-01  1.0964E-01  3.7329E-01 -2.5955E-01
  1.5000E+01  4.3068E+00  2.2431E+01  1.1231E+01  4.5421E+01 -1.4681E-01  1.0964E-01  3.7329E-01 -2.5955E-01
  1.5000E+01  4.3068E+00  2.2431E+01  1.1231E+01  4.5421E+01 -1.4681E-01  1.0964E-01  3.7329E-01 -2.5955E-01
  1.5000E+01  4.3068E+00  2.2431E+01  1.1231E+01  4.5421E+01 -1.4681E-01  1.0964E-01  3.7329E-01 -2.5955E-01
  1.5000E+01  4.3068E+00  2.2431E+01  1.1231E+01  4.5421E+01 -1.4681E-01  1.0964E-01  3.7329E-01 -2.5955E-01
  1.6000E+01  2.9799E+00  1.1905E+01  5.2198E+00  6.6712E+01 -5.1513E-01 -5.2380E-01 -3.9297E-01  1.2485E-01
  1.6000E+01  2.9799E+00  1.1905E+01  5.2198E+00  6.6712E+01 -5.1513E-01 -5.2380E-01 -3.9297E-01  1.2485E-01
  1.6000E+01  2.9799E+00  1.1905E+01  5.2198E+00  6.6712E+01 -5.1513E-01 -5.2380E-01 -3.9297E-01  1.2485E-01
  1.6000E+01  2.9799E+00  1.1905E+01  5.2198E+00  6.6712E+01 -5.1513E-01 -5.2380E-01 -3.9297E-01  1.2485E-01
  1.6000E+01  2.9799E+00  1.1905E+01  5.2198E+00  6.6712E+01 -5.1513E-01 -5.2380E-01 -3.9297E-01  1.2485E-01
  1.6000E+01  2.9799E+00  1.1905E+01  5.2198E+00  6.6712E+01 -5.1513E-01 -5.2380E-01 -3.9297E-01  1.2485E-01
  1.6000E+01  2.9799E+00  1.1905E+01  5.2198E+00  6.6712E+01 -5.1513E-01 -5.2380E-01 -3.9297E-01  1.2485E-01
  1.6000E+01  2.9799E+00  1.1905E+01  5.2198E+00  6.6712E+01 -5.1513E-01 -5.2380E-01 -3.9297E-01  1.2485E-01
  1.6000E+01  2.9799E+00  1.1905E+01  5.2198E+00  6.6712E+01 -5.1513E-01 -5.2380E-01 -3.9297E-01  1.2485E-01
  1.6000E+01  2.9799E+00  1.1905E+01  5.2198E+00  6.6712E+01 -5.1513E-01 -5.2380E-01 -3.9297E-01  1.2485E-01
  1.6000E+01  2.9799E+00  1.1905E+01  5.2198E+00  6.6712E+01 -5.1513E-01 -5.2380E-01 -3.9297E-01  1.2485E-01
  1.6000E+01  2.9799E+00  1.1905E+01  5.2198E+00  6.6712E+01 -5.1513E-01 -5.2380E-01 -3.9297E-01  1.2485E-01
  1.7000E+01  4.9677E+00  1.8979E+01  9.8885E+00  5.3349E+01 -4.0496E-03 -5.7454E-02  2.4595E-01 -9.8679E-02
  1.7000E+01  4.9677E+00  1.8979E+01  9.8885E+00  5.3349E+01 -4.0496E-03 -5.7454E-02  2.4595E-01 -9.8679E-02
  1.7000E+01  4.9677E+00  1.8979E+01  9.8885E+00  5.3349E+01 -4.0496E-03 -5.7454E-02  2.4595E-01 -9.8679E-02
  1.7000E+01  4.9677E+00  1.8979E+01  9.8885E+00  5.3349E+01 -4.0496E-03 -5.7454E-02  2.4595E-01 -9.8679E-02
  1.7000E+01  4.9677E+00  1.8979E+01  9.8885E+00  5.3349E+01 -4.0496E-03 -5.7454E-02  2.4595E-01 -9.8679E-02
  1.7000E+01  4.9677E+00  1.8979E+01  9.8885E+00  5.3349E+01 -4.0496E-03 -5.7454E-02  2.4595E-01 -9.8679E-02
  1.7000E+01  4.9677E+00  1.8979E+01  9.8885E+00  5.3349E+01 -4.0496E-03 -5.7454E-02  2.4595E-01 -9.8679E-02
  1.7000E+01  4.9677E+00  1.8979E+01  9.8885E+00  5.3349E+01 -4.0496E-03 -5.7454E-02  2.4595E-01 -9.8679E-02
  1.7000E+01  4.9677E+00  1.8979E+01  9.8885E+00  5.3349E+01 -4.0496E-03 -5.7454E-02  2.4595E-01 -9.8679E-02
  1.7000E+01  4.9677E+00  1.8979E+01  9.8885E+00  5.3349E+01 -4.0496E-03 -5.7454E-02  2.4595E-01 -9.8679E-02
  1.7000E+01  4.9677E+00  1.8979E+01  9.8885E+00  5.3349E+01 -4.0496E-03 -5.7454E-02  2.4595E-01 -9.8679E-02
  1.7000E+01  4.9677E+00  1.8979E+01  9.8885E+00  5.3349E+01 -4.0496E-03 -5.7454E-02  2.4595E-01 -9.8679E-02
  1.8000E+01  1.0675E+01  2.8539E+01  6.0606E+00  5.5911E+01  7.6089E-01  3.5050E-01 -2.4362E-01 -5.1780E-02
  1.8000E+01  1.0675E+01  2.8539E+01  6.0606E+00  5.5911E+01  7.6089E-01  3.5050E-01 -2.4362E-01 -5.1780E-02
  1.8000E+01  1.0675E+01  2.8539E+01  6.0606E+00  5.5911E+01  7.6089E-01  3.5050E-01 -2.4362E-01 -5.1780E-02
  1.8000E+01  1.0675E+01  2.8539E+01  6.0606E+00  5.5911E+01  7.6089E-01  3.5050E-01 -2.4362E-01 -5.1780E-02
  1.8000E+01  1.0675E+01  2.8539E+01  6.0606E+00  5.5911E+01  7.6089E-01  3.5050E-01 -2.4362E-01 -5.1780E-02
  1.8000E+01  1.0675E+01  2.8539E+01  6.0606E+00  5.5911E+01  7.6089E-01  3.5050E-01 -2.4362E-01 -5.1780E-02
  1.8000E+01  1.0675E+01  2.8539E+01  6.0606E+00  5.5911E+01  7.6089E-01  3.5050E-01 -2.4362E-01 -5.1780E-02
  1.8000E+01  1.0675E+01  2.8539E+01  6.0606E+00  5.5911E+01  7.6089E-01  3.5050E-01 -2.4362E-01 -5.1780E-02
  1.8000E+01  1.0675E+01  2.8539E+01  6.0606E+00  5.5911E+01  7.6089E-01  3.5050E-01 -2.4362E-01 -5.1780E-02
  1.8000E+01  1.0675E+01  2.8539E+01  6.0606E+00  5.5911E+01  7.6089E-01  3.5050E-01 -2.4362E-01 -5.1780E-02
  1.8000E+01  1.0675E+01  2.8539E+01  6.0606E+00  5.5911E+01  7.6089E-01  3.5050E-01 -2.4362E-01 -5.1780E-02
  1.8000E+01  1.0675E+01  2.8539E+01  6.0606E+00  5.5911E+01  7.6089E-01  3.5050E-01 -2.4362E-01 -5.1780E-02
  1.9000E+01  4.8405E+00  2.1036E+01  6.9011E+00  4.2548E+01 -2.9997E-02  4.5468E-02 -1.1374E-01 -3.2489E-01
  1.9000E+01  4.8405E+00  2.1036E+01  6.9011E+00  4.2548E+01 -2.9997E-02  4.5468E-02 -1.1374E-01 -3.2489E-01
  1.9000E+01  4.8405E+00  2.1036E+01  6.9011E+00  4.2548E+01 -2.9997E-02  4.5468E-02 -1.1374E-01 -3.2489E-01
  1.9000E+01  4.8405E+00  2.1036E+01  6.9011E+00  4.2548E+01 -2.9997E-02  4.5468E-02 -1.1374E-01 -3.2489E-01
  1.9000E+01  4.8405E+00  2.1036E+01  6.9011E+00  4.2548E+01 -2.9997E-02  4.5468E-02 -1.1374E-01 -3.2489E-01
  1.9000E+01  4.8405E+00  2.1036E+01  6.9011E+00  4.2548E+01 -2.9997E-02  4.5468E-02 -1.1374E-01 -3.2489E-01
  1.9000E+01  4.8405E+00  2.1036E+01  6.9011E+00  4.2548E+01 -2.9997E-02  4.5468E-02 -1.1374E-01 -3.2489E-01
  1.9000E+01  4.8405E+00  2.1036E+01  6.9011E+00  4.2548E+01 -2.9997E-02  4.5468E-02 -1.1374E-01 -3.2489E-01
  1.9000E+01  4.8405E+00  2.1036E+01  6.9011E+00  4.2548E+01 -2.9997E-02  4.5468E-02 -1.1374E-01 -3.2489E-01
  1.9000E+01  4.8405E+00  2.1036E+01  6.9011E+00  4.2548E+01 -2.9997E-02  4.5468E-02 -1.1374E-01 -3.2489E-01
  1.9000E+01  4.8405E+00  2.1036E+01  6.9011E+00  4.2548E+01 -2.9997E-02  4.5468E-02 -1.1374E-01 -3.2489E-01
  1.9000E+01  4.8405E+00  2.1036E+01  6.9011E+00  4.2548E+01 -2.9997E-02  4.5468E-02 -1.1374E-01 -3.2489E-01
  2.0000E+01  7.6509E+00  1.8329E+01  6.4720E+00  4.3528E+01  4.2780E-01 -9.2278E-02 -1.7794E-01 -3.0214E-01
  2.0000E+01  7.6509E+00  1.8329E+01  6.4720E+00  4.3528E+01  4.2780E-01 -9.2278E-02 -1.7794E-01 -3.0214E-01
  2.0000E+01  7.6509E+00  1.8329E+01  6.4720E+00  4.3528E+01  4.2780E-01 -9.2278E-02 -1.7794E-01 -3.0214E-01
  2.0000E+01  7.6509E+00  1.8329E+01  6.4720E+00  4.3528E+01  4.2780E-01 -9.2278E-02 -1.7794E-01 -3.0214E-01
  2.0000E+01  7.6509E+00  1.8329E+01  6.4720E+00  4.3528E+01  4.2780E-01 -9.2278E-02 -1.7794E-01 -3.0214E-01
  2.0000E+01  7.6509E+00  1.8329E+01  6.4720E+00  4.3528E+01  4.2780E-01 -9.2278E-02 -1.7794E-01 -3.0214E-01
  2.0000E+01  7.6509E+00  1.8329E+01  6.4720E+00  4.3528E+01  4.2780E-01 -9.2278E-02 -1.7794E-01 -3.0214E-01
  2.0000E+01  7.6509E+00  1.8329E+01  6.4720E+00  4.3528E+01  4.2780E-01 -9.2278E-02 -1.7794E-01 -3.0214E-01
  2.0000E+01  7.6509E+00  1.8329E+01  6.4720E+00  4.3528E+01  4.2780E-01 -9.2278E-02 -1.7794E-01 -3.0214E-01
  2.0000E+01  7.6509E+00  1.8329E+01  6.4720E+00  4.3528E+01  4.2780E-01 -9.2278E-02 -1.7794E-01 -3.0214E-01
  2.0000E+01  7.6509E+00  1.8329E+01  6.4720E+00  4.3528E+01  4.2780E-01 -9.2278E-02 -1.7794E-01 -3.0214E-01
  2.0000E+01  7.6509E+00  1.8329E+01  6.4720E+00  4.3528E+01  4.2780E-01 -9.2278E-02 -1.7794E-01 -3.0214E-01
  2.1000E+01  4.1858E+00  1.7684E+01  5.8323E+00  8.8906E+01 -1.7531E-01 -1.2810E-01 -2.8201E-01  4.1204E-01
  2.1000E+01  4.1858E+00  1.7684E+01  5.8323E+00  8.8906E+01 -1.7531E-01 -1.2810E-01 -2.8201E-01  4.1204E-01
  2.1000E+01  4.1858E+00  1.7684E+01  5.8323E+00  8.8906E+01 -1.7531E-01 -1.2810E-01 -2.8201E-01  4.1204E-01
  2.1000E+01  4.1858E+00  1.7684E+01  5.8323E+00  8.8906E+01 -1.7531E-01 -1.2810E-01 -2.8201E-01  4.1204E-01
  2.1000E+01  4.1858E+00  1.7684E+01  5.8323E+00  8.8906E+01 -1.7531E-01 -1.2810E-01 -2.8201E-01  4.1204E-01
  2.1000E+01  4.1858E+00  1.7684E+01  5.8323E+00  8.8906E+01 -1.7531E-01 -1.2810E-01 -2.8201E-01  4.1204E-01
  2.1000E+01  4.1858E+00  1.7684E+01  5.8323E+00  8.8906E+01 -1.7531E-01 -1.2810E-01 -2.8201E-01  4.1204E-01
  2.1000E+01  4.1858E+00  1.7684E+01  5.8323E+00  8.8906E+01 -1.7531E-01 -1.2810E-01 -2.8201E-01  4.1204E-01
  2.1000E+01  4.1858E+00  1.7684E+01  5.8323E+00  8.8906E+01 -1.7531E-01 -1.2810E-01 -2.8201E-01  4.1204E-01
  2.1000E+01  4.1858E+00  1.7684E+01  5.8323E+00  8.8906E+01 -1.7531E-01 -1.2810E-01 -2.8201E-01  4.1204E-01
  2.1000E+01  4.1858E+00  1.7684E+01  5.8323E+00  8.8906E+01 -1.7531E-01 -1.2810E-01 -2.8201E-01  4.1204E-01
  2.1000E+01  4.1858E+00  1.7684E+01  5.8323E+00  8.8906E+01 -1.7531E-01 -1.2810E-01 -2.8201E-01  4.1204E-01
  2.2000E+01  4.4356E+00  2.4486E+01  7.3282E+00  4.2715E+01 -1.1735E-01  1.9730E-01 -5.3687E-02 -3.2099E-01
  2.2000E+01  4.4356E+00  2.4486E+01  7.3282E+00  4.2715E+01 -1.1735E-01  1.9730E-01 -5.3687E-02 -3.2099E-01
  2.2000E+01  4.4356E+00  2.4486E+01  7.3282E+00  4.2715E+01 -1.1735E-01  1.9730E-01 -5.3687E-02 -3.2099E-01
  2.2000E+01  4.4356E+00  2.4486E+01  7.3282E+00  4.2715E+01 -1.1735E-01  1.9730E-01 -5.3687E-02 -3.2099E-01
  2.2000E+01  4.4356E+00  2.4486E+01  7.3282E+00  4.2715E+01 -1.1735E-01  1.9730E-01 -5.3687E-02 -3.2099E-01
  2.2000E+01  4.4356E+00  2.4486E+01  7.3282E+00  4.2715E+01 -1.1735E-01  1.9730E-01 -5.3687E-02 -3.2099E-01
  2.2000E+01  4.4356E+00  2.4486E+01  7.3282E+00  4.2715E+01 -1.1735E-01  1.9730E-01 -5.3687E-02 -3.2099E-01
  2.2000E+01  4.4356E+00  2.4486E+01  7.3282E+00  4.2715E+01 -1.1735E-01  1.9730E-01 -5.3687E-02 -3.2099E-01
  2.2000E+01  4.4356E+00  2.4486E+01  7.3282E+00  4.2715E+01 -1.1735E-01  1.9730E-01 -5.3687E-02 -3.2099E-01
  2.2000E+01  4.4356E+00  2.4486E+01  7.3282E+00  4.2715E+01 -1.1735E-01  1.9730E-01 -5.3687E-02 -3.2099E-01
  2.2000E+01  4.4356E+00  2.4486E+01  7.3282E+00  4.2715E+01 -1.1735E-01  1.9730E-01 -5.3687E-02 -3.2099E-01
  2.2000E+01  4.4356E+00  2.4486E+01  7.3282E+00  4.2715E+01 -1.1735E-01  1.9730E-01 -5.3687E-02 -3.2099E-01
  2.3000E+01  3.2840E+00  1.6616E+01  6.6155E+00  5.0243E+01 -4.1796E-01 -1.9043E-01 -1.5601E-01 -1.5867E-01
  2.3000E+01  3.2840E+00  1.6616E+01  6.6155E+00  5.0243E+01 -4.1796E-01 -1.9043E-01 -1.5601E-01 -1.5867E-01
  2.3000E+01  3.2840E+00  1.6616E+01  6.6155E+00  5.0243E+01 -4.1796E-01 -1.9043E-01 -1.5601E-01 -1.5867E-01
  2.3000E+01  3.2840E+00  1.6616E+01  6.6155E+00  5.0243E+01 -4.1796E-01 -1.9043E-01 -1.5601E-01 -1.5867E-01
  2.3000E+01  3.2840E+00  1.6616E+01  6.6155E+00  5.0243E+01 -4.1796E-01 -1.9043E-01 -1.5601E-01 -1.5867E-01
  2.3000E+01  3.2840E+00  1.6616E+01  6.6155E+00  5.0243E+01 -4.1796E-01 -1.9043E-01 -1.5601E-01 -1.5867E-01
  2.3000E+01  3.2840E+00  1.6616E+01  6.6155E+00  5.0243E+01 -4.1796E-01 -1.9043E-01 -1.5601E-01 -1.5867E-01
  2.3000E+01  3.2840E+00  1.6616E+01  6.6155E+00  5.0243E+01 -4.1796E-01 -1.9043E-01 -1.5601E-01 -1.5867E-01
  2.3000E+01  3.2840E+00  1.6616E+01  6.6155E+00  5.0243E+01 -4.1796E-01 -1.9043E-01 -1.5601E-01 -1.5867E-01
  2.3000E+01  3.2840E+00  1.6616E+01  6.6155E+00  5.0243E+01 -4.1796E-01 -1.9043E-01 -1.5601E-01 -1.5867E-01
  2.3000E+01  3.2840E+00  1.6616E+01  6.6155E+00  5.0243E+01 -4.1796E-01 -1.9043E-01 -1.5601E-01 -1.5867E-01
  2.3000E+01  3.2840E+00  1.6616E+01  6.6155E+00  5.0243E+01 -4.1796E-01 -1.9043E-01 -1.5601E-01 -1.5867E-01
  2.4000E+01  6.3408E+00  2.1842E+01  6.3006E+00  7.6588E+01  2.4000E-01  8.3067E-02 -2.0479E-01  2.6291E-01
  2.4000E+01  6.3408E+00  2.1842E+01  6.3006E+00  7.6588E+01  2.4000E-01  8.3067E-02 -2.0479E-01  2.6291E-01
  2.4000E+01  6.3408E+00  2.1842E+01  6.3006E+00  7.6588E+01  2.4000E-01  8.3067E-02 -2.0479E-01  2.6291E-01
  2.4000E+01  6.3408E+00  2.1842E+01  6.3006E+00  7.6588E+01  2.4000E-01  8.3067E-02 -2.0479E-01  2.6291E-01
  2.4000E+01  6.3408E+00  2.1842E+01  6.3006E+00  7.6588E+01  2.4000E-01  8.3067E-02 -2.0479E-01  2.6291E-01
  2.4000E+01  6.3408E+00  2.1842E+01  6.3006E+00  7.6588E+01  2.4000E-01  8.3067E-02 -2.0479E-01  2.6291E-01
  2.4000E+01  6.3408E+00  2.1842E+01  6.3006E+00  7.6588E+01  2.4000E-01  8.3067E-02 -2.0479E-01  2.6291E-01
  2.4000E+01  6.3408E+00  2.1842E+01  6.3006E+00  7.6588E+01  2.4000E-01  8.3067E-02 -2.0479E-01  2.6291E-01
  2.4000E+01  6.3408E+00  2.1842E+01  6.3006E+00  7.6588E+01  2.4000E-01  8.3067E-02 -2.0479E-01  2.6291E-01
  2.4000E+01  6.3408E+00  2.1842E+01  6.3006E+00  7.6588E+01  2.4000E-01  8.3067E-02 -2.0479E-01  2.6291E-01
  2.4000E+01  6.3408E+00  2.1842E+01  6.3006E+00  7.6588E+01  2.4000E-01  8.3067E-02 -2.0479E-01  2.6291E-01
  2.4000E+01  6.3408E+00  2.1842E+01  6.3006E+00  7.6588E+01  2.4000E-01  8.3067E-02 -2.0479E-01  2.6291E-01
  2.5000E+01  3.3493E+00  2.0108E+01  4.6300E+00  6.1353E+01 -3.9826E-01  3.0852E-04 -5.1287E-01  4.1112E-02
  2.5000E+01  3.3493E+00  2.0108E+01  4.6300E+00  6.1353E+01 -3.9826E-01  3.0852E-04 -5.1287E-01  4.1112E-02
  2.5000E+01  3.3493E+00  2.0108E+01  4.6300E+00  6.1353E+01 -3.9826E-01  3.0852E-04 -5.1287E-01  4.1112E-02
  2.5000E+01  3.3493E+00  2.0108E+01  4.6300E+00  6.1353E+01 -3.9826E-01  3.0852E-04 -5.1287E-01  4.1112E-02
  2.5000E+01  3.3493E+00  2.0108E+01  4.6300E+00  6.1353E+01 -3.9826E-01  3.0852E-04 -5.1287E-01  4.1112E-02
  2.5000E+01  3.3493E+00  2.0108E+01  4.6300E+00  6.1353E+01 -3.9826E-01  3.0852E-04 -5.1287E-01  4.1112E-02
  2.5000E+01  3.3493E+00  2.0108E+01  4.6300E+00  6.1353E+01 -3.9826E-01  3.0852E-04 -5.1287E-01  4.1112E-02
  2.5000E+01  3.3493E+00  2.0108E+01  4.6300E+00  6.1353E+01 -3.9826E-01  3.0852E-04 -5.1287E-01  4.1112E-02
  2.5000E+01  3.3493E+00  2.0108E+01  4.6300E+00  6.1353E+01 -3.9826E-01  3.0852E-04 -5.1287E-01  4.1112E-02
  2.5000E+01  3.3493E+00  2.0108E+01  4.6300E+00  6.1353E+01 -3.9826E-01  3.0852E-04 -5.1287E-01  4.1112E-02
  2.5000E+01  3.3493E+00  2.0108E+01  4.6300E+00  6.1353E+01 -3.9826E-01  3.0852E-04 -5.1287E-01  4.1112E-02
  2.5000E+01  3.3493E+00  2.0108E+01  4.6300E+00  6.1353E+01 -3.9826E-01  3.0852E-04 -5.1287E-01  4.1112E-02
  2.6000E+01  5.5027E+00  1.5923E+01  1.0524E+01  4.2567E+01  9.8227E-02 -2.3302E-01  3.0819E-01 -3.2445E-01
  2.6000E+01  5.5027E+00  1.5923E+01  1.0524E+01  4.2567E+01  9.8227E-02 -2.3302E-01  3.0819E-01 -3.2445E-01
  2.6000E+01  5.5027E+00  1.5923E+01  1.0524E+01  4.2567E+01  9.8227E-02 -2.3302E-01  3.0819E-01 -3.2445E-01
  2.6000E+01  5.5027E+00  1.5923E+01  1.0524E+01  4.2567E+01  9.8227E-02 -2.3302E-01  3.0819E-01 -3.2445E-01
  2.6000E+01  5.5027E+00  1.5923E+01  1.0524E+01  4.2567E+01  9.8227E-02 -2.3302E-01  3.0819E-01 -3.2445E-01
  2.6000E+01  5.5027E+00  1.5923E+01  1.0524E+01  4.2567E+01  9.8227E-02 -2.3302E-01  3.0819E-01 -3.2445E-01
  2.6000E+01  5.5027E+00  1.5923E+01  1.0524E+01  4.2567E+01  9.8227E-02 -2.3302E-01  3.0819E-01 -3.2445E-01
  2.6000E+01  5.5027E+00  1.5923E+01  1.0524E+01  4.2567E+01  9.8227E-02 -2.3302E-01  3.0819E-01 -3.2445E-01
  2.6000E+01  5.5027E+00  1.5923E+01  1.0524E+01  4.2567E+01  9.8227E-02 -2.3302E-01  3.0819E-01 -3.2445E-01
  2.6000E+01  5.5027E+00  1.5923E+01  1.0524E+01  4.2567E+01  9.8227E-02 -2.3302E-01  3.0819E-01 -3.2445E-01
  2.6000E+01  5.5027E+00  1.5923E+01  1.0524E+01  4.2567E+01  9.8227E-02 -2.3302E-01  3.0819E-01 -3.2445E-01
  2.6000E+01  5.5027E+00  1.5923E+01  1.0524E+01  4.2567E+01  9.8227E-02 -2.3302E-01  3.0819E-01 -3.2445E-01
  2.7000E+01  6.3648E+00  2.8001E+01  4.4542E+00  6.8095E+01  2.4377E-01  3.3146E-01 -5.5158E-01  1.4537E-01
  2.7000E+01  6.3648E+00  2.8001E+01  4.4542E+00  6.8095E+01  2.4377E-01  3.3146E-01 -5.5158E-01  1.4537E-01
  2.7000E+01  6.3648E+00  2.8001E+01  4.4542E+00  6.8095E+01  2.4377E-01  3.3146E-01 -5.5158E-01  1.4537E-01
  2.7000E+01  6.3648E+00  2.8001E+01  4.4542E+00  6.8095E+01  2.4377E-01  3.3146E-01 -5.5158E-01  1.4537E-01
  2.7000E+01  6.3648E+00  2.8001E+01  4.4542E+00  6.8095E+01  2.4377E-01  3.3146E-01 -5.5158E-01  1.4537E-01
  2.7000E+01  6.3648E+00  2.8001E+01  4.4542E+00  6.8095E+01  2.4377E-01  3.3146E-01 -5.5158E-01  1.4537E-01
  2.7000E+01  6.3648E+00  2.8001E+01  4.4542E+00  6.8095E+01  2.4377E-01  3.3146E-01 -5.5158E-01  1.4537E-01
  2.7000E+01  6.3648E+00  2.8001E+01  4.4542E+00  6.8095E+01  2.4377E-01  3.3146E-01 -5.5158E-01  1.4537E-01
  2.7000E+01  6.3648E+00  2.8001E+01  4.4542E+00  6.8095E+01  2.4377E-01  3.3146E-01 -5.5158E-01  1.4537E-01
  2.7000E+01  6.3648E+00  2.8001E+01  4.4542E+00  6.8095E+01  2.4377E-01  3.3146E-01 -5.5158E-01  1.4537E-01
  2.7000E+01  6.3648E+00  2.8001E+01  4.4542E+00  6.8095E+01  2.4377E-01  3.3146E-01 -5.5158E-01  1.4537E-01
  2.7000E+01  6.3648E+00  2.8001E+01  4.4542E+00  6.8095E+01  2.4377E-01  3.3146E-01 -5.5158E-01  1.4537E-01
  2.8000E+01  3.3353E+00  1.3513E+01  5.5766E+00  7.6742E+01 -4.0245E-01 -3.9715E-01 -3.2685E-01  2.6492E-01
  2.8000E+01  3.3353E+00  1.3513E+01  5.5766E+00  7.6742E+01 -4.0245E-01 -3.9715E-01 -3.2685E-01  2.6492E-01
  2.8000E+01  3.3353E+00  1.3513E+01  5.5766E+00  7.6742E+01 -4.0245E-01 -3.9715E-01 -3.2685E-01  2.6492E-01
  2.8000E+01  3.3353E+00  1.3513E+01  5.5766E+00  7.6742E+01 -4.0245E-01 -3.9715E-01 -3.2685E-01  2.6492E-01
  2.8000E+01  3.3353E+00  1.3513E+01  5.5766E+00  7.6742E+01 -4.0245E-01 -3.9715E-01 -3.2685E-01  2.6492E-01
  2.8000E+01  3.3353E+00  1.3513E+01  5.5766E+00  7.6742E+01 -4.0245E-01 -3.9715E-01 -3.2685E-01  2.6492E-01
  2.8000E+01  3.3353E+00  1.3513E+01  5.5766E+00  7.6742E+01 -4.0245E-01 -3.9715E-01 -3.2685E-01  2.6492E-01
  2.8000E+01  3.3353E+00  1.3513E+01  5.5766E+00  7.6742E+01 -4.0245E-01 -3.9715E-01 -3.2685E-01  2.6492E-01
  2.8000E+01  3.3353E+00  1.3513E+01  5.5766E+00  7.6742E+01 -4.0245E-01 -3.9715E-01 -3.2685E-01  2.6492E-01
  2.8000E+01  3.3353E+00  1.3513E+01  5.5766E+00  7.6742E+01 -4.0245E-01 -3.9715E-01 -3.2685E-01  2.6492E-01
  2.8000E+01  3.3353E+00  1.3513E+01  5.5766E+00  7.6742E+01 -4.0245E-01 -3.9715E-01 -3.2685E-01  2.6492E-01
  2.8000E+01  3.3353E+00  1.3513E+01  5.5766E+00  7.6742E+01 -4.0245E-01 -3.9715E-01 -3.2685E-01  2.6492E-01
  2.9000E+01  5.0651E+00  1.8756E+01  7.1364E+00  8.0390E+01  1.5366E-02 -6.9260E-02 -8.0219E-02  3.1135E-01
  2.9000E+01  5.0651E+00  1.8756E+01  7.1364E+00  8.0390E+01  1.5366E-02 -6.9260E-02 -8.0219E-02  3.1135E-01
  2.9000E+01  5.0651E+00  1.8756E+01  7.1364E+00  8.0390E+01  1.5366E-02 -6.9260E-02 -8.0219E-02  3.1135E-01
  2.9000E+01  5.0651E+00  1.8756E+01  7.1364E+00  8.0390E+01  1.5366E-02 -6.9260E-02 -8.0219E-02  3.1135E-01
  2.9000E+01  5.0651E+00  1.8756E+01  7.1364E+00  8.0390E+01  1.5366E-02 -6.9260E-02 -8.0219E-02  3.1135E-01
  2.9000E+01  5.0651E+00  1.8756E+01  7.1364E+00  8.0390E+01  1.5366E-02 -6.9260E-02 -8.0219E-02  3.1135E-01
  2.9000E+01  5.0651E+00  1.8756E+01  7.1364E+00  8.0390E+01  1.5366E-02 -6.9260E-02 -8.0219E-02  3.1135E-01
  2.9000E+01  5.0651E+00  1.8756E+01  7.1364E+00  8.0390E+01  1.5366E-02 -6.9260E-02 -8.0219E-02  3.1135E-01
  2.9000E+01  5.0651E+00  1.8756E+01  7.1364E+00  8.0390E+01  1.5366E-02 -6.9260E-02 -8.0219E-02  3.1135E-01
  2.9000E+01  5.0651E+00  1.8756E+01  7.1364E+00  8.0390E+01  1.5366E-02 -6.9260E-02 -8.0219E-02  3.1135E-01
  2.9000E+01  5.0651E+00  1.8756E+01  7.1364E+00  8.0390E+01  1.5366E-02 -6.9260E-02 -8.0219E-02  3.1135E-01
  2.9000E+01  5.0651E+00  1.8756E+01  7.1364E+00  8.0390E+01  1.5366E-02 -6.9260E-02 -8.0219E-02  3.1135E-01
  3.0000E+01  5.2371E+00  2.0810E+01  8.6443E+00  8.0530E+01  4.8752E-02  3.4668E-02  1.1147E-01  3.1310E-01
  3.0000E+01  5.2371E+00  2.0810E+01  8.6443E+00  8.0530E+01  4.8752E-02  3.4668E-02  1.1147E-01  3.1310E-01
  3.0000E+01  5.2371E+00  2.0810E+01  8.6443E+00  8.0530E+01  4.8752E-02  3.4668E-02  1.1147E-01  3.1310E-01
  3.0000E+01  5.2371E+00  2.0810E+01  8.6443E+00  8.0530E+01  4.8752E-02  3.4668E-02  1.1147E-01  3.1310E-01
  3.0000E+01  5.2371E+00  2.0810E+01  8.6443E+00  8.0530E+01  4.8752E-02  3.4668E-02  1.1147E-01  3.1310E-01
  3.0000E+01  5.2371E+00  2.0810E+01  8.6443E+00  8.0530E+01  4.8752E-02  3.4668E-02  1.1147E-01  3.1310E-01
  3.0000E+01  5.2371E+00  2.0810E+01  8.6443E+00  8.0530E+01  4.8752E-02  3.4668E-02  1.1147E-01  3.1310E-01
  3.0000E+01  5.2371E+00  2.0810E+01  8.6443E+00  8.0530E+01  4.8752E-02  3.4668E-02  1.1147E-01  3.1310E-01
  3.0000E+01  5.2371E+00  2.0810E+01  8.6443E+00  8.0530E+01  4.8752E-02  3.4668E-02  1.1147E-01  3.1310E-01
  3.0000E+01  5.2371E+00  2.0810E+01  8.6443E+00  8.0530E+01  4.8752E-02  3.4668E-02  1.1147E-01  3.1310E-01
  3.0000E+01  5.2371E+00  2.0810E+01  8.6443E+00  8.0530E+01  4.8752E-02  3.4668E-02  1.1147E-01  3.1310E-01
  3.0000E+01  5.2371E+00  2.0810E+01  8.6443E+00  8.0530E+01  4.8752E-02  3.4668E-02  1.1147E-01  3.1310E-01
  3.1000E+01  2.5794E+00  2.2029E+01  1.2867E+01  4.8706E+01 -6.5946E-01  9.1587E-02  5.0924E-01 -1.8973E-01
  3.1000E+01  2.5794E+00  2.2029E+01  1.2867E+01  4.8706E+01 -6.5946E-01  9.1587E-02  5.0924E-01 -1.8973E-01
  3.1000E+01  2.5794E+00  2.2029E+01  1.2867E+01  4.8706E+01 -6.5946E-01  9.1587E-02  5.0924E-01 -1.8973E-01
  3.1000E+01  2.5794E+00  2.2029E+01  1.2867E+01  4.8706E+01 -6.5946E-01  9.1587E-02  5.0924E-01 -1.8973E-01
  3.1000E+01  2.5794E+00  2.2029E+01  1.2867E+01  4.8706E+01 -6.5946E-01  9.1587E-02  5.0924E-01 -1.8973E-01
  3.1000E+01  2.5794E+00  2.2029E+01  1.2867E+01  4.8706E+01 -6.5946E-01  9.1587E-02  5.0924E-01 -1.8973E-01
  3.1000E+01  2.5794E+00  2.2029E+01  1.2867E+01  4.8706E+01 -6.5946E-01  9.1587E-02  5.0924E-01 -1.8973E-01
  3.1000E+01  2.5794E+00  2.2029E+01  1.2867E+01  4.8706E+01 -6.5946E-01  9.1587E-02  5.0924E-01 -1.8973E-01
  3.1000E+01  2.5794E+00  2.2029E+01  1.2867E+01  4.8706E+01 -6.5946E-01  9.1587E-02  5.0924E-01 -1.8973E-01
  3.1000E+01  2.5794E+00  2.2029E+01  1.2867E+01  4.8706E+01 -6.5946E-01  9.1587E-02  5.0924E-01 -1.8973E-01
  3.1000E+01  2.5794E+00  2.2029E+01  1.2867E+01  4.8706E+01 -6.5946E-01  9.1587E-02  5.0924E-01 -1.8973E-01
  3.1000E+01  2.5794E+00  2.2029E+01  1.2867E+01  4.8706E+01 -6.5946E-01  9.1587E-02  5.0924E-01 -1.8973E-01
  3.2000E+01  3.0523E+00  2.1426E+01  6.5080E+00  7.7806E+01 -4.9113E-01  6.3821E-02 -1.7239E-01  2.7868E-01
  3.2000E+01  3.0523E+00  2.1426E+01  6.5080E+00  7.7806E+01 -4.9113E-01  6.3821E-02 -1.7239E-01  2.7868E-01
  3.2000E+01  3.0523E+00  2.1426E+01  6.5080E+00  7.7806E+01 -4.9113E-01  6.3821E-02 -1.7239E-01  2.7868E-01
  3.2000E+01  3.0523E+00  2.1426E+01  6.5080E+00  7.7806E+01 -4.9113E-01  6.3821E-02 -1.7239E-01  2.7868E-01
  3.2000E+01  3.0523E+00  2.1426E+01  6.5080E+00  7.7806E+01 -4.9113E-01  6.3821E-02 -1.7239E-01  2.7868E-01
  3.2000E+01  3.0523E+00  2.1426E+01  6.5080E+00  7.7806E+01 -4.9113E-01  6.3821E-02 -1.7239E-01  2.7868E-01
  3.2000E+01  3.0523E+00  2.1426E+01  6.5080E+00  7.7806E+01 -4.9113E-01  6.3821E-02 -1.7239E-01  2.7868E-01
  3.2000E+01  3.0523E+00  2.1426E+01  6.5080E+00  7.7806E+01 -4.9113E-01  6.3821E-02 -1.7239E-01  2.7868E-01
  3.2000E+01  3.0523E+00  2.1426E+01  6.5080E+00  7.7806E+01 -4.9113E-01  6.3821E-02 -1.7239E-01  2.7868E-01
  3.2000E+01  3.0523E+00  2.1426E+01  6.5080E+00  7.7806E+01 -4.9113E-01  6.3821E-02 -1.7239E-01  2.7868E-01
  3.2000E+01  3.0523E+00  2.1426E+01  6.5080E+00  7.7806E+01 -4.9113E-01  6.3821E-02 -1.7239E-01  2.7868E-01
  3.2000E+01  3.0523E+00  2.1426E+01  6.5080E+00  7.7806E+01 -4.9113E-01  6.3821E-02 -1.7239E-01  2.7868E-01
  3.3000E+01  6.0701E+00  2.7755E+01  4.5271E+00  6.9517E+01  1.9636E-01  3.2263E-01 -5.3533E-01  1.6603E-01
  3.3000E+01  6.0701E+00  2.7755E+01  4.5271E+00  6.9517E+01  1.9636E-01  3.2263E-01 -5.3533E-01  1.6603E-01
  3.3000E+01  6.0701E+00  2.7755E+01  4.5271E+00  6.9517E+01  1.9636E-01  3.2263E-01 -5.3533E-01  1.6603E-01
  3.3000E+01  6.0701E+00  2.7755E+01  4.5271E+00  6.9517E+01  1.9636E-01  3.2263E-01 -5.3533E-01  1.6603E-01
  3.3000E+01  6.0701E+00  2.7755E+01  4.5271E+00  6.9517E+01  1.9636E-01  3.2263E-01 -5.3533E-01  1.6603E-01
  3.3000E+01  6.0701E+00  2.7755E+01  4.5271E+00  6.9517E+01  1.9636E-01  3.2263E-01 -5.3533E-01  1.6603E-01
  3.3000E+01  6.0701E+00  2.7755E+01  4.5271E+00  6.9517E+01  1.9636E-01  3.2263E-01 -5.3533E-01  1.6603E-01
  3.3000E+01  6.0701E+00  2.7755E+01  4.5271E+00  6.9517E+01  1.9636E-01  3.2263E-01 -5.3533E-01  1.6603E-01
  3.3000E+01  6.0701E+00  2.7755E+01  4.5271E+00  6.9517E+01  1.9636E-01  3.2263E-01 -5.3533E-01  1.6603E-01
  3.3000E+01  6.0701E+00  2.7755E+01  4.5271E+00  6.9517E+01  1.9636E-01  3.2263E-01 -5.3533E-01  1.6603E-01
  3.3000E+01  6.0701E+00  2.7755E+01  4.5271E+00  6.9517E+01  1.9636E-01  3.2263E-01 -5.3533E-01  1.6603E-01
  3.3000E+01  6.0701E+00  2.7755E+01  4.5271E+00  6.9517E+01  1.9636E-01  3.2263E-01 -5.3533E-01  1.6603E-01
  3.4000E+01  8.8420E+00  1.7859E+01  6.5458E+00  4.6919E+01  5.7249E-01 -1.1828E-01 -1.6660E-01 -2.2712E-01
  3.4000E+01  8.8420E+00  1.7859E+01  6.5458E+00  4.6919E+01  5.7249E-01 -1.1828E-01 -1.6660E-01 -2.2712E-01
  3.4000E+01  8.8420E+00  1.7859E+01  6.5458E+00  4.6919E+01  5.7249E-01 -1.1828E-01 -1.6660E-01 -2.2712E-01
  3.4000E+01  8.8420E+00  1.7859E+01  6.5458E+00  4.6919E+01  5.7249E-01 -1.1828E-01 -1.6660E-01 -2.2712E-01
  3.4000E+01  8.8420E+00  1.7859E+01  6.5458E+00  4.6919E+01  5.7249E-01 -1.1828E-01 -1.6660E-01 -2.2712E-01
  3.4000E+01  8.8420E+00  1.7859E+01  6.5458E+00  4.6919E+01  5.7249E-01 -1.1828E-01 -1.6660E-01 -2.2712E-01
  3.4000E+01  8.8420E+00  1.7859E+01  6.5458E+00  4.6919E+01  5.7249E-01 -1.1828E-01 -1.6660E-01 -2.2712E-01
  3.4000E+01  8.8420E+00  1.7859E+01  6.5458E+00  4.6919E+01  5.7249E-01 -1.1828E-01 -1.6660E-01 -2.2712E-01
  3.4000E+01  8.8420E+00  1.7859E+01  6.5458E+00  4.6919E+01  5.7249E-01 -1.1828E-01 -1.6660E-01 -2.2712E-01
  3.4000E+01  8.8420E+00  1.7859E+01  6.5458E+00  4.6919E+01  5.7249E-01 -1.1828E-01 -1.6660E-01 -2.2712E-01
  3.4000E+01  8.8420E+00  1.7859E+01  6.5458E+00  4.6919E+01  5.7249E-01 -1.1828E-01 -1.6660E-01 -2.2712E-01
  3.4000E+01  8.8420E+00  1.7859E+01  6.5458E+00  4.6919E+01  5.7249E-01 -1.1828E-01 -1.6660E-01 -2.2712E-01
  3.5000E+01  5.2913E+00  2.0884E+01  1.4795E+01  5.9591E+01  5.9049E-02  3.8205E-02  6.4885E-01  1.1970E-02
  3.5000E+01  5.2913E+00  2.0884E+01  1.4795E+01  5.9591E+01  5.9049E-02  3.8205E-02  6.4885E-01  1.1970E-02
  3.5000E+01  5.2913E+00  2.0884E+01  1.4795E+01  5.9591E+01  5.9049E-02  3.8205E-02  6.4885E-01  1.1970E-02
  3.5000E+01  5.2913E+00  2.0884E+01  1.4795E+01  5.9591E+01  5.9049E-02  3.8205E-02  6.4885E-01  1.1970E-02
  3.5000E+01  5.2913E+00  2.0884E+01  1.4795E+01  5.9591E+01  5.9049E-02  3.8205E-02  6.4885E-01  1.1970E-02
  3.5000E+01  5.2913E+00  2.0884E+01  1.4795E+01  5.9591E+01  5.9049E-02  3.8205E-02  6.4885E-01  1.1970E-02
  3.5000E+01  5.2913E+00  2.0884E+01  1.4795E+01  5.9591E+01  5.9049E-02  3.8205E-02  6.4885E-01  1.1970E-02
  3.5000E+01  5.2913E+00  2.0884E+01  1.4795E+01  5.9591E+01  5.9049E-02  3.8205E-02  6.4885E-01  1.1970E-02
  3.5000E+01  5.2913E+00  2.0884E+01  1.4795E+01  5.9591E+01  5.9049E-02  3.8205E-02  6.4885E-01  1.1970E-02
  3.5000E+01  5.2913E+00  2.0884E+01  1.4795E+01  5.9591E+01  5.9049E-02  3.8205E-02  6.4885E-01  1.1970E-02
  3.5000E+01  5.2913E+00  2.0884E+01  1.4795E+01  5.9591E+01  5.9049E-02  3.8205E-02  6.4885E-01  1.1970E-02
  3.5000E+01  5.2913E+00  2.0884E+01  1.4795E+01  5.9591E+01  5.9049E-02  3.8205E-02  6.4885E-01  1.1970E-02
  3.6000E+01  5.8655E+00  1.8503E+01  1.1846E+01  7.9039E+01  1.6207E-01 -8.2851E-02  4.2659E-01  2.9440E-01
  3.6000E+01  5.8655E+00  1.8503E+01  1.1846E+01  7.9039E+01  1.6207E-01 -8.2851E-02  4.2659E-01  2.9440E-01
  3.6000E+01  5.8655E+00  1.8503E+01  1.1846E+01  7.9039E+01  1.6207E-01 -8.2851E-02  4.2659E-01  2.9440E-01
  3.6000E+01  5.8655E+00  1.8503E+01  1.1846E+01  7.9039E+01  1.6207E-01 -8.2851E-02  4.2659E-01  2.9440E-01
  3.6000E+01  5.8655E+00  1.8503E+01  1.1846E+01  7.9039E+01  1.6207E-01 -8.2851E-02  4.2659E-01  2.9440E-01
  3.6000E+01  5.8655E+00  1.8503E+01  1.1846E+01  7.9039E+01  1.6207E-01 -8.2851E-02  4.2659E-01  2.9440E-01
  3.6000E+01  5.8655E+00  1.8503E+01  1.1846E+01  7.9039E+01  1.6207E-01 -8.2851E-02  4.2659E-01  2.9440E-01
  3.6000E+01  5.8655E+00  1.8503E+01  1.1846E+01  7.9039E+01  1.6207E-01 -8.2851E-02  4.2659E-01  2.9440E-01
  3.6000E+01  5.8655E+00  1.8503E+01  1.1846E+01  7.9039E+01  1.6207E-01 -8.2851E-02  4.2659E-01  2.9440E-01
  3.6000E+01  5.8655E+00  1.8503E+01  1.1846E+01  7.9039E+01  1.6207E-01 -8.2851E-02  4.2659E-01  2.9440E-01
  3.6000E+01  5.8655E+00  1.8503E+01  1.1846E+01  7.9039E+01  1.6207E-01 -8.2851E-02  4.2659E-01  2.9440E-01
  3.6000E+01  5.8655E+00  1.8503E+01  1.1846E+01  7.9039E+01  1.6207E-01 -8.2851E-02  4.2659E-01  2.9440E-01
  3.7000E+01  7.2059E+00  1.3140E+01  6.4947E+00  7.6714E+01  3.6789E-01 -4.2512E-01 -1.7444E-01  2.6455E-01
  3.7000E+01  7.2059E+00  1.3140E+01  6.4947E+00  7.6714E+01  3.6789E-01 -4.2512E-01 -1.7444E-01  2.6455E-01
  3.7000E+01  7.2059E+00  1.3140E+01  6.4947E+00  7.6714E+01  3.6789E-01 -4.2512E-01 -1.7444E-01  2.6455E-01
  3.7000E+01  7.2059E+00  1.3140E+01  6.4947E+00  7.6714E+01  3.6789E-01 -4.2512E-01 -1.7444E-01  2.6455E-01
  3.7000E+01  7.2059E+00  1.3140E+01  6.4947E+00  7.6714E+01  3.6789E-01 -4.2512E-01 -1.7444E-01  2.6455E-01
  3.7000E+01  7.2059E+00  1.3140E+01  6.4947E+00  7.6714E+01  3.6789E-01 -4.2512E-01 -1.7444E-01  2.6455E-01
  3.7000E+01  7.2059E+00  1.3140E+01  6.4947E+00  7.6714E+01  3.6789E-01 -4.2512E-01 -1.7444E-01  2.6455E-01
  3.7000E+01  7.2059E+00  1.3140E+01  6.4947E+00  7.6714E+01  3.6789E-01 -4.2512E-01 -1.7444E-01  2.6455E-01
  3.7000E+01  7.2059E+00  1.3140E+01  6.4947E+00  7.6714E+01  3.6789E-01 -4.2512E-01 -1.7444E-01  2.6455E-01
  3.7000E+01  7.2059E+00  1.3140E+01  6.4947E+00  7.6714E+01  3.6789E-01 -4.2512E-01 -1.7444E-01  2.6455E-01
  3.7000E+01  7.2059E+00  1.3140E+01  6.4947E+00  7.6714E+01  3.6789E-01 -4.2512E-01 -1.7444E-01  2.6455E-01
  3.7000E+01  7.2059E+00  1.3140E+01  6.4947E+00  7.6714E+01  3.6789E-01 -4.2512E-01 -1.7444E-01  2.6455E-01
  3.8000E+01  1.1026E+01  2.2246E+01  9.7719E+00  5.3045E+01  7.9327E-01  1.0136E-01  2.3409E-01 -1.0440E-01
  3.8000E+01  1.1026E+01  2.2246E+01  9.7719E+00  5.3045E+01  7.9327E-01  1.0136E-01  2.3409E-01 -1.0440E-01
  3.8000E+01  1.1026E+01  2.2246E+01  9.7719E+00  5.3045E+01  7.9327E-01  1.0136E-01  2.3409E-01 -1.0440E-01
  3.8000E+01  1.1026E+01  2.2246E+01  9.7719E+00  5.3045E+01  7.9327E-01  1.0136E-01  2.3409E-01 -1.0440E-01
  3.8000E+01  1.1026E+01  2.2246E+01  9.7719E+00  5.3045E+01  7.9327E-01  1.0136E-01  2.3409E-01 -1.0440E-01
  3.8000E+01  1.1026E+01  2.2246E+01  9.7719E+00  5.3045E+01  7.9327E-01  1.0136E-01  2.3409E-01 -1.0440E-01
  3.8000E+01  1.1026E+01  2.2246E+01  9.7719E+00  5.3045E+01  7.9327E-01  1.0136E-01  2.3409E-01 -1.0440E-01
  3.8000E+01  1.1026E+01  2.2246E+01  9.7719E+00  5.3045E+01  7.9327E-01  1.0136E-01  2.3409E-01 -1.0440E-01
  3.8000E+01  1.1026E+01  2.2246E+01  9.7719E+00  5.3045E+01  7.9327E-01  1.0136E-01  2.3409E-01 -1.0440E-01
  3.8000E+01  1.1026E+01  2.2246E+01  9.7719E+00  5.3045E+01  7.9327E-01  1.0136E-01  2.3409E-01 -1.0440E-01
  3.8000E+01  1.1026E+01  2.2246E+01  9.7719E+00  5.3045E+01  7.9327E-01  1.0136E-01  2.3409E-01 -1.0440E-01
  3.8000E+01  1.1026E+01  2.2246E+01  9.7719E+00  5.3045E+01  7.9327E-01  1.0136E-01  2.3409E-01 -1.0440E-01
  3.9000E+01  6.8714E+00  2.2257E+01  1.1115E+01  5.7465E+01  3.2036E-01  1.0186E-01  3.6291E-01 -2.4358E-02
  3.9000E+01  6.8714E+00  2.2257E+01  1.1115E+01  5.7465E+01  3.2036E-01  1.0186E-01  3.6291E-01 -2.4358E-02
  3.9000E+01  6.8714E+00  2.2257E+01  1.1115E+01  5.7465E+01  3.2036E-01  1.0186E-01  3.6291E-01 -2.4358E-02
  3.9000E+01  6.8714E+00  2.2257E+01  1.1115E+01  5.7465E+01  3.2036E-01  1.0186E-01  3.6291E-01 -2.4358E-02
  3.9000E+01  6.8714E+00  2.2257E+01  1.1115E+01  5.7465E+01  3.2036E-01  1.0186E-01  3.6291E-01 -2.4358E-02
  3.9000E+01  6.8714E+00  2.2257E+01  1.1115E+01  5.7465E+01  3.2036E-01  1.0186E-01  3.6291E-01 -2.4358E-02
  3.9000E+01  6.8714E+00  2.2257E+01  1.1115E+01  5.7465E+01  3.2036E-01  1.0186E-01  3.6291E-01 -2.4358E-02
  3.9000E+01  6.8714E+00  2.2257E+01  1.1115E+01  5.7465E+01  3.2036E-01  1.0186E-01  3.6291E-01 -2.4358E-02
  3.9000E+01  6.8714E+00  2.2257E+01  1.1115E+01  5.7465E+01  3.2036E-01  1.0186E-01  3.6291E-01 -2.4358E-02
  3.9000E+01  6.8714E+00  2.2257E+01  1.1115E+01  5.7465E+01  3.2036E-01  1.0186E-01  3.6291E-01 -2.4358E-02
  3.9000E+01  6.8714E+00  2.2257E+01  1.1115E+01  5.7465E+01  3.2036E-01  1.0186E-01  3.6291E-01 -2.4358E-02
  3.9000E+01  6.8714E+00  2.2257E+01  1.1115E+01  5.7465E+01  3.2036E-01  1.0186E-01  3.6291E-01 -2.4358E-02
  4.0000E+01  4.0214E+00  1.5062E+01  6.1276E+00  3.1592E+01 -2.1540E-01 -2.8859E-01 -2.3261E-01 -6.2264E-01
  4.0000E+01  4.0214E+00  1.5062E+01  6.1276E+00  3.1592E+01 -2.1540E-01 -2.8859E-01 -2.3261E-01 -6.2264E-01
  4.0000E+01  4.0214E+00  1.5062E+01  6.1276E+00  3.1592E+01 -2.1540E-01 -2.8859E-01 -2.3261E-01 -6.2264E-01
  4.0000E+01  4.0214E+00  1.5062E+01  6.1276E+00  3.1592E+01 -2.1540E-01 -2.8859E-01 -2.3261E-01 -6.2264E-01
  4.0000E+01  4.0214E+00  1.5062E+01  6.1276E+00  3.1592E+01 -2.1540E-01 -2.8859E-01 -2.3261E-01 -6.2264E-01
  4.0000E+01  4.0214E+00  1.5062E+01  6.1276E+00  3.1592E+01 -2.1540E-01 -2.8859E-01 -2.3261E-01 -6.2264E-01
  4.0000E+01  4.0214E+00  1.5062E+01  6.1276E+00  3.1592E+01 -2.1540E-01 -2.8859E-01 -2.3261E-01 -6.2264E-01
  4.0000E+01  4.0214E+00  1.5062E+01  6.1276E+00  3.1592E+01 -2.1540E-01 -2.8859E-01 -2.3261E-01 -6.2264E-01
  4.0000E+01  4.0214E+00  1.5062E+01  6.1276E+00  3.1592E+01 -2.1540E-01 -2.8859E-01 -2.3261E-01 -6.2264E-01
  4.0000E+01  4.0214E+00  1.5062E+01  6.1276E+00  3.1592E+01 -2.1540E-01 -2.8859E-01 -2.3261E-01 -6.2264E-01
  4.0000E+01  4.0214E+00  1.5062E+01  6.1276E+00  3.1592E+01 -2.1540E-01 -2.8859E-01 -2.3261E-01 -6.2264E-01
  4.0000E+01  4.0214E+00  1.5062E+01  6.1276E+00  3.1592E+01 -2.1540E-01 -2.8859E-01 -2.3261E-01 -6.2264E-01
