TABLE NO.  1
 ID          TIME        AMT         DV          MDV         EVID        CL          V1          Q           V2          IPRE        IWRE        CWRES       DV          PRED        RES         WRES
  1.0000E+00  0.0000E+00  1.0000E+02  0.0000E+00  1.0000E+00  1.0000E+00  3.2043E+00  1.8799E+01  8.4929E+00  1.0938E+02  5.3195E+00 -9.1194E+00  0.0000E+00  0.0000E+00  4.9748E+00  0.0000E+00  0.0000E+00
  1.0000E+00  2.5000E-01  0.0000E+00  4.0220E+00  0.0000E+00  0.0000E+00  3.2043E+00  1.8799E+01  8.4929E+00  1.0938E+02  4.5584E+00 -1.0728E+00 -8.5068E-01  4.0220E+00  4.2539E+00 -2.3185E-01 -8.5833E-01
  1.0000E+00  5.0000E-01  0.0000E+00  4.2370E+00  0.0000E+00  0.0000E+00  3.2043E+00  1.8799E+01  8.4929E+00  1.0938E+02  3.9160E+00  7.4731E-01  9.3507E-01  4.2370E+00  3.6504E+00  5.8660E-01  1.0174E+00
  1.0000E+00  1.0000E+00  0.0000E+00  3.2910E+00  0.0000E+00  0.0000E+00  3.2043E+00  1.8799E+01  8.4929E+00  1.0938E+02  2.9159E+00  1.1716E+00  1.2959E+00  3.2910E+00  2.7219E+00  5.6912E-01  1.3674E+00
  1.0000E+00  2.0000E+00  0.0000E+00  1.4890E+00  0.0000E+00  0.0000E+00  3.2043E+00  1.8799E+01  8.4929E+00  1.0938E+02  1.6945E+00 -1.1010E+00 -1.0877E+00  1.4890E+00  1.6108E+00 -1.2177E-01 -1.1843E+00
  1.0000E+00  4.0000E+00  0.0000E+00  7.4000E-01  0.0000E+00  0.0000E+00  3.2043E+00  1.8799E+01  8.4929E+00  1.0938E+02  7.5232E-01 -1.4574E-01 -3.8818E-01  7.4000E-01  7.7462E-01 -3.4616E-02 -3.3416E-01
  1.0000E+00  6.0000E+00  0.0000E+00  5.4100E-01  0.0000E+00  0.0000E+00  3.2043E+00  1.8799E+01  8.4929E+00  1.0938E+02  4.9858E-01  7.3442E-01  3.0949E-01  5.4100E-01  5.4205E-01 -1.0461E-03  5.7925E-01
  1.0000E+00  8.0000E+00  0.0000E+00  3.9000E-01  0.0000E+00  0.0000E+00  3.2043E+00  1.8799E+01  8.4929E+00  1.0938E+02  4.2184E-01 -6.3835E-01 -1.0760E+00  3.9000E-01  4.5577E-01 -6.5774E-02 -5.1816E-01
  1.0000E+00  1.2000E+01  0.0000E+00  3.0800E-01  0.0000E+00  0.0000E+00  3.2043E+00  1.8799E+01  8.4929E+00  1.0938E+02  3.7224E-01 -1.4309E+00 -1.6924E+00  3.0800E-01  3.6945E-01 -6.1448E-02 -1.2461E+00
  1.0000E+00  2.4000E+01  0.0000E+00  3.0600E-01  0.0000E+00  0.0000E+00  3.2043E+00  1.8799E+01  8.4929E+00  1.0938E+02  2.9365E-01  3.3157E-01  6.4908E-01  3.0600E-01  2.1398E-01  9.2016E-02  6.1037E-01
  1.0000E+00  3.6000E+01  0.0000E+00  2.6200E-01  0.0000E+00  0.0000E+00  3.2043E+00  1.8799E+01  8.4929E+00  1.0938E+02  2.3252E-01  9.3209E-01  1.6507E+00  2.6200E-01  1.2420E-01  1.3780E-01  1.9320E+00
  1.0000E+00  4.8000E+01  0.0000E+00  2.0100E-01  0.0000E+00  0.0000E+00  3.2043E+00  1.8799E+01  8.4929E+00  1.0938E+02  1.8412E-01  6.1326E-01  1.5787E+00  2.0100E-01  7.2088E-02  1.2891E-01  2.2440E+00
  2.0000E+00  0.0000E+00  1.0000E+02  0.0000E+00  1.0000E+00  1.0000E+00  5.4063E+00  2.4133E+01  1.7919E+01  5.6909E+01  4.1436E+00 -9.1164E+00  0.0000E+00  0.0000E+00  4.9748E+00  0.0000E+00  0.0000E+00
  2.0000E+00  2.5000E-01  0.0000E+00  3.3790E+00  0.0000E+00  0.0000E+00  5.4063E+00  2.4133E+01  1.7919E+01  5.6909E+01  3.2793E+00  2.7691E-01 -4.3379E-01  3.3790E+00  4.2539E+00 -8.7485E-01 -2.3960E-01
  2.0000E+00  5.0000E-01  0.0000E+00  2.3090E+00  0.0000E+00  0.0000E+00  5.4063E+00  2.4133E+01  1.7919E+01  5.6909E+01  2.6396E+00 -1.1403E+00 -2.1164E+00  2.3090E+00  3.6504E+00 -1.3414E+00 -1.5454E+00
  2.0000E+00  1.0000E+00  0.0000E+00  1.8260E+00  0.0000E+00  0.0000E+00  5.4063E+00  2.4133E+01  1.7919E+01  5.6909E+01  1.8127E+00  6.6471E-02 -1.0150E+00  1.8260E+00  2.7219E+00 -8.9588E-01 -9.4865E-01
  2.0000E+00  2.0000E+00  0.0000E+00  1.0390E+00  0.0000E+00  0.0000E+00  5.4063E+00  2.4133E+01  1.7919E+01  5.6909E+01  1.0939E+00 -4.5241E-01 -9.6524E-01  1.0390E+00  1.6108E+00 -5.7177E-01 -1.0049E+00
  2.0000E+00  4.0000E+00  0.0000E+00  7.3400E-01  0.0000E+00  0.0000E+00  5.4063E+00  2.4133E+01  1.7919E+01  5.6909E+01  7.5000E-01 -1.8975E-01  1.1906E-01  7.3400E-01  7.7462E-01 -4.0616E-02  2.0821E-01
  2.0000E+00  6.0000E+00  0.0000E+00  6.7100E-01  0.0000E+00  0.0000E+00  5.4063E+00  2.4133E+01  1.7919E+01  5.6909E+01  6.4889E-01  3.0066E-01  6.9394E-01  6.7100E-01  5.4205E-01  1.2895E-01  8.2416E-01
  2.0000E+00  8.0000E+00  0.0000E+00  5.3400E-01  0.0000E+00  0.0000E+00  5.4063E+00  2.4133E+01  1.7919E+01  5.6909E+01  5.7655E-01 -6.4565E-01 -3.2116E-01  5.3400E-01  4.5577E-01  7.8226E-02 -5.0091E-01
  2.0000E+00  1.2000E+01  0.0000E+00  5.0400E-01  0.0000E+00  0.0000E+00  5.4063E+00  2.4133E+01  1.7919E+01  5.6909E+01  4.5769E-01  8.6484E-01  1.0275E+00  5.0400E-01  3.6945E-01  1.3455E-01  9.3881E-01
  2.0000E+00  2.4000E+01  0.0000E+00  2.6800E-01  0.0000E+00  0.0000E+00  5.4063E+00  2.4133E+01  1.7919E+01  5.6909E+01  2.2918E-01  1.2389E+00  1.0950E+00  2.6800E-01  2.1398E-01  5.4016E-02  1.0747E+00
  2.0000E+00  3.6000E+01  0.0000E+00  1.0400E-01  0.0000E+00  0.0000E+00  5.4063E+00  2.4133E+01  1.7919E+01  5.6909E+01  1.1476E-01 -4.7688E-01 -6.9291E-01  1.0400E-01  1.2420E-01 -2.0200E-02 -4.3863E-01
  2.0000E+00  4.8000E+01  0.0000E+00  3.7000E-02  0.0000E+00  0.0000E+00  5.4063E+00  2.4133E+01  1.7919E+01  5.6909E+01  5.7464E-02 -1.0356E+00 -1.2147E+00  3.7000E-02  7.2088E-02 -3.5088E-02 -8.0324E-01
  3.0000E+00  0.0000E+00  1.0000E+02  0.0000E+00  1.0000E+00  1.0000E+00  4.6739E+00  2.1076E+01  6.2263E+00  5.2232E+01  4.7446E+00 -9.1182E+00  0.0000E+00  0.0000E+00  4.9748E+00  0.0000E+00  0.0000E+00
  3.0000E+00  2.5000E-01  0.0000E+00  3.8960E+00  0.0000E+00  0.0000E+00  4.6739E+00  2.1076E+01  6.2263E+00  5.2232E+01  4.1739E+00 -6.0707E-01 -5.8192E-01  3.8960E+00  4.2539E+00 -3.5785E-01 -4.9207E-01
  3.0000E+00  5.0000E-01  0.0000E+00  3.4900E+00  0.0000E+00  0.0000E+00  4.6739E+00  2.1076E+01  6.2263E+00  5.2232E+01  3.6808E+00 -4.7247E-01 -4.0749E-01  3.4900E+00  3.6504E+00 -1.6040E-01 -3.7957E-01
  3.0000E+00  1.0000E+00  0.0000E+00  3.2420E+00  0.0000E+00  0.0000E+00  4.6739E+00  2.1076E+01  6.2263E+00  5.2232E+01  2.8861E+00  1.1233E+00  1.2199E+00  3.2420E+00  2.7219E+00  5.2012E-01  1.2028E+00
  3.0000E+00  2.0000E+00  0.0000E+00  1.9630E+00  0.0000E+00  0.0000E+00  4.6739E+00  2.1076E+01  6.2263E+00  5.2232E+01  1.8462E+00  5.7484E-01  6.2753E-01  1.9630E+00  1.6108E+00  3.5223E-01  5.0651E-01
  3.0000E+00  4.0000E+00  0.0000E+00  9.9100E-01  0.0000E+00  0.0000E+00  4.6739E+00  2.1076E+01  6.2263E+00  5.2232E+01  9.2497E-01  6.4050E-01  6.3044E-01  9.9100E-01  7.7462E-01  2.1638E-01  6.7866E-01
  3.0000E+00  6.0000E+00  0.0000E+00  4.8800E-01  0.0000E+00  0.0000E+00  4.6739E+00  2.1076E+01  6.2263E+00  5.2232E+01  6.1212E-01 -1.7820E+00 -1.7104E+00  4.8800E-01  5.4205E-01 -5.4046E-02 -1.6862E+00
  3.0000E+00  8.0000E+00  0.0000E+00  5.0300E-01  0.0000E+00  0.0000E+00  4.6739E+00  2.1076E+01  6.2263E+00  5.2232E+01  4.8821E-01  2.6090E-01  3.8626E-01  5.0300E-01  4.5577E-01  4.7226E-02  4.9196E-01
  3.0000E+00  1.2000E+01  0.0000E+00  4.4000E-01  0.0000E+00  0.0000E+00  4.6739E+00  2.1076E+01  6.2263E+00  5.2232E+01  3.8155E-01  1.2756E+00  1.3644E+00  4.4000E-01  3.6945E-01  7.0552E-02  1.3336E+00
  3.0000E+00  2.4000E+01  0.0000E+00  1.9000E-01  0.0000E+00  0.0000E+00  4.6739E+00  2.1076E+01  6.2263E+00  5.2232E+01  2.2124E-01 -1.0197E+00 -1.1643E+00  1.9000E-01  2.1398E-01 -2.3984E-02 -1.1599E+00
  3.0000E+00  3.6000E+01  0.0000E+00  1.4400E-01  0.0000E+00  0.0000E+00  4.6739E+00  2.1076E+01  6.2263E+00  5.2232E+01  1.2943E-01  6.2013E-01  3.7830E-01  1.4400E-01  1.2420E-01  1.9800E-02  3.3305E-01
  3.0000E+00  4.8000E+01  0.0000E+00  6.9000E-02  0.0000E+00  0.0000E+00  4.6739E+00  2.1076E+01  6.2263E+00  5.2232E+01  7.5720E-02 -3.2801E-01 -5.6993E-01  6.9000E-02  7.2088E-02 -3.0885E-03 -6.1114E-01
  4.0000E+00  0.0000E+00  1.0000E+02  0.0000E+00  1.0000E+00  1.0000E+00  3.6904E+00  1.7708E+01  1.0899E+01  4.7196E+01  5.6473E+00 -9.1200E+00  0.0000E+00  0.0000E+00  4.9748E+00  0.0000E+00  0.0000E+00
  4.0000E+00  2.5000E-01  0.0000E+00  4.5220E+00  0.0000E+00  0.0000E+00  3.6904E+00  1.7708E+01  1.0899E+01  4.7196E+01  4.6175E+00 -1.8861E-01  7.5676E-02  4.5220E+00  4.2539E+00  2.6815E-01  1.1529E-01
  4.0000E+00  5.0000E-01  0.0000E+00  4.0220E+00  0.0000E+00  0.0000E+00  3.6904E+00  1.7708E+01  1.0899E+01  4.7196E+01  3.8142E+00  4.9648E-01  4.4610E-01  4.0220E+00  3.6504E+00  3.7160E-01  5.3476E-01
  4.0000E+00  1.0000E+00  0.0000E+00  2.8150E+00  0.0000E+00  0.0000E+00  3.6904E+00  1.7708E+01  1.0899E+01  4.7196E+01  2.6969E+00  3.9877E-01  6.8314E-03  2.8150E+00  2.7219E+00  9.3117E-02  7.0078E-02
  4.0000E+00  2.0000E+00  0.0000E+00  1.5560E+00  0.0000E+00  0.0000E+00  3.6904E+00  1.7708E+01  1.0899E+01  4.7196E+01  1.5896E+00 -1.9161E-01 -4.7982E-01  1.5560E+00  1.6108E+00 -5.4773E-02 -4.5163E-01
  4.0000E+00  4.0000E+00  0.0000E+00  8.8200E-01  0.0000E+00  0.0000E+00  3.6904E+00  1.7708E+01  1.0899E+01  4.7196E+01  9.7193E-01 -8.3147E-01 -3.6227E-01  8.8200E-01  7.7462E-01  1.0738E-01 -3.8140E-01
  4.0000E+00  6.0000E+00  0.0000E+00  8.8600E-01  0.0000E+00  0.0000E+00  3.6904E+00  1.7708E+01  1.0899E+01  4.7196E+01  8.2025E-01  7.1599E-01  1.3989E+00  8.8600E-01  5.4205E-01  3.4395E-01  1.7235E+00
  4.0000E+00  8.0000E+00  0.0000E+00  6.9400E-01  0.0000E+00  0.0000E+00  3.6904E+00  1.7708E+01  1.0899E+01  4.7196E+01  7.3706E-01 -5.1930E-01  1.3692E-01  6.9400E-01  4.5577E-01  2.3823E-01 -2.4007E-01
  4.0000E+00  1.2000E+01  0.0000E+00  6.9400E-01  0.0000E+00  0.0000E+00  3.6904E+00  1.7708E+01  1.0899E+01  4.7196E+01  6.0764E-01  1.2483E+00  1.7489E+00  6.9400E-01  3.6945E-01  3.2455E-01  2.0630E+00
  4.0000E+00  2.4000E+01  0.0000E+00  3.7600E-01  0.0000E+00  0.0000E+00  3.6904E+00  1.7708E+01  1.0899E+01  4.7196E+01  3.4242E-01  8.0059E-01  9.4547E-01  3.7600E-01  2.1398E-01  1.6202E-01  1.1133E+00
  4.0000E+00  3.6000E+01  0.0000E+00  1.4600E-01  0.0000E+00  0.0000E+00  3.6904E+00  1.7708E+01  1.0899E+01  4.7196E+01  1.9297E-01 -1.6627E+00 -1.6778E+00  1.4600E-01  1.2420E-01  2.1800E-02 -1.9050E+00
  4.0000E+00  4.8000E+01  0.0000E+00  1.2400E-01  0.0000E+00  0.0000E+00  3.6904E+00  1.7708E+01  1.0899E+01  4.7196E+01  1.0875E-01  6.8697E-01  6.2480E-01  1.2400E-01  7.2088E-02  5.1912E-02  8.6019E-01
  5.0000E+00  0.0000E+00  1.0000E+02  0.0000E+00  1.0000E+00  1.0000E+00  3.9618E+00  1.7993E+01  4.9937E+00  4.8290E+01  5.5579E+00 -9.1198E+00  0.0000E+00  0.0000E+00  4.9748E+00  0.0000E+00  0.0000E+00
  5.0000E+00  2.5000E-01  0.0000E+00  5.8460E+00  0.0000E+00  0.0000E+00  3.9618E+00  1.7993E+01  4.9937E+00  4.8290E+01  4.9121E+00  1.7336E+00  1.9317E+00  5.8460E+00  4.2539E+00  1.5921E+00  2.2008E+00
  5.0000E+00  5.0000E-01  0.0000E+00  3.9010E+00  0.0000E+00  0.0000E+00  3.9618E+00  1.7993E+01  4.9937E+00  4.8290E+01  4.3500E+00 -9.4105E-01 -6.0183E-01  3.9010E+00  3.6504E+00  2.5060E-01 -6.8730E-01
  5.0000E+00  1.0000E+00  0.0000E+00  3.0060E+00  0.0000E+00  0.0000E+00  3.9618E+00  1.7993E+01  4.9937E+00  4.8290E+01  3.4343E+00 -1.1366E+00 -5.7624E-01  3.0060E+00  2.7219E+00  2.8412E-01 -7.0882E-01
  5.0000E+00  2.0000E+00  0.0000E+00  2.4250E+00  0.0000E+00  0.0000E+00  3.9618E+00  1.7993E+01  4.9937E+00  4.8290E+01  2.2116E+00  8.7787E-01  1.6468E+00  2.4250E+00  1.6108E+00  8.1423E-01  2.1326E+00
  5.0000E+00  4.0000E+00  0.0000E+00  1.1270E+00  0.0000E+00  0.0000E+00  3.9618E+00  1.7993E+01  4.9937E+00  4.8290E+01  1.0897E+00  3.0867E-01  8.6943E-01  1.1270E+00  7.7462E-01  3.5238E-01  1.1084E+00
  5.0000E+00  6.0000E+00  0.0000E+00  7.1700E-01  0.0000E+00  0.0000E+00  3.9618E+00  1.7993E+01  4.9937E+00  4.8290E+01  6.9523E-01  2.7739E-01  4.3336E-01  7.1700E-01  5.4205E-01  1.7495E-01  4.6476E-01
  5.0000E+00  8.0000E+00  0.0000E+00  5.7200E-01  0.0000E+00  0.0000E+00  3.9618E+00  1.7993E+01  4.9937E+00  4.8290E+01  5.4013E-01  5.1326E-01  4.0727E-01  5.7200E-01  4.5577E-01  1.1623E-01  2.8758E-01
  5.0000E+00  1.2000E+01  0.0000E+00  4.3800E-01  0.0000E+00  0.0000E+00  3.9618E+00  1.7993E+01  4.9937E+00  4.8290E+01  4.1810E-01  4.0191E-01  1.2364E-01  4.3800E-01  3.6945E-01  6.8552E-02 -1.2419E-01
  5.0000E+00  2.4000E+01  0.0000E+00  2.1700E-01  0.0000E+00  0.0000E+00  3.9618E+00  1.7993E+01  4.9937E+00  4.8290E+01  2.5320E-01 -1.0812E+00 -1.3390E+00  2.1700E-01  2.1398E-01  3.0165E-03 -1.4900E+00
  5.0000E+00  3.6000E+01  0.0000E+00  1.4100E-01  0.0000E+00  0.0000E+00  3.9618E+00  1.7993E+01  4.9937E+00  4.8290E+01  1.5550E-01 -5.7272E-01 -7.5473E-01  1.4100E-01  1.2420E-01  1.6800E-02 -6.8116E-01
  5.0000E+00  4.8000E+01  0.0000E+00  1.1600E-01  0.0000E+00  0.0000E+00  3.9618E+00  1.7993E+01  4.9937E+00  4.8290E+01  9.5506E-02  9.5516E-01  8.3796E-01  1.1600E-01  7.2088E-02  4.3912E-02  1.0934E+00
  6.0000E+00  0.0000E+00  1.0000E+02  0.0000E+00  1.0000E+00  1.0000E+00  5.7968E+00  3.1112E+01  1.0809E+01  6.2949E+01  3.2142E+00 -9.1113E+00  0.0000E+00  0.0000E+00  4.9748E+00  0.0000E+00  0.0000E+00
  6.0000E+00  2.5000E-01  0.0000E+00  2.6620E+00  0.0000E+00  0.0000E+00  5.7968E+00  3.1112E+01  1.0809E+01  6.2949E+01  2.8181E+00 -5.0448E-01 -1.4259E+00  2.6620E+00  4.2539E+00 -1.5919E+00 -1.1950E+00
  6.0000E+00  5.0000E-01  0.0000E+00  2.0160E+00  0.0000E+00  0.0000E+00  5.7968E+00  3.1112E+01  1.0809E+01  6.2949E+01  2.4809E+00 -1.7057E+00 -2.5210E+00  2.0160E+00  3.6504E+00 -1.6344E+00 -1.9038E+00
  6.0000E+00  1.0000E+00  0.0000E+00  2.2620E+00  0.0000E+00  0.0000E+00  5.7968E+00  3.1112E+01  1.0809E+01  6.2949E+01  1.9488E+00  1.4606E+00  8.1703E-01  2.2620E+00  2.7219E+00 -4.5988E-01  4.5235E-01
  6.0000E+00  2.0000E+00  0.0000E+00  1.1560E+00  0.0000E+00  0.0000E+00  5.7968E+00  3.1112E+01  1.0809E+01  6.2949E+01  1.2793E+00 -8.7141E-01 -1.2843E+00  1.1560E+00  1.6108E+00 -4.5477E-01 -9.8938E-01
  6.0000E+00  4.0000E+00  0.0000E+00  7.0300E-01  0.0000E+00  0.0000E+00  5.7968E+00  3.1112E+01  1.0809E+01  6.2949E+01  7.2045E-01 -2.1503E-01 -3.9016E-01  7.0300E-01  7.7462E-01 -7.1616E-02 -2.6496E-01
  6.0000E+00  6.0000E+00  0.0000E+00  5.8000E-01  0.0000E+00  0.0000E+00  5.7968E+00  3.1112E+01  1.0809E+01  6.2949E+01  5.3524E-01  7.2686E-01  6.5501E-01  5.8000E-01  5.4205E-01  3.7954E-02  6.3770E-01
  6.0000E+00  8.0000E+00  0.0000E+00  4.1200E-01  0.0000E+00  0.0000E+00  5.7968E+00  3.1112E+01  1.0809E+01  6.2949E+01  4.5373E-01 -7.8539E-01 -8.1428E-01  4.1200E-01  4.5577E-01 -4.3774E-02 -7.8137E-01
  6.0000E+00  1.2000E+01  0.0000E+00  3.9600E-01  0.0000E+00  0.0000E+00  5.7968E+00  3.1112E+01  1.0809E+01  6.2949E+01  3.6334E-01  7.4217E-01  7.3849E-01  3.9600E-01  3.6945E-01  2.6552E-02  6.5529E-01
  6.0000E+00  2.4000E+01  0.0000E+00  1.8700E-01  0.0000E+00  0.0000E+00  5.7968E+00  3.1112E+01  1.0809E+01  6.2949E+01  2.0196E-01 -5.1610E-01 -5.0670E-01  1.8700E-01  2.1398E-01 -2.6984E-02 -4.2258E-01
  6.0000E+00  3.6000E+01  0.0000E+00  1.2500E-01  0.0000E+00  0.0000E+00  5.7968E+00  3.1112E+01  1.0809E+01  6.2949E+01  1.1256E-01  5.5452E-01  5.6766E-01  1.2500E-01  1.2420E-01  7.9963E-04  6.2467E-01
  6.0000E+00  4.8000E+01  0.0000E+00  6.1000E-02  0.0000E+00  0.0000E+00  5.7968E+00  3.1112E+01  1.0809E+01  6.2949E+01  6.2736E-02 -8.7029E-02 -7.3721E-02  6.1000E-02  7.2088E-02 -1.1088E-02  3.0082E-02
  7.0000E+00  0.0000E+00  1.0000E+02  0.0000E+00  1.0000E+00  1.0000E+00  5.6717E+00  1.8457E+01  6.4593E+00  6.9015E+01  5.4179E+00 -9.1196E+00  0.0000E+00  0.0000E+00  4.9748E+00  0.0000E+00  0.0000E+00
  7.0000E+00  2.5000E-01  0.0000E+00  4.3810E+00  0.0000E+00  0.0000E+00  5.6717E+00  1.8457E+01  6.4593E+00  6.9015E+01  4.6019E+00 -4.3763E-01 -2.6666E-02  4.3810E+00  4.2539E+00  1.2715E-01 -1.7460E-02
  7.0000E+00  5.0000E-01  0.0000E+00  3.6800E+00  0.0000E+00  0.0000E+00  5.6717E+00  1.8457E+01  6.4593E+00  6.9015E+01  3.9180E+00 -5.5373E-01 -2.7350E-01  3.6800E+00  3.6504E+00  2.9595E-02 -2.7526E-01
  7.0000E+00  1.0000E+00  0.0000E+00  3.1710E+00  0.0000E+00  0.0000E+00  5.6717E+00  1.8457E+01  6.4593E+00  6.9015E+01  2.8641E+00  9.7586E-01  9.9182E-01  3.1710E+00  2.7219E+00  4.4912E-01  1.0378E+00
  7.0000E+00  2.0000E+00  0.0000E+00  1.7820E+00  0.0000E+00  0.0000E+00  5.6717E+00  1.8457E+01  6.4593E+00  6.9015E+01  1.6010E+00  1.0254E+00  5.9500E-01  1.7820E+00  1.6108E+00  1.7123E-01  5.4530E-01
  7.0000E+00  4.0000E+00  0.0000E+00  6.2800E-01  0.0000E+00  0.0000E+00  5.6717E+00  1.8457E+01  6.4593E+00  6.9015E+01  6.5635E-01 -3.8141E-01 -1.0140E+00  6.2800E-01  7.7462E-01 -1.4662E-01 -9.4206E-01
  7.0000E+00  6.0000E+00  0.0000E+00  3.4900E-01  0.0000E+00  0.0000E+00  5.6717E+00  1.8457E+01  6.4593E+00  6.9015E+01  4.0719E-01 -1.2023E+00 -1.5856E+00  3.4900E-01  5.4205E-01 -1.9305E-01 -1.2385E+00
  7.0000E+00  8.0000E+00  0.0000E+00  3.2100E-01  0.0000E+00  0.0000E+00  5.6717E+00  1.8457E+01  6.4593E+00  6.9015E+01  3.2767E-01 -1.6461E-01 -3.8161E-01  3.2100E-01  4.5577E-01 -1.3477E-01 -2.9128E-01
  7.0000E+00  1.2000E+01  0.0000E+00  3.0200E-01  0.0000E+00  0.0000E+00  5.6717E+00  1.8457E+01  6.4593E+00  6.9015E+01  2.6523E-01  1.0635E+00  9.3686E-01  3.0200E-01  3.6945E-01 -6.7448E-02  6.8625E-01
  7.0000E+00  2.4000E+01  0.0000E+00  1.7100E-01  0.0000E+00  0.0000E+00  5.6717E+00  1.8457E+01  6.4593E+00  6.9015E+01  1.6255E-01  3.2678E-01  2.1371E-01  1.7100E-01  2.1398E-01 -4.2984E-02  1.4100E-01
  7.0000E+00  3.6000E+01  0.0000E+00  1.0200E-01  0.0000E+00  0.0000E+00  5.6717E+00  1.8457E+01  6.4593E+00  6.9015E+01  1.0000E-01  9.2175E-02 -1.6296E-02  1.0200E-01  1.2420E-01 -2.2200E-02 -6.4746E-02
  7.0000E+00  4.8000E+01  0.0000E+00  5.3000E-02  0.0000E+00  0.0000E+00  5.6717E+00  1.8457E+01  6.4593E+00  6.9015E+01  6.1518E-02 -4.2792E-01 -5.2121E-01  5.3000E-02  7.2088E-02 -1.9088E-02 -5.4607E-01
  8.0000E+00  0.0000E+00  1.0000E+02  0.0000E+00  1.0000E+00  1.0000E+00  3.0684E+00  1.6230E+01  4.7860E+00  5.9038E+01  6.1613E+00 -9.1206E+00  0.0000E+00  0.0000E+00  4.9748E+00  0.0000E+00  0.0000E+00
  8.0000E+00  2.5000E-01  0.0000E+00  5.8660E+00  0.0000E+00  0.0000E+00  3.0684E+00  1.6230E+01  4.7860E+00  5.9038E+01  5.4634E+00  6.7202E-01  1.3663E+00  5.8660E+00  4.2539E+00  1.6121E+00  1.8235E+00
  8.0000E+00  5.0000E-01  0.0000E+00  3.9260E+00  0.0000E+00  0.0000E+00  3.0684E+00  1.6230E+01  4.7860E+00  5.9038E+01  4.8526E+00 -1.7412E+00 -9.9026E-01  3.9260E+00  3.6504E+00  2.7560E-01 -1.3228E+00
  8.0000E+00  1.0000E+00  0.0000E+00  4.2230E+00  0.0000E+00  0.0000E+00  3.0684E+00  1.6230E+01  4.7860E+00  5.9038E+01  3.8498E+00  8.8363E-01  1.6935E+00  4.2230E+00  2.7219E+00  1.5011E+00  2.0658E+00
  8.0000E+00  2.0000E+00  0.0000E+00  3.0140E+00  0.0000E+00  0.0000E+00  3.0684E+00  1.6230E+01  4.7860E+00  5.9038E+01  2.4910E+00  1.9111E+00  2.6858E+00  3.0140E+00  1.6108E+00  1.4032E+00  3.3947E+00
  8.0000E+00  4.0000E+00  0.0000E+00  1.0200E+00  0.0000E+00  0.0000E+00  3.0684E+00  1.6230E+01  4.7860E+00  5.9038E+01  1.2144E+00 -1.4462E+00 -9.4502E-01  1.0200E+00  7.7462E-01  2.4538E-01 -1.6428E+00
  8.0000E+00  6.0000E+00  0.0000E+00  7.4900E-01  0.0000E+00  0.0000E+00  3.0684E+00  1.6230E+01  4.7860E+00  5.9038E+01  7.5760E-01 -1.0099E-01  1.5595E-01  7.4900E-01  5.4205E-01  2.0695E-01  3.6938E-01
  8.0000E+00  8.0000E+00  0.0000E+00  6.3400E-01  0.0000E+00  0.0000E+00  3.0684E+00  1.6230E+01  4.7860E+00  5.9038E+01  5.8235E-01  7.7642E-01  8.7959E-01  6.3400E-01  4.5577E-01  1.7823E-01  1.1753E+00
  8.0000E+00  1.2000E+01  0.0000E+00  4.9500E-01  0.0000E+00  0.0000E+00  3.0684E+00  1.6230E+01  4.7860E+00  5.9038E+01  4.6087E-01  6.3356E-01  6.5063E-01  4.9500E-01  3.6945E-01  1.2555E-01  6.0971E-01
  8.0000E+00  2.4000E+01  0.0000E+00  2.8300E-01  0.0000E+00  0.0000E+00  3.0684E+00  1.6230E+01  4.7860E+00  5.9038E+01  3.2084E-01 -9.4975E-01 -8.2485E-01  2.8300E-01  2.1398E-01  6.9016E-02 -1.3699E+00
  8.0000E+00  3.6000E+01  0.0000E+00  2.1100E-01  0.0000E+00  0.0000E+00  3.0684E+00  1.6230E+01  4.7860E+00  5.9038E+01  2.2771E-01 -5.3538E-01 -3.1506E-01  2.1100E-01  1.2420E-01  8.6800E-02 -5.2050E-01
  8.0000E+00  4.8000E+01  0.0000E+00  1.8700E-01  0.0000E+00  0.0000E+00  3.0684E+00  1.6230E+01  4.7860E+00  5.9038E+01  1.6161E-01  9.8477E-01  1.2575E+00  1.8700E-01  7.2088E-02  1.1491E-01  1.8348E+00
  9.0000E+00  0.0000E+00  1.0000E+02  0.0000E+00  1.0000E+00  1.0000E+00  5.2920E+00  1.8143E+01  1.2679E+01  8.6727E+01  5.5117E+00 -9.1198E+00  0.0000E+00  0.0000E+00  4.9748E+00  0.0000E+00  0.0000E+00
  9.0000E+00  2.5000E-01  0.0000E+00  4.5130E+00  0.0000E+00  0.0000E+00  5.2920E+00  1.8143E+01  1.2679E+01  8.6727E+01  4.3175E+00  4.1291E-01  4.9912E-01  4.5130E+00  4.2539E+00  2.5915E-01  6.7827E-01
  9.0000E+00  5.0000E-01  0.0000E+00  3.0460E+00  0.0000E+00  0.0000E+00  5.2920E+00  1.8143E+01  1.2679E+01  8.6727E+01  3.4087E+00 -9.6951E-01 -1.2806E+00  3.0460E+00  3.6504E+00 -6.0440E-01 -1.0703E+00
  9.0000E+00  1.0000E+00  0.0000E+00  2.4140E+00  0.0000E+00  0.0000E+00  5.2920E+00  1.8143E+01  1.2679E+01  8.6727E+01  2.1897E+00  9.3189E-01  1.7280E-01  2.4140E+00  2.7219E+00 -3.0788E-01  9.0943E-04
  9.0000E+00  2.0000E+00  0.0000E+00  9.3800E-01  0.0000E+00  0.0000E+00  5.2920E+00  1.8143E+01  1.2679E+01  8.6727E+01  1.0681E+00 -1.0976E+00 -1.9329E+00  9.3800E-01  1.6108E+00 -6.7277E-01 -1.6323E+00
  9.0000E+00  4.0000E+00  0.0000E+00  5.4600E-01  0.0000E+00  0.0000E+00  5.2920E+00  1.8143E+01  1.2679E+01  8.6727E+01  5.3966E-01  1.0223E-01 -3.4697E-01  5.4600E-01  7.7462E-01 -2.2862E-01 -1.6860E-01
  9.0000E+00  6.0000E+00  0.0000E+00  4.8700E-01  0.0000E+00  0.0000E+00  5.2920E+00  1.8143E+01  1.2679E+01  8.6727E+01  4.4940E-01  7.1359E-01  4.5452E-01  4.8700E-01  5.4205E-01 -5.5046E-02  4.9588E-01
  9.0000E+00  8.0000E+00  0.0000E+00  3.6300E-01  0.0000E+00  0.0000E+00  5.2920E+00  1.8143E+01  1.2679E+01  8.6727E+01  4.1025E-01 -9.7013E-01 -1.1181E+00  3.6300E-01  4.5577E-01 -9.2774E-02 -9.7843E-01
  9.0000E+00  1.2000E+01  0.0000E+00  3.7000E-01  0.0000E+00  0.0000E+00  5.2920E+00  1.8143E+01  1.2679E+01  8.6727E+01  3.5058E-01  4.5436E-01  4.7369E-01  3.7000E-01  3.6945E-01  5.5170E-04  3.1184E-01
  9.0000E+00  2.4000E+01  0.0000E+00  2.1900E-01  0.0000E+00  0.0000E+00  5.2920E+00  1.8143E+01  1.2679E+01  8.6727E+01  2.1996E-01 -3.1589E-02  2.9901E-01  2.1900E-01  2.1398E-01  5.0165E-03  3.1704E-01
  9.0000E+00  3.6000E+01  0.0000E+00  1.2900E-01  0.0000E+00  0.0000E+00  5.2920E+00  1.8143E+01  1.2679E+01  8.6727E+01  1.3802E-01 -3.7452E-01  6.1677E-02  1.2900E-01  1.2420E-01  4.7996E-03  1.7561E-01
  9.0000E+00  4.8000E+01  0.0000E+00  1.0700E-01  0.0000E+00  0.0000E+00  5.2920E+00  1.8143E+01  1.2679E+01  8.6727E+01  8.6598E-02  9.7164E-01  1.3958E+00  1.0700E-01  7.2088E-02  3.4912E-02  1.5740E+00
  1.0000E+01  0.0000E+00  1.0000E+02  0.0000E+00  1.0000E+00  1.0000E+00  1.1210E+01  2.0436E+01  1.1324E+01  5.1754E+01  4.8932E+00 -9.1186E+00  0.0000E+00  0.0000E+00  4.9748E+00  0.0000E+00  0.0000E+00
  1.0000E+01  2.5000E-01  0.0000E+00  3.8660E+00  0.0000E+00  0.0000E+00  1.1210E+01  2.0436E+01  1.1324E+01  5.1754E+01  3.7295E+00  3.3359E-01 -2.0060E-01  3.8660E+00  4.2539E+00 -3.8785E-01  1.2321E-01
  1.0000E+01  5.0000E-01  0.0000E+00  2.8410E+00  0.0000E+00  0.0000E+00  1.1210E+01  2.0436E+01  1.1324E+01  5.1754E+01  2.8694E+00 -9.0034E-02 -1.0093E+00  2.8410E+00  3.6504E+00 -8.0940E-01 -7.1214E-01
  1.0000E+01  1.0000E+00  0.0000E+00  1.6330E+00  0.0000E+00  0.0000E+00  1.1210E+01  2.0436E+01  1.1324E+01  5.1754E+01  1.7612E+00 -6.6117E-01 -1.8612E+00  1.6330E+00  2.7219E+00 -1.0889E+00 -1.6114E+00
  1.0000E+01  2.0000E+00  0.0000E+00  7.8600E-01  0.0000E+00  0.0000E+00  1.1210E+01  2.0436E+01  1.1324E+01  5.1754E+01  8.0958E-01 -2.6006E-01 -1.1234E+00  7.8600E-01  1.6108E+00 -8.2477E-01 -1.3289E+00
  1.0000E+01  4.0000E+00  0.0000E+00  4.5100E-01  0.0000E+00  0.0000E+00  1.1210E+01  2.0436E+01  1.1324E+01  5.1754E+01  3.8724E-01  1.3744E+00  1.0289E+00  4.5100E-01  7.7462E-01 -3.2362E-01  4.6548E-01
  1.0000E+01  6.0000E+00  0.0000E+00  2.6000E-01  0.0000E+00  0.0000E+00  1.1210E+01  2.0436E+01  1.1324E+01  5.1754E+01  2.9417E-01 -9.1640E-01 -1.2745E+00  2.6000E-01  5.4205E-01 -2.8205E-01 -6.3884E-01
  1.0000E+01  8.0000E+00  0.0000E+00  2.4000E-01  0.0000E+00  0.0000E+00  1.1210E+01  2.0436E+01  1.1324E+01  5.1754E+01  2.3967E-01  1.0122E-02 -4.2840E-01  2.4000E-01  4.5577E-01 -2.1577E-01 -4.0449E-01
  1.0000E+01  1.2000E+01  0.0000E+00  1.5100E-01  0.0000E+00  0.0000E+00  1.1210E+01  2.0436E+01  1.1324E+01  5.1754E+01  1.6171E-01 -4.1552E-01 -9.4215E-01  1.5100E-01  3.6945E-01 -2.1845E-01 -1.0071E+00
  1.0000E+01  2.4000E+01  0.0000E+00  5.5000E-02  0.0000E+00  0.0000E+00  1.1210E+01  2.0436E+01  1.1324E+01  5.1754E+01  4.9826E-02  2.6522E-01 -1.2582E-01  5.5000E-02  2.1398E-01 -1.5898E-01 -5.1980E-01
  1.0000E+01  3.6000E+01  0.0000E+00  1.2000E-02  0.0000E+00  0.0000E+00  1.1210E+01  2.0436E+01  1.1324E+01  5.1754E+01  1.5352E-02 -1.7825E-01 -3.6761E-01  1.2000E-02  1.2420E-01 -1.1220E-01 -2.0021E-01
  1.0000E+01  4.8000E+01  0.0000E+00  7.0000E-03  0.0000E+00  0.0000E+00  1.1210E+01  2.0436E+01  1.1324E+01  5.1754E+01  4.7301E-03  1.2115E-01  4.1861E-02  7.0000E-03  7.2088E-02 -6.5088E-02  5.4431E-01
  1.1000E+01  0.0000E+00  1.0000E+02  0.0000E+00  1.0000E+00  1.0000E+00  4.7719E+00  1.9819E+01  8.8195E+00  6.2468E+01  5.0456E+00 -9.1189E+00  0.0000E+00  0.0000E+00  4.9748E+00  0.0000E+00  0.0000E+00
  1.1000E+01  2.5000E-01  0.0000E+00  3.8180E+00  0.0000E+00  0.0000E+00  4.7719E+00  1.9819E+01  8.8195E+00  6.2468E+01  4.2594E+00 -9.4477E-01 -7.3015E-01  3.8180E+00  4.2539E+00 -4.3585E-01 -7.2837E-01
  1.1000E+01  5.0000E-01  0.0000E+00  3.4830E+00  0.0000E+00  0.0000E+00  4.7719E+00  1.9819E+01  8.8195E+00  6.2468E+01  3.6119E+00 -3.2517E-01 -2.5884E-01  3.4830E+00  3.6504E+00 -1.6740E-01 -2.4564E-01
  1.1000E+01  1.0000E+00  0.0000E+00  3.1980E+00  0.0000E+00  0.0000E+00  4.7719E+00  1.9819E+01  8.8195E+00  6.2468E+01  2.6385E+00  1.9306E+00  1.7550E+00  3.1980E+00  2.7219E+00  4.7612E-01  1.7037E+00
  1.1000E+01  2.0000E+00  0.0000E+00  1.3930E+00  0.0000E+00  0.0000E+00  4.7719E+00  1.9819E+01  8.8195E+00  6.2468E+01  1.5249E+00 -7.8427E-01 -1.1809E+00  1.3930E+00  1.6108E+00 -2.1777E-01 -1.0603E+00
  1.1000E+01  4.0000E+00  0.0000E+00  7.1900E-01  0.0000E+00  0.0000E+00  4.7719E+00  1.9819E+01  8.8195E+00  6.2468E+01  7.5109E-01 -3.8009E-01 -5.7425E-01  7.1900E-01  7.7462E-01 -5.5616E-02 -5.3878E-01
  1.1000E+01  6.0000E+00  0.0000E+00  5.3000E-01  0.0000E+00  0.0000E+00  4.7719E+00  1.9819E+01  8.8195E+00  6.2468E+01  5.5366E-01 -3.7257E-01 -3.3877E-01  5.3000E-01  5.4205E-01 -1.2046E-02 -3.5261E-01
  1.1000E+01  8.0000E+00  0.0000E+00  5.2600E-01  0.0000E+00  0.0000E+00  4.7719E+00  1.9819E+01  8.8195E+00  6.2468E+01  4.7948E-01  8.3388E-01  9.4899E-01  5.2600E-01  4.5577E-01  7.0226E-02  8.9632E-01
  1.1000E+01  1.2000E+01  0.0000E+00  3.9200E-01  0.0000E+00  0.0000E+00  4.7719E+00  1.9819E+01  8.8195E+00  6.2468E+01  3.9648E-01 -9.4673E-02  3.1076E-02  3.9200E-01  3.6945E-01  2.2552E-02 -2.7482E-03
  1.1000E+01  2.4000E+01  0.0000E+00  2.4200E-01  0.0000E+00  0.0000E+00  4.7719E+00  1.9819E+01  8.8195E+00  6.2468E+01  2.3536E-01  2.0823E-01  2.6961E-01  2.4200E-01  2.1398E-01  2.8016E-02  2.7373E-01
  1.1000E+01  3.6000E+01  0.0000E+00  1.5400E-01  0.0000E+00  0.0000E+00  4.7719E+00  1.9819E+01  8.8195E+00  6.2468E+01  1.3985E-01  5.8487E-01  6.0637E-01  1.5400E-01  1.2420E-01  2.9800E-02  6.4694E-01
  1.1000E+01  4.8000E+01  0.0000E+00  7.2000E-02  0.0000E+00  0.0000E+00  4.7719E+00  1.9819E+01  8.8195E+00  6.2468E+01  8.3092E-02 -5.3260E-01 -5.2776E-01  7.2000E-02  7.2088E-02 -8.8460E-05 -4.9438E-01
  1.2000E+01  0.0000E+00  1.0000E+02  0.0000E+00  1.0000E+00  1.0000E+00  5.6513E+00  2.9099E+01  5.3222E+00  6.7433E+01  3.4365E+00 -9.1129E+00  0.0000E+00  0.0000E+00  4.9748E+00  0.0000E+00  0.0000E+00
  1.2000E+01  2.5000E-01  0.0000E+00  2.5520E+00  0.0000E+00  0.0000E+00  5.6513E+00  2.9099E+01  5.3222E+00  6.7433E+01  3.1288E+00 -1.6795E+00 -2.5083E+00  2.5520E+00  4.2539E+00 -1.7019E+00 -1.8984E+00
  1.2000E+01  5.0000E-01  0.0000E+00  3.0220E+00  0.0000E+00  0.0000E+00  5.6513E+00  2.9099E+01  5.3222E+00  6.7433E+01  2.8514E+00  5.4501E-01 -7.9282E-02  3.0220E+00  3.6504E+00 -6.2840E-01 -1.1818E-01
  1.2000E+01  1.0000E+00  0.0000E+00  2.5530E+00  0.0000E+00  0.0000E+00  5.6513E+00  2.9099E+01  5.3222E+00  6.7433E+01  2.3758E+00  6.7890E-01  3.9308E-01  2.5530E+00  2.7219E+00 -1.6888E-01  2.8157E-01
  1.2000E+01  2.0000E+00  0.0000E+00  1.6680E+00  0.0000E+00  0.0000E+00  5.6513E+00  2.9099E+01  5.3222E+00  6.7433E+01  1.6743E+00 -3.3972E-02  1.0600E-01  1.6680E+00  1.6108E+00  5.7227E-02  9.7462E-03
  1.2000E+01  4.0000E+00  0.0000E+00  8.9700E-01  0.0000E+00  0.0000E+00  5.6513E+00  2.9099E+01  5.3222E+00  6.7433E+01  8.9938E-01 -2.3731E-02  2.5254E-01  8.9700E-01  7.7462E-01  1.2238E-01  4.6872E-01
  1.2000E+01  6.0000E+00  0.0000E+00  5.2500E-01  0.0000E+00  0.0000E+00  5.6513E+00  2.9099E+01  5.3222E+00  6.7433E+01  5.5212E-01 -4.2820E-01 -4.5010E-01  5.2500E-01  5.4205E-01 -1.7046E-02 -1.4846E-01
  1.2000E+01  8.0000E+00  0.0000E+00  4.4500E-01  0.0000E+00  0.0000E+00  5.6513E+00  2.9099E+01  5.3222E+00  6.7433E+01  3.9054E-01  1.1657E+00  8.2566E-01  4.4500E-01  4.5577E-01 -1.0774E-02  6.5213E-01
  1.2000E+01  1.2000E+01  0.0000E+00  2.5500E-01  0.0000E+00  0.0000E+00  5.6513E+00  2.9099E+01  5.3222E+00  6.7433E+01  2.6525E-01 -2.9627E-01 -9.1295E-01  2.5500E-01  3.6945E-01 -1.1445E-01 -1.1597E+00
  1.2000E+01  2.4000E+01  0.0000E+00  1.2600E-01  0.0000E+00  0.0000E+00  5.6513E+00  2.9099E+01  5.3222E+00  6.7433E+01  1.5838E-01 -1.2680E+00 -1.6572E+00  1.2600E-01  2.1398E-01 -8.7984E-02 -1.6083E+00
  1.2000E+01  3.6000E+01  0.0000E+00  1.1900E-01  0.0000E+00  0.0000E+00  5.6513E+00  2.9099E+01  5.3222E+00  6.7433E+01  1.0208E-01  7.7580E-01  6.2175E-01  1.1900E-01  1.2420E-01 -5.2004E-03  6.8676E-01
  1.2000E+01  4.8000E+01  0.0000E+00  7.0000E-02  0.0000E+00  0.0000E+00  5.6513E+00  2.9099E+01  5.3222E+00  6.7433E+01  6.5840E-02  2.0726E-01  1.7634E-01  7.0000E-02  7.2088E-02 -2.0885E-03  4.8758E-01
  1.3000E+01  0.0000E+00  1.0000E+02  0.0000E+00  1.0000E+00  1.0000E+00  3.1683E+00  2.3205E+01  9.6986E+00  2.9916E+01  4.3094E+00 -9.1170E+00  0.0000E+00  0.0000E+00  4.9748E+00  0.0000E+00  0.0000E+00
  1.3000E+01  2.5000E-01  0.0000E+00  3.5210E+00  0.0000E+00  0.0000E+00  3.1683E+00  2.3205E+01  9.6986E+00  2.9916E+01  3.7678E+00 -5.9698E-01 -9.8684E-01  3.5210E+00  4.2539E+00 -7.3285E-01 -6.6523E-01
  1.3000E+01  5.0000E-01  0.0000E+00  3.4590E+00  0.0000E+00  0.0000E+00  3.1683E+00  2.3205E+01  9.6986E+00  2.9916E+01  3.3236E+00  3.7115E-01  4.0857E-02  3.4590E+00  3.6504E+00 -1.9140E-01  1.5620E-01
  1.3000E+01  1.0000E+00  0.0000E+00  2.6260E+00  0.0000E+00  0.0000E+00  3.1683E+00  2.3205E+01  9.6986E+00  2.9916E+01  2.6586E+00 -1.1166E-01 -2.5706E-01  2.6260E+00  2.7219E+00 -9.5883E-02 -3.2373E-01
  1.3000E+01  2.0000E+00  0.0000E+00  1.8700E+00  0.0000E+00  0.0000E+00  3.1683E+00  2.3205E+01  9.6986E+00  2.9916E+01  1.8950E+00 -1.1972E-01  2.1220E-01  1.8700E+00  1.6108E+00  2.5923E-01 -2.8008E-01
  1.3000E+01  4.0000E+00  0.0000E+00  1.3940E+00  0.0000E+00  0.0000E+00  3.1683E+00  2.3205E+01  9.6986E+00  2.9916E+01  1.3227E+00  4.8778E-01  1.4829E+00  1.3940E+00  7.7462E-01  6.1938E-01  1.3558E+00
  1.3000E+01  6.0000E+00  0.0000E+00  1.4020E+00  0.0000E+00  0.0000E+00  3.1683E+00  2.3205E+01  9.6986E+00  2.9916E+01  1.1153E+00  2.3189E+00  3.4475E+00  1.4020E+00  5.4205E-01  8.5995E-01  5.6290E+00
  1.3000E+01  8.0000E+00  0.0000E+00  8.0600E-01  0.0000E+00  0.0000E+00  3.1683E+00  2.3205E+01  9.6986E+00  2.9916E+01  9.8779E-01 -1.6546E+00 -6.1815E-01  8.0600E-01  4.5577E-01  3.5023E-01 -1.7375E+00
  1.3000E+01  1.2000E+01  0.0000E+00  7.7000E-01  0.0000E+00  0.0000E+00  3.1683E+00  2.3205E+01  9.6986E+00  2.9916E+01  7.9408E-01 -2.7047E-01  4.6076E-01  7.7000E-01  3.6945E-01  4.0055E-01  6.2073E-01
  1.3000E+01  2.4000E+01  0.0000E+00  4.2800E-01  0.0000E+00  0.0000E+00  3.1683E+00  2.3205E+01  9.6986E+00  2.9916E+01  4.1705E-01  2.2171E-01  2.6830E-01  4.2800E-01  2.1398E-01  2.1402E-01  3.2649E-01
  1.3000E+01  3.6000E+01  0.0000E+00  2.3600E-01  0.0000E+00  0.0000E+00  3.1683E+00  2.3205E+01  9.6986E+00  2.9916E+01  2.1907E-01  5.5592E-01  2.9598E-01  2.3600E-01  1.2420E-01  1.1180E-01  1.9864E-01
  1.3000E+01  4.8000E+01  0.0000E+00  1.0200E-01  0.0000E+00  0.0000E+00  3.1683E+00  2.3205E+01  9.6986E+00  2.9916E+01  1.1508E-01 -5.7910E-01 -9.0505E-01  1.0200E-01  7.2088E-02  2.9912E-02 -1.2103E+00
  1.4000E+01  0.0000E+00  1.0000E+02  0.0000E+00  1.0000E+00  1.0000E+00  4.5934E+00  2.0537E+01  8.6732E+00  6.4447E+01  4.8693E+00 -9.1185E+00  0.0000E+00  0.0000E+00  4.9748E+00  0.0000E+00  0.0000E+00
  1.4000E+01  2.5000E-01  0.0000E+00  3.7250E+00  0.0000E+00  0.0000E+00  4.5934E+00  2.0537E+01  8.6732E+00  6.4447E+01  4.1508E+00 -9.3519E-01 -8.2652E-01  3.7250E+00  4.2539E+00 -5.2885E-01 -8.0256E-01
  1.4000E+01  5.0000E-01  0.0000E+00  3.7660E+00  0.0000E+00  0.0000E+00  4.5934E+00  2.0537E+01  8.6732E+00  6.4447E+01  3.5526E+00  5.4742E-01  5.5621E-01  3.7660E+00  3.6504E+00  1.1560E-01  5.3104E-01
  1.4000E+01  1.0000E+00  0.0000E+00  2.5970E+00  0.0000E+00  0.0000E+00  4.5934E+00  2.0537E+01  8.6732E+00  6.4447E+01  2.6393E+00 -1.4585E-01 -3.2174E-01  2.5970E+00  2.7219E+00 -1.2488E-01 -2.9439E-01
  1.4000E+01  2.0000E+00  0.0000E+00  1.7780E+00  0.0000E+00  0.0000E+00  4.5934E+00  2.0537E+01  8.6732E+00  6.4447E+01  1.5626E+00  1.2503E+00  8.5560E-01  1.7780E+00  1.6108E+00  1.6723E-01  8.3483E-01
  1.4000E+01  4.0000E+00  0.0000E+00  7.1400E-01  0.0000E+00  0.0000E+00  4.5934E+00  2.0537E+01  8.6732E+00  6.4447E+01  7.7423E-01 -6.9315E-01 -8.7156E-01  7.1400E-01  7.7462E-01 -6.0616E-02 -8.0595E-01
  1.4000E+01  6.0000E+00  0.0000E+00  4.2300E-01  0.0000E+00  0.0000E+00  4.5934E+00  2.0537E+01  8.6732E+00  6.4447E+01  5.6203E-01 -2.1594E+00 -1.9927E+00  4.2300E-01  5.4205E-01 -1.1905E-01 -1.9469E+00
  1.4000E+01  8.0000E+00  0.0000E+00  5.1000E-01  0.0000E+00  0.0000E+00  4.5934E+00  2.0537E+01  8.6732E+00  6.4447E+01  4.8357E-01  4.7017E-01  7.7871E-01  5.1000E-01  4.5577E-01  5.4226E-02  7.5334E-01
  1.4000E+01  1.2000E+01  0.0000E+00  4.6200E-01  0.0000E+00  0.0000E+00  4.5934E+00  2.0537E+01  8.6732E+00  6.4447E+01  4.0191E-01  1.2555E+00  1.5811E+00  4.6200E-01  3.6945E-01  9.2552E-02  1.5620E+00
  1.4000E+01  2.4000E+01  0.0000E+00  2.6700E-01  0.0000E+00  0.0000E+00  4.5934E+00  2.0537E+01  8.6732E+00  6.4447E+01  2.4630E-01  6.2995E-01  7.8401E-01  2.6700E-01  2.1398E-01  5.3016E-02  7.8867E-01
  1.4000E+01  3.6000E+01  0.0000E+00  1.4300E-01  0.0000E+00  0.0000E+00  4.5934E+00  2.0537E+01  8.6732E+00  6.4447E+01  1.5116E-01 -3.2647E-01 -3.1186E-01  1.4300E-01  1.2420E-01  1.8800E-02 -3.1572E-01
  1.4000E+01  4.8000E+01  0.0000E+00  8.9000E-02  0.0000E+00  0.0000E+00  4.5934E+00  2.0537E+01  8.6732E+00  6.4447E+01  9.2774E-02 -1.7708E-01 -2.3537E-01  8.9000E-02  7.2088E-02  1.6912E-02 -1.9100E-01
  1.5000E+01  0.0000E+00  1.0000E+02  0.0000E+00  1.0000E+00  1.0000E+00  4.3068E+00  2.2431E+01  1.1231E+01  4.5421E+01  4.4582E+00 -9.1174E+00  0.0000E+00  0.0000E+00  4.9748E+00  0.0000E+00  0.0000E+00
  1.5000E+01  2.5000E-01  0.0000E+00  3.6890E+00  0.0000E+00  0.0000E+00  4.3068E+00  2.2431E+01  1.1231E+01  4.5421E+01  3.7643E+00 -1.8239E-01 -5.6669E-01  3.6890E+00  4.2539E+00 -5.6485E-01 -4.4574E-01
  1.5000E+01  5.0000E-01  0.0000E+00  3.4700E+00  0.0000E+00  0.0000E+00  4.3068E+00  2.2431E+01  1.1231E+01  4.5421E+01  3.2058E+00  7.5075E-01  3.3855E-01  3.4700E+00  3.6504E+00 -1.8040E-01  3.0397E-01
  1.5000E+01  1.0000E+00  0.0000E+00  2.1400E+00  0.0000E+00  0.0000E+00  4.3068E+00  2.2431E+01  1.1231E+01  4.5421E+01  2.3928E+00 -9.6153E-01 -1.3258E+00  2.1400E+00  2.7219E+00 -5.8188E-01 -1.2209E+00
  1.5000E+01  2.0000E+00  0.0000E+00  1.4630E+00  0.0000E+00  0.0000E+00  4.3068E+00  2.2431E+01  1.1231E+01  4.5421E+01  1.5126E+00 -2.9759E-01 -3.6165E-01  1.4630E+00  1.6108E+00 -1.4777E-01 -5.1769E-01
  1.5000E+01  4.0000E+00  0.0000E+00  1.0580E+00  0.0000E+00  0.0000E+00  4.3068E+00  2.2431E+01  1.1231E+01  4.5421E+01  9.3563E-01  1.1740E+00  1.5784E+00  1.0580E+00  7.7462E-01  2.8338E-01  1.6574E+00
  1.5000E+01  6.0000E+00  0.0000E+00  7.4800E-01  0.0000E+00  0.0000E+00  4.3068E+00  2.2431E+01  1.1231E+01  4.5421E+01  7.6868E-01 -2.3956E-01  2.5245E-01  7.4800E-01  5.4205E-01  2.0595E-01  2.9105E-01
  1.5000E+01  8.0000E+00  0.0000E+00  6.2800E-01  0.0000E+00  0.0000E+00  4.3068E+00  2.2431E+01  1.1231E+01  4.5421E+01  6.7838E-01 -6.5705E-01 -2.1721E-01  6.2800E-01  4.5577E-01  1.7223E-01 -2.8751E-01
  1.5000E+01  1.2000E+01  0.0000E+00  5.9300E-01  0.0000E+00  0.0000E+00  4.3068E+00  2.2431E+01  1.1231E+01  4.5421E+01  5.4534E-01  7.6092E-01  1.0397E+00  5.9300E-01  3.6945E-01  2.2355E-01  1.3841E+00
  1.5000E+01  2.4000E+01  0.0000E+00  3.0800E-01  0.0000E+00  0.0000E+00  4.3068E+00  2.2431E+01  1.1231E+01  4.5421E+01  2.8673E-01  5.8145E-01  5.4064E-01  3.0800E-01  2.1398E-01  9.4016E-02  5.6948E-01
  1.5000E+01  3.6000E+01  0.0000E+00  1.2700E-01  0.0000E+00  0.0000E+00  4.3068E+00  2.2431E+01  1.1231E+01  4.5421E+01  1.5078E-01 -9.5201E-01 -1.0945E+00  1.2700E-01  1.2420E-01  2.7996E-03 -1.2541E+00
  1.5000E+01  4.8000E+01  0.0000E+00  8.9000E-02  0.0000E+00  0.0000E+00  4.3068E+00  2.2431E+01  1.1231E+01  4.5421E+01  7.9288E-02  4.7036E-01  3.3203E-01  8.9000E-02  7.2088E-02  1.6912E-02  2.5267E-01
  1.6000E+01  0.0000E+00  1.0000E+02  0.0000E+00  1.0000E+00  1.0000E+00  2.9799E+00  1.1905E+01  5.2198E+00  6.6712E+01  8.3996E+00 -9.1222E+00  0.0000E+00  0.0000E+00  4.9748E+00  0.0000E+00  0.0000E+00
  1.6000E+01  2.5000E-01  0.0000E+00  6.8230E+00  0.0000E+00  0.0000E+00  2.9799E+00  1.1905E+01  5.2198E+00  6.6712E+01  7.0789E+00 -3.2980E-01  1.1244E+00  6.8230E+00  4.2539E+00  2.5691E+00  1.2142E+00
  1.6000E+01  5.0000E-01  0.0000E+00  6.9490E+00  0.0000E+00  0.0000E+00  2.9799E+00  1.1905E+01  5.2198E+00  6.6712E+01  5.9809E+00  1.4763E+00  2.6874E+00  6.9490E+00  3.6504E+00  3.2986E+00  3.8439E+00
  1.6000E+01  1.0000E+00  0.0000E+00  4.5060E+00  0.0000E+00  0.0000E+00  2.9799E+00  1.1905E+01  5.2198E+00  6.6712E+01  4.3082E+00  4.1847E-01  1.1998E+00  4.5060E+00  2.7219E+00  1.7841E+00  1.6019E+00
  1.6000E+01  2.0000E+00  0.0000E+00  2.4740E+00  0.0000E+00  0.0000E+00  2.9799E+00  1.1905E+01  5.2198E+00  6.6712E+01  2.3494E+00  4.8278E-01  6.6757E-01  2.4740E+00  1.6108E+00  8.6323E-01  9.2556E-01
  1.6000E+01  4.0000E+00  0.0000E+00  9.4600E-01  0.0000E+00  0.0000E+00  2.9799E+00  1.1905E+01  5.2198E+00  6.6712E+01  9.5094E-01 -4.6656E-02 -1.5628E-01  9.4600E-01  7.7462E-01  1.7138E-01 -1.2803E-01
  1.6000E+01  6.0000E+00  0.0000E+00  5.1300E-01  0.0000E+00  0.0000E+00  2.9799E+00  1.1905E+01  5.2198E+00  6.6712E+01  6.1148E-01 -1.4152E+00 -1.3778E+00  5.1300E-01  5.4205E-01 -2.9046E-02 -1.3732E+00
  1.6000E+01  8.0000E+00  0.0000E+00  6.0600E-01  0.0000E+00  0.0000E+00  2.9799E+00  1.1905E+01  5.2198E+00  6.6712E+01  5.1393E-01  1.5511E+00  1.7086E+00  6.0600E-01  4.5577E-01  1.5023E-01  1.8475E+00
  1.6000E+01  1.2000E+01  0.0000E+00  4.0200E-01  0.0000E+00  0.0000E+00  2.9799E+00  1.1905E+01  5.2198E+00  6.6712E+01  4.4468E-01 -8.1739E-01 -5.5981E-01  4.0200E-01  3.6945E-01  3.2552E-02 -6.9377E-01
  1.6000E+01  2.4000E+01  0.0000E+00  3.5600E-01  0.0000E+00  0.0000E+00  2.9799E+00  1.1905E+01  5.2198E+00  6.6712E+01  3.2297E-01  8.2467E-01  1.1961E+00  3.5600E-01  2.1398E-01  1.4202E-01  1.1542E+00
  1.6000E+01  3.6000E+01  0.0000E+00  1.9400E-01  0.0000E+00  0.0000E+00  2.9799E+00  1.1905E+01  5.2198E+00  6.6712E+01  2.3515E-01 -1.2916E+00 -8.8035E-01  1.9400E-01  1.2420E-01  6.9800E-02 -1.3719E+00
  1.6000E+01  4.8000E+01  0.0000E+00  1.9700E-01  0.0000E+00  0.0000E+00  2.9799E+00  1.1905E+01  5.2198E+00  6.6712E+01  1.7121E-01  9.7290E-01  1.3759E+00  1.9700E-01  7.2088E-02  1.2491E-01  2.0251E+00
  1.7000E+01  0.0000E+00  1.0000E+02  0.0000E+00  1.0000E+00  1.0000E+00  4.9677E+00  1.8979E+01  9.8885E+00  5.3349E+01  5.2690E+00 -9.1193E+00  0.0000E+00  0.0000E+00  4.9748E+00  0.0000E+00  0.0000E+00
  1.7000E+01  2.5000E-01  0.0000E+00  4.3150E+00  0.0000E+00  0.0000E+00  4.9677E+00  1.8979E+01  9.8885E+00  5.3349E+01  4.3462E+00 -6.5552E-02 -5.6872E-02  4.3150E+00  4.2539E+00  6.1147E-02  2.8953E-03
  1.7000E+01  5.0000E-01  0.0000E+00  3.8530E+00  0.0000E+00  0.0000E+00  4.9677E+00  1.8979E+01  9.8885E+00  5.3349E+01  3.6102E+00  6.1300E-01  4.5863E-01  3.8530E+00  3.6504E+00  2.0260E-01  4.8255E-01
  1.7000E+01  1.0000E+00  0.0000E+00  2.5750E+00  0.0000E+00  0.0000E+00  4.9677E+00  1.8979E+01  9.8885E+00  5.3349E+01  2.5532E+00  7.7624E-02 -2.4610E-01  2.5750E+00  2.7219E+00 -1.4688E-01 -2.7324E-01
  1.7000E+01  2.0000E+00  0.0000E+00  1.3320E+00  0.0000E+00  0.0000E+00  4.9677E+00  1.8979E+01  9.8885E+00  5.3349E+01  1.4428E+00 -6.9562E-01 -9.5560E-01  1.3320E+00  1.6108E+00 -2.7877E-01 -9.9804E-01
  1.7000E+01  4.0000E+00  0.0000E+00  7.8900E-01  0.0000E+00  0.0000E+00  4.9677E+00  1.8979E+01  9.8885E+00  5.3349E+01  7.6899E-01  2.3179E-01  3.5380E-01  7.8900E-01  7.7462E-01  1.4384E-02  3.0594E-01
  1.7000E+01  6.0000E+00  0.0000E+00  7.3300E-01  0.0000E+00  0.0000E+00  4.9677E+00  1.8979E+01  9.8885E+00  5.3349E+01  6.0684E-01  1.8258E+00  2.0675E+00  7.3300E-01  5.4205E-01  1.9095E-01  2.2571E+00
  1.7000E+01  8.0000E+00  0.0000E+00  4.2800E-01  0.0000E+00  0.0000E+00  4.9677E+00  1.8979E+01  9.8885E+00  5.3349E+01  5.3219E-01 -1.7008E+00 -1.4629E+00  4.2800E-01  4.5577E-01 -2.7774E-02 -1.4943E+00
  1.7000E+01  1.2000E+01  0.0000E+00  4.2900E-01  0.0000E+00  0.0000E+00  4.9677E+00  1.8979E+01  9.8885E+00  5.3349E+01  4.2819E-01  1.6112E-02  1.8825E-01  4.2900E-01  3.6945E-01  5.9552E-02  2.2381E-01
  1.7000E+01  2.4000E+01  0.0000E+00  2.1800E-01  0.0000E+00  0.0000E+00  4.9677E+00  1.8979E+01  9.8885E+00  5.3349E+01  2.2660E-01 -2.7640E-01 -2.4415E-01  2.1800E-01  2.1398E-01  4.0165E-03 -3.1642E-01
  1.7000E+01  3.6000E+01  0.0000E+00  1.1600E-01  0.0000E+00  0.0000E+00  4.9677E+00  1.8979E+01  9.8885E+00  5.3349E+01  1.1994E-01 -1.7208E-01 -2.0271E-01  1.1600E-01  1.2420E-01 -8.2004E-03 -2.9945E-01
  1.7000E+01  4.8000E+01  0.0000E+00  7.9000E-02  0.0000E+00  0.0000E+00  4.9677E+00  1.8979E+01  9.8885E+00  5.3349E+01  6.3483E-02  7.7664E-01  7.2941E-01  7.9000E-02  7.2088E-02  6.9115E-03  6.3184E-01
  1.8000E+01  0.0000E+00  1.0000E+02  0.0000E+00  1.0000E+00  1.0000E+00  1.0675E+01  2.8539E+01  6.0606E+00  5.5911E+01  3.5039E+00 -9.1133E+00  0.0000E+00  0.0000E+00  4.9748E+00  0.0000E+00  0.0000E+00
  1.8000E+01  2.5000E-01  0.0000E+00  3.0300E+00  0.0000E+00  0.0000E+00  1.0675E+01  2.8539E+01  6.0606E+00  5.5911E+01  3.0284E+00  4.8456E-03 -1.1506E+00  3.0300E+00  4.2539E+00 -1.2239E+00 -9.7683E-01
  1.8000E+01  5.0000E-01  0.0000E+00  2.7480E+00  0.0000E+00  0.0000E+00  1.0675E+01  2.8539E+01  6.0606E+00  5.5911E+01  2.6216E+00  4.3884E-01 -5.7751E-01  2.7480E+00  3.6504E+00 -9.0240E-01 -5.0543E-01
  1.8000E+01  1.0000E+00  0.0000E+00  1.7690E+00  0.0000E+00  0.0000E+00  1.0675E+01  2.8539E+01  6.0606E+00  5.5911E+01  1.9759E+00 -9.5168E-01 -1.7070E+00  1.7690E+00  2.7219E+00 -9.5288E-01 -1.2139E+00
  1.8000E+01  2.0000E+00  0.0000E+00  1.0710E+00  0.0000E+00  0.0000E+00  1.0675E+01  2.8539E+01  6.0606E+00  5.5911E+01  1.1555E+00 -6.6031E-01 -1.0373E+00  1.0710E+00  1.6108E+00 -5.3977E-01 -6.6522E-01
  1.8000E+01  4.0000E+00  0.0000E+00  5.1800E-01  0.0000E+00  0.0000E+00  1.0675E+01  2.8539E+01  6.0606E+00  5.5911E+01  4.7043E-01  8.6713E-01  5.1119E-01  5.1800E-01  7.7462E-01 -2.5662E-01  1.8849E-01
  1.8000E+01  6.0000E+00  0.0000E+00  2.7000E-01  0.0000E+00  0.0000E+00  1.0675E+01  2.8539E+01  6.0606E+00  5.5911E+01  2.5904E-01  3.2239E-01 -3.8849E-01  2.7000E-01  5.4205E-01 -2.7205E-01 -5.2613E-01
  1.8000E+01  8.0000E+00  0.0000E+00  1.8400E-01  0.0000E+00  0.0000E+00  1.0675E+01  2.8539E+01  6.0606E+00  5.5911E+01  1.8396E-01  1.5846E-03 -8.9343E-01  1.8400E-01  4.5577E-01 -2.7177E-01 -8.4985E-01
  1.8000E+01  1.2000E+01  0.0000E+00  1.1000E-01  0.0000E+00  0.0000E+00  1.0675E+01  2.8539E+01  6.0606E+00  5.5911E+01  1.2780E-01 -7.6095E-01 -1.6168E+00  1.1000E-01  3.6945E-01 -2.5945E-01 -1.1701E+00
  1.8000E+01  2.4000E+01  0.0000E+00  4.8000E-02  0.0000E+00  0.0000E+00  1.0675E+01  2.8539E+01  6.0606E+00  5.5911E+01  5.8299E-02 -5.2044E-01 -9.4909E-01  4.8000E-02  2.1398E-01 -1.6598E-01 -5.9130E-01
  1.8000E+01  3.6000E+01  0.0000E+00  3.6000E-02  0.0000E+00  0.0000E+00  1.0675E+01  2.8539E+01  6.0606E+00  5.5911E+01  2.6947E-02  4.7744E-01  2.7581E-01  3.6000E-02  1.2420E-01 -8.8200E-02  5.1742E-01
  1.8000E+01  4.8000E+01  0.0000E+00  1.0000E-03  0.0000E+00  0.0000E+00  1.0675E+01  2.8539E+01  6.0606E+00  5.5911E+01  1.2456E-02 -6.1003E-01 -7.0401E-01  1.0000E-03  7.2088E-02 -7.1088E-02 -2.2620E-01
  1.9000E+01  0.0000E+00  1.0000E+02  0.0000E+00  1.0000E+00  1.0000E+00  4.8405E+00  2.1036E+01  6.9011E+00  4.2548E+01  4.7537E+00 -9.1182E+00  0.0000E+00  0.0000E+00  4.9748E+00  0.0000E+00  0.0000E+00
  1.9000E+01  2.5000E-01  0.0000E+00  4.5370E+00  0.0000E+00  0.0000E+00  4.8405E+00  2.1036E+01  6.9011E+00  4.2548E+01  4.1416E+00  8.7024E-01  6.7327E-01  4.5370E+00  4.2539E+00  2.8315E-01  6.6142E-01
  1.9000E+01  5.0000E-01  0.0000E+00  3.3370E+00  0.0000E+00  0.0000E+00  4.8405E+00  2.1036E+01  6.9011E+00  4.2548E+01  3.6217E+00 -7.1634E-01 -8.2578E-01  3.3370E+00  3.6504E+00 -3.1340E-01 -7.8818E-01
  1.9000E+01  1.0000E+00  0.0000E+00  2.7820E+00  0.0000E+00  0.0000E+00  4.8405E+00  2.1036E+01  6.9011E+00  4.2548E+01  2.8037E+00 -7.0394E-02 -3.4818E-02  2.7820E+00  2.7219E+00  6.0117E-02 -2.7505E-02
  1.9000E+01  2.0000E+00  0.0000E+00  1.7770E+00  0.0000E+00  0.0000E+00  4.8405E+00  2.1036E+01  6.9011E+00  4.2548E+01  1.7805E+00 -1.7841E-02  1.9586E-01  1.7770E+00  1.6108E+00  1.6623E-01  1.7433E-01
  1.9000E+01  4.0000E+00  0.0000E+00  1.0540E+00  0.0000E+00  0.0000E+00  4.8405E+00  2.1036E+01  6.9011E+00  4.2548E+01  9.3744E-01  1.1161E+00  1.3926E+00  1.0540E+00  7.7462E-01  2.7938E-01  1.5384E+00
  1.9000E+01  6.0000E+00  0.0000E+00  6.4500E-01  0.0000E+00  0.0000E+00  4.8405E+00  2.1036E+01  6.9011E+00  4.2548E+01  6.6459E-01 -2.6043E-01 -7.2242E-02  6.4500E-01  5.4205E-01  1.0295E-01 -6.6626E-02
  1.9000E+01  8.0000E+00  0.0000E+00  5.4100E-01  0.0000E+00  0.0000E+00  4.8405E+00  2.1036E+01  6.9011E+00  4.2548E+01  5.4805E-01 -1.1212E-01 -4.0355E-02  5.4100E-01  4.5577E-01  8.5226E-02  1.0524E-02
  1.9000E+01  1.2000E+01  0.0000E+00  4.4900E-01  0.0000E+00  0.0000E+00  4.8405E+00  2.1036E+01  6.9011E+00  4.2548E+01  4.2365E-01  5.0642E-01  3.7081E-01  4.4900E-01  3.6945E-01  7.9552E-02  4.4442E-01
  1.9000E+01  2.4000E+01  0.0000E+00  2.1100E-01  0.0000E+00  0.0000E+00  4.8405E+00  2.1036E+01  6.9011E+00  4.2548E+01  2.1516E-01 -1.3808E-01 -5.8393E-01  2.1100E-01  2.1398E-01 -2.9835E-03 -6.0434E-01
  1.9000E+01  3.6000E+01  0.0000E+00  1.0300E-01  0.0000E+00  0.0000E+00  4.8405E+00  2.1036E+01  6.9011E+00  4.2548E+01  1.0962E-01 -2.9767E-01 -7.4246E-01  1.0300E-01  1.2420E-01 -2.1200E-02 -7.7172E-01
  1.9000E+01  4.8000E+01  0.0000E+00  5.8000E-02  0.0000E+00  0.0000E+00  4.8405E+00  2.1036E+01  6.9011E+00  4.2548E+01  5.5854E-02  1.0893E-01 -2.2548E-01  5.8000E-02  7.2088E-02 -1.4088E-02 -2.5028E-01
  2.0000E+01  0.0000E+00  1.0000E+02  0.0000E+00  1.0000E+00  1.0000E+00  7.6509E+00  1.8329E+01  6.4720E+00  4.3528E+01  5.4557E+00 -9.1197E+00  0.0000E+00  0.0000E+00  4.9748E+00  0.0000E+00  0.0000E+00
  2.0000E+01  2.5000E-01  0.0000E+00  4.4180E+00  0.0000E+00  0.0000E+00  7.6509E+00  1.8329E+01  6.4720E+00  4.3528E+01  4.5076E+00 -1.8121E-01  2.2776E-02  4.4180E+00  4.2539E+00  1.6415E-01  3.7473E-02
  2.0000E+01  5.0000E-01  0.0000E+00  3.9160E+00  0.0000E+00  0.0000E+00  7.6509E+00  1.8329E+01  6.4720E+00  4.3528E+01  3.7385E+00  4.3270E-01  3.9785E-01  3.9160E+00  3.6504E+00  2.6560E-01  4.5563E-01
  2.0000E+01  1.0000E+00  0.0000E+00  2.5840E+00  0.0000E+00  0.0000E+00  7.6509E+00  1.8329E+01  6.4720E+00  4.3528E+01  2.6076E+00 -8.2450E-02 -4.9466E-01  2.5840E+00  2.7219E+00 -1.3788E-01 -3.8145E-01
  2.0000E+01  2.0000E+00  0.0000E+00  1.5550E+00  0.0000E+00  0.0000E+00  7.6509E+00  1.8329E+01  6.4720E+00  4.3528E+01  1.3664E+00  1.2498E+00  4.7413E-01  1.5550E+00  1.6108E+00 -5.5773E-02  4.2425E-01
  2.0000E+01  4.0000E+00  0.0000E+00  5.0500E-01  0.0000E+00  0.0000E+00  7.6509E+00  1.8329E+01  6.4720E+00  4.3528E+01  5.6372E-01 -9.0951E-01 -1.4076E+00  5.0500E-01  7.7462E-01 -2.6962E-01 -1.0707E+00
  2.0000E+01  6.0000E+00  0.0000E+00  3.7500E-01  0.0000E+00  0.0000E+00  7.6509E+00  1.8329E+01  6.4720E+00  4.3528E+01  3.7327E-01  3.8561E-02 -2.0523E-01  3.7500E-01  5.4205E-01 -1.6705E-01 -1.9516E-01
  2.0000E+01  8.0000E+00  0.0000E+00  2.9100E-01  0.0000E+00  0.0000E+00  7.6509E+00  1.8329E+01  6.4720E+00  4.3528E+01  3.0141E-01 -2.7402E-01 -5.6310E-01  2.9100E-01  4.5577E-01 -1.6477E-01 -4.1540E-01
  2.0000E+01  1.2000E+01  0.0000E+00  2.5800E-01  0.0000E+00  0.0000E+00  7.6509E+00  1.8329E+01  6.4720E+00  4.3528E+01  2.2070E-01  1.2191E+00  6.6368E-01  2.5800E-01  3.6945E-01 -1.1145E-01  3.9466E-01
  2.0000E+01  2.4000E+01  0.0000E+00  7.5000E-02  0.0000E+00  0.0000E+00  7.6509E+00  1.8329E+01  6.4720E+00  4.3528E+01  9.1417E-02 -7.7287E-01 -1.5757E+00  7.5000E-02  2.1398E-01 -1.3898E-01 -9.8263E-01
  2.0000E+01  3.6000E+01  0.0000E+00  2.8000E-02  0.0000E+00  0.0000E+00  7.6509E+00  1.8329E+01  6.4720E+00  4.3528E+01  3.7898E-02 -5.1594E-01 -1.0953E+00  2.8000E-02  1.2420E-01 -9.6200E-02 -5.5212E-01
  2.0000E+01  4.8000E+01  0.0000E+00  1.0000E-03  0.0000E+00  0.0000E+00  7.6509E+00  1.8329E+01  6.4720E+00  4.3528E+01  1.5711E-02 -7.8216E-01 -1.1222E+00  1.0000E-03  7.2088E-02 -7.1088E-02 -5.3859E-01
  2.1000E+01  0.0000E+00  1.0000E+02  0.0000E+00  1.0000E+00  1.0000E+00  4.1858E+00  1.7684E+01  5.8323E+00  8.8906E+01  5.6547E+00 -9.1200E+00  0.0000E+00  0.0000E+00  4.9748E+00  0.0000E+00  0.0000E+00
  2.1000E+01  2.5000E-01  0.0000E+00  4.4290E+00  0.0000E+00  0.0000E+00  4.1858E+00  1.7684E+01  5.8323E+00  8.8906E+01  4.9114E+00 -8.9567E-01 -4.3254E-01  4.4290E+00  4.2539E+00  1.7515E-01 -4.2777E-01
  2.1000E+01  5.0000E-01  0.0000E+00  4.2160E+00  0.0000E+00  0.0000E+00  4.1858E+00  1.7684E+01  5.8323E+00  8.8906E+01  4.2724E+00 -1.2037E-01  3.3999E-01  4.2160E+00  3.6504E+00  5.6560E-01  3.8997E-01
  2.1000E+01  1.0000E+00  0.0000E+00  3.8030E+00  0.0000E+00  0.0000E+00  4.1858E+00  1.7684E+01  5.8323E+00  8.8906E+01  3.2505E+00  1.5488E+00  1.9769E+00  3.8030E+00  2.7219E+00  1.0811E+00  2.1949E+00
  2.1000E+01  2.0000E+00  0.0000E+00  2.0900E+00  0.0000E+00  0.0000E+00  4.1858E+00  1.7684E+01  5.8323E+00  8.8906E+01  1.9354E+00  7.2624E-01  1.0421E+00  2.0900E+00  1.6108E+00  4.7923E-01  9.2309E-01
  2.1000E+01  4.0000E+00  0.0000E+00  5.9600E-01  0.0000E+00  0.0000E+00  4.1858E+00  1.7684E+01  5.8323E+00  8.8906E+01  8.1688E-01 -2.4149E+00 -2.3244E+00  5.9600E-01  7.7462E-01 -1.7862E-01 -2.4738E+00
  2.1000E+01  6.0000E+00  0.0000E+00  5.3300E-01  0.0000E+00  0.0000E+00  4.1858E+00  1.7684E+01  5.8323E+00  8.8906E+01  4.7230E-01  1.1027E+00  9.2435E-01  5.3300E-01  5.4205E-01 -9.0461E-03  8.9927E-01
  2.1000E+01  8.0000E+00  0.0000E+00  3.7300E-01  0.0000E+00  0.0000E+00  4.1858E+00  1.7684E+01  5.8323E+00  8.8906E+01  3.5840E-01  3.3557E-01 -3.5611E-02  3.7300E-01  4.5577E-01 -8.2774E-02  1.8901E-01
  2.1000E+01  1.2000E+01  0.0000E+00  2.4800E-01  0.0000E+00  0.0000E+00  4.1858E+00  1.7684E+01  5.8323E+00  8.8906E+01  2.9001E-01 -1.1388E+00 -1.5322E+00  2.4800E-01  3.6945E-01 -1.2145E-01 -1.0408E+00
  2.1000E+01  2.4000E+01  0.0000E+00  2.1800E-01  0.0000E+00  0.0000E+00  4.1858E+00  1.7684E+01  5.8323E+00  8.8906E+01  2.1063E-01  2.4798E-01  2.6045E-01  2.1800E-01  2.1398E-01  4.0165E-03  9.4075E-02
  2.1000E+01  3.6000E+01  0.0000E+00  1.4300E-01  0.0000E+00  0.0000E+00  4.1858E+00  1.7684E+01  5.8323E+00  8.8906E+01  1.5491E-01 -4.7121E-01 -1.7685E-01  1.4300E-01  1.2420E-01  1.8800E-02 -4.0958E-01
  2.1000E+01  4.8000E+01  0.0000E+00  1.4100E-01  0.0000E+00  0.0000E+00  4.1858E+00  1.7684E+01  5.8323E+00  8.8906E+01  1.1394E-01  1.2023E+00  1.6500E+00  1.4100E-01  7.2088E-02  6.8912E-02  1.7439E+00
  2.2000E+01  0.0000E+00  1.0000E+02  0.0000E+00  1.0000E+00  1.0000E+00  4.4356E+00  2.4486E+01  7.3282E+00  4.2715E+01  4.0840E+00 -9.1162E+00  0.0000E+00  0.0000E+00  4.9748E+00  0.0000E+00  0.0000E+00
  2.2000E+01  2.5000E-01  0.0000E+00  3.4630E+00  0.0000E+00  0.0000E+00  4.4356E+00  2.4486E+01  7.3282E+00  4.2715E+01  3.6278E+00 -4.1395E-01 -8.1346E-01  3.4630E+00  4.2539E+00 -7.9085E-01 -6.7307E-01
  2.2000E+01  5.0000E-01  0.0000E+00  3.0960E+00  0.0000E+00  0.0000E+00  4.4356E+00  2.4486E+01  7.3282E+00  4.2715E+01  3.2336E+00 -3.8784E-01 -6.9706E-01  3.0960E+00  3.6504E+00 -5.5440E-01 -6.0913E-01
  2.2000E+01  1.0000E+00  0.0000E+00  2.7190E+00  0.0000E+00  0.0000E+00  4.4356E+00  2.4486E+01  7.3282E+00  4.2715E+01  2.5984E+00  4.2253E-01  2.4978E-01  2.7190E+00  2.7219E+00 -2.8827E-03  1.8881E-01
  2.2000E+01  2.0000E+00  0.0000E+00  1.8760E+00  0.0000E+00  0.0000E+00  4.4356E+00  2.4486E+01  7.3282E+00  4.2715E+01  1.7652E+00  5.6990E-01  5.6643E-01  1.8760E+00  1.6108E+00  2.6523E-01  4.5816E-01
  2.2000E+01  4.0000E+00  0.0000E+00  1.0730E+00  0.0000E+00  0.0000E+00  4.4356E+00  2.4486E+01  7.3282E+00  4.2715E+01  1.0144E+00  5.1946E-01  7.7136E-01  1.0730E+00  7.7462E-01  2.9838E-01  8.4544E-01
  2.2000E+01  6.0000E+00  0.0000E+00  7.2800E-01  0.0000E+00  0.0000E+00  4.4356E+00  2.4486E+01  7.3282E+00  4.2715E+01  7.4088E-01 -1.5458E-01  2.8376E-01  7.2800E-01  5.4205E-01  1.8595E-01  3.3984E-01
  2.2000E+01  8.0000E+00  0.0000E+00  5.6900E-01  0.0000E+00  0.0000E+00  4.4356E+00  2.4486E+01  7.3282E+00  4.2715E+01  6.1569E-01 -6.6666E-01 -1.8979E-01  5.6900E-01  4.5577E-01  1.1323E-01 -2.4997E-01
  2.2000E+01  1.2000E+01  0.0000E+00  4.6900E-01  0.0000E+00  0.0000E+00  4.4356E+00  2.4486E+01  7.3282E+00  4.2715E+01  4.8157E-01 -2.2440E-01  8.4623E-02  4.6900E-01  3.6945E-01  9.9552E-02  8.1277E-02
  2.2000E+01  2.4000E+01  0.0000E+00  3.2500E-01  0.0000E+00  0.0000E+00  4.4356E+00  2.4486E+01  7.3282E+00  4.2715E+01  2.5743E-01  1.9952E+00  1.7415E+00  3.2500E-01  2.1398E-01  1.1102E-01  1.9389E+00
  2.2000E+01  3.6000E+01  0.0000E+00  1.4400E-01  0.0000E+00  0.0000E+00  4.4356E+00  2.4486E+01  7.3282E+00  4.2715E+01  1.3830E-01  2.3665E-01 -2.0031E-01  1.4400E-01  1.2420E-01  1.9800E-02 -1.4311E-01
  2.2000E+01  4.8000E+01  0.0000E+00  2.2000E-02  0.0000E+00  0.0000E+00  4.4356E+00  2.4486E+01  7.3282E+00  4.2715E+01  7.4297E-02 -2.5607E+00 -2.9629E+00  2.2000E-02  7.2088E-02 -5.0088E-02 -2.9117E+00
  2.3000E+01  0.0000E+00  1.0000E+02  0.0000E+00  1.0000E+00  1.0000E+00  3.2840E+00  1.6616E+01  6.6155E+00  5.0243E+01  6.0183E+00 -9.1205E+00  0.0000E+00  0.0000E+00  4.9748E+00  0.0000E+00  0.0000E+00
  2.3000E+01  2.5000E-01  0.0000E+00  5.3740E+00  0.0000E+00  0.0000E+00  3.2840E+00  1.6616E+01  6.6155E+00  5.0243E+01  5.1943E+00  3.1544E-01  6.6957E-01  5.3740E+00  4.2539E+00  1.1201E+00  7.6162E-01
  2.3000E+01  5.0000E-01  0.0000E+00  4.8730E+00  0.0000E+00  0.0000E+00  3.2840E+00  1.6616E+01  6.6155E+00  5.0243E+01  4.4996E+00  7.5659E-01  1.1269E+00  4.8730E+00  3.6504E+00  1.2226E+00  1.3266E+00
  2.3000E+01  1.0000E+00  0.0000E+00  3.4590E+00  0.0000E+00  0.0000E+00  3.2840E+00  1.6616E+01  6.6155E+00  5.0243E+01  3.4195E+00  1.0537E-01  5.1197E-01  3.4590E+00  2.7219E+00  7.3712E-01  5.9057E-01
  2.3000E+01  2.0000E+00  0.0000E+00  1.9580E+00  0.0000E+00  0.0000E+00  3.2840E+00  1.6616E+01  6.6155E+00  5.0243E+01  2.1008E+00 -6.1799E-01 -1.4964E-01  1.9580E+00  1.6108E+00  3.4723E-01 -2.4302E-01
  2.3000E+01  4.0000E+00  0.0000E+00  1.2050E+00  0.0000E+00  0.0000E+00  3.2840E+00  1.6616E+01  6.6155E+00  5.0243E+01  1.0721E+00  1.1174E+00  1.5737E+00  1.2050E+00  7.7462E-01  4.3038E-01  1.9490E+00
  2.3000E+01  6.0000E+00  0.0000E+00  7.0300E-01  0.0000E+00  0.0000E+00  3.2840E+00  1.6616E+01  6.6155E+00  5.0243E+01  7.7362E-01 -8.1330E-01 -4.4537E-01  7.0300E-01  5.4205E-01  1.6095E-01 -7.0979E-01
  2.3000E+01  8.0000E+00  0.0000E+00  7.2700E-01  0.0000E+00  0.0000E+00  3.2840E+00  1.6616E+01  6.6155E+00  5.0243E+01  6.6189E-01  8.6911E-01  1.1790E+00  7.2700E-01  4.5577E-01  2.7123E-01  1.4255E+00
  2.3000E+01  1.2000E+01  0.0000E+00  5.2800E-01  0.0000E+00  0.0000E+00  3.2840E+00  1.6616E+01  6.6155E+00  5.0243E+01  5.5269E-01 -3.8944E-01 -1.2462E-01  5.2800E-01  3.6945E-01  1.5855E-01 -3.0404E-01
  2.3000E+01  2.4000E+01  0.0000E+00  3.8000E-01  0.0000E+00  0.0000E+00  3.2840E+00  1.6616E+01  6.6155E+00  5.0243E+01  3.5061E-01  6.8758E-01  9.0021E-01  3.8000E-01  2.1398E-01  1.6602E-01  1.1204E+00
  2.3000E+01  3.6000E+01  0.0000E+00  1.9100E-01  0.0000E+00  0.0000E+00  3.2840E+00  1.6616E+01  6.6155E+00  5.0243E+01  2.2294E-01 -1.0375E+00 -8.6499E-01  1.9100E-01  1.2420E-01  6.6800E-02 -1.1112E+00
  2.3000E+01  4.8000E+01  0.0000E+00  1.5800E-01  0.0000E+00  0.0000E+00  3.2840E+00  1.6616E+01  6.6155E+00  5.0243E+01  1.4176E-01  6.6730E-01  8.0561E-01  1.5800E-01  7.2088E-02  8.5912E-02  1.0716E+00
  2.4000E+01  0.0000E+00  1.0000E+02  0.0000E+00  1.0000E+00  1.0000E+00  6.3408E+00  2.1842E+01  6.3006E+00  7.6588E+01  4.5782E+00 -9.1178E+00  0.0000E+00  0.0000E+00  4.9748E+00  0.0000E+00  0.0000E+00
  2.4000E+01  2.5000E-01  0.0000E+00  3.9610E+00  0.0000E+00  0.0000E+00  6.3408E+00  2.1842E+01  6.3006E+00  7.6588E+01  3.9646E+00 -8.2228E-03 -2.0789E-01  3.9610E+00  4.2539E+00 -2.9285E-01 -1.7611E-01
  2.4000E+01  5.0000E-01  0.0000E+00  3.4330E+00  0.0000E+00  0.0000E+00  6.3408E+00  2.1842E+01  6.3006E+00  7.6588E+01  3.4389E+00 -1.5726E-02 -1.5715E-01  3.4330E+00  3.6504E+00 -2.1740E-01 -1.2579E-01
  2.4000E+01  1.0000E+00  0.0000E+00  2.3760E+00  0.0000E+00  0.0000E+00  6.3408E+00  2.1842E+01  6.3006E+00  7.6588E+01  2.6028E+00 -7.9335E-01 -8.6145E-01  2.3760E+00  2.7219E+00 -3.4588E-01 -8.0064E-01
  2.4000E+01  2.0000E+00  0.0000E+00  1.7150E+00  0.0000E+00  0.0000E+00  6.3408E+00  2.1842E+01  6.3006E+00  7.6588E+01  1.5374E+00  1.0473E+00  9.7342E-01  1.7150E+00  1.6108E+00  1.0423E-01  8.6197E-01
  2.4000E+01  4.0000E+00  0.0000E+00  6.5500E-01  0.0000E+00  0.0000E+00  6.3408E+00  2.1842E+01  6.3006E+00  7.6588E+01  6.4595E-01  1.2360E-01 -2.3628E-01  6.5500E-01  7.7462E-01 -1.1962E-01 -2.6626E-01
  2.4000E+01  6.0000E+00  0.0000E+00  3.4600E-01  0.0000E+00  0.0000E+00  6.3408E+00  2.1842E+01  6.3006E+00  7.6588E+01  3.7432E-01 -6.2788E-01 -1.1819E+00  3.4600E-01  5.4205E-01 -1.9605E-01 -9.0273E-01
  2.4000E+01  8.0000E+00  0.0000E+00  2.8000E-01  0.0000E+00  0.0000E+00  6.3408E+00  2.1842E+01  6.3006E+00  7.6588E+01  2.8222E-01 -6.1336E-02 -6.5580E-01  2.8000E-01  4.5577E-01 -1.7577E-01 -5.3720E-01
  2.4000E+01  1.2000E+01  0.0000E+00  2.2200E-01  0.0000E+00  0.0000E+00  6.3408E+00  2.1842E+01  6.3006E+00  7.6588E+01  2.1955E-01  8.0214E-02 -4.2698E-01  2.2200E-01  3.6945E-01 -1.4745E-01 -3.9878E-01
  2.4000E+01  2.4000E+01  0.0000E+00  1.4200E-01  0.0000E+00  0.0000E+00  6.3408E+00  2.1842E+01  6.3006E+00  7.6588E+01  1.3705E-01  2.0625E-01  5.0108E-03  1.4200E-01  2.1398E-01 -7.1984E-02 -6.9297E-02
  2.4000E+01  3.6000E+01  0.0000E+00  1.0100E-01  0.0000E+00  0.0000E+00  6.3408E+00  2.1842E+01  6.3006E+00  7.6588E+01  8.6494E-02  6.9102E-01  6.5320E-01  1.0100E-01  1.2420E-01 -2.3200E-02  5.2294E-01
  2.4000E+01  4.8000E+01  0.0000E+00  4.6000E-02  0.0000E+00  0.0000E+00  6.3408E+00  2.1842E+01  6.3006E+00  7.6588E+01  5.4589E-02 -4.3684E-01 -4.0128E-01  4.6000E-02  7.2088E-02 -2.6088E-02 -4.2196E-01
  2.5000E+01  0.0000E+00  1.0000E+02  0.0000E+00  1.0000E+00  1.0000E+00  3.3493E+00  2.0108E+01  4.6300E+00  6.1353E+01  4.9732E+00 -9.1188E+00  0.0000E+00  0.0000E+00  4.9748E+00  0.0000E+00  0.0000E+00
  2.5000E+01  2.5000E-01  0.0000E+00  5.0360E+00  0.0000E+00  0.0000E+00  3.3493E+00  2.0108E+01  4.6300E+00  6.1353E+01  4.5061E+00  1.0723E+00  1.1260E+00  5.0360E+00  4.2539E+00  7.8215E-01  1.3545E+00
  2.5000E+01  5.0000E-01  0.0000E+00  3.2190E+00  0.0000E+00  0.0000E+00  3.3493E+00  2.0108E+01  4.6300E+00  6.1353E+01  4.0876E+00 -1.9371E+00 -1.7092E+00  3.2190E+00  3.6504E+00 -4.3140E-01 -1.7683E+00
  2.5000E+01  1.0000E+00  0.0000E+00  3.4980E+00  0.0000E+00  0.0000E+00  3.3493E+00  2.0108E+01  4.6300E+00  6.1353E+01  3.3767E+00  3.2725E-01  8.3118E-01  3.4980E+00  2.7219E+00  7.7612E-01  9.3451E-01
  2.5000E+01  2.0000E+00  0.0000E+00  2.6540E+00  0.0000E+00  0.0000E+00  3.3493E+00  2.0108E+01  4.6300E+00  6.1353E+01  2.3474E+00  1.1886E+00  1.9923E+00  2.6540E+00  1.6108E+00  1.0432E+00  2.3696E+00
  2.5000E+01  4.0000E+00  0.0000E+00  1.2190E+00  0.0000E+00  0.0000E+00  3.3493E+00  2.0108E+01  4.6300E+00  6.1353E+01  1.2503E+00 -2.2644E-01  5.1844E-01  1.2190E+00  7.7462E-01  4.4438E-01  6.0624E-01
  2.5000E+01  6.0000E+00  0.0000E+00  7.6400E-01  0.0000E+00  0.0000E+00  3.3493E+00  2.0108E+01  4.6300E+00  6.1353E+01  7.8322E-01 -2.1877E-01  1.6085E-01  7.6400E-01  5.4205E-01  2.2195E-01  3.8364E-01
  2.5000E+01  8.0000E+00  0.0000E+00  6.2100E-01  0.0000E+00  0.0000E+00  3.3493E+00  2.0108E+01  4.6300E+00  6.1353E+01  5.7622E-01  6.7979E-01  7.5361E-01  6.2100E-01  4.5577E-01  1.6523E-01  8.0669E-01
  2.5000E+01  1.2000E+01  0.0000E+00  4.5600E-01  0.0000E+00  0.0000E+00  3.3493E+00  2.0108E+01  4.6300E+00  6.1353E+01  4.2305E-01  6.5892E-01  4.9452E-01  4.5600E-01  3.6945E-01  8.6552E-02 -8.2077E-02
  2.5000E+01  2.4000E+01  0.0000E+00  2.2200E-01  0.0000E+00  0.0000E+00  3.3493E+00  2.0108E+01  4.6300E+00  6.1353E+01  2.8606E-01 -1.7540E+00 -1.7885E+00  2.2200E-01  2.1398E-01  8.0165E-03 -2.5422E+00
  2.5000E+01  3.6000E+01  0.0000E+00  2.1400E-01  0.0000E+00  0.0000E+00  3.3493E+00  2.0108E+01  4.6300E+00  6.1353E+01  2.0358E-01  3.5755E-01  4.7087E-01  2.1400E-01  1.2420E-01  8.9800E-02  6.6264E-01
  2.5000E+01  4.8000E+01  0.0000E+00  1.6000E-01  0.0000E+00  0.0000E+00  3.3493E+00  2.0108E+01  4.6300E+00  6.1353E+01  1.4494E-01  6.1315E-01  8.0179E-01  1.6000E-01  7.2088E-02  8.7912E-02  1.5337E+00
  2.6000E+01  0.0000E+00  1.0000E+02  0.0000E+00  1.0000E+00  1.0000E+00  5.5027E+00  1.5923E+01  1.0524E+01  4.2567E+01  6.2802E+00 -9.1208E+00  0.0000E+00  0.0000E+00  4.9748E+00  0.0000E+00  0.0000E+00
  2.6000E+01  2.5000E-01  0.0000E+00  5.0110E+00  0.0000E+00  0.0000E+00  5.5027E+00  1.5923E+01  1.0524E+01  4.2567E+01  4.9097E+00  1.8813E-01  5.7625E-01  5.0110E+00  4.2539E+00  7.5715E-01  7.8443E-01
  2.6000E+01  5.0000E-01  0.0000E+00  4.2110E+00  0.0000E+00  0.0000E+00  5.5027E+00  1.5923E+01  1.0524E+01  4.2567E+01  3.8855E+00  7.6367E-01  6.5194E-01  4.2110E+00  3.6504E+00  5.6060E-01  7.9839E-01
  2.6000E+01  1.0000E+00  0.0000E+00  2.5320E+00  0.0000E+00  0.0000E+00  5.5027E+00  1.5923E+01  1.0524E+01  4.2567E+01  2.5445E+00 -4.4736E-02 -6.3157E-01  2.5320E+00  2.7219E+00 -1.8988E-01 -7.1697E-01
  2.6000E+01  2.0000E+00  0.0000E+00  1.2500E+00  0.0000E+00  0.0000E+00  5.5027E+00  1.5923E+01  1.0524E+01  4.2567E+01  1.3551E+00 -7.0222E-01 -1.0363E+00  1.2500E+00  1.6108E+00 -3.6077E-01 -1.2833E+00
  2.6000E+01  4.0000E+00  0.0000E+00  8.9600E-01  0.0000E+00  0.0000E+00  5.5027E+00  1.5923E+01  1.0524E+01  4.2567E+01  7.8853E-01  1.2154E+00  1.6034E+00  8.9600E-01  7.7462E-01  1.2138E-01  1.7429E+00
  2.6000E+01  6.0000E+00  0.0000E+00  5.9400E-01  0.0000E+00  0.0000E+00  5.5027E+00  1.5923E+01  1.0524E+01  4.2567E+01  6.4617E-01 -7.1221E-01 -3.5685E-01  5.9400E-01  5.4205E-01  5.1954E-02 -2.5093E-02
  2.6000E+01  8.0000E+00  0.0000E+00  5.8400E-01  0.0000E+00  0.0000E+00  5.5027E+00  1.5923E+01  1.0524E+01  4.2567E+01  5.5575E-01  4.4328E-01  6.0867E-01  5.8400E-01  4.5577E-01  1.2823E-01  8.7363E-01
  2.6000E+01  1.2000E+01  0.0000E+00  4.4400E-01  0.0000E+00  0.0000E+00  5.5027E+00  1.5923E+01  1.0524E+01  4.2567E+01  4.1584E-01  5.7139E-01  4.0994E-01  4.4400E-01  3.6945E-01  7.4552E-02  3.0066E-01
  2.6000E+01  2.4000E+01  0.0000E+00  1.4300E-01  0.0000E+00  0.0000E+00  5.5027E+00  1.5923E+01  1.0524E+01  4.2567E+01  1.7460E-01 -1.1801E+00 -1.6696E+00  1.4300E-01  2.1398E-01 -7.0984E-02 -1.9618E+00
  2.6000E+01  3.6000E+01  0.0000E+00  7.1000E-02  0.0000E+00  0.0000E+00  5.5027E+00  1.5923E+01  1.0524E+01  4.2567E+01  7.3309E-02 -1.1328E-01 -4.9796E-01  7.1000E-02  1.2420E-01 -5.3200E-02 -8.0712E-01
  2.6000E+01  4.8000E+01  0.0000E+00  5.6000E-02  0.0000E+00  0.0000E+00  5.5027E+00  1.5923E+01  1.0524E+01  4.2567E+01  3.0780E-02  1.3252E+00  1.0911E+00  5.6000E-02  7.2088E-02 -1.6088E-02  1.0038E+00
  2.7000E+01  0.0000E+00  1.0000E+02  0.0000E+00  1.0000E+00  1.0000E+00  6.3648E+00  2.8001E+01  4.4542E+00  6.8095E+01  3.5713E+00 -9.1137E+00  0.0000E+00  0.0000E+00  4.9748E+00  0.0000E+00  0.0000E+00
  2.7000E+01  2.5000E-01  0.0000E+00  3.3020E+00  0.0000E+00  0.0000E+00  6.3648E+00  2.8001E+01  4.4542E+00  6.8095E+01  3.2435E+00  1.6423E-01 -7.9101E-01  3.3020E+00  4.2539E+00 -9.5185E-01 -7.1258E-01
  2.7000E+01  5.0000E-01  0.0000E+00  2.8160E+00  0.0000E+00  0.0000E+00  6.3648E+00  2.8001E+01  4.4542E+00  6.8095E+01  2.9479E+00 -4.0770E-01 -1.1337E+00  2.8160E+00  3.6504E+00 -8.3440E-01 -9.2409E-01
  2.7000E+01  1.0000E+00  0.0000E+00  2.4830E+00  0.0000E+00  0.0000E+00  6.3648E+00  2.8001E+01  4.4542E+00  6.8095E+01  2.4408E+00  1.5721E-01 -1.7314E-01  2.4830E+00  2.7219E+00 -2.3888E-01 -4.6321E-02
  2.7000E+01  2.0000E+00  0.0000E+00  1.6810E+00  0.0000E+00  0.0000E+00  6.3648E+00  2.8001E+01  4.4542E+00  6.8095E+01  1.6922E+00 -5.9894E-02  1.5780E-01  1.6810E+00  1.6108E+00  7.0227E-02  3.6944E-01
  2.7000E+01  4.0000E+00  0.0000E+00  7.6900E-01  0.0000E+00  0.0000E+00  6.3648E+00  2.8001E+01  4.4542E+00  6.8095E+01  8.6497E-01 -9.9311E-01 -5.0224E-01  7.6900E-01  7.7462E-01 -5.6156E-03 -2.0789E-01
  2.7000E+01  6.0000E+00  0.0000E+00  6.1100E-01  0.0000E+00  0.0000E+00  6.3648E+00  2.8001E+01  4.4542E+00  6.8095E+01  4.9615E-01  1.9969E+00  2.1135E+00  6.1100E-01  5.4205E-01  6.8954E-02  1.9678E+00
  2.7000E+01  8.0000E+00  0.0000E+00  2.9800E-01  0.0000E+00  0.0000E+00  6.3648E+00  2.8001E+01  4.4542E+00  6.8095E+01  3.2740E-01 -7.2645E-01 -1.1057E+00  2.9800E-01  4.5577E-01 -1.5777E-01 -1.1183E+00
  2.7000E+01  1.2000E+01  0.0000E+00  1.7900E-01  0.0000E+00  0.0000E+00  6.3648E+00  2.8001E+01  4.4542E+00  6.8095E+01  2.0383E-01 -8.5163E-01 -1.7646E+00  1.7900E-01  3.6945E-01 -1.9045E-01 -1.8833E+00
  2.7000E+01  2.4000E+01  0.0000E+00  1.1200E-01  0.0000E+00  0.0000E+00  6.3648E+00  2.8001E+01  4.4542E+00  6.8095E+01  1.1834E-01 -2.7832E-01 -9.4893E-01  1.1200E-01  2.1398E-01 -1.0198E-01 -9.8589E-01
  2.7000E+01  3.6000E+01  0.0000E+00  1.0600E-01  0.0000E+00  0.0000E+00  6.3648E+00  2.8001E+01  4.4542E+00  6.8095E+01  7.6973E-02  1.4131E+00  1.0930E+00  1.0600E-01  1.2420E-01 -1.8200E-02  1.1970E+00
  2.7000E+01  4.8000E+01  0.0000E+00  2.6000E-02  0.0000E+00  0.0000E+00  6.3648E+00  2.8001E+01  4.4542E+00  6.8095E+01  5.0129E-02 -1.2362E+00 -1.3601E+00  2.6000E-02  7.2088E-02 -4.6088E-02 -7.9245E-01
  2.8000E+01  0.0000E+00  1.0000E+02  0.0000E+00  1.0000E+00  1.0000E+00  3.3353E+00  1.3513E+01  5.5766E+00  7.6742E+01  7.4004E+00 -9.1217E+00  0.0000E+00  0.0000E+00  4.9748E+00  0.0000E+00  0.0000E+00
  2.8000E+01  2.5000E-01  0.0000E+00  6.9620E+00  0.0000E+00  0.0000E+00  3.3353E+00  1.3513E+01  5.5766E+00  7.6742E+01  6.2817E+00  9.8778E-01  1.8398E+00  6.9620E+00  4.2539E+00  2.7081E+00  2.3491E+00
  2.8000E+01  5.0000E-01  0.0000E+00  5.5680E+00  0.0000E+00  0.0000E+00  3.3353E+00  1.3513E+01  5.5766E+00  7.6742E+01  5.3437E+00  3.8283E-01  1.1717E+00  5.5680E+00  3.6504E+00  1.9176E+00  1.4201E+00
  2.8000E+01  1.0000E+00  0.0000E+00  4.0040E+00  0.0000E+00  0.0000E+00  3.3353E+00  1.3513E+01  5.5766E+00  7.6742E+01  3.8974E+00  2.4929E-01  9.4094E-01  4.0040E+00  2.7219E+00  1.2821E+00  1.1474E+00
  2.8000E+01  2.0000E+00  0.0000E+00  2.1130E+00  0.0000E+00  0.0000E+00  3.3353E+00  1.3513E+01  5.5766E+00  7.6742E+01  2.1635E+00 -2.1222E-01  3.4025E-01  2.1130E+00  1.6108E+00  5.0223E-01  4.0020E-01
  2.8000E+01  4.0000E+00  0.0000E+00  8.1300E-01  0.0000E+00  0.0000E+00  3.3353E+00  1.3513E+01  5.5766E+00  7.6742E+01  8.7155E-01 -6.0148E-01 -3.7564E-01  8.1300E-01  7.7462E-01  3.8384E-02 -3.0396E-01
  2.8000E+01  6.0000E+00  0.0000E+00  6.3800E-01  0.0000E+00  0.0000E+00  3.3353E+00  1.3513E+01  5.5766E+00  7.6742E+01  5.4018E-01  1.5753E+00  1.5388E+00  6.3800E-01  5.4205E-01  9.5954E-02  1.5407E+00
  2.8000E+01  8.0000E+00  0.0000E+00  4.2600E-01  0.0000E+00  0.0000E+00  3.3353E+00  1.3513E+01  5.5766E+00  7.6742E+01  4.4333E-01 -3.3288E-01 -4.4562E-01  4.2600E-01  4.5577E-01 -2.9774E-02 -3.7650E-01
  2.8000E+01  1.2000E+01  0.0000E+00  2.8500E-01  0.0000E+00  0.0000E+00  3.3353E+00  1.3513E+01  5.5766E+00  7.6742E+01  3.8018E-01 -2.0835E+00 -2.1307E+00  2.8500E-01  3.6945E-01 -8.4448E-02 -2.1226E+00
  2.8000E+01  2.4000E+01  0.0000E+00  3.1600E-01  0.0000E+00  0.0000E+00  3.3353E+00  1.3513E+01  5.5766E+00  7.6742E+01  2.7932E-01  1.0219E+00  1.2578E+00  3.1600E-01  2.1398E-01  1.0202E-01  1.1676E+00
  2.8000E+01  3.6000E+01  0.0000E+00  2.0400E-01  0.0000E+00  0.0000E+00  3.3353E+00  1.3513E+01  5.5766E+00  7.6742E+01  2.0600E-01 -6.8055E-02  3.2131E-01  2.0400E-01  1.2420E-01  7.9800E-02  2.5771E-01
  2.8000E+01  4.8000E+01  0.0000E+00  1.6300E-01  0.0000E+00  0.0000E+00  3.3353E+00  1.3513E+01  5.5766E+00  7.6742E+01  1.5192E-01  4.4218E-01  8.8736E-01  1.6300E-01  7.2088E-02  9.0912E-02  1.3110E+00
  2.9000E+01  0.0000E+00  1.0000E+02  0.0000E+00  1.0000E+00  1.0000E+00  5.0651E+00  1.8756E+01  7.1364E+00  8.0390E+01  5.3316E+00 -9.1195E+00  0.0000E+00  0.0000E+00  4.9748E+00  0.0000E+00  0.0000E+00
  2.9000E+01  2.5000E-01  0.0000E+00  4.7400E+00  0.0000E+00  0.0000E+00  5.0651E+00  1.8756E+01  7.1364E+00  8.0390E+01  4.5363E+00  4.0938E-01  3.8801E-01  4.7400E+00  4.2539E+00  4.8615E-01  4.0506E-01
  2.9000E+01  5.0000E-01  0.0000E+00  4.0860E+00  0.0000E+00  0.0000E+00  5.0651E+00  1.8756E+01  7.1364E+00  8.0390E+01  3.8691E+00  5.1105E-01  5.3219E-01  4.0860E+00  3.6504E+00  4.3560E-01  5.5310E-01
  2.9000E+01  1.0000E+00  0.0000E+00  2.7410E+00  0.0000E+00  0.0000E+00  5.0651E+00  1.8756E+01  7.1364E+00  8.0390E+01  2.8392E+00 -3.1492E-01 -2.0593E-01  2.7410E+00  2.7219E+00  1.9117E-02 -2.1875E-01
  2.9000E+01  2.0000E+00  0.0000E+00  1.4920E+00  0.0000E+00  0.0000E+00  5.0651E+00  1.8756E+01  7.1364E+00  8.0390E+01  1.6012E+00 -6.1864E-01 -4.0382E-01  1.4920E+00  1.6108E+00 -1.1877E-01 -4.0724E-01
  2.9000E+01  4.0000E+00  0.0000E+00  6.9500E-01  0.0000E+00  0.0000E+00  5.0651E+00  1.8756E+01  7.1364E+00  8.0390E+01  6.7127E-01  3.1262E-01  2.7357E-01  6.9500E-01  7.7462E-01 -7.9616E-02  2.0709E-01
  2.9000E+01  6.0000E+00  0.0000E+00  4.5600E-01  0.0000E+00  0.0000E+00  5.0651E+00  1.8756E+01  7.1364E+00  8.0390E+01  4.2594E-01  5.9770E-01  2.0943E-01  4.5600E-01  5.4205E-01 -8.6046E-02  1.1567E-01
  2.9000E+01  8.0000E+00  0.0000E+00  3.5100E-01  0.0000E+00  0.0000E+00  5.0651E+00  1.8756E+01  7.1364E+00  8.0390E+01  3.4885E-01  5.0527E-02 -4.5000E-01  3.5100E-01  4.5577E-01 -1.0477E-01 -3.9186E-01
  2.9000E+01  1.2000E+01  0.0000E+00  2.6100E-01  0.0000E+00  0.0000E+00  5.0651E+00  1.8756E+01  7.1364E+00  8.0390E+01  2.9039E-01 -7.9584E-01 -1.1983E+00  2.6100E-01  3.6945E-01 -1.0845E-01 -9.6529E-01
  2.9000E+01  2.4000E+01  0.0000E+00  1.7400E-01  0.0000E+00  0.0000E+00  5.0651E+00  1.8756E+01  7.1364E+00  8.0390E+01  1.9244E-01 -6.5377E-01 -6.2969E-01  1.7400E-01  2.1398E-01 -3.9984E-02 -5.6894E-01
  2.9000E+01  3.6000E+01  0.0000E+00  1.5900E-01  0.0000E+00  0.0000E+00  5.0651E+00  1.8756E+01  7.1364E+00  8.0390E+01  1.2799E-01  1.3254E+00  1.5756E+00  1.5900E-01  1.2420E-01  3.4800E-02  1.5426E+00
  2.9000E+01  4.8000E+01  0.0000E+00  8.3000E-02  0.0000E+00  0.0000E+00  5.0651E+00  1.8756E+01  7.1364E+00  8.0390E+01  8.5119E-02 -1.0127E-01  2.3187E-01  8.3000E-02  7.2088E-02  1.0912E-02  2.5277E-01
  3.0000E+01  0.0000E+00  1.0000E+02  0.0000E+00  1.0000E+00  1.0000E+00  5.2371E+00  2.0810E+01  8.6443E+00  8.0530E+01  4.8053E+00 -9.1184E+00  0.0000E+00  0.0000E+00  4.9748E+00  0.0000E+00  0.0000E+00
  3.0000E+01  2.5000E-01  0.0000E+00  3.9890E+00  0.0000E+00  0.0000E+00  5.2371E+00  2.0810E+01  8.6443E+00  8.0530E+01  4.0731E+00 -1.8832E-01 -2.3587E-01  3.9890E+00  4.2539E+00 -2.6485E-01 -2.1689E-01
  3.0000E+01  5.0000E-01  0.0000E+00  3.5440E+00  0.0000E+00  0.0000E+00  5.2371E+00  2.0810E+01  8.6443E+00  8.0530E+01  3.4636E+00  2.1148E-01  1.2996E-01  3.5440E+00  3.6504E+00 -1.0640E-01  1.2212E-01
  3.0000E+01  1.0000E+00  0.0000E+00  2.2410E+00  0.0000E+00  0.0000E+00  5.2371E+00  2.0810E+01  8.6443E+00  8.0530E+01  2.5333E+00 -1.0504E+00 -1.1977E+00  2.2410E+00  2.7219E+00 -4.8088E-01 -1.1081E+00
  3.0000E+01  2.0000E+00  0.0000E+00  1.6780E+00  0.0000E+00  0.0000E+00  5.2371E+00  2.0810E+01  8.6443E+00  8.0530E+01  1.4384E+00  1.5091E+00  1.2534E+00  1.6780E+00  1.6108E+00  6.7227E-02  1.0504E+00
  3.0000E+01  4.0000E+00  0.0000E+00  5.4100E-01  0.0000E+00  0.0000E+00  5.2371E+00  2.0810E+01  8.6443E+00  8.0530E+01  6.4458E-01 -1.4172E+00 -1.7471E+00  5.4100E-01  7.7462E-01 -2.3362E-01 -1.4621E+00
  3.0000E+01  6.0000E+00  0.0000E+00  4.2200E-01  0.0000E+00  0.0000E+00  5.2371E+00  2.0810E+01  8.6443E+00  8.0530E+01  4.4077E-01 -3.6229E-01 -6.8240E-01  4.2200E-01  5.4205E-01 -1.2005E-01 -5.6333E-01
  3.0000E+01  8.0000E+00  0.0000E+00  4.0300E-01  0.0000E+00  0.0000E+00  5.2371E+00  2.0810E+01  8.6443E+00  8.0530E+01  3.7345E-01  6.5646E-01  3.8221E-01  4.0300E-01  4.5577E-01 -5.2774E-02  3.1001E-01
  3.0000E+01  1.2000E+01  0.0000E+00  3.3100E-01  0.0000E+00  0.0000E+00  5.2371E+00  2.0810E+01  8.6443E+00  8.0530E+01  3.1299E-01  4.6085E-01  3.1487E-01  3.3100E-01  3.6945E-01 -3.8448E-02  2.8930E-01
  3.0000E+01  2.4000E+01  0.0000E+00  1.8600E-01  0.0000E+00  0.0000E+00  5.2371E+00  2.0810E+01  8.6443E+00  8.0530E+01  2.0130E-01 -5.2877E-01 -3.8147E-01  1.8600E-01  2.1398E-01 -2.7984E-02 -3.3810E-01
  3.0000E+01  3.6000E+01  0.0000E+00  1.2600E-01  0.0000E+00  0.0000E+00  5.2371E+00  2.0810E+01  8.6443E+00  8.0530E+01  1.2973E-01 -1.5848E-01  1.2107E-01  1.2600E-01  1.2420E-01  1.7996E-03  1.0637E-01
  3.0000E+01  4.8000E+01  0.0000E+00  1.0300E-01  0.0000E+00  0.0000E+00  5.2371E+00  2.0810E+01  8.6443E+00  8.0530E+01  8.3600E-02  9.3041E-01  1.2387E+00  1.0300E-01  7.2088E-02  3.0912E-02  1.2529E+00
  3.1000E+01  0.0000E+00  1.0000E+02  0.0000E+00  1.0000E+00  1.0000E+00  2.5794E+00  2.2029E+01  1.2867E+01  4.8706E+01  4.5394E+00 -9.1177E+00  0.0000E+00  0.0000E+00  4.9748E+00  0.0000E+00  0.0000E+00
  3.1000E+01  2.5000E-01  0.0000E+00  3.6810E+00  0.0000E+00  0.0000E+00  2.5794E+00  2.2029E+01  1.2867E+01  4.8706E+01  3.8286E+00 -3.5137E-01 -6.9622E-01  3.6810E+00  4.2539E+00 -5.7285E-01 -5.2363E-01
  3.1000E+01  5.0000E-01  0.0000E+00  3.5480E+00  0.0000E+00  0.0000E+00  2.5794E+00  2.2029E+01  1.2867E+01  4.8706E+01  3.2636E+00  7.9398E-01  3.6183E-01  3.5480E+00  3.6504E+00 -1.0240E-01  3.9089E-01
  3.1000E+01  1.0000E+00  0.0000E+00  2.2380E+00  0.0000E+00  0.0000E+00  2.5794E+00  2.2029E+01  1.2867E+01  4.8706E+01  2.4563E+00 -8.0886E-01 -1.2588E+00  2.2380E+00  2.7219E+00 -4.8388E-01 -1.1140E+00
  3.1000E+01  2.0000E+00  0.0000E+00  1.5950E+00  0.0000E+00  0.0000E+00  2.5794E+00  2.2029E+01  1.2867E+01  4.8706E+01  1.6143E+00 -1.0855E-01 -2.8307E-01  1.5950E+00  1.6108E+00 -1.5773E-02 -3.6778E-01
  3.1000E+01  4.0000E+00  0.0000E+00  1.1190E+00  0.0000E+00  0.0000E+00  2.5794E+00  2.2029E+01  1.2867E+01  4.8706E+01  1.1024E+00  1.3538E-01  4.9045E-01  1.1190E+00  7.7462E-01  3.4438E-01  4.5907E-01
  3.1000E+01  6.0000E+00  0.0000E+00  1.0210E+00  0.0000E+00  0.0000E+00  2.5794E+00  2.2029E+01  1.2867E+01  4.8706E+01  9.6838E-01  4.8820E-01  1.0431E+00  1.0210E+00  5.4205E-01  4.7895E-01  1.3174E+00
  3.1000E+01  8.0000E+00  0.0000E+00  9.4400E-01  0.0000E+00  0.0000E+00  2.5794E+00  2.2029E+01  1.2867E+01  4.8706E+01  8.9640E-01  4.7598E-01  1.1031E+00  9.4400E-01  4.5577E-01  4.8823E-01  1.4330E+00
  3.1000E+01  1.2000E+01  0.0000E+00  7.8000E-01  0.0000E+00  0.0000E+00  2.5794E+00  2.2029E+01  1.2867E+01  4.8706E+01  7.8331E-01 -3.7719E-02  6.5477E-01  7.8000E-01  3.6945E-01  4.1055E-01  6.3920E-01
  3.1000E+01  2.4000E+01  0.0000E+00  5.6100E-01  0.0000E+00  0.0000E+00  2.5794E+00  2.2029E+01  1.2867E+01  4.8706E+01  5.2599E-01  5.7764E-01  1.3556E+00  5.6100E-01  2.1398E-01  3.4702E-01  2.2291E+00
  3.1000E+01  3.6000E+01  0.0000E+00  3.0700E-01  0.0000E+00  0.0000E+00  2.5794E+00  2.2029E+01  1.2867E+01  4.8706E+01  3.5322E-01 -1.0746E+00 -3.0255E-01  3.0700E-01  1.2420E-01  1.8280E-01 -4.7431E-01
  3.1000E+01  4.8000E+01  0.0000E+00  2.6600E-01  0.0000E+00  0.0000E+00  2.5794E+00  2.2029E+01  1.2867E+01  4.8706E+01  2.3719E-01  8.9904E-01  1.6090E+00  2.6600E-01  7.2088E-02  1.9391E-01  3.0407E+00
  3.2000E+01  0.0000E+00  1.0000E+02  0.0000E+00  1.0000E+00  1.0000E+00  3.0523E+00  2.1426E+01  6.5080E+00  7.7806E+01  4.6672E+00 -9.1180E+00  0.0000E+00  0.0000E+00  4.9748E+00  0.0000E+00  0.0000E+00
  3.2000E+01  2.5000E-01  0.0000E+00  4.0720E+00  0.0000E+00  0.0000E+00  3.0523E+00  2.1426E+01  6.5080E+00  7.7806E+01  4.1780E+00 -2.3127E-01 -4.7311E-01  4.0720E+00  4.2539E+00 -1.8185E-01 -3.9686E-01
  3.2000E+01  5.0000E-01  0.0000E+00  3.8040E+00  0.0000E+00  0.0000E+00  3.0523E+00  2.1426E+01  6.5080E+00  7.7806E+01  3.7465E+00  1.3977E-01  6.0679E-02  3.8040E+00  3.6504E+00  1.5360E-01  1.1053E-01
  3.2000E+01  1.0000E+00  0.0000E+00  3.2650E+00  0.0000E+00  0.0000E+00  3.0523E+00  2.1426E+01  6.5080E+00  7.7806E+01  3.0304E+00  7.0538E-01  8.8987E-01  3.2650E+00  2.7219E+00  5.4312E-01  9.7337E-01
  3.2000E+01  2.0000E+00  0.0000E+00  2.0180E+00  0.0000E+00  0.0000E+00  3.0523E+00  2.1426E+01  6.5080E+00  7.7806E+01  2.0387E+00 -9.2501E-02  3.9865E-01  2.0180E+00  1.6108E+00  4.0723E-01  3.8806E-01
  3.2000E+01  4.0000E+00  0.0000E+00  9.9500E-01  0.0000E+00  0.0000E+00  3.0523E+00  2.1426E+01  6.5080E+00  7.7806E+01  1.0681E+00 -6.1677E-01 -1.2225E-01  9.9500E-01  7.7462E-01  2.2038E-01 -1.1061E-01
  3.2000E+01  6.0000E+00  0.0000E+00  7.4300E-01  0.0000E+00  0.0000E+00  3.0523E+00  2.1426E+01  6.5080E+00  7.7806E+01  7.0047E-01  5.3824E-01  7.3483E-01  7.4300E-01  5.4205E-01  2.0095E-01  1.0405E+00
  3.2000E+01  8.0000E+00  0.0000E+00  6.1100E-01  0.0000E+00  0.0000E+00  3.0523E+00  2.1426E+01  6.5080E+00  7.7806E+01  5.5254E-01  9.2218E-01  8.9228E-01  6.1100E-01  4.5577E-01  1.5523E-01  1.0252E+00
  3.2000E+01  1.2000E+01  0.0000E+00  3.7900E-01  0.0000E+00  0.0000E+00  3.0523E+00  2.1426E+01  6.5080E+00  7.7806E+01  4.4753E-01 -1.3052E+00 -1.4198E+00  3.7900E-01  3.6945E-01  9.5517E-03 -1.7844E+00
  3.2000E+01  2.4000E+01  0.0000E+00  3.4100E-01  0.0000E+00  0.0000E+00  3.0523E+00  2.1426E+01  6.5080E+00  7.7806E+01  3.3036E-01  2.6095E-01  5.4472E-01  3.4100E-01  2.1398E-01  1.2702E-01  4.1640E-01
  3.2000E+01  3.6000E+01  0.0000E+00  2.2100E-01  0.0000E+00  0.0000E+00  3.0523E+00  2.1426E+01  6.5080E+00  7.7806E+01  2.4907E-01 -8.4776E-01 -2.5750E-01  2.2100E-01  1.2420E-01  9.6800E-02 -3.3888E-01
  3.2000E+01  4.8000E+01  0.0000E+00  2.2400E-01  0.0000E+00  0.0000E+00  3.0523E+00  2.1426E+01  6.5080E+00  7.7806E+01  1.8779E-01  1.3014E+00  2.0609E+00  2.2400E-01  7.2088E-02  1.5191E-01  3.3234E+00
  3.3000E+01  0.0000E+00  1.0000E+02  0.0000E+00  1.0000E+00  1.0000E+00  6.0701E+00  2.7755E+01  4.5271E+00  6.9517E+01  3.6030E+00 -9.1139E+00  0.0000E+00  0.0000E+00  4.9748E+00  0.0000E+00  0.0000E+00
  3.3000E+01  2.5000E-01  0.0000E+00  3.2880E+00  0.0000E+00  0.0000E+00  6.0701E+00  2.7755E+01  4.5271E+00  6.9517E+01  3.2761E+00  3.3194E-02 -8.4686E-01  3.2880E+00  4.2539E+00 -9.6585E-01 -7.3222E-01
  3.3000E+01  5.0000E-01  0.0000E+00  2.9200E+00  0.0000E+00  0.0000E+00  6.0701E+00  2.7755E+01  4.5271E+00  6.9517E+01  2.9810E+00 -1.8631E-01 -8.4798E-01  2.9200E+00  3.6504E+00 -7.3040E-01 -6.8748E-01
  3.3000E+01  1.0000E+00  0.0000E+00  2.4450E+00  0.0000E+00  0.0000E+00  6.0701E+00  2.7755E+01  4.5271E+00  6.9517E+01  2.4740E+00 -1.0681E-01 -3.9877E-01  2.4450E+00  2.7219E+00 -2.7688E-01 -2.6352E-01
  3.3000E+01  2.0000E+00  0.0000E+00  1.6810E+00  0.0000E+00  0.0000E+00  6.0701E+00  2.7755E+01  4.5271E+00  6.9517E+01  1.7236E+00 -2.2442E-01 -3.0746E-02  1.6810E+00  1.6108E+00  7.0227E-02  1.0200E-01
  3.3000E+01  4.0000E+00  0.0000E+00  9.4700E-01  0.0000E+00  0.0000E+00  6.0701E+00  2.7755E+01  4.5271E+00  6.9517E+01  8.9021E-01  5.7166E-01  9.3022E-01  9.4700E-01  7.7462E-01  1.7238E-01  1.2759E+00
  3.3000E+01  6.0000E+00  0.0000E+00  5.4700E-01  0.0000E+00  0.0000E+00  6.0701E+00  2.7755E+01  4.5271E+00  6.9517E+01  5.1592E-01  5.2176E-01  4.8566E-01  5.4700E-01  5.4205E-01  4.9539E-03  6.1015E-01
  3.3000E+01  8.0000E+00  0.0000E+00  3.3400E-01  0.0000E+00  0.0000E+00  6.0701E+00  2.7755E+01  4.5271E+00  6.9517E+01  3.4347E-01 -2.2529E-01 -7.0842E-01  3.3400E-01  4.5577E-01 -1.2177E-01 -7.8527E-01
  3.3000E+01  1.2000E+01  0.0000E+00  2.1600E-01  0.0000E+00  0.0000E+00  6.0701E+00  2.7755E+01  4.5271E+00  6.9517E+01  2.1618E-01 -6.0079E-03 -9.1765E-01  2.1600E-01  3.6945E-01 -1.5345E-01 -1.3723E+00
  3.3000E+01  2.4000E+01  0.0000E+00  1.0600E-01  0.0000E+00  0.0000E+00  6.0701E+00  2.7755E+01  4.5271E+00  6.9517E+01  1.2749E-01 -9.1948E-01 -1.5726E+00  1.0600E-01  2.1398E-01 -1.0798E-01 -1.5110E+00
  3.3000E+01  3.6000E+01  0.0000E+00  9.9000E-02  0.0000E+00  0.0000E+00  6.0701E+00  2.7755E+01  4.5271E+00  6.9517E+01  8.4123E-02  7.1264E-01  3.8431E-01  9.9000E-02  1.2420E-01 -2.5200E-02  5.4329E-01
  3.3000E+01  4.8000E+01  0.0000E+00  5.5000E-02  0.0000E+00  0.0000E+00  6.0701E+00  2.7755E+01  4.5271E+00  6.9517E+01  5.5581E-02 -2.9484E-02 -1.7049E-01  5.5000E-02  7.2088E-02 -1.7088E-02  3.0758E-01
  3.4000E+01  0.0000E+00  1.0000E+02  0.0000E+00  1.0000E+00  1.0000E+00  8.8420E+00  1.7859E+01  6.5458E+00  4.6919E+01  5.5994E+00 -9.1199E+00  0.0000E+00  0.0000E+00  4.9748E+00  0.0000E+00  0.0000E+00
  3.4000E+01  2.5000E-01  0.0000E+00  4.7930E+00  0.0000E+00  0.0000E+00  8.8420E+00  1.7859E+01  6.5458E+00  4.6919E+01  4.5220E+00  5.4642E-01  5.3833E-01  4.7930E+00  4.2539E+00  5.3915E-01  6.5807E-01
  3.4000E+01  5.0000E-01  0.0000E+00  3.7810E+00  0.0000E+00  0.0000E+00  8.8420E+00  1.7859E+01  6.5458E+00  4.6919E+01  3.6659E+00  2.8622E-01  2.8382E-02  3.7810E+00  3.6504E+00  1.3060E-01  1.2291E-01
  3.4000E+01  1.0000E+00  0.0000E+00  2.4190E+00  0.0000E+00  0.0000E+00  8.8420E+00  1.7859E+01  6.5458E+00  4.6919E+01  2.4441E+00 -9.3336E-02 -6.5206E-01  2.4190E+00  2.7219E+00 -3.0288E-01 -5.6989E-01
  3.4000E+01  2.0000E+00  0.0000E+00  1.1470E+00  0.0000E+00  0.0000E+00  8.8420E+00  1.7859E+01  6.5458E+00  4.6919E+01  1.1785E+00 -2.4160E-01 -9.2080E-01  1.1470E+00  1.6108E+00 -4.6377E-01 -8.2608E-01
  3.4000E+01  4.0000E+00  0.0000E+00  5.0500E-01  0.0000E+00  0.0000E+00  8.8420E+00  1.7859E+01  6.5458E+00  4.6919E+01  4.4394E-01  1.1712E+00  6.9021E-01  5.0500E-01  7.7462E-01 -2.6962E-01  3.0165E-01
  3.4000E+01  6.0000E+00  0.0000E+00  2.2400E-01  0.0000E+00  0.0000E+00  8.8420E+00  1.7859E+01  6.5458E+00  4.6919E+01  2.9290E-01 -1.8538E+00 -2.2795E+00  2.2400E-01  5.4205E-01 -3.1805E-01 -1.3616E+00
  3.4000E+01  8.0000E+00  0.0000E+00  2.5800E-01  0.0000E+00  0.0000E+00  8.8420E+00  1.7859E+01  6.5458E+00  4.6919E+01  2.3829E-01  6.1319E-01  1.3860E-01  2.5800E-01  4.5577E-01 -1.9777E-01 -8.1629E-02
  3.4000E+01  1.2000E+01  0.0000E+00  1.9300E-01  0.0000E+00  0.0000E+00  8.8420E+00  1.7859E+01  6.5458E+00  4.6919E+01  1.7461E-01  6.8664E-01  1.0292E-01  1.9300E-01  3.6945E-01 -1.7645E-01 -1.6862E-01
  3.4000E+01  2.4000E+01  0.0000E+00  3.3000E-02  0.0000E+00  0.0000E+00  8.8420E+00  1.7859E+01  6.5458E+00  4.6919E+01  7.1350E-02 -1.8895E+00 -2.4688E+00  3.3000E-02  2.1398E-01 -1.8098E-01 -1.6158E+00
  3.4000E+01  3.6000E+01  0.0000E+00  4.7000E-02  0.0000E+00  0.0000E+00  8.8420E+00  1.7859E+01  6.5458E+00  4.6919E+01  2.9168E-02  9.3853E-01  5.5824E-01  4.7000E-02  1.2420E-01 -7.7200E-02  7.1184E-01
  3.4000E+01  4.8000E+01  0.0000E+00  1.0000E-03  0.0000E+00  0.0000E+00  8.8420E+00  1.7859E+01  6.5458E+00  4.6919E+01  1.1924E-02 -5.8182E-01 -7.9503E-01  1.0000E-03  7.2088E-02 -7.1088E-02 -2.9166E-01
  3.5000E+01  0.0000E+00  1.0000E+02  0.0000E+00  1.0000E+00  1.0000E+00  5.2913E+00  2.0884E+01  1.4795E+01  5.9591E+01  4.7883E+00 -9.1183E+00  0.0000E+00  0.0000E+00  4.9748E+00  0.0000E+00  0.0000E+00
  3.5000E+01  2.5000E-01  0.0000E+00  3.4130E+00  0.0000E+00  0.0000E+00  5.2913E+00  2.0884E+01  1.4795E+01  5.9591E+01  3.7869E+00 -9.0003E-01 -1.0971E+00  3.4130E+00  4.2539E+00 -8.4085E-01 -8.6085E-01
  3.5000E+01  5.0000E-01  0.0000E+00  3.2500E+00  0.0000E+00  0.0000E+00  5.2913E+00  2.0884E+01  1.4795E+01  5.9591E+01  3.0341E+00  6.4815E-01  3.4232E-02  3.2500E+00  3.6504E+00 -4.0040E-01  9.8233E-02
  3.5000E+01  1.0000E+00  0.0000E+00  2.0980E+00  0.0000E+00  0.0000E+00  5.2913E+00  2.0884E+01  1.4795E+01  5.9591E+01  2.0405E+00  2.5630E-01 -7.5745E-01  2.0980E+00  2.7219E+00 -6.2388E-01 -6.3174E-01
  3.5000E+01  2.0000E+00  0.0000E+00  1.0620E+00  0.0000E+00  0.0000E+00  5.2913E+00  2.0884E+01  1.4795E+01  5.9591E+01  1.1471E+00 -6.6930E-01 -1.4000E+00  1.0620E+00  1.6108E+00 -5.4877E-01 -1.1509E+00
  3.5000E+01  4.0000E+00  0.0000E+00  6.2100E-01  0.0000E+00  0.0000E+00  5.2913E+00  2.0884E+01  1.4795E+01  5.9591E+01  7.1674E-01 -1.1855E+00 -9.7006E-01  6.2100E-01  7.7462E-01 -1.5362E-01 -7.3558E-01
  3.5000E+01  6.0000E+00  0.0000E+00  6.6300E-01  0.0000E+00  0.0000E+00  5.2913E+00  2.0884E+01  1.4795E+01  5.9591E+01  6.1187E-01  7.3429E-01  1.1355E+00  6.6300E-01  5.4205E-01  1.2095E-01  1.1277E+00
  3.5000E+01  8.0000E+00  0.0000E+00  5.9800E-01  0.0000E+00  0.0000E+00  5.2913E+00  2.0884E+01  1.4795E+01  5.9591E+01  5.4569E-01  8.3461E-01  1.2003E+00  5.9800E-01  4.5577E-01  1.4223E-01  1.0094E+00
  3.5000E+01  1.2000E+01  0.0000E+00  4.1200E-01  0.0000E+00  0.0000E+00  5.2913E+00  2.0884E+01  1.4795E+01  5.9591E+01  4.3862E-01 -5.1601E-01 -2.8428E-01  4.1200E-01  3.6945E-01  4.2552E-02 -7.0544E-01
  3.5000E+01  2.4000E+01  0.0000E+00  2.5600E-01  0.0000E+00  0.0000E+00  5.2913E+00  2.0884E+01  1.4795E+01  5.9591E+01  2.2825E-01  8.8797E-01  8.3741E-01  2.5600E-01  2.1398E-01  4.2016E-02  7.9594E-01
  3.5000E+01  3.6000E+01  0.0000E+00  1.3000E-01  0.0000E+00  0.0000E+00  5.2913E+00  2.0884E+01  1.4795E+01  5.9591E+01  1.1878E-01  4.9199E-01  3.4346E-01  1.3000E-01  1.2420E-01  5.7996E-03  6.0475E-01
  3.5000E+01  4.8000E+01  0.0000E+00  3.4000E-02  0.0000E+00  0.0000E+00  5.2913E+00  2.0884E+01  1.4795E+01  5.9591E+01  6.1810E-02 -1.3963E+00 -1.5396E+00  3.4000E-02  7.2088E-02 -3.8088E-02 -1.0735E+00
  3.6000E+01  0.0000E+00  1.0000E+02  0.0000E+00  1.0000E+00  1.0000E+00  5.8655E+00  1.8503E+01  1.1846E+01  7.9039E+01  5.4045E+00 -9.1196E+00  0.0000E+00  0.0000E+00  4.9748E+00  0.0000E+00  0.0000E+00
  3.6000E+01  2.5000E-01  0.0000E+00  4.6190E+00  0.0000E+00  0.0000E+00  5.8655E+00  1.8503E+01  1.1846E+01  7.9039E+01  4.2679E+00  7.4990E-01  6.8388E-01  4.6190E+00  4.2539E+00  3.6515E-01  8.4819E-01
  3.6000E+01  5.0000E-01  0.0000E+00  3.2000E+00  0.0000E+00  0.0000E+00  5.8655E+00  1.8503E+01  1.1846E+01  7.9039E+01  3.3951E+00 -5.2368E-01 -8.6942E-01  3.2000E+00  3.6504E+00 -4.5040E-01 -7.3255E-01
  3.6000E+01  1.0000E+00  0.0000E+00  2.1350E+00  0.0000E+00  0.0000E+00  5.8655E+00  1.8503E+01  1.1846E+01  7.9039E+01  2.2090E+00 -3.0460E-01 -9.2910E-01  2.1350E+00  2.7219E+00 -5.8688E-01 -9.3917E-01
  3.6000E+01  2.0000E+00  0.0000E+00  1.0450E+00  0.0000E+00  0.0000E+00  5.8655E+00  1.8503E+01  1.1846E+01  7.9039E+01  1.0896E+00 -3.6882E-01 -9.9491E-01  1.0450E+00  1.6108E+00 -5.6577E-01 -1.0439E+00
  3.6000E+01  4.0000E+00  0.0000E+00  5.7600E-01  0.0000E+00  0.0000E+00  5.8655E+00  1.8503E+01  1.1846E+01  7.9039E+01  5.3614E-01  6.4632E-01  2.3749E-01  5.7600E-01  7.7462E-01 -1.9862E-01  2.4040E-01
  3.6000E+01  6.0000E+00  0.0000E+00  4.0900E-01  0.0000E+00  0.0000E+00  5.8655E+00  1.8503E+01  1.1846E+01  7.9039E+01  4.3529E-01 -5.1296E-01 -8.0020E-01  4.0900E-01  5.4205E-01 -1.3305E-01 -4.8113E-01
  3.6000E+01  8.0000E+00  0.0000E+00  4.0300E-01  0.0000E+00  0.0000E+00  5.8655E+00  1.8503E+01  1.1846E+01  7.9039E+01  3.9148E-01  2.4608E-01  4.7575E-02  4.0300E-01  4.5577E-01 -5.2774E-02  2.7442E-02
  3.6000E+01  1.2000E+01  0.0000E+00  3.1700E-01  0.0000E+00  0.0000E+00  5.8655E+00  1.8503E+01  1.1846E+01  7.9039E+01  3.2654E-01 -2.3629E-01 -2.9306E-01  3.1700E-01  3.6945E-01 -5.2448E-02 -3.7551E-01
  3.6000E+01  2.4000E+01  0.0000E+00  1.9400E-01  0.0000E+00  0.0000E+00  5.8655E+00  1.8503E+01  1.1846E+01  7.9039E+01  1.9092E-01  1.0961E-01  3.0411E-01  1.9400E-01  2.1398E-01 -1.9984E-02  2.3855E-01
  3.6000E+01  3.6000E+01  0.0000E+00  1.2200E-01  0.0000E+00  0.0000E+00  5.8655E+00  1.8503E+01  1.1846E+01  7.9039E+01  1.1163E-01  4.6345E-01  7.2869E-01  1.2200E-01  1.2420E-01 -2.2004E-03  7.1930E-01
  3.6000E+01  4.8000E+01  0.0000E+00  6.7000E-02  0.0000E+00  0.0000E+00  5.8655E+00  1.8503E+01  1.1846E+01  7.9039E+01  6.5271E-02  8.6236E-02  3.3337E-01  6.7000E-02  7.2088E-02 -5.0885E-03  3.8231E-01
  3.7000E+01  0.0000E+00  1.0000E+02  0.0000E+00  1.0000E+00  1.0000E+00  7.2059E+00  1.3140E+01  6.4947E+00  7.6714E+01  7.6103E+00 -9.1218E+00  0.0000E+00  0.0000E+00  4.9748E+00  0.0000E+00  0.0000E+00
  3.7000E+01  2.5000E-01  0.0000E+00  6.7790E+00  0.0000E+00  0.0000E+00  7.2059E+00  1.3140E+01  6.4947E+00  7.6714E+01  5.8724E+00  1.4081E+00  2.2744E+00  6.7790E+00  4.2539E+00  2.5251E+00  3.0258E+00
  3.7000E+01  5.0000E-01  0.0000E+00  4.1500E+00  0.0000E+00  0.0000E+00  7.2059E+00  1.3140E+01  6.4947E+00  7.6714E+01  4.5464E+00 -7.9499E-01 -4.8159E-01  4.1500E+00  3.6504E+00  4.9960E-01 -5.4309E-01
  3.7000E+01  1.0000E+00  0.0000E+00  2.8750E+00  0.0000E+00  0.0000E+00  7.2059E+00  1.3140E+01  6.4947E+00  7.6714E+01  2.7624E+00  3.7131E-01 -5.3647E-04  2.8750E+00  2.7219E+00  1.5312E-01 -8.2631E-02
  3.7000E+01  2.0000E+00  0.0000E+00  1.0610E+00  0.0000E+00  0.0000E+00  7.2059E+00  1.3140E+01  6.4947E+00  7.6714E+01  1.1155E+00 -4.4059E-01 -1.2223E+00  1.0610E+00  1.6108E+00 -5.4977E-01 -1.1686E+00
  3.7000E+01  4.0000E+00  0.0000E+00  3.8600E-01  0.0000E+00  0.0000E+00  7.2059E+00  1.3140E+01  6.4947E+00  7.6714E+01  3.5304E-01  7.6666E-01  6.8469E-02  3.8600E-01  7.7462E-01 -3.8862E-01  1.0762E-01
  3.7000E+01  6.0000E+00  0.0000E+00  1.8500E-01  0.0000E+00  0.0000E+00  7.2059E+00  1.3140E+01  6.4947E+00  7.6714E+01  2.4740E-01 -1.8934E+00 -2.4309E+00  1.8500E-01  5.4205E-01 -3.5705E-01 -1.3092E+00
  3.7000E+01  8.0000E+00  0.0000E+00  2.0400E-01  0.0000E+00  0.0000E+00  7.2059E+00  1.3140E+01  6.4947E+00  7.6714E+01  2.1833E-01 -4.7163E-01 -9.1821E-01  2.0400E-01  4.5577E-01 -2.5177E-01 -9.1430E-01
  3.7000E+01  1.2000E+01  0.0000E+00  2.1100E-01  0.0000E+00  0.0000E+00  7.2059E+00  1.3140E+01  6.4947E+00  7.6714E+01  1.8294E-01  1.0228E+00  6.9684E-01  2.1100E-01  3.6945E-01 -1.5845E-01 -1.3208E-01
  3.7000E+01  2.4000E+01  0.0000E+00  1.3400E-01  0.0000E+00  0.0000E+00  7.2059E+00  1.3140E+01  6.4947E+00  7.6714E+01  1.0944E-01  1.1045E+00  9.9203E-01  1.3400E-01  2.1398E-01 -7.9984E-02  6.7968E-01
  3.7000E+01  3.6000E+01  0.0000E+00  7.2000E-02  0.0000E+00  0.0000E+00  7.2059E+00  1.3140E+01  6.4947E+00  7.6714E+01  6.5472E-02  3.2546E-01  3.0465E-01  7.2000E-02  1.2420E-01 -5.2200E-02  5.8408E-01
  3.7000E+01  4.8000E+01  0.0000E+00  1.1000E-02  0.0000E+00  0.0000E+00  7.2059E+00  1.3140E+01  6.4947E+00  7.6714E+01  3.9170E-02 -1.4660E+00 -1.4517E+00  1.1000E-02  7.2088E-02 -6.1088E-02 -9.1924E-01
  3.8000E+01  0.0000E+00  1.0000E+02  0.0000E+00  1.0000E+00  1.0000E+00  1.1026E+01  2.2246E+01  9.7719E+00  5.3045E+01  4.4953E+00 -9.1176E+00  0.0000E+00  0.0000E+00  4.9748E+00  0.0000E+00  0.0000E+00
  3.8000E+01  2.5000E-01  0.0000E+00  4.0250E+00  0.0000E+00  0.0000E+00  1.1026E+01  2.2246E+01  9.7719E+00  5.3045E+01  3.5679E+00  1.1675E+00  4.5753E-01  4.0250E+00  4.2539E+00 -2.2885E-01  5.5817E-01
  3.8000E+01  5.0000E-01  0.0000E+00  2.6390E+00  0.0000E+00  0.0000E+00  1.1026E+01  2.2246E+01  9.7719E+00  5.3045E+01  2.8491E+00 -6.7176E-01 -1.4487E+00  2.6390E+00  3.6504E+00 -1.0114E+00 -1.1188E+00
  3.8000E+01  1.0000E+00  0.0000E+00  1.4050E+00  0.0000E+00  0.0000E+00  1.1026E+01  2.2246E+01  9.7719E+00  5.3045E+01  1.8588E+00 -2.2180E+00 -2.9125E+00  1.4050E+00  2.7219E+00 -1.3169E+00 -2.3078E+00
  3.8000E+01  2.0000E+00  0.0000E+00  9.3600E-01  0.0000E+00  0.0000E+00  1.1026E+01  2.2246E+01  9.7719E+00  5.3045E+01  8.9642E-01  3.9576E-01  2.7165E-02  9.3600E-01  1.6108E+00 -6.7477E-01 -5.4957E-01
  3.8000E+01  4.0000E+00  0.0000E+00  4.3800E-01  0.0000E+00  0.0000E+00  1.1026E+01  2.2246E+01  9.7719E+00  5.3045E+01  3.8560E-01  1.1335E+00  6.7979E-01  4.3800E-01  7.7462E-01 -3.3662E-01  2.4767E-01
  3.8000E+01  6.0000E+00  0.0000E+00  2.6700E-01  0.0000E+00  0.0000E+00  1.1026E+01  2.2246E+01  9.7719E+00  5.3045E+01  2.7648E-01 -2.6626E-01 -8.6212E-01  2.6700E-01  5.4205E-01 -2.7505E-01 -4.6706E-01
  3.8000E+01  8.0000E+00  0.0000E+00  2.1100E-01  0.0000E+00  0.0000E+00  1.1026E+01  2.2246E+01  9.7719E+00  5.3045E+01  2.2567E-01 -4.7270E-01 -1.0789E+00  2.1100E-01  4.5577E-01 -2.4477E-01 -7.6847E-01
  3.8000E+01  1.2000E+01  0.0000E+00  1.5200E-01  0.0000E+00  0.0000E+00  1.1026E+01  2.2246E+01  9.7719E+00  5.3045E+01  1.5760E-01 -2.1961E-01 -7.5139E-01  1.5200E-01  3.6945E-01 -2.1745E-01 -8.4714E-01
  3.8000E+01  2.4000E+01  0.0000E+00  4.8000E-02  0.0000E+00  0.0000E+00  1.1026E+01  2.2246E+01  9.7719E+00  5.3045E+01  5.4417E-02 -3.2644E-01 -5.9683E-01  4.8000E-02  2.1398E-01 -1.6598E-01 -8.2318E-01
  3.8000E+01  3.6000E+01  0.0000E+00  2.5000E-02  0.0000E+00  0.0000E+00  1.1026E+01  2.2246E+01  9.7719E+00  5.3045E+01  1.8792E-02  3.2949E-01  2.1024E-01  2.5000E-02  1.2420E-01 -9.9200E-02  9.0044E-02
  3.8000E+01  4.8000E+01  0.0000E+00  1.9000E-02  0.0000E+00  0.0000E+00  1.1026E+01  2.2246E+01  9.7719E+00  5.3045E+01  6.4893E-03  6.6749E-01  6.1757E-01  1.9000E-02  7.2088E-02 -5.3088E-02  8.2029E-01
  3.9000E+01  0.0000E+00  1.0000E+02  0.0000E+00  1.0000E+00  1.0000E+00  6.8714E+00  2.2257E+01  1.1115E+01  5.7465E+01  4.4930E+00 -9.1175E+00  0.0000E+00  0.0000E+00  4.9748E+00  0.0000E+00  0.0000E+00
  3.9000E+01  2.5000E-01  0.0000E+00  3.5510E+00  0.0000E+00  0.0000E+00  6.8714E+00  2.2257E+01  1.1115E+01  5.7465E+01  3.6827E+00 -3.2605E-01 -7.7099E-01  3.5510E+00  4.2539E+00 -7.0285E-01 -6.0834E-01
  3.9000E+01  5.0000E-01  0.0000E+00  3.2600E+00  0.0000E+00  0.0000E+00  6.8714E+00  2.2257E+01  1.1115E+01  5.7465E+01  3.0398E+00  6.5985E-01  1.0201E-01  3.2600E+00  3.6504E+00 -3.9040E-01  7.2440E-02
  3.9000E+01  1.0000E+00  0.0000E+00  2.0240E+00  0.0000E+00  0.0000E+00  6.8714E+00  2.2257E+01  1.1115E+01  5.7465E+01  2.1235E+00 -4.2598E-01 -1.0614E+00  2.0240E+00  2.7219E+00 -6.9788E-01 -9.4938E-01
  3.9000E+01  2.0000E+00  0.0000E+00  1.0560E+00  0.0000E+00  0.0000E+00  6.8714E+00  2.2257E+01  1.1115E+01  5.7465E+01  1.1734E+00 -9.0345E-01 -1.3625E+00  1.0560E+00  1.6108E+00 -5.5477E-01 -1.2153E+00
  3.9000E+01  4.0000E+00  0.0000E+00  6.9400E-01  0.0000E+00  0.0000E+00  6.8714E+00  2.2257E+01  1.1115E+01  5.7465E+01  6.0677E-01  1.2626E+00  1.1885E+00  6.9400E-01  7.7462E-01 -8.0616E-02  8.6396E-01
  3.9000E+01  6.0000E+00  0.0000E+00  4.4600E-01  0.0000E+00  0.0000E+00  6.8714E+00  2.2257E+01  1.1115E+01  5.7465E+01  4.6889E-01 -4.1843E-01 -4.1627E-01  4.4600E-01  5.4205E-01 -9.6046E-02 -2.7892E-01
  3.9000E+01  8.0000E+00  0.0000E+00  3.6300E-01  0.0000E+00  0.0000E+00  6.8714E+00  2.2257E+01  1.1115E+01  5.7465E+01  4.0281E-01 -8.3017E-01 -8.5150E-01  3.6300E-01  4.5577E-01 -9.2774E-02 -6.9877E-01
  3.9000E+01  1.2000E+01  0.0000E+00  3.0800E-01  0.0000E+00  0.0000E+00  6.8714E+00  2.2257E+01  1.1115E+01  5.7465E+01  3.1066E-01 -6.8404E-02 -1.6340E-01  3.0800E-01  3.6945E-01 -6.1448E-02 -2.0408E-01
  3.9000E+01  2.4000E+01  0.0000E+00  1.8600E-01  0.0000E+00  0.0000E+00  6.8714E+00  2.2257E+01  1.1115E+01  5.7465E+01  1.4467E-01  1.6841E+00  1.5029E+00  1.8600E-01  2.1398E-01 -2.7984E-02  1.1202E+00
  3.9000E+01  3.6000E+01  0.0000E+00  5.5000E-02  0.0000E+00  0.0000E+00  6.8714E+00  2.2257E+01  1.1115E+01  5.7465E+01  6.7385E-02 -6.1515E-01 -7.6608E-01  5.5000E-02  1.2420E-01 -6.9200E-02 -4.9225E-01
  3.9000E+01  4.8000E+01  0.0000E+00  1.0000E-03  0.0000E+00  0.0000E+00  6.8714E+00  2.2257E+01  1.1115E+01  5.7465E+01  3.1386E-02 -1.5957E+00 -1.6962E+00  1.0000E-03  7.2088E-02 -7.1088E-02 -1.2478E+00
  4.0000E+01  0.0000E+00  1.0000E+02  0.0000E+00  1.0000E+00  1.0000E+00  4.0214E+00  1.5062E+01  6.1276E+00  3.1592E+01  6.6391E+00 -9.1211E+00  0.0000E+00  0.0000E+00  4.9748E+00  0.0000E+00  0.0000E+00
  4.0000E+01  2.5000E-01  0.0000E+00  5.8250E+00  0.0000E+00  0.0000E+00  4.0214E+00  1.5062E+01  6.1276E+00  3.1592E+01  5.6243E+00  3.2550E-01  1.1101E+00  5.8250E+00  4.2539E+00  1.5711E+00  1.3163E+00
  4.0000E+01  5.0000E-01  0.0000E+00  4.5580E+00  0.0000E+00  0.0000E+00  4.0214E+00  1.5062E+01  6.1276E+00  3.1592E+01  4.7910E+00 -4.4344E-01  1.7270E-01  4.5580E+00  3.6504E+00  9.0760E-01  1.1273E-01
  4.0000E+01  1.0000E+00  0.0000E+00  4.2210E+00  0.0000E+00  0.0000E+00  4.0214E+00  1.5062E+01  6.1276E+00  3.1592E+01  3.5432E+00  1.7435E+00  2.1140E+00  4.2210E+00  2.7219E+00  1.4991E+00  2.5930E+00
  4.0000E+01  2.0000E+00  0.0000E+00  2.0700E+00  0.0000E+00  0.0000E+00  4.0214E+00  1.5062E+01  6.1276E+00  3.1592E+01  2.1211E+00 -2.1909E-01  2.9258E-03  2.0700E+00  1.6108E+00  4.5923E-01 -1.8009E-01
  4.0000E+01  4.0000E+00  0.0000E+00  1.1340E+00  0.0000E+00  0.0000E+00  4.0214E+00  1.5062E+01  6.1276E+00  3.1592E+01  1.1194E+00  1.1742E-01  5.9952E-01  1.1340E+00  7.7462E-01  3.5938E-01  6.5266E-01
  4.0000E+01  6.0000E+00  0.0000E+00  8.8300E-01  0.0000E+00  0.0000E+00  4.0214E+00  1.5062E+01  6.1276E+00  3.1592E+01  8.3457E-01  5.1865E-01  1.0331E+00  8.8300E-01  5.4205E-01  3.4095E-01  1.5093E+00
  4.0000E+01  8.0000E+00  0.0000E+00  7.3600E-01  0.0000E+00  0.0000E+00  4.0214E+00  1.5062E+01  6.1276E+00  3.1592E+01  7.0365E-01  4.0766E-01  7.3025E-01  7.3600E-01  4.5577E-01  2.8023E-01  1.2160E+00
  4.0000E+01  1.2000E+01  0.0000E+00  5.5900E-01  0.0000E+00  0.0000E+00  4.0214E+00  1.5062E+01  6.1276E+00  3.1592E+01  5.3722E-01  3.5249E-01  2.0248E-01  5.5900E-01  3.6945E-01  1.8955E-01  5.1073E-01
  4.0000E+01  2.4000E+01  0.0000E+00  2.3800E-01  0.0000E+00  0.0000E+00  4.0214E+00  1.5062E+01  6.1276E+00  3.1592E+01  2.4769E-01 -2.9372E-01 -1.1202E+00  2.3800E-01  2.1398E-01  2.4016E-02 -1.3683E+00
  4.0000E+01  3.6000E+01  0.0000E+00  8.9000E-02  0.0000E+00  0.0000E+00  4.0214E+00  1.5062E+01  6.1276E+00  3.1592E+01  1.1427E-01 -1.1217E+00 -1.8809E+00  8.9000E-02  1.2420E-01 -3.5200E-02 -2.1766E+00
  4.0000E+01  4.8000E+01  0.0000E+00  7.2000E-02  0.0000E+00  0.0000E+00  4.0214E+00  1.5062E+01  6.1276E+00  3.1592E+01  5.2721E-02  9.8361E-01  4.6791E-01  7.2000E-02  7.2088E-02 -8.8460E-05  2.0218E-01
