TABLE NO.  3
 ID          DOSE
  1.2100E+02  1.6000E+02
  1.2100E+02  1.6000E+02
  1.2100E+02  1.6000E+02
  1.2100E+02  1.6000E+02
  1.2100E+02  1.6000E+02
  1.2100E+02  1.6000E+02
  1.2100E+02  1.6000E+02
  1.2100E+02  1.6000E+02
  1.2100E+02  1.6000E+02
  1.2100E+02  1.6000E+02
  1.2100E+02  1.6000E+02
  1.2100E+02  1.6000E+02
  1.2100E+02  1.6000E+02
  1.2200E+02  1.6000E+02
  1.2200E+02  1.6000E+02
  1.2200E+02  1.6000E+02
  1.2200E+02  1.6000E+02
  1.2200E+02  1.6000E+02
  1.2200E+02  1.6000E+02
  1.2200E+02  1.6000E+02
  1.2200E+02  1.6000E+02
  1.2200E+02  1.6000E+02
  1.2200E+02  1.6000E+02
  1.2200E+02  1.6000E+02
  1.2200E+02  1.6000E+02
  1.2200E+02  1.6000E+02
  1.2300E+02  1.6000E+02
  1.2300E+02  1.6000E+02
  1.2300E+02  1.6000E+02
  1.2300E+02  1.6000E+02
  1.2300E+02  1.6000E+02
  1.2300E+02  1.6000E+02
  1.2300E+02  1.6000E+02
  1.2300E+02  1.6000E+02
  1.2300E+02  1.6000E+02
  1.2300E+02  1.6000E+02
  1.2300E+02  1.6000E+02
  1.2300E+02  1.6000E+02
  1.2300E+02  1.6000E+02
  1.2400E+02  1.6000E+02
  1.2400E+02  1.6000E+02
  1.2400E+02  1.6000E+02
  1.2400E+02  1.6000E+02
  1.2400E+02  1.6000E+02
  1.2400E+02  1.6000E+02
  1.2400E+02  1.6000E+02
  1.2400E+02  1.6000E+02
  1.2400E+02  1.6000E+02
  1.2400E+02  1.6000E+02
  1.2400E+02  1.6000E+02
  1.2400E+02  1.6000E+02
  1.2400E+02  1.6000E+02
  1.2500E+02  1.6000E+02
  1.2500E+02  1.6000E+02
  1.2500E+02  1.6000E+02
  1.2500E+02  1.6000E+02
  1.2500E+02  1.6000E+02
  1.2500E+02  1.6000E+02
  1.2500E+02  1.6000E+02
  1.2500E+02  1.6000E+02
  1.2500E+02  1.6000E+02
  1.2500E+02  1.6000E+02
  1.2500E+02  1.6000E+02
  1.2500E+02  1.6000E+02
  1.2500E+02  1.6000E+02
  1.2600E+02  1.6000E+02
  1.2600E+02  1.6000E+02
  1.2600E+02  1.6000E+02
  1.2600E+02  1.6000E+02
  1.2600E+02  1.6000E+02
  1.2600E+02  1.6000E+02
  1.2600E+02  1.6000E+02
  1.2600E+02  1.6000E+02
  1.2600E+02  1.6000E+02
  1.2600E+02  1.6000E+02
  1.2600E+02  1.6000E+02
  1.2600E+02  1.6000E+02
  1.2600E+02  1.6000E+02
  1.2700E+02  1.6000E+02
  1.2700E+02  1.6000E+02
  1.2700E+02  1.6000E+02
  1.2700E+02  1.6000E+02
  1.2700E+02  1.6000E+02
  1.2700E+02  1.6000E+02
  1.2700E+02  1.6000E+02
  1.2700E+02  1.6000E+02
  1.2700E+02  1.6000E+02
  1.2700E+02  1.6000E+02
  1.2700E+02  1.6000E+02
  1.2700E+02  1.6000E+02
  1.2700E+02  1.6000E+02
  1.2800E+02  1.6000E+02
  1.2800E+02  1.6000E+02
  1.2800E+02  1.6000E+02
  1.2800E+02  1.6000E+02
  1.2800E+02  1.6000E+02
  1.2800E+02  1.6000E+02
  1.2800E+02  1.6000E+02
  1.2800E+02  1.6000E+02
  1.2800E+02  1.6000E+02
  1.2800E+02  1.6000E+02
  1.2800E+02  1.6000E+02
  1.2800E+02  1.6000E+02
  1.2800E+02  1.6000E+02
  1.2900E+02  1.6000E+02
  1.2900E+02  1.6000E+02
  1.2900E+02  1.6000E+02
  1.2900E+02  1.6000E+02
  1.2900E+02  1.6000E+02
  1.2900E+02  1.6000E+02
  1.2900E+02  1.6000E+02
  1.2900E+02  1.6000E+02
  1.2900E+02  1.6000E+02
  1.2900E+02  1.6000E+02
  1.2900E+02  1.6000E+02
  1.2900E+02  1.6000E+02
  1.2900E+02  1.6000E+02
  1.3000E+02  1.6000E+02
  1.3000E+02  1.6000E+02
  1.3000E+02  1.6000E+02
  1.3000E+02  1.6000E+02
  1.3000E+02  1.6000E+02
  1.3000E+02  1.6000E+02
  1.3000E+02  1.6000E+02
  1.3000E+02  1.6000E+02
  1.3000E+02  1.6000E+02
  1.3000E+02  1.6000E+02
  1.3000E+02  1.6000E+02
  1.3000E+02  1.6000E+02
  1.3000E+02  1.6000E+02
  1.3100E+02  1.6000E+02
  1.3100E+02  1.6000E+02
  1.3100E+02  1.6000E+02
  1.3100E+02  1.6000E+02
  1.3100E+02  1.6000E+02
  1.3100E+02  1.6000E+02
  1.3100E+02  1.6000E+02
  1.3100E+02  1.6000E+02
  1.3100E+02  1.6000E+02
  1.3100E+02  1.6000E+02
  1.3100E+02  1.6000E+02
  1.3100E+02  1.6000E+02
  1.3100E+02  1.6000E+02
  1.3200E+02  1.6000E+02
  1.3200E+02  1.6000E+02
  1.3200E+02  1.6000E+02
  1.3200E+02  1.6000E+02
  1.3200E+02  1.6000E+02
  1.3200E+02  1.6000E+02
  1.3200E+02  1.6000E+02
  1.3200E+02  1.6000E+02
  1.3200E+02  1.6000E+02
  1.3200E+02  1.6000E+02
  1.3200E+02  1.6000E+02
  1.3200E+02  1.6000E+02
  1.3200E+02  1.6000E+02
  1.3300E+02  1.6000E+02
  1.3300E+02  1.6000E+02
  1.3300E+02  1.6000E+02
  1.3300E+02  1.6000E+02
  1.3300E+02  1.6000E+02
  1.3300E+02  1.6000E+02
  1.3300E+02  1.6000E+02
  1.3300E+02  1.6000E+02
  1.3300E+02  1.6000E+02
  1.3300E+02  1.6000E+02
  1.3300E+02  1.6000E+02
  1.3300E+02  1.6000E+02
  1.3300E+02  1.6000E+02
  1.3400E+02  1.6000E+02
  1.3400E+02  1.6000E+02
  1.3400E+02  1.6000E+02
  1.3400E+02  1.6000E+02
  1.3400E+02  1.6000E+02
  1.3400E+02  1.6000E+02
  1.3400E+02  1.6000E+02
  1.3400E+02  1.6000E+02
  1.3400E+02  1.6000E+02
  1.3400E+02  1.6000E+02
  1.3400E+02  1.6000E+02
  1.3400E+02  1.6000E+02
  1.3400E+02  1.6000E+02
  1.3500E+02  1.6000E+02
  1.3500E+02  1.6000E+02
  1.3500E+02  1.6000E+02
  1.3500E+02  1.6000E+02
  1.3500E+02  1.6000E+02
  1.3500E+02  1.6000E+02
  1.3500E+02  1.6000E+02
  1.3500E+02  1.6000E+02
  1.3500E+02  1.6000E+02
  1.3500E+02  1.6000E+02
  1.3500E+02  1.6000E+02
  1.3500E+02  1.6000E+02
  1.3500E+02  1.6000E+02
  1.3600E+02  1.6000E+02
  1.3600E+02  1.6000E+02
  1.3600E+02  1.6000E+02
  1.3600E+02  1.6000E+02
  1.3600E+02  1.6000E+02
  1.3600E+02  1.6000E+02
  1.3600E+02  1.6000E+02
  1.3600E+02  1.6000E+02
  1.3600E+02  1.6000E+02
  1.3600E+02  1.6000E+02
  1.3600E+02  1.6000E+02
  1.3600E+02  1.6000E+02
  1.3600E+02  1.6000E+02
  1.3700E+02  1.6000E+02
  1.3700E+02  1.6000E+02
  1.3700E+02  1.6000E+02
  1.3700E+02  1.6000E+02
  1.3700E+02  1.6000E+02
  1.3700E+02  1.6000E+02
  1.3700E+02  1.6000E+02
  1.3700E+02  1.6000E+02
  1.3700E+02  1.6000E+02
  1.3700E+02  1.6000E+02
  1.3700E+02  1.6000E+02
  1.3700E+02  1.6000E+02
  1.3700E+02  1.6000E+02
  1.3800E+02  1.6000E+02
  1.3800E+02  1.6000E+02
  1.3800E+02  1.6000E+02
  1.3800E+02  1.6000E+02
  1.3800E+02  1.6000E+02
  1.3800E+02  1.6000E+02
  1.3800E+02  1.6000E+02
  1.3800E+02  1.6000E+02
  1.3800E+02  1.6000E+02
  1.3800E+02  1.6000E+02
  1.3800E+02  1.6000E+02
  1.3800E+02  1.6000E+02
  1.3800E+02  1.6000E+02
  1.3900E+02  1.6000E+02
  1.3900E+02  1.6000E+02
  1.3900E+02  1.6000E+02
  1.3900E+02  1.6000E+02
  1.3900E+02  1.6000E+02
  1.3900E+02  1.6000E+02
  1.3900E+02  1.6000E+02
  1.3900E+02  1.6000E+02
  1.3900E+02  1.6000E+02
  1.3900E+02  1.6000E+02
  1.3900E+02  1.6000E+02
  1.3900E+02  1.6000E+02
  1.3900E+02  1.6000E+02
  1.4000E+02  1.6000E+02
  1.4000E+02  1.6000E+02
  1.4000E+02  1.6000E+02
  1.4000E+02  1.6000E+02
  1.4000E+02  1.6000E+02
  1.4000E+02  1.6000E+02
  1.4000E+02  1.6000E+02
  1.4000E+02  1.6000E+02
  1.4000E+02  1.6000E+02
  1.4000E+02  1.6000E+02
  1.4000E+02  1.6000E+02
  1.4000E+02  1.6000E+02
  1.4000E+02  1.6000E+02
  1.4100E+02  1.6000E+02
  1.4100E+02  1.6000E+02
  1.4100E+02  1.6000E+02
  1.4100E+02  1.6000E+02
  1.4100E+02  1.6000E+02
  1.4100E+02  1.6000E+02
  1.4100E+02  1.6000E+02
  1.4100E+02  1.6000E+02
  1.4100E+02  1.6000E+02
  1.4100E+02  1.6000E+02
  1.4100E+02  1.6000E+02
  1.4100E+02  1.6000E+02
  1.4100E+02  1.6000E+02
  1.4200E+02  1.6000E+02
  1.4200E+02  1.6000E+02
  1.4200E+02  1.6000E+02
  1.4200E+02  1.6000E+02
  1.4200E+02  1.6000E+02
  1.4200E+02  1.6000E+02
  1.4200E+02  1.6000E+02
  1.4200E+02  1.6000E+02
  1.4200E+02  1.6000E+02
  1.4200E+02  1.6000E+02
  1.4200E+02  1.6000E+02
  1.4200E+02  1.6000E+02
  1.4200E+02  1.6000E+02
  1.4300E+02  1.6000E+02
  1.4300E+02  1.6000E+02
  1.4300E+02  1.6000E+02
  1.4300E+02  1.6000E+02
  1.4300E+02  1.6000E+02
  1.4300E+02  1.6000E+02
  1.4300E+02  1.6000E+02
  1.4300E+02  1.6000E+02
  1.4300E+02  1.6000E+02
  1.4300E+02  1.6000E+02
  1.4300E+02  1.6000E+02
  1.4300E+02  1.6000E+02
  1.4300E+02  1.6000E+02
  1.4400E+02  1.6000E+02
  1.4400E+02  1.6000E+02
  1.4400E+02  1.6000E+02
  1.4400E+02  1.6000E+02
  1.4400E+02  1.6000E+02
  1.4400E+02  1.6000E+02
  1.4400E+02  1.6000E+02
  1.4400E+02  1.6000E+02
  1.4400E+02  1.6000E+02
  1.4400E+02  1.6000E+02
  1.4400E+02  1.6000E+02
  1.4400E+02  1.6000E+02
  1.4400E+02  1.6000E+02
  1.4500E+02  1.6000E+02
  1.4500E+02  1.6000E+02
  1.4500E+02  1.6000E+02
  1.4500E+02  1.6000E+02
  1.4500E+02  1.6000E+02
  1.4500E+02  1.6000E+02
  1.4500E+02  1.6000E+02
  1.4500E+02  1.6000E+02
  1.4500E+02  1.6000E+02
  1.4500E+02  1.6000E+02
  1.4500E+02  1.6000E+02
  1.4500E+02  1.6000E+02
  1.4500E+02  1.6000E+02
  1.4600E+02  1.6000E+02
  1.4600E+02  1.6000E+02
  1.4600E+02  1.6000E+02
  1.4600E+02  1.6000E+02
  1.4600E+02  1.6000E+02
  1.4600E+02  1.6000E+02
  1.4600E+02  1.6000E+02
  1.4600E+02  1.6000E+02
  1.4600E+02  1.6000E+02
  1.4600E+02  1.6000E+02
  1.4600E+02  1.6000E+02
  1.4600E+02  1.6000E+02
  1.4600E+02  1.6000E+02
  1.4700E+02  1.6000E+02
  1.4700E+02  1.6000E+02
  1.4700E+02  1.6000E+02
  1.4700E+02  1.6000E+02
  1.4700E+02  1.6000E+02
  1.4700E+02  1.6000E+02
  1.4700E+02  1.6000E+02
  1.4700E+02  1.6000E+02
  1.4700E+02  1.6000E+02
  1.4700E+02  1.6000E+02
  1.4700E+02  1.6000E+02
  1.4700E+02  1.6000E+02
  1.4700E+02  1.6000E+02
  1.4800E+02  1.6000E+02
  1.4800E+02  1.6000E+02
  1.4800E+02  1.6000E+02
  1.4800E+02  1.6000E+02
  1.4800E+02  1.6000E+02
  1.4800E+02  1.6000E+02
  1.4800E+02  1.6000E+02
  1.4800E+02  1.6000E+02
  1.4800E+02  1.6000E+02
  1.4800E+02  1.6000E+02
  1.4800E+02  1.6000E+02
  1.4800E+02  1.6000E+02
  1.4800E+02  1.6000E+02
  1.4900E+02  1.6000E+02
  1.4900E+02  1.6000E+02
  1.4900E+02  1.6000E+02
  1.4900E+02  1.6000E+02
  1.4900E+02  1.6000E+02
  1.4900E+02  1.6000E+02
  1.4900E+02  1.6000E+02
  1.4900E+02  1.6000E+02
  1.4900E+02  1.6000E+02
  1.4900E+02  1.6000E+02
  1.4900E+02  1.6000E+02
  1.4900E+02  1.6000E+02
  1.4900E+02  1.6000E+02
  1.5000E+02  1.6000E+02
  1.5000E+02  1.6000E+02
  1.5000E+02  1.6000E+02
  1.5000E+02  1.6000E+02
  1.5000E+02  1.6000E+02
  1.5000E+02  1.6000E+02
  1.5000E+02  1.6000E+02
  1.5000E+02  1.6000E+02
  1.5000E+02  1.6000E+02
  1.5000E+02  1.6000E+02
  1.5000E+02  1.6000E+02
  1.5000E+02  1.6000E+02
  1.5000E+02  1.6000E+02
  1.5100E+02  1.6000E+02
  1.5100E+02  1.6000E+02
  1.5100E+02  1.6000E+02
  1.5100E+02  1.6000E+02
  1.5100E+02  1.6000E+02
  1.5100E+02  1.6000E+02
  1.5100E+02  1.6000E+02
  1.5100E+02  1.6000E+02
  1.5100E+02  1.6000E+02
  1.5100E+02  1.6000E+02
  1.5100E+02  1.6000E+02
  1.5100E+02  1.6000E+02
  1.5100E+02  1.6000E+02
  1.5200E+02  1.6000E+02
  1.5200E+02  1.6000E+02
  1.5200E+02  1.6000E+02
  1.5200E+02  1.6000E+02
  1.5200E+02  1.6000E+02
  1.5200E+02  1.6000E+02
  1.5200E+02  1.6000E+02
  1.5200E+02  1.6000E+02
  1.5200E+02  1.6000E+02
  1.5200E+02  1.6000E+02
  1.5200E+02  1.6000E+02
  1.5200E+02  1.6000E+02
  1.5200E+02  1.6000E+02
  1.5300E+02  1.6000E+02
  1.5300E+02  1.6000E+02
  1.5300E+02  1.6000E+02
  1.5300E+02  1.6000E+02
  1.5300E+02  1.6000E+02
  1.5300E+02  1.6000E+02
  1.5300E+02  1.6000E+02
  1.5300E+02  1.6000E+02
  1.5300E+02  1.6000E+02
  1.5300E+02  1.6000E+02
  1.5300E+02  1.6000E+02
  1.5300E+02  1.6000E+02
  1.5300E+02  1.6000E+02
  1.5400E+02  1.6000E+02
  1.5400E+02  1.6000E+02
  1.5400E+02  1.6000E+02
  1.5400E+02  1.6000E+02
  1.5400E+02  1.6000E+02
  1.5400E+02  1.6000E+02
  1.5400E+02  1.6000E+02
  1.5400E+02  1.6000E+02
  1.5400E+02  1.6000E+02
  1.5400E+02  1.6000E+02
  1.5400E+02  1.6000E+02
  1.5400E+02  1.6000E+02
  1.5400E+02  1.6000E+02
  1.5500E+02  1.6000E+02
  1.5500E+02  1.6000E+02
  1.5500E+02  1.6000E+02
  1.5500E+02  1.6000E+02
  1.5500E+02  1.6000E+02
  1.5500E+02  1.6000E+02
  1.5500E+02  1.6000E+02
  1.5500E+02  1.6000E+02
  1.5500E+02  1.6000E+02
  1.5500E+02  1.6000E+02
  1.5500E+02  1.6000E+02
  1.5500E+02  1.6000E+02
  1.5500E+02  1.6000E+02
  1.5600E+02  1.6000E+02
  1.5600E+02  1.6000E+02
  1.5600E+02  1.6000E+02
  1.5600E+02  1.6000E+02
  1.5600E+02  1.6000E+02
  1.5600E+02  1.6000E+02
  1.5600E+02  1.6000E+02
  1.5600E+02  1.6000E+02
  1.5600E+02  1.6000E+02
  1.5600E+02  1.6000E+02
  1.5600E+02  1.6000E+02
  1.5600E+02  1.6000E+02
  1.5600E+02  1.6000E+02
  1.5700E+02  1.6000E+02
  1.5700E+02  1.6000E+02
  1.5700E+02  1.6000E+02
  1.5700E+02  1.6000E+02
  1.5700E+02  1.6000E+02
  1.5700E+02  1.6000E+02
  1.5700E+02  1.6000E+02
  1.5700E+02  1.6000E+02
  1.5700E+02  1.6000E+02
  1.5700E+02  1.6000E+02
  1.5700E+02  1.6000E+02
  1.5700E+02  1.6000E+02
  1.5700E+02  1.6000E+02
  1.5800E+02  1.6000E+02
  1.5800E+02  1.6000E+02
  1.5800E+02  1.6000E+02
  1.5800E+02  1.6000E+02
  1.5800E+02  1.6000E+02
  1.5800E+02  1.6000E+02
  1.5800E+02  1.6000E+02
  1.5800E+02  1.6000E+02
  1.5800E+02  1.6000E+02
  1.5800E+02  1.6000E+02
  1.5800E+02  1.6000E+02
  1.5800E+02  1.6000E+02
  1.5800E+02  1.6000E+02
  1.5900E+02  1.6000E+02
  1.5900E+02  1.6000E+02
  1.5900E+02  1.6000E+02
  1.5900E+02  1.6000E+02
  1.5900E+02  1.6000E+02
  1.5900E+02  1.6000E+02
  1.5900E+02  1.6000E+02
  1.5900E+02  1.6000E+02
  1.5900E+02  1.6000E+02
  1.5900E+02  1.6000E+02
  1.5900E+02  1.6000E+02
  1.5900E+02  1.6000E+02
  1.5900E+02  1.6000E+02
  1.6000E+02  1.6000E+02
  1.6000E+02  1.6000E+02
  1.6000E+02  1.6000E+02
  1.6000E+02  1.6000E+02
  1.6000E+02  1.6000E+02
  1.6000E+02  1.6000E+02
  1.6000E+02  1.6000E+02
  1.6000E+02  1.6000E+02
  1.6000E+02  1.6000E+02
  1.6000E+02  1.6000E+02
  1.6000E+02  1.6000E+02
  1.6000E+02  1.6000E+02
  1.6000E+02  1.6000E+02
