TABLE NO.  2
 ID          CL          V           LB          PLMX        EC50        ETA1        ETA2        ETA3        ETA4        ETA5
  1.2100E+02  6.4529E+00  3.2216E+01  1.0465E+00  6.2170E-01  6.5541E-01  2.1143E-01 -1.6779E-01  1.3584E-01 -2.0790E-01 -8.4990E-02
  1.2100E+02  6.4529E+00  3.2216E+01  1.0465E+00  6.2170E-01  6.5541E-01  2.1143E-01 -1.6779E-01  1.3584E-01 -2.0790E-01 -8.4990E-02
  1.2100E+02  6.4529E+00  3.2216E+01  1.0465E+00  6.2170E-01  6.5541E-01  2.1143E-01 -1.6779E-01  1.3584E-01 -2.0790E-01 -8.4990E-02
  1.2100E+02  6.4529E+00  3.2216E+01  1.0465E+00  6.2170E-01  6.5541E-01  2.1143E-01 -1.6779E-01  1.3584E-01 -2.0790E-01 -8.4990E-02
  1.2100E+02  6.4529E+00  3.2216E+01  1.0465E+00  6.2170E-01  6.5541E-01  2.1143E-01 -1.6779E-01  1.3584E-01 -2.0790E-01 -8.4990E-02
  1.2100E+02  6.4529E+00  3.2216E+01  1.0465E+00  6.2170E-01  6.5541E-01  2.1143E-01 -1.6779E-01  1.3584E-01 -2.0790E-01 -8.4990E-02
  1.2100E+02  6.4529E+00  3.2216E+01  1.0465E+00  6.2170E-01  6.5541E-01  2.1143E-01 -1.6779E-01  1.3584E-01 -2.0790E-01 -8.4990E-02
  1.2100E+02  6.4529E+00  3.2216E+01  1.0465E+00  6.2170E-01  6.5541E-01  2.1143E-01 -1.6779E-01  1.3584E-01 -2.0790E-01 -8.4990E-02
  1.2100E+02  6.4529E+00  3.2216E+01  1.0465E+00  6.2170E-01  6.5541E-01  2.1143E-01 -1.6779E-01  1.3584E-01 -2.0790E-01 -8.4990E-02
  1.2100E+02  6.4529E+00  3.2216E+01  1.0465E+00  6.2170E-01  6.5541E-01  2.1143E-01 -1.6779E-01  1.3584E-01 -2.0790E-01 -8.4990E-02
  1.2100E+02  6.4529E+00  3.2216E+01  1.0465E+00  6.2170E-01  6.5541E-01  2.1143E-01 -1.6779E-01  1.3584E-01 -2.0790E-01 -8.4990E-02
  1.2100E+02  6.4529E+00  3.2216E+01  1.0465E+00  6.2170E-01  6.5541E-01  2.1143E-01 -1.6779E-01  1.3584E-01 -2.0790E-01 -8.4990E-02
  1.2100E+02  6.4529E+00  3.2216E+01  1.0465E+00  6.2170E-01  6.5541E-01  2.1143E-01 -1.6779E-01  1.3584E-01 -2.0790E-01 -8.4990E-02
  1.2200E+02  3.6661E+00  4.0071E+01  1.1239E+00  1.1284E+00  6.5866E-01 -3.5397E-01  5.0404E-02  2.1326E-01  3.8821E-01 -8.0042E-02
  1.2200E+02  3.6661E+00  4.0071E+01  1.1239E+00  1.1284E+00  6.5866E-01 -3.5397E-01  5.0404E-02  2.1326E-01  3.8821E-01 -8.0042E-02
  1.2200E+02  3.6661E+00  4.0071E+01  1.1239E+00  1.1284E+00  6.5866E-01 -3.5397E-01  5.0404E-02  2.1326E-01  3.8821E-01 -8.0042E-02
  1.2200E+02  3.6661E+00  4.0071E+01  1.1239E+00  1.1284E+00  6.5866E-01 -3.5397E-01  5.0404E-02  2.1326E-01  3.8821E-01 -8.0042E-02
  1.2200E+02  3.6661E+00  4.0071E+01  1.1239E+00  1.1284E+00  6.5866E-01 -3.5397E-01  5.0404E-02  2.1326E-01  3.8821E-01 -8.0042E-02
  1.2200E+02  3.6661E+00  4.0071E+01  1.1239E+00  1.1284E+00  6.5866E-01 -3.5397E-01  5.0404E-02  2.1326E-01  3.8821E-01 -8.0042E-02
  1.2200E+02  3.6661E+00  4.0071E+01  1.1239E+00  1.1284E+00  6.5866E-01 -3.5397E-01  5.0404E-02  2.1326E-01  3.8821E-01 -8.0042E-02
  1.2200E+02  3.6661E+00  4.0071E+01  1.1239E+00  1.1284E+00  6.5866E-01 -3.5397E-01  5.0404E-02  2.1326E-01  3.8821E-01 -8.0042E-02
  1.2200E+02  3.6661E+00  4.0071E+01  1.1239E+00  1.1284E+00  6.5866E-01 -3.5397E-01  5.0404E-02  2.1326E-01  3.8821E-01 -8.0042E-02
  1.2200E+02  3.6661E+00  4.0071E+01  1.1239E+00  1.1284E+00  6.5866E-01 -3.5397E-01  5.0404E-02  2.1326E-01  3.8821E-01 -8.0042E-02
  1.2200E+02  3.6661E+00  4.0071E+01  1.1239E+00  1.1284E+00  6.5866E-01 -3.5397E-01  5.0404E-02  2.1326E-01  3.8821E-01 -8.0042E-02
  1.2200E+02  3.6661E+00  4.0071E+01  1.1239E+00  1.1284E+00  6.5866E-01 -3.5397E-01  5.0404E-02  2.1326E-01  3.8821E-01 -8.0042E-02
  1.2200E+02  3.6661E+00  4.0071E+01  1.1239E+00  1.1284E+00  6.5866E-01 -3.5397E-01  5.0404E-02  2.1326E-01  3.8821E-01 -8.0042E-02
  1.2300E+02  4.5634E+00  4.2577E+01  9.3977E-01  1.0480E+00  6.4618E-01 -1.3505E-01  1.1107E-01  2.9119E-02  3.1432E-01 -9.9170E-02
  1.2300E+02  4.5634E+00  4.2577E+01  9.3977E-01  1.0480E+00  6.4618E-01 -1.3505E-01  1.1107E-01  2.9119E-02  3.1432E-01 -9.9170E-02
  1.2300E+02  4.5634E+00  4.2577E+01  9.3977E-01  1.0480E+00  6.4618E-01 -1.3505E-01  1.1107E-01  2.9119E-02  3.1432E-01 -9.9170E-02
  1.2300E+02  4.5634E+00  4.2577E+01  9.3977E-01  1.0480E+00  6.4618E-01 -1.3505E-01  1.1107E-01  2.9119E-02  3.1432E-01 -9.9170E-02
  1.2300E+02  4.5634E+00  4.2577E+01  9.3977E-01  1.0480E+00  6.4618E-01 -1.3505E-01  1.1107E-01  2.9119E-02  3.1432E-01 -9.9170E-02
  1.2300E+02  4.5634E+00  4.2577E+01  9.3977E-01  1.0480E+00  6.4618E-01 -1.3505E-01  1.1107E-01  2.9119E-02  3.1432E-01 -9.9170E-02
  1.2300E+02  4.5634E+00  4.2577E+01  9.3977E-01  1.0480E+00  6.4618E-01 -1.3505E-01  1.1107E-01  2.9119E-02  3.1432E-01 -9.9170E-02
  1.2300E+02  4.5634E+00  4.2577E+01  9.3977E-01  1.0480E+00  6.4618E-01 -1.3505E-01  1.1107E-01  2.9119E-02  3.1432E-01 -9.9170E-02
  1.2300E+02  4.5634E+00  4.2577E+01  9.3977E-01  1.0480E+00  6.4618E-01 -1.3505E-01  1.1107E-01  2.9119E-02  3.1432E-01 -9.9170E-02
  1.2300E+02  4.5634E+00  4.2577E+01  9.3977E-01  1.0480E+00  6.4618E-01 -1.3505E-01  1.1107E-01  2.9119E-02  3.1432E-01 -9.9170E-02
  1.2300E+02  4.5634E+00  4.2577E+01  9.3977E-01  1.0480E+00  6.4618E-01 -1.3505E-01  1.1107E-01  2.9119E-02  3.1432E-01 -9.9170E-02
  1.2300E+02  4.5634E+00  4.2577E+01  9.3977E-01  1.0480E+00  6.4618E-01 -1.3505E-01  1.1107E-01  2.9119E-02  3.1432E-01 -9.9170E-02
  1.2300E+02  4.5634E+00  4.2577E+01  9.3977E-01  1.0480E+00  6.4618E-01 -1.3505E-01  1.1107E-01  2.9119E-02  3.1432E-01 -9.9170E-02
  1.2400E+02  4.3689E+00  4.4711E+01  5.2051E-01  1.2540E+00  5.3858E-01 -1.7858E-01  1.5998E-01 -3.9014E-01  4.9375E-01 -2.8131E-01
  1.2400E+02  4.3689E+00  4.4711E+01  5.2051E-01  1.2540E+00  5.3858E-01 -1.7858E-01  1.5998E-01 -3.9014E-01  4.9375E-01 -2.8131E-01
  1.2400E+02  4.3689E+00  4.4711E+01  5.2051E-01  1.2540E+00  5.3858E-01 -1.7858E-01  1.5998E-01 -3.9014E-01  4.9375E-01 -2.8131E-01
  1.2400E+02  4.3689E+00  4.4711E+01  5.2051E-01  1.2540E+00  5.3858E-01 -1.7858E-01  1.5998E-01 -3.9014E-01  4.9375E-01 -2.8131E-01
  1.2400E+02  4.3689E+00  4.4711E+01  5.2051E-01  1.2540E+00  5.3858E-01 -1.7858E-01  1.5998E-01 -3.9014E-01  4.9375E-01 -2.8131E-01
  1.2400E+02  4.3689E+00  4.4711E+01  5.2051E-01  1.2540E+00  5.3858E-01 -1.7858E-01  1.5998E-01 -3.9014E-01  4.9375E-01 -2.8131E-01
  1.2400E+02  4.3689E+00  4.4711E+01  5.2051E-01  1.2540E+00  5.3858E-01 -1.7858E-01  1.5998E-01 -3.9014E-01  4.9375E-01 -2.8131E-01
  1.2400E+02  4.3689E+00  4.4711E+01  5.2051E-01  1.2540E+00  5.3858E-01 -1.7858E-01  1.5998E-01 -3.9014E-01  4.9375E-01 -2.8131E-01
  1.2400E+02  4.3689E+00  4.4711E+01  5.2051E-01  1.2540E+00  5.3858E-01 -1.7858E-01  1.5998E-01 -3.9014E-01  4.9375E-01 -2.8131E-01
  1.2400E+02  4.3689E+00  4.4711E+01  5.2051E-01  1.2540E+00  5.3858E-01 -1.7858E-01  1.5998E-01 -3.9014E-01  4.9375E-01 -2.8131E-01
  1.2400E+02  4.3689E+00  4.4711E+01  5.2051E-01  1.2540E+00  5.3858E-01 -1.7858E-01  1.5998E-01 -3.9014E-01  4.9375E-01 -2.8131E-01
  1.2400E+02  4.3689E+00  4.4711E+01  5.2051E-01  1.2540E+00  5.3858E-01 -1.7858E-01  1.5998E-01 -3.9014E-01  4.9375E-01 -2.8131E-01
  1.2400E+02  4.3689E+00  4.4711E+01  5.2051E-01  1.2540E+00  5.3858E-01 -1.7858E-01  1.5998E-01 -3.9014E-01  4.9375E-01 -2.8131E-01
  1.2500E+02  6.0654E+00  4.1643E+01  3.9165E-01  7.0101E-01  6.3475E-01  1.4949E-01  8.8889E-02 -5.1900E-01 -8.7838E-02 -1.1702E-01
  1.2500E+02  6.0654E+00  4.1643E+01  3.9165E-01  7.0101E-01  6.3475E-01  1.4949E-01  8.8889E-02 -5.1900E-01 -8.7838E-02 -1.1702E-01
  1.2500E+02  6.0654E+00  4.1643E+01  3.9165E-01  7.0101E-01  6.3475E-01  1.4949E-01  8.8889E-02 -5.1900E-01 -8.7838E-02 -1.1702E-01
  1.2500E+02  6.0654E+00  4.1643E+01  3.9165E-01  7.0101E-01  6.3475E-01  1.4949E-01  8.8889E-02 -5.1900E-01 -8.7838E-02 -1.1702E-01
  1.2500E+02  6.0654E+00  4.1643E+01  3.9165E-01  7.0101E-01  6.3475E-01  1.4949E-01  8.8889E-02 -5.1900E-01 -8.7838E-02 -1.1702E-01
  1.2500E+02  6.0654E+00  4.1643E+01  3.9165E-01  7.0101E-01  6.3475E-01  1.4949E-01  8.8889E-02 -5.1900E-01 -8.7838E-02 -1.1702E-01
  1.2500E+02  6.0654E+00  4.1643E+01  3.9165E-01  7.0101E-01  6.3475E-01  1.4949E-01  8.8889E-02 -5.1900E-01 -8.7838E-02 -1.1702E-01
  1.2500E+02  6.0654E+00  4.1643E+01  3.9165E-01  7.0101E-01  6.3475E-01  1.4949E-01  8.8889E-02 -5.1900E-01 -8.7838E-02 -1.1702E-01
  1.2500E+02  6.0654E+00  4.1643E+01  3.9165E-01  7.0101E-01  6.3475E-01  1.4949E-01  8.8889E-02 -5.1900E-01 -8.7838E-02 -1.1702E-01
  1.2500E+02  6.0654E+00  4.1643E+01  3.9165E-01  7.0101E-01  6.3475E-01  1.4949E-01  8.8889E-02 -5.1900E-01 -8.7838E-02 -1.1702E-01
  1.2500E+02  6.0654E+00  4.1643E+01  3.9165E-01  7.0101E-01  6.3475E-01  1.4949E-01  8.8889E-02 -5.1900E-01 -8.7838E-02 -1.1702E-01
  1.2500E+02  6.0654E+00  4.1643E+01  3.9165E-01  7.0101E-01  6.3475E-01  1.4949E-01  8.8889E-02 -5.1900E-01 -8.7838E-02 -1.1702E-01
  1.2500E+02  6.0654E+00  4.1643E+01  3.9165E-01  7.0101E-01  6.3475E-01  1.4949E-01  8.8889E-02 -5.1900E-01 -8.7838E-02 -1.1702E-01
  1.2600E+02  5.3860E+00  3.5814E+01  7.4834E-01  5.8020E-01  9.8221E-01  3.0695E-02 -6.1912E-02 -1.6231E-01 -2.7700E-01  3.1956E-01
  1.2600E+02  5.3860E+00  3.5814E+01  7.4834E-01  5.8020E-01  9.8221E-01  3.0695E-02 -6.1912E-02 -1.6231E-01 -2.7700E-01  3.1956E-01
  1.2600E+02  5.3860E+00  3.5814E+01  7.4834E-01  5.8020E-01  9.8221E-01  3.0695E-02 -6.1912E-02 -1.6231E-01 -2.7700E-01  3.1956E-01
  1.2600E+02  5.3860E+00  3.5814E+01  7.4834E-01  5.8020E-01  9.8221E-01  3.0695E-02 -6.1912E-02 -1.6231E-01 -2.7700E-01  3.1956E-01
  1.2600E+02  5.3860E+00  3.5814E+01  7.4834E-01  5.8020E-01  9.8221E-01  3.0695E-02 -6.1912E-02 -1.6231E-01 -2.7700E-01  3.1956E-01
  1.2600E+02  5.3860E+00  3.5814E+01  7.4834E-01  5.8020E-01  9.8221E-01  3.0695E-02 -6.1912E-02 -1.6231E-01 -2.7700E-01  3.1956E-01
  1.2600E+02  5.3860E+00  3.5814E+01  7.4834E-01  5.8020E-01  9.8221E-01  3.0695E-02 -6.1912E-02 -1.6231E-01 -2.7700E-01  3.1956E-01
  1.2600E+02  5.3860E+00  3.5814E+01  7.4834E-01  5.8020E-01  9.8221E-01  3.0695E-02 -6.1912E-02 -1.6231E-01 -2.7700E-01  3.1956E-01
  1.2600E+02  5.3860E+00  3.5814E+01  7.4834E-01  5.8020E-01  9.8221E-01  3.0695E-02 -6.1912E-02 -1.6231E-01 -2.7700E-01  3.1956E-01
  1.2600E+02  5.3860E+00  3.5814E+01  7.4834E-01  5.8020E-01  9.8221E-01  3.0695E-02 -6.1912E-02 -1.6231E-01 -2.7700E-01  3.1956E-01
  1.2600E+02  5.3860E+00  3.5814E+01  7.4834E-01  5.8020E-01  9.8221E-01  3.0695E-02 -6.1912E-02 -1.6231E-01 -2.7700E-01  3.1956E-01
  1.2600E+02  5.3860E+00  3.5814E+01  7.4834E-01  5.8020E-01  9.8221E-01  3.0695E-02 -6.1912E-02 -1.6231E-01 -2.7700E-01  3.1956E-01
  1.2600E+02  5.3860E+00  3.5814E+01  7.4834E-01  5.8020E-01  9.8221E-01  3.0695E-02 -6.1912E-02 -1.6231E-01 -2.7700E-01  3.1956E-01
  1.2700E+02  5.0172E+00  4.8000E+01  1.1104E+00  7.1777E-01  8.5587E-01 -4.0230E-02  2.3095E-01  1.9973E-01 -6.4213E-02  1.8187E-01
  1.2700E+02  5.0172E+00  4.8000E+01  1.1104E+00  7.1777E-01  8.5587E-01 -4.0230E-02  2.3095E-01  1.9973E-01 -6.4213E-02  1.8187E-01
  1.2700E+02  5.0172E+00  4.8000E+01  1.1104E+00  7.1777E-01  8.5587E-01 -4.0230E-02  2.3095E-01  1.9973E-01 -6.4213E-02  1.8187E-01
  1.2700E+02  5.0172E+00  4.8000E+01  1.1104E+00  7.1777E-01  8.5587E-01 -4.0230E-02  2.3095E-01  1.9973E-01 -6.4213E-02  1.8187E-01
  1.2700E+02  5.0172E+00  4.8000E+01  1.1104E+00  7.1777E-01  8.5587E-01 -4.0230E-02  2.3095E-01  1.9973E-01 -6.4213E-02  1.8187E-01
  1.2700E+02  5.0172E+00  4.8000E+01  1.1104E+00  7.1777E-01  8.5587E-01 -4.0230E-02  2.3095E-01  1.9973E-01 -6.4213E-02  1.8187E-01
  1.2700E+02  5.0172E+00  4.8000E+01  1.1104E+00  7.1777E-01  8.5587E-01 -4.0230E-02  2.3095E-01  1.9973E-01 -6.4213E-02  1.8187E-01
  1.2700E+02  5.0172E+00  4.8000E+01  1.1104E+00  7.1777E-01  8.5587E-01 -4.0230E-02  2.3095E-01  1.9973E-01 -6.4213E-02  1.8187E-01
  1.2700E+02  5.0172E+00  4.8000E+01  1.1104E+00  7.1777E-01  8.5587E-01 -4.0230E-02  2.3095E-01  1.9973E-01 -6.4213E-02  1.8187E-01
  1.2700E+02  5.0172E+00  4.8000E+01  1.1104E+00  7.1777E-01  8.5587E-01 -4.0230E-02  2.3095E-01  1.9973E-01 -6.4213E-02  1.8187E-01
  1.2700E+02  5.0172E+00  4.8000E+01  1.1104E+00  7.1777E-01  8.5587E-01 -4.0230E-02  2.3095E-01  1.9973E-01 -6.4213E-02  1.8187E-01
  1.2700E+02  5.0172E+00  4.8000E+01  1.1104E+00  7.1777E-01  8.5587E-01 -4.0230E-02  2.3095E-01  1.9973E-01 -6.4213E-02  1.8187E-01
  1.2700E+02  5.0172E+00  4.8000E+01  1.1104E+00  7.1777E-01  8.5587E-01 -4.0230E-02  2.3095E-01  1.9973E-01 -6.4213E-02  1.8187E-01
  1.2800E+02  4.3147E+00  3.3541E+01  1.0804E+00  8.0736E-01  8.1442E-01 -1.9109E-01 -1.2749E-01  1.6978E-01  5.3410E-02  1.3223E-01
  1.2800E+02  4.3147E+00  3.3541E+01  1.0804E+00  8.0736E-01  8.1442E-01 -1.9109E-01 -1.2749E-01  1.6978E-01  5.3410E-02  1.3223E-01
  1.2800E+02  4.3147E+00  3.3541E+01  1.0804E+00  8.0736E-01  8.1442E-01 -1.9109E-01 -1.2749E-01  1.6978E-01  5.3410E-02  1.3223E-01
  1.2800E+02  4.3147E+00  3.3541E+01  1.0804E+00  8.0736E-01  8.1442E-01 -1.9109E-01 -1.2749E-01  1.6978E-01  5.3410E-02  1.3223E-01
  1.2800E+02  4.3147E+00  3.3541E+01  1.0804E+00  8.0736E-01  8.1442E-01 -1.9109E-01 -1.2749E-01  1.6978E-01  5.3410E-02  1.3223E-01
  1.2800E+02  4.3147E+00  3.3541E+01  1.0804E+00  8.0736E-01  8.1442E-01 -1.9109E-01 -1.2749E-01  1.6978E-01  5.3410E-02  1.3223E-01
  1.2800E+02  4.3147E+00  3.3541E+01  1.0804E+00  8.0736E-01  8.1442E-01 -1.9109E-01 -1.2749E-01  1.6978E-01  5.3410E-02  1.3223E-01
  1.2800E+02  4.3147E+00  3.3541E+01  1.0804E+00  8.0736E-01  8.1442E-01 -1.9109E-01 -1.2749E-01  1.6978E-01  5.3410E-02  1.3223E-01
  1.2800E+02  4.3147E+00  3.3541E+01  1.0804E+00  8.0736E-01  8.1442E-01 -1.9109E-01 -1.2749E-01  1.6978E-01  5.3410E-02  1.3223E-01
  1.2800E+02  4.3147E+00  3.3541E+01  1.0804E+00  8.0736E-01  8.1442E-01 -1.9109E-01 -1.2749E-01  1.6978E-01  5.3410E-02  1.3223E-01
  1.2800E+02  4.3147E+00  3.3541E+01  1.0804E+00  8.0736E-01  8.1442E-01 -1.9109E-01 -1.2749E-01  1.6978E-01  5.3410E-02  1.3223E-01
  1.2800E+02  4.3147E+00  3.3541E+01  1.0804E+00  8.0736E-01  8.1442E-01 -1.9109E-01 -1.2749E-01  1.6978E-01  5.3410E-02  1.3223E-01
  1.2800E+02  4.3147E+00  3.3541E+01  1.0804E+00  8.0736E-01  8.1442E-01 -1.9109E-01 -1.2749E-01  1.6978E-01  5.3410E-02  1.3223E-01
  1.2900E+02  5.8714E+00  3.8184E+01  9.3517E-01  5.6750E-01  5.8656E-01  1.1698E-01  2.1734E-03  2.4521E-02 -2.9913E-01 -1.9597E-01
  1.2900E+02  5.8714E+00  3.8184E+01  9.3517E-01  5.6750E-01  5.8656E-01  1.1698E-01  2.1734E-03  2.4521E-02 -2.9913E-01 -1.9597E-01
  1.2900E+02  5.8714E+00  3.8184E+01  9.3517E-01  5.6750E-01  5.8656E-01  1.1698E-01  2.1734E-03  2.4521E-02 -2.9913E-01 -1.9597E-01
  1.2900E+02  5.8714E+00  3.8184E+01  9.3517E-01  5.6750E-01  5.8656E-01  1.1698E-01  2.1734E-03  2.4521E-02 -2.9913E-01 -1.9597E-01
  1.2900E+02  5.8714E+00  3.8184E+01  9.3517E-01  5.6750E-01  5.8656E-01  1.1698E-01  2.1734E-03  2.4521E-02 -2.9913E-01 -1.9597E-01
  1.2900E+02  5.8714E+00  3.8184E+01  9.3517E-01  5.6750E-01  5.8656E-01  1.1698E-01  2.1734E-03  2.4521E-02 -2.9913E-01 -1.9597E-01
  1.2900E+02  5.8714E+00  3.8184E+01  9.3517E-01  5.6750E-01  5.8656E-01  1.1698E-01  2.1734E-03  2.4521E-02 -2.9913E-01 -1.9597E-01
  1.2900E+02  5.8714E+00  3.8184E+01  9.3517E-01  5.6750E-01  5.8656E-01  1.1698E-01  2.1734E-03  2.4521E-02 -2.9913E-01 -1.9597E-01
  1.2900E+02  5.8714E+00  3.8184E+01  9.3517E-01  5.6750E-01  5.8656E-01  1.1698E-01  2.1734E-03  2.4521E-02 -2.9913E-01 -1.9597E-01
  1.2900E+02  5.8714E+00  3.8184E+01  9.3517E-01  5.6750E-01  5.8656E-01  1.1698E-01  2.1734E-03  2.4521E-02 -2.9913E-01 -1.9597E-01
  1.2900E+02  5.8714E+00  3.8184E+01  9.3517E-01  5.6750E-01  5.8656E-01  1.1698E-01  2.1734E-03  2.4521E-02 -2.9913E-01 -1.9597E-01
  1.2900E+02  5.8714E+00  3.8184E+01  9.3517E-01  5.6750E-01  5.8656E-01  1.1698E-01  2.1734E-03  2.4521E-02 -2.9913E-01 -1.9597E-01
  1.2900E+02  5.8714E+00  3.8184E+01  9.3517E-01  5.6750E-01  5.8656E-01  1.1698E-01  2.1734E-03  2.4521E-02 -2.9913E-01 -1.9597E-01
  1.3000E+02  4.2859E+00  3.7991E+01  5.4782E-01  7.2169E-01  6.8757E-01 -1.9777E-01 -2.8850E-03 -3.6282E-01 -5.8766E-02 -3.7077E-02
  1.3000E+02  4.2859E+00  3.7991E+01  5.4782E-01  7.2169E-01  6.8757E-01 -1.9777E-01 -2.8850E-03 -3.6282E-01 -5.8766E-02 -3.7077E-02
  1.3000E+02  4.2859E+00  3.7991E+01  5.4782E-01  7.2169E-01  6.8757E-01 -1.9777E-01 -2.8850E-03 -3.6282E-01 -5.8766E-02 -3.7077E-02
  1.3000E+02  4.2859E+00  3.7991E+01  5.4782E-01  7.2169E-01  6.8757E-01 -1.9777E-01 -2.8850E-03 -3.6282E-01 -5.8766E-02 -3.7077E-02
  1.3000E+02  4.2859E+00  3.7991E+01  5.4782E-01  7.2169E-01  6.8757E-01 -1.9777E-01 -2.8850E-03 -3.6282E-01 -5.8766E-02 -3.7077E-02
  1.3000E+02  4.2859E+00  3.7991E+01  5.4782E-01  7.2169E-01  6.8757E-01 -1.9777E-01 -2.8850E-03 -3.6282E-01 -5.8766E-02 -3.7077E-02
  1.3000E+02  4.2859E+00  3.7991E+01  5.4782E-01  7.2169E-01  6.8757E-01 -1.9777E-01 -2.8850E-03 -3.6282E-01 -5.8766E-02 -3.7077E-02
  1.3000E+02  4.2859E+00  3.7991E+01  5.4782E-01  7.2169E-01  6.8757E-01 -1.9777E-01 -2.8850E-03 -3.6282E-01 -5.8766E-02 -3.7077E-02
  1.3000E+02  4.2859E+00  3.7991E+01  5.4782E-01  7.2169E-01  6.8757E-01 -1.9777E-01 -2.8850E-03 -3.6282E-01 -5.8766E-02 -3.7077E-02
  1.3000E+02  4.2859E+00  3.7991E+01  5.4782E-01  7.2169E-01  6.8757E-01 -1.9777E-01 -2.8850E-03 -3.6282E-01 -5.8766E-02 -3.7077E-02
  1.3000E+02  4.2859E+00  3.7991E+01  5.4782E-01  7.2169E-01  6.8757E-01 -1.9777E-01 -2.8850E-03 -3.6282E-01 -5.8766E-02 -3.7077E-02
  1.3000E+02  4.2859E+00  3.7991E+01  5.4782E-01  7.2169E-01  6.8757E-01 -1.9777E-01 -2.8850E-03 -3.6282E-01 -5.8766E-02 -3.7077E-02
  1.3000E+02  4.2859E+00  3.7991E+01  5.4782E-01  7.2169E-01  6.8757E-01 -1.9777E-01 -2.8850E-03 -3.6282E-01 -5.8766E-02 -3.7077E-02
  1.3100E+02  4.2834E+00  3.7825E+01  1.2339E+00  6.3784E-01  9.7545E-01 -1.9837E-01 -7.2706E-03  3.2322E-01 -1.8227E-01  3.1266E-01
  1.3100E+02  4.2834E+00  3.7825E+01  1.2339E+00  6.3784E-01  9.7545E-01 -1.9837E-01 -7.2706E-03  3.2322E-01 -1.8227E-01  3.1266E-01
  1.3100E+02  4.2834E+00  3.7825E+01  1.2339E+00  6.3784E-01  9.7545E-01 -1.9837E-01 -7.2706E-03  3.2322E-01 -1.8227E-01  3.1266E-01
  1.3100E+02  4.2834E+00  3.7825E+01  1.2339E+00  6.3784E-01  9.7545E-01 -1.9837E-01 -7.2706E-03  3.2322E-01 -1.8227E-01  3.1266E-01
  1.3100E+02  4.2834E+00  3.7825E+01  1.2339E+00  6.3784E-01  9.7545E-01 -1.9837E-01 -7.2706E-03  3.2322E-01 -1.8227E-01  3.1266E-01
  1.3100E+02  4.2834E+00  3.7825E+01  1.2339E+00  6.3784E-01  9.7545E-01 -1.9837E-01 -7.2706E-03  3.2322E-01 -1.8227E-01  3.1266E-01
  1.3100E+02  4.2834E+00  3.7825E+01  1.2339E+00  6.3784E-01  9.7545E-01 -1.9837E-01 -7.2706E-03  3.2322E-01 -1.8227E-01  3.1266E-01
  1.3100E+02  4.2834E+00  3.7825E+01  1.2339E+00  6.3784E-01  9.7545E-01 -1.9837E-01 -7.2706E-03  3.2322E-01 -1.8227E-01  3.1266E-01
  1.3100E+02  4.2834E+00  3.7825E+01  1.2339E+00  6.3784E-01  9.7545E-01 -1.9837E-01 -7.2706E-03  3.2322E-01 -1.8227E-01  3.1266E-01
  1.3100E+02  4.2834E+00  3.7825E+01  1.2339E+00  6.3784E-01  9.7545E-01 -1.9837E-01 -7.2706E-03  3.2322E-01 -1.8227E-01  3.1266E-01
  1.3100E+02  4.2834E+00  3.7825E+01  1.2339E+00  6.3784E-01  9.7545E-01 -1.9837E-01 -7.2706E-03  3.2322E-01 -1.8227E-01  3.1266E-01
  1.3100E+02  4.2834E+00  3.7825E+01  1.2339E+00  6.3784E-01  9.7545E-01 -1.9837E-01 -7.2706E-03  3.2322E-01 -1.8227E-01  3.1266E-01
  1.3100E+02  4.2834E+00  3.7825E+01  1.2339E+00  6.3784E-01  9.7545E-01 -1.9837E-01 -7.2706E-03  3.2322E-01 -1.8227E-01  3.1266E-01
  1.3200E+02  4.3058E+00  3.4095E+01  7.1645E-01  8.4809E-01  6.5973E-01 -1.9315E-01 -1.1108E-01 -1.9419E-01  1.0262E-01 -7.8410E-02
  1.3200E+02  4.3058E+00  3.4095E+01  7.1645E-01  8.4809E-01  6.5973E-01 -1.9315E-01 -1.1108E-01 -1.9419E-01  1.0262E-01 -7.8410E-02
  1.3200E+02  4.3058E+00  3.4095E+01  7.1645E-01  8.4809E-01  6.5973E-01 -1.9315E-01 -1.1108E-01 -1.9419E-01  1.0262E-01 -7.8410E-02
  1.3200E+02  4.3058E+00  3.4095E+01  7.1645E-01  8.4809E-01  6.5973E-01 -1.9315E-01 -1.1108E-01 -1.9419E-01  1.0262E-01 -7.8410E-02
  1.3200E+02  4.3058E+00  3.4095E+01  7.1645E-01  8.4809E-01  6.5973E-01 -1.9315E-01 -1.1108E-01 -1.9419E-01  1.0262E-01 -7.8410E-02
  1.3200E+02  4.3058E+00  3.4095E+01  7.1645E-01  8.4809E-01  6.5973E-01 -1.9315E-01 -1.1108E-01 -1.9419E-01  1.0262E-01 -7.8410E-02
  1.3200E+02  4.3058E+00  3.4095E+01  7.1645E-01  8.4809E-01  6.5973E-01 -1.9315E-01 -1.1108E-01 -1.9419E-01  1.0262E-01 -7.8410E-02
  1.3200E+02  4.3058E+00  3.4095E+01  7.1645E-01  8.4809E-01  6.5973E-01 -1.9315E-01 -1.1108E-01 -1.9419E-01  1.0262E-01 -7.8410E-02
  1.3200E+02  4.3058E+00  3.4095E+01  7.1645E-01  8.4809E-01  6.5973E-01 -1.9315E-01 -1.1108E-01 -1.9419E-01  1.0262E-01 -7.8410E-02
  1.3200E+02  4.3058E+00  3.4095E+01  7.1645E-01  8.4809E-01  6.5973E-01 -1.9315E-01 -1.1108E-01 -1.9419E-01  1.0262E-01 -7.8410E-02
  1.3200E+02  4.3058E+00  3.4095E+01  7.1645E-01  8.4809E-01  6.5973E-01 -1.9315E-01 -1.1108E-01 -1.9419E-01  1.0262E-01 -7.8410E-02
  1.3200E+02  4.3058E+00  3.4095E+01  7.1645E-01  8.4809E-01  6.5973E-01 -1.9315E-01 -1.1108E-01 -1.9419E-01  1.0262E-01 -7.8410E-02
  1.3200E+02  4.3058E+00  3.4095E+01  7.1645E-01  8.4809E-01  6.5973E-01 -1.9315E-01 -1.1108E-01 -1.9419E-01  1.0262E-01 -7.8410E-02
  1.3300E+02  7.2997E+00  3.9279E+01  8.9242E-01  1.2987E+00  7.2418E-01  3.3473E-01  3.0448E-02 -1.8233E-02  5.2872E-01  1.4788E-02
  1.3300E+02  7.2997E+00  3.9279E+01  8.9242E-01  1.2987E+00  7.2418E-01  3.3473E-01  3.0448E-02 -1.8233E-02  5.2872E-01  1.4788E-02
  1.3300E+02  7.2997E+00  3.9279E+01  8.9242E-01  1.2987E+00  7.2418E-01  3.3473E-01  3.0448E-02 -1.8233E-02  5.2872E-01  1.4788E-02
  1.3300E+02  7.2997E+00  3.9279E+01  8.9242E-01  1.2987E+00  7.2418E-01  3.3473E-01  3.0448E-02 -1.8233E-02  5.2872E-01  1.4788E-02
  1.3300E+02  7.2997E+00  3.9279E+01  8.9242E-01  1.2987E+00  7.2418E-01  3.3473E-01  3.0448E-02 -1.8233E-02  5.2872E-01  1.4788E-02
  1.3300E+02  7.2997E+00  3.9279E+01  8.9242E-01  1.2987E+00  7.2418E-01  3.3473E-01  3.0448E-02 -1.8233E-02  5.2872E-01  1.4788E-02
  1.3300E+02  7.2997E+00  3.9279E+01  8.9242E-01  1.2987E+00  7.2418E-01  3.3473E-01  3.0448E-02 -1.8233E-02  5.2872E-01  1.4788E-02
  1.3300E+02  7.2997E+00  3.9279E+01  8.9242E-01  1.2987E+00  7.2418E-01  3.3473E-01  3.0448E-02 -1.8233E-02  5.2872E-01  1.4788E-02
  1.3300E+02  7.2997E+00  3.9279E+01  8.9242E-01  1.2987E+00  7.2418E-01  3.3473E-01  3.0448E-02 -1.8233E-02  5.2872E-01  1.4788E-02
  1.3300E+02  7.2997E+00  3.9279E+01  8.9242E-01  1.2987E+00  7.2418E-01  3.3473E-01  3.0448E-02 -1.8233E-02  5.2872E-01  1.4788E-02
  1.3300E+02  7.2997E+00  3.9279E+01  8.9242E-01  1.2987E+00  7.2418E-01  3.3473E-01  3.0448E-02 -1.8233E-02  5.2872E-01  1.4788E-02
  1.3300E+02  7.2997E+00  3.9279E+01  8.9242E-01  1.2987E+00  7.2418E-01  3.3473E-01  3.0448E-02 -1.8233E-02  5.2872E-01  1.4788E-02
  1.3300E+02  7.2997E+00  3.9279E+01  8.9242E-01  1.2987E+00  7.2418E-01  3.3473E-01  3.0448E-02 -1.8233E-02  5.2872E-01  1.4788E-02
  1.3400E+02  5.3346E+00  4.5211E+01  1.1983E+00  9.2002E-01  7.7850E-01  2.1109E-02  1.7110E-01  2.8763E-01  1.8403E-01  8.7128E-02
  1.3400E+02  5.3346E+00  4.5211E+01  1.1983E+00  9.2002E-01  7.7850E-01  2.1109E-02  1.7110E-01  2.8763E-01  1.8403E-01  8.7128E-02
  1.3400E+02  5.3346E+00  4.5211E+01  1.1983E+00  9.2002E-01  7.7850E-01  2.1109E-02  1.7110E-01  2.8763E-01  1.8403E-01  8.7128E-02
  1.3400E+02  5.3346E+00  4.5211E+01  1.1983E+00  9.2002E-01  7.7850E-01  2.1109E-02  1.7110E-01  2.8763E-01  1.8403E-01  8.7128E-02
  1.3400E+02  5.3346E+00  4.5211E+01  1.1983E+00  9.2002E-01  7.7850E-01  2.1109E-02  1.7110E-01  2.8763E-01  1.8403E-01  8.7128E-02
  1.3400E+02  5.3346E+00  4.5211E+01  1.1983E+00  9.2002E-01  7.7850E-01  2.1109E-02  1.7110E-01  2.8763E-01  1.8403E-01  8.7128E-02
  1.3400E+02  5.3346E+00  4.5211E+01  1.1983E+00  9.2002E-01  7.7850E-01  2.1109E-02  1.7110E-01  2.8763E-01  1.8403E-01  8.7128E-02
  1.3400E+02  5.3346E+00  4.5211E+01  1.1983E+00  9.2002E-01  7.7850E-01  2.1109E-02  1.7110E-01  2.8763E-01  1.8403E-01  8.7128E-02
  1.3400E+02  5.3346E+00  4.5211E+01  1.1983E+00  9.2002E-01  7.7850E-01  2.1109E-02  1.7110E-01  2.8763E-01  1.8403E-01  8.7128E-02
  1.3400E+02  5.3346E+00  4.5211E+01  1.1983E+00  9.2002E-01  7.7850E-01  2.1109E-02  1.7110E-01  2.8763E-01  1.8403E-01  8.7128E-02
  1.3400E+02  5.3346E+00  4.5211E+01  1.1983E+00  9.2002E-01  7.7850E-01  2.1109E-02  1.7110E-01  2.8763E-01  1.8403E-01  8.7128E-02
  1.3400E+02  5.3346E+00  4.5211E+01  1.1983E+00  9.2002E-01  7.7850E-01  2.1109E-02  1.7110E-01  2.8763E-01  1.8403E-01  8.7128E-02
  1.3400E+02  5.3346E+00  4.5211E+01  1.1983E+00  9.2002E-01  7.7850E-01  2.1109E-02  1.7110E-01  2.8763E-01  1.8403E-01  8.7128E-02
  1.3500E+02  3.3803E+00  4.5243E+01  1.1601E+00  9.4746E-01  8.0087E-01 -4.3515E-01  1.7181E-01  2.4943E-01  2.1342E-01  1.1545E-01
  1.3500E+02  3.3803E+00  4.5243E+01  1.1601E+00  9.4746E-01  8.0087E-01 -4.3515E-01  1.7181E-01  2.4943E-01  2.1342E-01  1.1545E-01
  1.3500E+02  3.3803E+00  4.5243E+01  1.1601E+00  9.4746E-01  8.0087E-01 -4.3515E-01  1.7181E-01  2.4943E-01  2.1342E-01  1.1545E-01
  1.3500E+02  3.3803E+00  4.5243E+01  1.1601E+00  9.4746E-01  8.0087E-01 -4.3515E-01  1.7181E-01  2.4943E-01  2.1342E-01  1.1545E-01
  1.3500E+02  3.3803E+00  4.5243E+01  1.1601E+00  9.4746E-01  8.0087E-01 -4.3515E-01  1.7181E-01  2.4943E-01  2.1342E-01  1.1545E-01
  1.3500E+02  3.3803E+00  4.5243E+01  1.1601E+00  9.4746E-01  8.0087E-01 -4.3515E-01  1.7181E-01  2.4943E-01  2.1342E-01  1.1545E-01
  1.3500E+02  3.3803E+00  4.5243E+01  1.1601E+00  9.4746E-01  8.0087E-01 -4.3515E-01  1.7181E-01  2.4943E-01  2.1342E-01  1.1545E-01
  1.3500E+02  3.3803E+00  4.5243E+01  1.1601E+00  9.4746E-01  8.0087E-01 -4.3515E-01  1.7181E-01  2.4943E-01  2.1342E-01  1.1545E-01
  1.3500E+02  3.3803E+00  4.5243E+01  1.1601E+00  9.4746E-01  8.0087E-01 -4.3515E-01  1.7181E-01  2.4943E-01  2.1342E-01  1.1545E-01
  1.3500E+02  3.3803E+00  4.5243E+01  1.1601E+00  9.4746E-01  8.0087E-01 -4.3515E-01  1.7181E-01  2.4943E-01  2.1342E-01  1.1545E-01
  1.3500E+02  3.3803E+00  4.5243E+01  1.1601E+00  9.4746E-01  8.0087E-01 -4.3515E-01  1.7181E-01  2.4943E-01  2.1342E-01  1.1545E-01
  1.3500E+02  3.3803E+00  4.5243E+01  1.1601E+00  9.4746E-01  8.0087E-01 -4.3515E-01  1.7181E-01  2.4943E-01  2.1342E-01  1.1545E-01
  1.3500E+02  3.3803E+00  4.5243E+01  1.1601E+00  9.4746E-01  8.0087E-01 -4.3515E-01  1.7181E-01  2.4943E-01  2.1342E-01  1.1545E-01
  1.3600E+02  4.0516E+00  3.7160E+01  9.2722E-01  6.1982E-01  8.2811E-01 -2.5400E-01 -2.5017E-02  1.6576E-02 -2.1093E-01  1.4890E-01
  1.3600E+02  4.0516E+00  3.7160E+01  9.2722E-01  6.1982E-01  8.2811E-01 -2.5400E-01 -2.5017E-02  1.6576E-02 -2.1093E-01  1.4890E-01
  1.3600E+02  4.0516E+00  3.7160E+01  9.2722E-01  6.1982E-01  8.2811E-01 -2.5400E-01 -2.5017E-02  1.6576E-02 -2.1093E-01  1.4890E-01
  1.3600E+02  4.0516E+00  3.7160E+01  9.2722E-01  6.1982E-01  8.2811E-01 -2.5400E-01 -2.5017E-02  1.6576E-02 -2.1093E-01  1.4890E-01
  1.3600E+02  4.0516E+00  3.7160E+01  9.2722E-01  6.1982E-01  8.2811E-01 -2.5400E-01 -2.5017E-02  1.6576E-02 -2.1093E-01  1.4890E-01
  1.3600E+02  4.0516E+00  3.7160E+01  9.2722E-01  6.1982E-01  8.2811E-01 -2.5400E-01 -2.5017E-02  1.6576E-02 -2.1093E-01  1.4890E-01
  1.3600E+02  4.0516E+00  3.7160E+01  9.2722E-01  6.1982E-01  8.2811E-01 -2.5400E-01 -2.5017E-02  1.6576E-02 -2.1093E-01  1.4890E-01
  1.3600E+02  4.0516E+00  3.7160E+01  9.2722E-01  6.1982E-01  8.2811E-01 -2.5400E-01 -2.5017E-02  1.6576E-02 -2.1093E-01  1.4890E-01
  1.3600E+02  4.0516E+00  3.7160E+01  9.2722E-01  6.1982E-01  8.2811E-01 -2.5400E-01 -2.5017E-02  1.6576E-02 -2.1093E-01  1.4890E-01
  1.3600E+02  4.0516E+00  3.7160E+01  9.2722E-01  6.1982E-01  8.2811E-01 -2.5400E-01 -2.5017E-02  1.6576E-02 -2.1093E-01  1.4890E-01
  1.3600E+02  4.0516E+00  3.7160E+01  9.2722E-01  6.1982E-01  8.2811E-01 -2.5400E-01 -2.5017E-02  1.6576E-02 -2.1093E-01  1.4890E-01
  1.3600E+02  4.0516E+00  3.7160E+01  9.2722E-01  6.1982E-01  8.2811E-01 -2.5400E-01 -2.5017E-02  1.6576E-02 -2.1093E-01  1.4890E-01
  1.3600E+02  4.0516E+00  3.7160E+01  9.2722E-01  6.1982E-01  8.2811E-01 -2.5400E-01 -2.5017E-02  1.6576E-02 -2.1093E-01  1.4890E-01
  1.3700E+02  8.5302E+00  3.4630E+01  1.2067E+00  7.0583E-01  1.0970E+00  4.9051E-01 -9.5511E-02  2.9606E-01 -8.0989E-02  4.3011E-01
  1.3700E+02  8.5302E+00  3.4630E+01  1.2067E+00  7.0583E-01  1.0970E+00  4.9051E-01 -9.5511E-02  2.9606E-01 -8.0989E-02  4.3011E-01
  1.3700E+02  8.5302E+00  3.4630E+01  1.2067E+00  7.0583E-01  1.0970E+00  4.9051E-01 -9.5511E-02  2.9606E-01 -8.0989E-02  4.3011E-01
  1.3700E+02  8.5302E+00  3.4630E+01  1.2067E+00  7.0583E-01  1.0970E+00  4.9051E-01 -9.5511E-02  2.9606E-01 -8.0989E-02  4.3011E-01
  1.3700E+02  8.5302E+00  3.4630E+01  1.2067E+00  7.0583E-01  1.0970E+00  4.9051E-01 -9.5511E-02  2.9606E-01 -8.0989E-02  4.3011E-01
  1.3700E+02  8.5302E+00  3.4630E+01  1.2067E+00  7.0583E-01  1.0970E+00  4.9051E-01 -9.5511E-02  2.9606E-01 -8.0989E-02  4.3011E-01
  1.3700E+02  8.5302E+00  3.4630E+01  1.2067E+00  7.0583E-01  1.0970E+00  4.9051E-01 -9.5511E-02  2.9606E-01 -8.0989E-02  4.3011E-01
  1.3700E+02  8.5302E+00  3.4630E+01  1.2067E+00  7.0583E-01  1.0970E+00  4.9051E-01 -9.5511E-02  2.9606E-01 -8.0989E-02  4.3011E-01
  1.3700E+02  8.5302E+00  3.4630E+01  1.2067E+00  7.0583E-01  1.0970E+00  4.9051E-01 -9.5511E-02  2.9606E-01 -8.0989E-02  4.3011E-01
  1.3700E+02  8.5302E+00  3.4630E+01  1.2067E+00  7.0583E-01  1.0970E+00  4.9051E-01 -9.5511E-02  2.9606E-01 -8.0989E-02  4.3011E-01
  1.3700E+02  8.5302E+00  3.4630E+01  1.2067E+00  7.0583E-01  1.0970E+00  4.9051E-01 -9.5511E-02  2.9606E-01 -8.0989E-02  4.3011E-01
  1.3700E+02  8.5302E+00  3.4630E+01  1.2067E+00  7.0583E-01  1.0970E+00  4.9051E-01 -9.5511E-02  2.9606E-01 -8.0989E-02  4.3011E-01
  1.3700E+02  8.5302E+00  3.4630E+01  1.2067E+00  7.0583E-01  1.0970E+00  4.9051E-01 -9.5511E-02  2.9606E-01 -8.0989E-02  4.3011E-01
  1.3800E+02  4.2420E+00  3.7127E+01  4.5825E-01  1.2536E+00  6.1365E-01 -2.0806E-01 -2.5897E-02 -4.5240E-01  4.9342E-01 -1.5083E-01
  1.3800E+02  4.2420E+00  3.7127E+01  4.5825E-01  1.2536E+00  6.1365E-01 -2.0806E-01 -2.5897E-02 -4.5240E-01  4.9342E-01 -1.5083E-01
  1.3800E+02  4.2420E+00  3.7127E+01  4.5825E-01  1.2536E+00  6.1365E-01 -2.0806E-01 -2.5897E-02 -4.5240E-01  4.9342E-01 -1.5083E-01
  1.3800E+02  4.2420E+00  3.7127E+01  4.5825E-01  1.2536E+00  6.1365E-01 -2.0806E-01 -2.5897E-02 -4.5240E-01  4.9342E-01 -1.5083E-01
  1.3800E+02  4.2420E+00  3.7127E+01  4.5825E-01  1.2536E+00  6.1365E-01 -2.0806E-01 -2.5897E-02 -4.5240E-01  4.9342E-01 -1.5083E-01
  1.3800E+02  4.2420E+00  3.7127E+01  4.5825E-01  1.2536E+00  6.1365E-01 -2.0806E-01 -2.5897E-02 -4.5240E-01  4.9342E-01 -1.5083E-01
  1.3800E+02  4.2420E+00  3.7127E+01  4.5825E-01  1.2536E+00  6.1365E-01 -2.0806E-01 -2.5897E-02 -4.5240E-01  4.9342E-01 -1.5083E-01
  1.3800E+02  4.2420E+00  3.7127E+01  4.5825E-01  1.2536E+00  6.1365E-01 -2.0806E-01 -2.5897E-02 -4.5240E-01  4.9342E-01 -1.5083E-01
  1.3800E+02  4.2420E+00  3.7127E+01  4.5825E-01  1.2536E+00  6.1365E-01 -2.0806E-01 -2.5897E-02 -4.5240E-01  4.9342E-01 -1.5083E-01
  1.3800E+02  4.2420E+00  3.7127E+01  4.5825E-01  1.2536E+00  6.1365E-01 -2.0806E-01 -2.5897E-02 -4.5240E-01  4.9342E-01 -1.5083E-01
  1.3800E+02  4.2420E+00  3.7127E+01  4.5825E-01  1.2536E+00  6.1365E-01 -2.0806E-01 -2.5897E-02 -4.5240E-01  4.9342E-01 -1.5083E-01
  1.3800E+02  4.2420E+00  3.7127E+01  4.5825E-01  1.2536E+00  6.1365E-01 -2.0806E-01 -2.5897E-02 -4.5240E-01  4.9342E-01 -1.5083E-01
  1.3800E+02  4.2420E+00  3.7127E+01  4.5825E-01  1.2536E+00  6.1365E-01 -2.0806E-01 -2.5897E-02 -4.5240E-01  4.9342E-01 -1.5083E-01
  1.3900E+02  3.7377E+00  3.2586E+01  1.0439E+00  4.4744E-01  9.6383E-01 -3.3463E-01 -1.5637E-01  1.3324E-01 -5.3683E-01  3.0067E-01
  1.3900E+02  3.7377E+00  3.2586E+01  1.0439E+00  4.4744E-01  9.6383E-01 -3.3463E-01 -1.5637E-01  1.3324E-01 -5.3683E-01  3.0067E-01
  1.3900E+02  3.7377E+00  3.2586E+01  1.0439E+00  4.4744E-01  9.6383E-01 -3.3463E-01 -1.5637E-01  1.3324E-01 -5.3683E-01  3.0067E-01
  1.3900E+02  3.7377E+00  3.2586E+01  1.0439E+00  4.4744E-01  9.6383E-01 -3.3463E-01 -1.5637E-01  1.3324E-01 -5.3683E-01  3.0067E-01
  1.3900E+02  3.7377E+00  3.2586E+01  1.0439E+00  4.4744E-01  9.6383E-01 -3.3463E-01 -1.5637E-01  1.3324E-01 -5.3683E-01  3.0067E-01
  1.3900E+02  3.7377E+00  3.2586E+01  1.0439E+00  4.4744E-01  9.6383E-01 -3.3463E-01 -1.5637E-01  1.3324E-01 -5.3683E-01  3.0067E-01
  1.3900E+02  3.7377E+00  3.2586E+01  1.0439E+00  4.4744E-01  9.6383E-01 -3.3463E-01 -1.5637E-01  1.3324E-01 -5.3683E-01  3.0067E-01
  1.3900E+02  3.7377E+00  3.2586E+01  1.0439E+00  4.4744E-01  9.6383E-01 -3.3463E-01 -1.5637E-01  1.3324E-01 -5.3683E-01  3.0067E-01
  1.3900E+02  3.7377E+00  3.2586E+01  1.0439E+00  4.4744E-01  9.6383E-01 -3.3463E-01 -1.5637E-01  1.3324E-01 -5.3683E-01  3.0067E-01
  1.3900E+02  3.7377E+00  3.2586E+01  1.0439E+00  4.4744E-01  9.6383E-01 -3.3463E-01 -1.5637E-01  1.3324E-01 -5.3683E-01  3.0067E-01
  1.3900E+02  3.7377E+00  3.2586E+01  1.0439E+00  4.4744E-01  9.6383E-01 -3.3463E-01 -1.5637E-01  1.3324E-01 -5.3683E-01  3.0067E-01
  1.3900E+02  3.7377E+00  3.2586E+01  1.0439E+00  4.4744E-01  9.6383E-01 -3.3463E-01 -1.5637E-01  1.3324E-01 -5.3683E-01  3.0067E-01
  1.3900E+02  3.7377E+00  3.2586E+01  1.0439E+00  4.4744E-01  9.6383E-01 -3.3463E-01 -1.5637E-01  1.3324E-01 -5.3683E-01  3.0067E-01
  1.4000E+02  5.4718E+00  2.5111E+01  8.2095E-01  8.6199E-01  6.7925E-01  4.6496E-02 -4.1695E-01 -8.9694E-02  1.1889E-01 -4.9264E-02
  1.4000E+02  5.4718E+00  2.5111E+01  8.2095E-01  8.6199E-01  6.7925E-01  4.6496E-02 -4.1695E-01 -8.9694E-02  1.1889E-01 -4.9264E-02
  1.4000E+02  5.4718E+00  2.5111E+01  8.2095E-01  8.6199E-01  6.7925E-01  4.6496E-02 -4.1695E-01 -8.9694E-02  1.1889E-01 -4.9264E-02
  1.4000E+02  5.4718E+00  2.5111E+01  8.2095E-01  8.6199E-01  6.7925E-01  4.6496E-02 -4.1695E-01 -8.9694E-02  1.1889E-01 -4.9264E-02
  1.4000E+02  5.4718E+00  2.5111E+01  8.2095E-01  8.6199E-01  6.7925E-01  4.6496E-02 -4.1695E-01 -8.9694E-02  1.1889E-01 -4.9264E-02
  1.4000E+02  5.4718E+00  2.5111E+01  8.2095E-01  8.6199E-01  6.7925E-01  4.6496E-02 -4.1695E-01 -8.9694E-02  1.1889E-01 -4.9264E-02
  1.4000E+02  5.4718E+00  2.5111E+01  8.2095E-01  8.6199E-01  6.7925E-01  4.6496E-02 -4.1695E-01 -8.9694E-02  1.1889E-01 -4.9264E-02
  1.4000E+02  5.4718E+00  2.5111E+01  8.2095E-01  8.6199E-01  6.7925E-01  4.6496E-02 -4.1695E-01 -8.9694E-02  1.1889E-01 -4.9264E-02
  1.4000E+02  5.4718E+00  2.5111E+01  8.2095E-01  8.6199E-01  6.7925E-01  4.6496E-02 -4.1695E-01 -8.9694E-02  1.1889E-01 -4.9264E-02
  1.4000E+02  5.4718E+00  2.5111E+01  8.2095E-01  8.6199E-01  6.7925E-01  4.6496E-02 -4.1695E-01 -8.9694E-02  1.1889E-01 -4.9264E-02
  1.4000E+02  5.4718E+00  2.5111E+01  8.2095E-01  8.6199E-01  6.7925E-01  4.6496E-02 -4.1695E-01 -8.9694E-02  1.1889E-01 -4.9264E-02
  1.4000E+02  5.4718E+00  2.5111E+01  8.2095E-01  8.6199E-01  6.7925E-01  4.6496E-02 -4.1695E-01 -8.9694E-02  1.1889E-01 -4.9264E-02
  1.4000E+02  5.4718E+00  2.5111E+01  8.2095E-01  8.6199E-01  6.7925E-01  4.6496E-02 -4.1695E-01 -8.9694E-02  1.1889E-01 -4.9264E-02
  1.4100E+02  5.3957E+00  6.2145E+01  1.2007E+00  9.4171E-01  9.2172E-01  3.2491E-02  4.8923E-01  2.9006E-01  2.0733E-01  2.5599E-01
  1.4100E+02  5.3957E+00  6.2145E+01  1.2007E+00  9.4171E-01  9.2172E-01  3.2491E-02  4.8923E-01  2.9006E-01  2.0733E-01  2.5599E-01
  1.4100E+02  5.3957E+00  6.2145E+01  1.2007E+00  9.4171E-01  9.2172E-01  3.2491E-02  4.8923E-01  2.9006E-01  2.0733E-01  2.5599E-01
  1.4100E+02  5.3957E+00  6.2145E+01  1.2007E+00  9.4171E-01  9.2172E-01  3.2491E-02  4.8923E-01  2.9006E-01  2.0733E-01  2.5599E-01
  1.4100E+02  5.3957E+00  6.2145E+01  1.2007E+00  9.4171E-01  9.2172E-01  3.2491E-02  4.8923E-01  2.9006E-01  2.0733E-01  2.5599E-01
  1.4100E+02  5.3957E+00  6.2145E+01  1.2007E+00  9.4171E-01  9.2172E-01  3.2491E-02  4.8923E-01  2.9006E-01  2.0733E-01  2.5599E-01
  1.4100E+02  5.3957E+00  6.2145E+01  1.2007E+00  9.4171E-01  9.2172E-01  3.2491E-02  4.8923E-01  2.9006E-01  2.0733E-01  2.5599E-01
  1.4100E+02  5.3957E+00  6.2145E+01  1.2007E+00  9.4171E-01  9.2172E-01  3.2491E-02  4.8923E-01  2.9006E-01  2.0733E-01  2.5599E-01
  1.4100E+02  5.3957E+00  6.2145E+01  1.2007E+00  9.4171E-01  9.2172E-01  3.2491E-02  4.8923E-01  2.9006E-01  2.0733E-01  2.5599E-01
  1.4100E+02  5.3957E+00  6.2145E+01  1.2007E+00  9.4171E-01  9.2172E-01  3.2491E-02  4.8923E-01  2.9006E-01  2.0733E-01  2.5599E-01
  1.4100E+02  5.3957E+00  6.2145E+01  1.2007E+00  9.4171E-01  9.2172E-01  3.2491E-02  4.8923E-01  2.9006E-01  2.0733E-01  2.5599E-01
  1.4100E+02  5.3957E+00  6.2145E+01  1.2007E+00  9.4171E-01  9.2172E-01  3.2491E-02  4.8923E-01  2.9006E-01  2.0733E-01  2.5599E-01
  1.4100E+02  5.3957E+00  6.2145E+01  1.2007E+00  9.4171E-01  9.2172E-01  3.2491E-02  4.8923E-01  2.9006E-01  2.0733E-01  2.5599E-01
  1.4200E+02  8.1773E+00  4.0838E+01  1.2806E+00  5.8120E-01  8.2489E-01  4.4826E-01  6.9379E-02  3.6991E-01 -2.7527E-01  1.4501E-01
  1.4200E+02  8.1773E+00  4.0838E+01  1.2806E+00  5.8120E-01  8.2489E-01  4.4826E-01  6.9379E-02  3.6991E-01 -2.7527E-01  1.4501E-01
  1.4200E+02  8.1773E+00  4.0838E+01  1.2806E+00  5.8120E-01  8.2489E-01  4.4826E-01  6.9379E-02  3.6991E-01 -2.7527E-01  1.4501E-01
  1.4200E+02  8.1773E+00  4.0838E+01  1.2806E+00  5.8120E-01  8.2489E-01  4.4826E-01  6.9379E-02  3.6991E-01 -2.7527E-01  1.4501E-01
  1.4200E+02  8.1773E+00  4.0838E+01  1.2806E+00  5.8120E-01  8.2489E-01  4.4826E-01  6.9379E-02  3.6991E-01 -2.7527E-01  1.4501E-01
  1.4200E+02  8.1773E+00  4.0838E+01  1.2806E+00  5.8120E-01  8.2489E-01  4.4826E-01  6.9379E-02  3.6991E-01 -2.7527E-01  1.4501E-01
  1.4200E+02  8.1773E+00  4.0838E+01  1.2806E+00  5.8120E-01  8.2489E-01  4.4826E-01  6.9379E-02  3.6991E-01 -2.7527E-01  1.4501E-01
  1.4200E+02  8.1773E+00  4.0838E+01  1.2806E+00  5.8120E-01  8.2489E-01  4.4826E-01  6.9379E-02  3.6991E-01 -2.7527E-01  1.4501E-01
  1.4200E+02  8.1773E+00  4.0838E+01  1.2806E+00  5.8120E-01  8.2489E-01  4.4826E-01  6.9379E-02  3.6991E-01 -2.7527E-01  1.4501E-01
  1.4200E+02  8.1773E+00  4.0838E+01  1.2806E+00  5.8120E-01  8.2489E-01  4.4826E-01  6.9379E-02  3.6991E-01 -2.7527E-01  1.4501E-01
  1.4200E+02  8.1773E+00  4.0838E+01  1.2806E+00  5.8120E-01  8.2489E-01  4.4826E-01  6.9379E-02  3.6991E-01 -2.7527E-01  1.4501E-01
  1.4200E+02  8.1773E+00  4.0838E+01  1.2806E+00  5.8120E-01  8.2489E-01  4.4826E-01  6.9379E-02  3.6991E-01 -2.7527E-01  1.4501E-01
  1.4200E+02  8.1773E+00  4.0838E+01  1.2806E+00  5.8120E-01  8.2489E-01  4.4826E-01  6.9379E-02  3.6991E-01 -2.7527E-01  1.4501E-01
  1.4300E+02  5.1321E+00  3.9805E+01  1.0109E+00  1.1509E+00  5.9045E-01 -1.7599E-02  4.3757E-02  1.0022E-01  4.0798E-01 -1.8936E-01
  1.4300E+02  5.1321E+00  3.9805E+01  1.0109E+00  1.1509E+00  5.9045E-01 -1.7599E-02  4.3757E-02  1.0022E-01  4.0798E-01 -1.8936E-01
  1.4300E+02  5.1321E+00  3.9805E+01  1.0109E+00  1.1509E+00  5.9045E-01 -1.7599E-02  4.3757E-02  1.0022E-01  4.0798E-01 -1.8936E-01
  1.4300E+02  5.1321E+00  3.9805E+01  1.0109E+00  1.1509E+00  5.9045E-01 -1.7599E-02  4.3757E-02  1.0022E-01  4.0798E-01 -1.8936E-01
  1.4300E+02  5.1321E+00  3.9805E+01  1.0109E+00  1.1509E+00  5.9045E-01 -1.7599E-02  4.3757E-02  1.0022E-01  4.0798E-01 -1.8936E-01
  1.4300E+02  5.1321E+00  3.9805E+01  1.0109E+00  1.1509E+00  5.9045E-01 -1.7599E-02  4.3757E-02  1.0022E-01  4.0798E-01 -1.8936E-01
  1.4300E+02  5.1321E+00  3.9805E+01  1.0109E+00  1.1509E+00  5.9045E-01 -1.7599E-02  4.3757E-02  1.0022E-01  4.0798E-01 -1.8936E-01
  1.4300E+02  5.1321E+00  3.9805E+01  1.0109E+00  1.1509E+00  5.9045E-01 -1.7599E-02  4.3757E-02  1.0022E-01  4.0798E-01 -1.8936E-01
  1.4300E+02  5.1321E+00  3.9805E+01  1.0109E+00  1.1509E+00  5.9045E-01 -1.7599E-02  4.3757E-02  1.0022E-01  4.0798E-01 -1.8936E-01
  1.4300E+02  5.1321E+00  3.9805E+01  1.0109E+00  1.1509E+00  5.9045E-01 -1.7599E-02  4.3757E-02  1.0022E-01  4.0798E-01 -1.8936E-01
  1.4300E+02  5.1321E+00  3.9805E+01  1.0109E+00  1.1509E+00  5.9045E-01 -1.7599E-02  4.3757E-02  1.0022E-01  4.0798E-01 -1.8936E-01
  1.4300E+02  5.1321E+00  3.9805E+01  1.0109E+00  1.1509E+00  5.9045E-01 -1.7599E-02  4.3757E-02  1.0022E-01  4.0798E-01 -1.8936E-01
  1.4300E+02  5.1321E+00  3.9805E+01  1.0109E+00  1.1509E+00  5.9045E-01 -1.7599E-02  4.3757E-02  1.0022E-01  4.0798E-01 -1.8936E-01
  1.4400E+02  4.7291E+00  2.3582E+01  8.9918E-01  1.3223E+00  7.8132E-01 -9.9359E-02 -4.7977E-01 -1.1467E-02  5.4679E-01  9.0742E-02
  1.4400E+02  4.7291E+00  2.3582E+01  8.9918E-01  1.3223E+00  7.8132E-01 -9.9359E-02 -4.7977E-01 -1.1467E-02  5.4679E-01  9.0742E-02
  1.4400E+02  4.7291E+00  2.3582E+01  8.9918E-01  1.3223E+00  7.8132E-01 -9.9359E-02 -4.7977E-01 -1.1467E-02  5.4679E-01  9.0742E-02
  1.4400E+02  4.7291E+00  2.3582E+01  8.9918E-01  1.3223E+00  7.8132E-01 -9.9359E-02 -4.7977E-01 -1.1467E-02  5.4679E-01  9.0742E-02
  1.4400E+02  4.7291E+00  2.3582E+01  8.9918E-01  1.3223E+00  7.8132E-01 -9.9359E-02 -4.7977E-01 -1.1467E-02  5.4679E-01  9.0742E-02
  1.4400E+02  4.7291E+00  2.3582E+01  8.9918E-01  1.3223E+00  7.8132E-01 -9.9359E-02 -4.7977E-01 -1.1467E-02  5.4679E-01  9.0742E-02
  1.4400E+02  4.7291E+00  2.3582E+01  8.9918E-01  1.3223E+00  7.8132E-01 -9.9359E-02 -4.7977E-01 -1.1467E-02  5.4679E-01  9.0742E-02
  1.4400E+02  4.7291E+00  2.3582E+01  8.9918E-01  1.3223E+00  7.8132E-01 -9.9359E-02 -4.7977E-01 -1.1467E-02  5.4679E-01  9.0742E-02
  1.4400E+02  4.7291E+00  2.3582E+01  8.9918E-01  1.3223E+00  7.8132E-01 -9.9359E-02 -4.7977E-01 -1.1467E-02  5.4679E-01  9.0742E-02
  1.4400E+02  4.7291E+00  2.3582E+01  8.9918E-01  1.3223E+00  7.8132E-01 -9.9359E-02 -4.7977E-01 -1.1467E-02  5.4679E-01  9.0742E-02
  1.4400E+02  4.7291E+00  2.3582E+01  8.9918E-01  1.3223E+00  7.8132E-01 -9.9359E-02 -4.7977E-01 -1.1467E-02  5.4679E-01  9.0742E-02
  1.4400E+02  4.7291E+00  2.3582E+01  8.9918E-01  1.3223E+00  7.8132E-01 -9.9359E-02 -4.7977E-01 -1.1467E-02  5.4679E-01  9.0742E-02
  1.4400E+02  4.7291E+00  2.3582E+01  8.9918E-01  1.3223E+00  7.8132E-01 -9.9359E-02 -4.7977E-01 -1.1467E-02  5.4679E-01  9.0742E-02
  1.4500E+02  7.5592E+00  3.7420E+01  4.9594E-01  6.1938E-01  6.5987E-01  3.6967E-01 -1.8047E-02 -4.1470E-01 -2.1164E-01 -7.8211E-02
  1.4500E+02  7.5592E+00  3.7420E+01  4.9594E-01  6.1938E-01  6.5987E-01  3.6967E-01 -1.8047E-02 -4.1470E-01 -2.1164E-01 -7.8211E-02
  1.4500E+02  7.5592E+00  3.7420E+01  4.9594E-01  6.1938E-01  6.5987E-01  3.6967E-01 -1.8047E-02 -4.1470E-01 -2.1164E-01 -7.8211E-02
  1.4500E+02  7.5592E+00  3.7420E+01  4.9594E-01  6.1938E-01  6.5987E-01  3.6967E-01 -1.8047E-02 -4.1470E-01 -2.1164E-01 -7.8211E-02
  1.4500E+02  7.5592E+00  3.7420E+01  4.9594E-01  6.1938E-01  6.5987E-01  3.6967E-01 -1.8047E-02 -4.1470E-01 -2.1164E-01 -7.8211E-02
  1.4500E+02  7.5592E+00  3.7420E+01  4.9594E-01  6.1938E-01  6.5987E-01  3.6967E-01 -1.8047E-02 -4.1470E-01 -2.1164E-01 -7.8211E-02
  1.4500E+02  7.5592E+00  3.7420E+01  4.9594E-01  6.1938E-01  6.5987E-01  3.6967E-01 -1.8047E-02 -4.1470E-01 -2.1164E-01 -7.8211E-02
  1.4500E+02  7.5592E+00  3.7420E+01  4.9594E-01  6.1938E-01  6.5987E-01  3.6967E-01 -1.8047E-02 -4.1470E-01 -2.1164E-01 -7.8211E-02
  1.4500E+02  7.5592E+00  3.7420E+01  4.9594E-01  6.1938E-01  6.5987E-01  3.6967E-01 -1.8047E-02 -4.1470E-01 -2.1164E-01 -7.8211E-02
  1.4500E+02  7.5592E+00  3.7420E+01  4.9594E-01  6.1938E-01  6.5987E-01  3.6967E-01 -1.8047E-02 -4.1470E-01 -2.1164E-01 -7.8211E-02
  1.4500E+02  7.5592E+00  3.7420E+01  4.9594E-01  6.1938E-01  6.5987E-01  3.6967E-01 -1.8047E-02 -4.1470E-01 -2.1164E-01 -7.8211E-02
  1.4500E+02  7.5592E+00  3.7420E+01  4.9594E-01  6.1938E-01  6.5987E-01  3.6967E-01 -1.8047E-02 -4.1470E-01 -2.1164E-01 -7.8211E-02
  1.4500E+02  7.5592E+00  3.7420E+01  4.9594E-01  6.1938E-01  6.5987E-01  3.6967E-01 -1.8047E-02 -4.1470E-01 -2.1164E-01 -7.8211E-02
  1.4600E+02  4.9685E+00  3.1925E+01  1.2077E+00  5.5295E-01  7.7638E-01 -4.9982E-02 -1.7685E-01  2.9708E-01 -3.2509E-01  8.4389E-02
  1.4600E+02  4.9685E+00  3.1925E+01  1.2077E+00  5.5295E-01  7.7638E-01 -4.9982E-02 -1.7685E-01  2.9708E-01 -3.2509E-01  8.4389E-02
  1.4600E+02  4.9685E+00  3.1925E+01  1.2077E+00  5.5295E-01  7.7638E-01 -4.9982E-02 -1.7685E-01  2.9708E-01 -3.2509E-01  8.4389E-02
  1.4600E+02  4.9685E+00  3.1925E+01  1.2077E+00  5.5295E-01  7.7638E-01 -4.9982E-02 -1.7685E-01  2.9708E-01 -3.2509E-01  8.4389E-02
  1.4600E+02  4.9685E+00  3.1925E+01  1.2077E+00  5.5295E-01  7.7638E-01 -4.9982E-02 -1.7685E-01  2.9708E-01 -3.2509E-01  8.4389E-02
  1.4600E+02  4.9685E+00  3.1925E+01  1.2077E+00  5.5295E-01  7.7638E-01 -4.9982E-02 -1.7685E-01  2.9708E-01 -3.2509E-01  8.4389E-02
  1.4600E+02  4.9685E+00  3.1925E+01  1.2077E+00  5.5295E-01  7.7638E-01 -4.9982E-02 -1.7685E-01  2.9708E-01 -3.2509E-01  8.4389E-02
  1.4600E+02  4.9685E+00  3.1925E+01  1.2077E+00  5.5295E-01  7.7638E-01 -4.9982E-02 -1.7685E-01  2.9708E-01 -3.2509E-01  8.4389E-02
  1.4600E+02  4.9685E+00  3.1925E+01  1.2077E+00  5.5295E-01  7.7638E-01 -4.9982E-02 -1.7685E-01  2.9708E-01 -3.2509E-01  8.4389E-02
  1.4600E+02  4.9685E+00  3.1925E+01  1.2077E+00  5.5295E-01  7.7638E-01 -4.9982E-02 -1.7685E-01  2.9708E-01 -3.2509E-01  8.4389E-02
  1.4600E+02  4.9685E+00  3.1925E+01  1.2077E+00  5.5295E-01  7.7638E-01 -4.9982E-02 -1.7685E-01  2.9708E-01 -3.2509E-01  8.4389E-02
  1.4600E+02  4.9685E+00  3.1925E+01  1.2077E+00  5.5295E-01  7.7638E-01 -4.9982E-02 -1.7685E-01  2.9708E-01 -3.2509E-01  8.4389E-02
  1.4600E+02  4.9685E+00  3.1925E+01  1.2077E+00  5.5295E-01  7.7638E-01 -4.9982E-02 -1.7685E-01  2.9708E-01 -3.2509E-01  8.4389E-02
  1.4700E+02  3.7955E+00  4.0163E+01  1.4855E+00  4.6715E-01  1.0976E+00 -3.1928E-01  5.2709E-02  5.7489E-01 -4.9372E-01  4.3065E-01
  1.4700E+02  3.7955E+00  4.0163E+01  1.4855E+00  4.6715E-01  1.0976E+00 -3.1928E-01  5.2709E-02  5.7489E-01 -4.9372E-01  4.3065E-01
  1.4700E+02  3.7955E+00  4.0163E+01  1.4855E+00  4.6715E-01  1.0976E+00 -3.1928E-01  5.2709E-02  5.7489E-01 -4.9372E-01  4.3065E-01
  1.4700E+02  3.7955E+00  4.0163E+01  1.4855E+00  4.6715E-01  1.0976E+00 -3.1928E-01  5.2709E-02  5.7489E-01 -4.9372E-01  4.3065E-01
  1.4700E+02  3.7955E+00  4.0163E+01  1.4855E+00  4.6715E-01  1.0976E+00 -3.1928E-01  5.2709E-02  5.7489E-01 -4.9372E-01  4.3065E-01
  1.4700E+02  3.7955E+00  4.0163E+01  1.4855E+00  4.6715E-01  1.0976E+00 -3.1928E-01  5.2709E-02  5.7489E-01 -4.9372E-01  4.3065E-01
  1.4700E+02  3.7955E+00  4.0163E+01  1.4855E+00  4.6715E-01  1.0976E+00 -3.1928E-01  5.2709E-02  5.7489E-01 -4.9372E-01  4.3065E-01
  1.4700E+02  3.7955E+00  4.0163E+01  1.4855E+00  4.6715E-01  1.0976E+00 -3.1928E-01  5.2709E-02  5.7489E-01 -4.9372E-01  4.3065E-01
  1.4700E+02  3.7955E+00  4.0163E+01  1.4855E+00  4.6715E-01  1.0976E+00 -3.1928E-01  5.2709E-02  5.7489E-01 -4.9372E-01  4.3065E-01
  1.4700E+02  3.7955E+00  4.0163E+01  1.4855E+00  4.6715E-01  1.0976E+00 -3.1928E-01  5.2709E-02  5.7489E-01 -4.9372E-01  4.3065E-01
  1.4700E+02  3.7955E+00  4.0163E+01  1.4855E+00  4.6715E-01  1.0976E+00 -3.1928E-01  5.2709E-02  5.7489E-01 -4.9372E-01  4.3065E-01
  1.4700E+02  3.7955E+00  4.0163E+01  1.4855E+00  4.6715E-01  1.0976E+00 -3.1928E-01  5.2709E-02  5.7489E-01 -4.9372E-01  4.3065E-01
  1.4700E+02  3.7955E+00  4.0163E+01  1.4855E+00  4.6715E-01  1.0976E+00 -3.1928E-01  5.2709E-02  5.7489E-01 -4.9372E-01  4.3065E-01
  1.4800E+02  4.9148E+00  3.9856E+01  1.2400E+00  1.1052E+00  6.6851E-01 -6.0858E-02  4.5021E-02  3.2937E-01  3.6739E-01 -6.5192E-02
  1.4800E+02  4.9148E+00  3.9856E+01  1.2400E+00  1.1052E+00  6.6851E-01 -6.0858E-02  4.5021E-02  3.2937E-01  3.6739E-01 -6.5192E-02
  1.4800E+02  4.9148E+00  3.9856E+01  1.2400E+00  1.1052E+00  6.6851E-01 -6.0858E-02  4.5021E-02  3.2937E-01  3.6739E-01 -6.5192E-02
  1.4800E+02  4.9148E+00  3.9856E+01  1.2400E+00  1.1052E+00  6.6851E-01 -6.0858E-02  4.5021E-02  3.2937E-01  3.6739E-01 -6.5192E-02
  1.4800E+02  4.9148E+00  3.9856E+01  1.2400E+00  1.1052E+00  6.6851E-01 -6.0858E-02  4.5021E-02  3.2937E-01  3.6739E-01 -6.5192E-02
  1.4800E+02  4.9148E+00  3.9856E+01  1.2400E+00  1.1052E+00  6.6851E-01 -6.0858E-02  4.5021E-02  3.2937E-01  3.6739E-01 -6.5192E-02
  1.4800E+02  4.9148E+00  3.9856E+01  1.2400E+00  1.1052E+00  6.6851E-01 -6.0858E-02  4.5021E-02  3.2937E-01  3.6739E-01 -6.5192E-02
  1.4800E+02  4.9148E+00  3.9856E+01  1.2400E+00  1.1052E+00  6.6851E-01 -6.0858E-02  4.5021E-02  3.2937E-01  3.6739E-01 -6.5192E-02
  1.4800E+02  4.9148E+00  3.9856E+01  1.2400E+00  1.1052E+00  6.6851E-01 -6.0858E-02  4.5021E-02  3.2937E-01  3.6739E-01 -6.5192E-02
  1.4800E+02  4.9148E+00  3.9856E+01  1.2400E+00  1.1052E+00  6.6851E-01 -6.0858E-02  4.5021E-02  3.2937E-01  3.6739E-01 -6.5192E-02
  1.4800E+02  4.9148E+00  3.9856E+01  1.2400E+00  1.1052E+00  6.6851E-01 -6.0858E-02  4.5021E-02  3.2937E-01  3.6739E-01 -6.5192E-02
  1.4800E+02  4.9148E+00  3.9856E+01  1.2400E+00  1.1052E+00  6.6851E-01 -6.0858E-02  4.5021E-02  3.2937E-01  3.6739E-01 -6.5192E-02
  1.4800E+02  4.9148E+00  3.9856E+01  1.2400E+00  1.1052E+00  6.6851E-01 -6.0858E-02  4.5021E-02  3.2937E-01  3.6739E-01 -6.5192E-02
  1.4900E+02  4.8947E+00  3.8247E+01  5.5433E-01  8.7390E-01  6.2770E-01 -6.4958E-02  3.8161E-03 -3.5632E-01  1.3261E-01 -1.2818E-01
  1.4900E+02  4.8947E+00  3.8247E+01  5.5433E-01  8.7390E-01  6.2770E-01 -6.4958E-02  3.8161E-03 -3.5632E-01  1.3261E-01 -1.2818E-01
  1.4900E+02  4.8947E+00  3.8247E+01  5.5433E-01  8.7390E-01  6.2770E-01 -6.4958E-02  3.8161E-03 -3.5632E-01  1.3261E-01 -1.2818E-01
  1.4900E+02  4.8947E+00  3.8247E+01  5.5433E-01  8.7390E-01  6.2770E-01 -6.4958E-02  3.8161E-03 -3.5632E-01  1.3261E-01 -1.2818E-01
  1.4900E+02  4.8947E+00  3.8247E+01  5.5433E-01  8.7390E-01  6.2770E-01 -6.4958E-02  3.8161E-03 -3.5632E-01  1.3261E-01 -1.2818E-01
  1.4900E+02  4.8947E+00  3.8247E+01  5.5433E-01  8.7390E-01  6.2770E-01 -6.4958E-02  3.8161E-03 -3.5632E-01  1.3261E-01 -1.2818E-01
  1.4900E+02  4.8947E+00  3.8247E+01  5.5433E-01  8.7390E-01  6.2770E-01 -6.4958E-02  3.8161E-03 -3.5632E-01  1.3261E-01 -1.2818E-01
  1.4900E+02  4.8947E+00  3.8247E+01  5.5433E-01  8.7390E-01  6.2770E-01 -6.4958E-02  3.8161E-03 -3.5632E-01  1.3261E-01 -1.2818E-01
  1.4900E+02  4.8947E+00  3.8247E+01  5.5433E-01  8.7390E-01  6.2770E-01 -6.4958E-02  3.8161E-03 -3.5632E-01  1.3261E-01 -1.2818E-01
  1.4900E+02  4.8947E+00  3.8247E+01  5.5433E-01  8.7390E-01  6.2770E-01 -6.4958E-02  3.8161E-03 -3.5632E-01  1.3261E-01 -1.2818E-01
  1.4900E+02  4.8947E+00  3.8247E+01  5.5433E-01  8.7390E-01  6.2770E-01 -6.4958E-02  3.8161E-03 -3.5632E-01  1.3261E-01 -1.2818E-01
  1.4900E+02  4.8947E+00  3.8247E+01  5.5433E-01  8.7390E-01  6.2770E-01 -6.4958E-02  3.8161E-03 -3.5632E-01  1.3261E-01 -1.2818E-01
  1.4900E+02  4.8947E+00  3.8247E+01  5.5433E-01  8.7390E-01  6.2770E-01 -6.4958E-02  3.8161E-03 -3.5632E-01  1.3261E-01 -1.2818E-01
  1.5000E+02  6.9641E+00  3.1278E+01  9.8754E-01  6.0681E-01  8.4911E-01  2.8766E-01 -1.9734E-01  7.6890E-02 -2.3215E-01  1.7394E-01
  1.5000E+02  6.9641E+00  3.1278E+01  9.8754E-01  6.0681E-01  8.4911E-01  2.8766E-01 -1.9734E-01  7.6890E-02 -2.3215E-01  1.7394E-01
  1.5000E+02  6.9641E+00  3.1278E+01  9.8754E-01  6.0681E-01  8.4911E-01  2.8766E-01 -1.9734E-01  7.6890E-02 -2.3215E-01  1.7394E-01
  1.5000E+02  6.9641E+00  3.1278E+01  9.8754E-01  6.0681E-01  8.4911E-01  2.8766E-01 -1.9734E-01  7.6890E-02 -2.3215E-01  1.7394E-01
  1.5000E+02  6.9641E+00  3.1278E+01  9.8754E-01  6.0681E-01  8.4911E-01  2.8766E-01 -1.9734E-01  7.6890E-02 -2.3215E-01  1.7394E-01
  1.5000E+02  6.9641E+00  3.1278E+01  9.8754E-01  6.0681E-01  8.4911E-01  2.8766E-01 -1.9734E-01  7.6890E-02 -2.3215E-01  1.7394E-01
  1.5000E+02  6.9641E+00  3.1278E+01  9.8754E-01  6.0681E-01  8.4911E-01  2.8766E-01 -1.9734E-01  7.6890E-02 -2.3215E-01  1.7394E-01
  1.5000E+02  6.9641E+00  3.1278E+01  9.8754E-01  6.0681E-01  8.4911E-01  2.8766E-01 -1.9734E-01  7.6890E-02 -2.3215E-01  1.7394E-01
  1.5000E+02  6.9641E+00  3.1278E+01  9.8754E-01  6.0681E-01  8.4911E-01  2.8766E-01 -1.9734E-01  7.6890E-02 -2.3215E-01  1.7394E-01
  1.5000E+02  6.9641E+00  3.1278E+01  9.8754E-01  6.0681E-01  8.4911E-01  2.8766E-01 -1.9734E-01  7.6890E-02 -2.3215E-01  1.7394E-01
  1.5000E+02  6.9641E+00  3.1278E+01  9.8754E-01  6.0681E-01  8.4911E-01  2.8766E-01 -1.9734E-01  7.6890E-02 -2.3215E-01  1.7394E-01
  1.5000E+02  6.9641E+00  3.1278E+01  9.8754E-01  6.0681E-01  8.4911E-01  2.8766E-01 -1.9734E-01  7.6890E-02 -2.3215E-01  1.7394E-01
  1.5000E+02  6.9641E+00  3.1278E+01  9.8754E-01  6.0681E-01  8.4911E-01  2.8766E-01 -1.9734E-01  7.6890E-02 -2.3215E-01  1.7394E-01
  1.5100E+02  6.0234E+00  2.4913E+01  4.1760E-01  5.0460E-01  1.0688E+00  1.4254E-01 -4.2484E-01 -4.9305E-01 -4.1659E-01  4.0409E-01
  1.5100E+02  6.0234E+00  2.4913E+01  4.1760E-01  5.0460E-01  1.0688E+00  1.4254E-01 -4.2484E-01 -4.9305E-01 -4.1659E-01  4.0409E-01
  1.5100E+02  6.0234E+00  2.4913E+01  4.1760E-01  5.0460E-01  1.0688E+00  1.4254E-01 -4.2484E-01 -4.9305E-01 -4.1659E-01  4.0409E-01
  1.5100E+02  6.0234E+00  2.4913E+01  4.1760E-01  5.0460E-01  1.0688E+00  1.4254E-01 -4.2484E-01 -4.9305E-01 -4.1659E-01  4.0409E-01
  1.5100E+02  6.0234E+00  2.4913E+01  4.1760E-01  5.0460E-01  1.0688E+00  1.4254E-01 -4.2484E-01 -4.9305E-01 -4.1659E-01  4.0409E-01
  1.5100E+02  6.0234E+00  2.4913E+01  4.1760E-01  5.0460E-01  1.0688E+00  1.4254E-01 -4.2484E-01 -4.9305E-01 -4.1659E-01  4.0409E-01
  1.5100E+02  6.0234E+00  2.4913E+01  4.1760E-01  5.0460E-01  1.0688E+00  1.4254E-01 -4.2484E-01 -4.9305E-01 -4.1659E-01  4.0409E-01
  1.5100E+02  6.0234E+00  2.4913E+01  4.1760E-01  5.0460E-01  1.0688E+00  1.4254E-01 -4.2484E-01 -4.9305E-01 -4.1659E-01  4.0409E-01
  1.5100E+02  6.0234E+00  2.4913E+01  4.1760E-01  5.0460E-01  1.0688E+00  1.4254E-01 -4.2484E-01 -4.9305E-01 -4.1659E-01  4.0409E-01
  1.5100E+02  6.0234E+00  2.4913E+01  4.1760E-01  5.0460E-01  1.0688E+00  1.4254E-01 -4.2484E-01 -4.9305E-01 -4.1659E-01  4.0409E-01
  1.5100E+02  6.0234E+00  2.4913E+01  4.1760E-01  5.0460E-01  1.0688E+00  1.4254E-01 -4.2484E-01 -4.9305E-01 -4.1659E-01  4.0409E-01
  1.5100E+02  6.0234E+00  2.4913E+01  4.1760E-01  5.0460E-01  1.0688E+00  1.4254E-01 -4.2484E-01 -4.9305E-01 -4.1659E-01  4.0409E-01
  1.5100E+02  6.0234E+00  2.4913E+01  4.1760E-01  5.0460E-01  1.0688E+00  1.4254E-01 -4.2484E-01 -4.9305E-01 -4.1659E-01  4.0409E-01
  1.5200E+02  7.6214E+00  3.9999E+01  9.0591E-01  7.8952E-01  7.9099E-01  3.7786E-01  4.8619E-02 -4.7428E-03  3.1056E-02  1.0303E-01
  1.5200E+02  7.6214E+00  3.9999E+01  9.0591E-01  7.8952E-01  7.9099E-01  3.7786E-01  4.8619E-02 -4.7428E-03  3.1056E-02  1.0303E-01
  1.5200E+02  7.6214E+00  3.9999E+01  9.0591E-01  7.8952E-01  7.9099E-01  3.7786E-01  4.8619E-02 -4.7428E-03  3.1056E-02  1.0303E-01
  1.5200E+02  7.6214E+00  3.9999E+01  9.0591E-01  7.8952E-01  7.9099E-01  3.7786E-01  4.8619E-02 -4.7428E-03  3.1056E-02  1.0303E-01
  1.5200E+02  7.6214E+00  3.9999E+01  9.0591E-01  7.8952E-01  7.9099E-01  3.7786E-01  4.8619E-02 -4.7428E-03  3.1056E-02  1.0303E-01
  1.5200E+02  7.6214E+00  3.9999E+01  9.0591E-01  7.8952E-01  7.9099E-01  3.7786E-01  4.8619E-02 -4.7428E-03  3.1056E-02  1.0303E-01
  1.5200E+02  7.6214E+00  3.9999E+01  9.0591E-01  7.8952E-01  7.9099E-01  3.7786E-01  4.8619E-02 -4.7428E-03  3.1056E-02  1.0303E-01
  1.5200E+02  7.6214E+00  3.9999E+01  9.0591E-01  7.8952E-01  7.9099E-01  3.7786E-01  4.8619E-02 -4.7428E-03  3.1056E-02  1.0303E-01
  1.5200E+02  7.6214E+00  3.9999E+01  9.0591E-01  7.8952E-01  7.9099E-01  3.7786E-01  4.8619E-02 -4.7428E-03  3.1056E-02  1.0303E-01
  1.5200E+02  7.6214E+00  3.9999E+01  9.0591E-01  7.8952E-01  7.9099E-01  3.7786E-01  4.8619E-02 -4.7428E-03  3.1056E-02  1.0303E-01
  1.5200E+02  7.6214E+00  3.9999E+01  9.0591E-01  7.8952E-01  7.9099E-01  3.7786E-01  4.8619E-02 -4.7428E-03  3.1056E-02  1.0303E-01
  1.5200E+02  7.6214E+00  3.9999E+01  9.0591E-01  7.8952E-01  7.9099E-01  3.7786E-01  4.8619E-02 -4.7428E-03  3.1056E-02  1.0303E-01
  1.5200E+02  7.6214E+00  3.9999E+01  9.0591E-01  7.8952E-01  7.9099E-01  3.7786E-01  4.8619E-02 -4.7428E-03  3.1056E-02  1.0303E-01
  1.5300E+02  7.4310E+00  3.6340E+01  6.5294E-01  9.4462E-01  6.2397E-01  3.5256E-01 -4.7329E-02 -2.5771E-01  2.1042E-01 -1.3415E-01
  1.5300E+02  7.4310E+00  3.6340E+01  6.5294E-01  9.4462E-01  6.2397E-01  3.5256E-01 -4.7329E-02 -2.5771E-01  2.1042E-01 -1.3415E-01
  1.5300E+02  7.4310E+00  3.6340E+01  6.5294E-01  9.4462E-01  6.2397E-01  3.5256E-01 -4.7329E-02 -2.5771E-01  2.1042E-01 -1.3415E-01
  1.5300E+02  7.4310E+00  3.6340E+01  6.5294E-01  9.4462E-01  6.2397E-01  3.5256E-01 -4.7329E-02 -2.5771E-01  2.1042E-01 -1.3415E-01
  1.5300E+02  7.4310E+00  3.6340E+01  6.5294E-01  9.4462E-01  6.2397E-01  3.5256E-01 -4.7329E-02 -2.5771E-01  2.1042E-01 -1.3415E-01
  1.5300E+02  7.4310E+00  3.6340E+01  6.5294E-01  9.4462E-01  6.2397E-01  3.5256E-01 -4.7329E-02 -2.5771E-01  2.1042E-01 -1.3415E-01
  1.5300E+02  7.4310E+00  3.6340E+01  6.5294E-01  9.4462E-01  6.2397E-01  3.5256E-01 -4.7329E-02 -2.5771E-01  2.1042E-01 -1.3415E-01
  1.5300E+02  7.4310E+00  3.6340E+01  6.5294E-01  9.4462E-01  6.2397E-01  3.5256E-01 -4.7329E-02 -2.5771E-01  2.1042E-01 -1.3415E-01
  1.5300E+02  7.4310E+00  3.6340E+01  6.5294E-01  9.4462E-01  6.2397E-01  3.5256E-01 -4.7329E-02 -2.5771E-01  2.1042E-01 -1.3415E-01
  1.5300E+02  7.4310E+00  3.6340E+01  6.5294E-01  9.4462E-01  6.2397E-01  3.5256E-01 -4.7329E-02 -2.5771E-01  2.1042E-01 -1.3415E-01
  1.5300E+02  7.4310E+00  3.6340E+01  6.5294E-01  9.4462E-01  6.2397E-01  3.5256E-01 -4.7329E-02 -2.5771E-01  2.1042E-01 -1.3415E-01
  1.5300E+02  7.4310E+00  3.6340E+01  6.5294E-01  9.4462E-01  6.2397E-01  3.5256E-01 -4.7329E-02 -2.5771E-01  2.1042E-01 -1.3415E-01
  1.5300E+02  7.4310E+00  3.6340E+01  6.5294E-01  9.4462E-01  6.2397E-01  3.5256E-01 -4.7329E-02 -2.5771E-01  2.1042E-01 -1.3415E-01
  1.5400E+02  4.4403E+00  3.6591E+01  4.2265E-01  7.3288E-01  6.9328E-01 -1.6238E-01 -4.0449E-02 -4.8800E-01 -4.3379E-02 -2.8812E-02
  1.5400E+02  4.4403E+00  3.6591E+01  4.2265E-01  7.3288E-01  6.9328E-01 -1.6238E-01 -4.0449E-02 -4.8800E-01 -4.3379E-02 -2.8812E-02
  1.5400E+02  4.4403E+00  3.6591E+01  4.2265E-01  7.3288E-01  6.9328E-01 -1.6238E-01 -4.0449E-02 -4.8800E-01 -4.3379E-02 -2.8812E-02
  1.5400E+02  4.4403E+00  3.6591E+01  4.2265E-01  7.3288E-01  6.9328E-01 -1.6238E-01 -4.0449E-02 -4.8800E-01 -4.3379E-02 -2.8812E-02
  1.5400E+02  4.4403E+00  3.6591E+01  4.2265E-01  7.3288E-01  6.9328E-01 -1.6238E-01 -4.0449E-02 -4.8800E-01 -4.3379E-02 -2.8812E-02
  1.5400E+02  4.4403E+00  3.6591E+01  4.2265E-01  7.3288E-01  6.9328E-01 -1.6238E-01 -4.0449E-02 -4.8800E-01 -4.3379E-02 -2.8812E-02
  1.5400E+02  4.4403E+00  3.6591E+01  4.2265E-01  7.3288E-01  6.9328E-01 -1.6238E-01 -4.0449E-02 -4.8800E-01 -4.3379E-02 -2.8812E-02
  1.5400E+02  4.4403E+00  3.6591E+01  4.2265E-01  7.3288E-01  6.9328E-01 -1.6238E-01 -4.0449E-02 -4.8800E-01 -4.3379E-02 -2.8812E-02
  1.5400E+02  4.4403E+00  3.6591E+01  4.2265E-01  7.3288E-01  6.9328E-01 -1.6238E-01 -4.0449E-02 -4.8800E-01 -4.3379E-02 -2.8812E-02
  1.5400E+02  4.4403E+00  3.6591E+01  4.2265E-01  7.3288E-01  6.9328E-01 -1.6238E-01 -4.0449E-02 -4.8800E-01 -4.3379E-02 -2.8812E-02
  1.5400E+02  4.4403E+00  3.6591E+01  4.2265E-01  7.3288E-01  6.9328E-01 -1.6238E-01 -4.0449E-02 -4.8800E-01 -4.3379E-02 -2.8812E-02
  1.5400E+02  4.4403E+00  3.6591E+01  4.2265E-01  7.3288E-01  6.9328E-01 -1.6238E-01 -4.0449E-02 -4.8800E-01 -4.3379E-02 -2.8812E-02
  1.5400E+02  4.4403E+00  3.6591E+01  4.2265E-01  7.3288E-01  6.9328E-01 -1.6238E-01 -4.0449E-02 -4.8800E-01 -4.3379E-02 -2.8812E-02
  1.5500E+02  3.4890E+00  5.4848E+01  1.4122E+00  6.5369E-01  8.4202E-01 -4.0348E-01  3.6433E-01  5.0152E-01 -1.5773E-01  1.6555E-01
  1.5500E+02  3.4890E+00  5.4848E+01  1.4122E+00  6.5369E-01  8.4202E-01 -4.0348E-01  3.6433E-01  5.0152E-01 -1.5773E-01  1.6555E-01
  1.5500E+02  3.4890E+00  5.4848E+01  1.4122E+00  6.5369E-01  8.4202E-01 -4.0348E-01  3.6433E-01  5.0152E-01 -1.5773E-01  1.6555E-01
  1.5500E+02  3.4890E+00  5.4848E+01  1.4122E+00  6.5369E-01  8.4202E-01 -4.0348E-01  3.6433E-01  5.0152E-01 -1.5773E-01  1.6555E-01
  1.5500E+02  3.4890E+00  5.4848E+01  1.4122E+00  6.5369E-01  8.4202E-01 -4.0348E-01  3.6433E-01  5.0152E-01 -1.5773E-01  1.6555E-01
  1.5500E+02  3.4890E+00  5.4848E+01  1.4122E+00  6.5369E-01  8.4202E-01 -4.0348E-01  3.6433E-01  5.0152E-01 -1.5773E-01  1.6555E-01
  1.5500E+02  3.4890E+00  5.4848E+01  1.4122E+00  6.5369E-01  8.4202E-01 -4.0348E-01  3.6433E-01  5.0152E-01 -1.5773E-01  1.6555E-01
  1.5500E+02  3.4890E+00  5.4848E+01  1.4122E+00  6.5369E-01  8.4202E-01 -4.0348E-01  3.6433E-01  5.0152E-01 -1.5773E-01  1.6555E-01
  1.5500E+02  3.4890E+00  5.4848E+01  1.4122E+00  6.5369E-01  8.4202E-01 -4.0348E-01  3.6433E-01  5.0152E-01 -1.5773E-01  1.6555E-01
  1.5500E+02  3.4890E+00  5.4848E+01  1.4122E+00  6.5369E-01  8.4202E-01 -4.0348E-01  3.6433E-01  5.0152E-01 -1.5773E-01  1.6555E-01
  1.5500E+02  3.4890E+00  5.4848E+01  1.4122E+00  6.5369E-01  8.4202E-01 -4.0348E-01  3.6433E-01  5.0152E-01 -1.5773E-01  1.6555E-01
  1.5500E+02  3.4890E+00  5.4848E+01  1.4122E+00  6.5369E-01  8.4202E-01 -4.0348E-01  3.6433E-01  5.0152E-01 -1.5773E-01  1.6555E-01
  1.5500E+02  3.4890E+00  5.4848E+01  1.4122E+00  6.5369E-01  8.4202E-01 -4.0348E-01  3.6433E-01  5.0152E-01 -1.5773E-01  1.6555E-01
  1.5600E+02  4.1206E+00  3.4945E+01  9.3876E-01  6.2098E-01  7.1125E-01 -2.3712E-01 -8.6471E-02  2.8111E-02 -2.0906E-01 -3.2276E-03
  1.5600E+02  4.1206E+00  3.4945E+01  9.3876E-01  6.2098E-01  7.1125E-01 -2.3712E-01 -8.6471E-02  2.8111E-02 -2.0906E-01 -3.2276E-03
  1.5600E+02  4.1206E+00  3.4945E+01  9.3876E-01  6.2098E-01  7.1125E-01 -2.3712E-01 -8.6471E-02  2.8111E-02 -2.0906E-01 -3.2276E-03
  1.5600E+02  4.1206E+00  3.4945E+01  9.3876E-01  6.2098E-01  7.1125E-01 -2.3712E-01 -8.6471E-02  2.8111E-02 -2.0906E-01 -3.2276E-03
  1.5600E+02  4.1206E+00  3.4945E+01  9.3876E-01  6.2098E-01  7.1125E-01 -2.3712E-01 -8.6471E-02  2.8111E-02 -2.0906E-01 -3.2276E-03
  1.5600E+02  4.1206E+00  3.4945E+01  9.3876E-01  6.2098E-01  7.1125E-01 -2.3712E-01 -8.6471E-02  2.8111E-02 -2.0906E-01 -3.2276E-03
  1.5600E+02  4.1206E+00  3.4945E+01  9.3876E-01  6.2098E-01  7.1125E-01 -2.3712E-01 -8.6471E-02  2.8111E-02 -2.0906E-01 -3.2276E-03
  1.5600E+02  4.1206E+00  3.4945E+01  9.3876E-01  6.2098E-01  7.1125E-01 -2.3712E-01 -8.6471E-02  2.8111E-02 -2.0906E-01 -3.2276E-03
  1.5600E+02  4.1206E+00  3.4945E+01  9.3876E-01  6.2098E-01  7.1125E-01 -2.3712E-01 -8.6471E-02  2.8111E-02 -2.0906E-01 -3.2276E-03
  1.5600E+02  4.1206E+00  3.4945E+01  9.3876E-01  6.2098E-01  7.1125E-01 -2.3712E-01 -8.6471E-02  2.8111E-02 -2.0906E-01 -3.2276E-03
  1.5600E+02  4.1206E+00  3.4945E+01  9.3876E-01  6.2098E-01  7.1125E-01 -2.3712E-01 -8.6471E-02  2.8111E-02 -2.0906E-01 -3.2276E-03
  1.5600E+02  4.1206E+00  3.4945E+01  9.3876E-01  6.2098E-01  7.1125E-01 -2.3712E-01 -8.6471E-02  2.8111E-02 -2.0906E-01 -3.2276E-03
  1.5600E+02  4.1206E+00  3.4945E+01  9.3876E-01  6.2098E-01  7.1125E-01 -2.3712E-01 -8.6471E-02  2.8111E-02 -2.0906E-01 -3.2276E-03
  1.5700E+02  1.1369E+01  4.0558E+01  4.2802E-01  6.3438E-01  4.1818E-01  7.7778E-01  6.2493E-02 -4.8262E-01 -1.8772E-01 -5.3434E-01
  1.5700E+02  1.1369E+01  4.0558E+01  4.2802E-01  6.3438E-01  4.1818E-01  7.7778E-01  6.2493E-02 -4.8262E-01 -1.8772E-01 -5.3434E-01
  1.5700E+02  1.1369E+01  4.0558E+01  4.2802E-01  6.3438E-01  4.1818E-01  7.7778E-01  6.2493E-02 -4.8262E-01 -1.8772E-01 -5.3434E-01
  1.5700E+02  1.1369E+01  4.0558E+01  4.2802E-01  6.3438E-01  4.1818E-01  7.7778E-01  6.2493E-02 -4.8262E-01 -1.8772E-01 -5.3434E-01
  1.5700E+02  1.1369E+01  4.0558E+01  4.2802E-01  6.3438E-01  4.1818E-01  7.7778E-01  6.2493E-02 -4.8262E-01 -1.8772E-01 -5.3434E-01
  1.5700E+02  1.1369E+01  4.0558E+01  4.2802E-01  6.3438E-01  4.1818E-01  7.7778E-01  6.2493E-02 -4.8262E-01 -1.8772E-01 -5.3434E-01
  1.5700E+02  1.1369E+01  4.0558E+01  4.2802E-01  6.3438E-01  4.1818E-01  7.7778E-01  6.2493E-02 -4.8262E-01 -1.8772E-01 -5.3434E-01
  1.5700E+02  1.1369E+01  4.0558E+01  4.2802E-01  6.3438E-01  4.1818E-01  7.7778E-01  6.2493E-02 -4.8262E-01 -1.8772E-01 -5.3434E-01
  1.5700E+02  1.1369E+01  4.0558E+01  4.2802E-01  6.3438E-01  4.1818E-01  7.7778E-01  6.2493E-02 -4.8262E-01 -1.8772E-01 -5.3434E-01
  1.5700E+02  1.1369E+01  4.0558E+01  4.2802E-01  6.3438E-01  4.1818E-01  7.7778E-01  6.2493E-02 -4.8262E-01 -1.8772E-01 -5.3434E-01
  1.5700E+02  1.1369E+01  4.0558E+01  4.2802E-01  6.3438E-01  4.1818E-01  7.7778E-01  6.2493E-02 -4.8262E-01 -1.8772E-01 -5.3434E-01
  1.5700E+02  1.1369E+01  4.0558E+01  4.2802E-01  6.3438E-01  4.1818E-01  7.7778E-01  6.2493E-02 -4.8262E-01 -1.8772E-01 -5.3434E-01
  1.5700E+02  1.1369E+01  4.0558E+01  4.2802E-01  6.3438E-01  4.1818E-01  7.7778E-01  6.2493E-02 -4.8262E-01 -1.8772E-01 -5.3434E-01
  1.5800E+02  8.0563E+00  5.0149E+01  9.5203E-01  2.8726E+00  6.3891E-01  4.3335E-01  2.7475E-01  4.1377E-02  1.3226E+00 -1.1048E-01
  1.5800E+02  8.0563E+00  5.0149E+01  9.5203E-01  2.8726E+00  6.3891E-01  4.3335E-01  2.7475E-01  4.1377E-02  1.3226E+00 -1.1048E-01
  1.5800E+02  8.0563E+00  5.0149E+01  9.5203E-01  2.8726E+00  6.3891E-01  4.3335E-01  2.7475E-01  4.1377E-02  1.3226E+00 -1.1048E-01
  1.5800E+02  8.0563E+00  5.0149E+01  9.5203E-01  2.8726E+00  6.3891E-01  4.3335E-01  2.7475E-01  4.1377E-02  1.3226E+00 -1.1048E-01
  1.5800E+02  8.0563E+00  5.0149E+01  9.5203E-01  2.8726E+00  6.3891E-01  4.3335E-01  2.7475E-01  4.1377E-02  1.3226E+00 -1.1048E-01
  1.5800E+02  8.0563E+00  5.0149E+01  9.5203E-01  2.8726E+00  6.3891E-01  4.3335E-01  2.7475E-01  4.1377E-02  1.3226E+00 -1.1048E-01
  1.5800E+02  8.0563E+00  5.0149E+01  9.5203E-01  2.8726E+00  6.3891E-01  4.3335E-01  2.7475E-01  4.1377E-02  1.3226E+00 -1.1048E-01
  1.5800E+02  8.0563E+00  5.0149E+01  9.5203E-01  2.8726E+00  6.3891E-01  4.3335E-01  2.7475E-01  4.1377E-02  1.3226E+00 -1.1048E-01
  1.5800E+02  8.0563E+00  5.0149E+01  9.5203E-01  2.8726E+00  6.3891E-01  4.3335E-01  2.7475E-01  4.1377E-02  1.3226E+00 -1.1048E-01
  1.5800E+02  8.0563E+00  5.0149E+01  9.5203E-01  2.8726E+00  6.3891E-01  4.3335E-01  2.7475E-01  4.1377E-02  1.3226E+00 -1.1048E-01
  1.5800E+02  8.0563E+00  5.0149E+01  9.5203E-01  2.8726E+00  6.3891E-01  4.3335E-01  2.7475E-01  4.1377E-02  1.3226E+00 -1.1048E-01
  1.5800E+02  8.0563E+00  5.0149E+01  9.5203E-01  2.8726E+00  6.3891E-01  4.3335E-01  2.7475E-01  4.1377E-02  1.3226E+00 -1.1048E-01
  1.5800E+02  8.0563E+00  5.0149E+01  9.5203E-01  2.8726E+00  6.3891E-01  4.3335E-01  2.7475E-01  4.1377E-02  1.3226E+00 -1.1048E-01
  1.5900E+02  6.1262E+00  3.6488E+01  8.3379E-01  1.3234E+00  5.8899E-01  1.5947E-01 -4.3267E-02 -7.6860E-02  5.4761E-01 -1.9183E-01
  1.5900E+02  6.1262E+00  3.6488E+01  8.3379E-01  1.3234E+00  5.8899E-01  1.5947E-01 -4.3267E-02 -7.6860E-02  5.4761E-01 -1.9183E-01
  1.5900E+02  6.1262E+00  3.6488E+01  8.3379E-01  1.3234E+00  5.8899E-01  1.5947E-01 -4.3267E-02 -7.6860E-02  5.4761E-01 -1.9183E-01
  1.5900E+02  6.1262E+00  3.6488E+01  8.3379E-01  1.3234E+00  5.8899E-01  1.5947E-01 -4.3267E-02 -7.6860E-02  5.4761E-01 -1.9183E-01
  1.5900E+02  6.1262E+00  3.6488E+01  8.3379E-01  1.3234E+00  5.8899E-01  1.5947E-01 -4.3267E-02 -7.6860E-02  5.4761E-01 -1.9183E-01
  1.5900E+02  6.1262E+00  3.6488E+01  8.3379E-01  1.3234E+00  5.8899E-01  1.5947E-01 -4.3267E-02 -7.6860E-02  5.4761E-01 -1.9183E-01
  1.5900E+02  6.1262E+00  3.6488E+01  8.3379E-01  1.3234E+00  5.8899E-01  1.5947E-01 -4.3267E-02 -7.6860E-02  5.4761E-01 -1.9183E-01
  1.5900E+02  6.1262E+00  3.6488E+01  8.3379E-01  1.3234E+00  5.8899E-01  1.5947E-01 -4.3267E-02 -7.6860E-02  5.4761E-01 -1.9183E-01
  1.5900E+02  6.1262E+00  3.6488E+01  8.3379E-01  1.3234E+00  5.8899E-01  1.5947E-01 -4.3267E-02 -7.6860E-02  5.4761E-01 -1.9183E-01
  1.5900E+02  6.1262E+00  3.6488E+01  8.3379E-01  1.3234E+00  5.8899E-01  1.5947E-01 -4.3267E-02 -7.6860E-02  5.4761E-01 -1.9183E-01
  1.5900E+02  6.1262E+00  3.6488E+01  8.3379E-01  1.3234E+00  5.8899E-01  1.5947E-01 -4.3267E-02 -7.6860E-02  5.4761E-01 -1.9183E-01
  1.5900E+02  6.1262E+00  3.6488E+01  8.3379E-01  1.3234E+00  5.8899E-01  1.5947E-01 -4.3267E-02 -7.6860E-02  5.4761E-01 -1.9183E-01
  1.5900E+02  6.1262E+00  3.6488E+01  8.3379E-01  1.3234E+00  5.8899E-01  1.5947E-01 -4.3267E-02 -7.6860E-02  5.4761E-01 -1.9183E-01
  1.6000E+02  3.5172E+00  3.4750E+01  1.4248E+00  8.3207E-01  7.2657E-01 -3.9545E-01 -9.2054E-02  5.1411E-01  8.3558E-02  1.8089E-02
  1.6000E+02  3.5172E+00  3.4750E+01  1.4248E+00  8.3207E-01  7.2657E-01 -3.9545E-01 -9.2054E-02  5.1411E-01  8.3558E-02  1.8089E-02
  1.6000E+02  3.5172E+00  3.4750E+01  1.4248E+00  8.3207E-01  7.2657E-01 -3.9545E-01 -9.2054E-02  5.1411E-01  8.3558E-02  1.8089E-02
  1.6000E+02  3.5172E+00  3.4750E+01  1.4248E+00  8.3207E-01  7.2657E-01 -3.9545E-01 -9.2054E-02  5.1411E-01  8.3558E-02  1.8089E-02
  1.6000E+02  3.5172E+00  3.4750E+01  1.4248E+00  8.3207E-01  7.2657E-01 -3.9545E-01 -9.2054E-02  5.1411E-01  8.3558E-02  1.8089E-02
  1.6000E+02  3.5172E+00  3.4750E+01  1.4248E+00  8.3207E-01  7.2657E-01 -3.9545E-01 -9.2054E-02  5.1411E-01  8.3558E-02  1.8089E-02
  1.6000E+02  3.5172E+00  3.4750E+01  1.4248E+00  8.3207E-01  7.2657E-01 -3.9545E-01 -9.2054E-02  5.1411E-01  8.3558E-02  1.8089E-02
  1.6000E+02  3.5172E+00  3.4750E+01  1.4248E+00  8.3207E-01  7.2657E-01 -3.9545E-01 -9.2054E-02  5.1411E-01  8.3558E-02  1.8089E-02
  1.6000E+02  3.5172E+00  3.4750E+01  1.4248E+00  8.3207E-01  7.2657E-01 -3.9545E-01 -9.2054E-02  5.1411E-01  8.3558E-02  1.8089E-02
  1.6000E+02  3.5172E+00  3.4750E+01  1.4248E+00  8.3207E-01  7.2657E-01 -3.9545E-01 -9.2054E-02  5.1411E-01  8.3558E-02  1.8089E-02
  1.6000E+02  3.5172E+00  3.4750E+01  1.4248E+00  8.3207E-01  7.2657E-01 -3.9545E-01 -9.2054E-02  5.1411E-01  8.3558E-02  1.8089E-02
  1.6000E+02  3.5172E+00  3.4750E+01  1.4248E+00  8.3207E-01  7.2657E-01 -3.9545E-01 -9.2054E-02  5.1411E-01  8.3558E-02  1.8089E-02
  1.6000E+02  3.5172E+00  3.4750E+01  1.4248E+00  8.3207E-01  7.2657E-01 -3.9545E-01 -9.2054E-02  5.1411E-01  8.3558E-02  1.8089E-02
