TABLE NO.  1
 ID          TIME        DVID        ARM         DOSE        DV          MDV         IPRE        IWRE        CWRES       DV          PRED        RES         WRES
  1.2100E+02  0.0000E+00  2.0000E+00  4.0000E+00  1.6000E+02  6.7000E+00  0.0000E+00  7.4010E+00 -1.0543E+00 -1.0095E+00  6.7000E+00  7.1313E+00 -4.3133E-01 -9.2311E-01
  1.2100E+02  5.0000E-01  1.0000E+00  4.0000E+00  1.6000E+02  4.9950E+00  0.0000E+00  4.4932E+00  7.5286E-01  1.2236E+00  4.9950E+00  3.9212E+00  1.0738E+00  1.3695E+00
  1.2100E+02  5.0000E-01  2.0000E+00  4.0000E+00  1.6000E+02  5.4000E+00  0.0000E+00  4.3726E+00  1.3662E+00  1.3551E+00  5.4000E+00  4.1125E+00  1.2875E+00  1.3750E+00
  1.2100E+02  1.0000E+00  2.0000E+00  4.0000E+00  1.6000E+02  3.8000E+00  0.0000E+00  4.3226E+00 -6.9584E-01 -6.9712E-01  3.8000E+00  4.0343E+00 -2.3435E-01 -6.9752E-01
  1.2100E+02  2.0000E+00  1.0000E+00  4.0000E+00  1.6000E+02  2.4910E+00  0.0000E+00  3.3271E+00 -1.6942E+00 -1.5790E+00  2.4910E+00  3.1923E+00 -7.0135E-01 -1.5944E+00
  1.2100E+02  2.0000E+00  2.0000E+00  4.0000E+00  1.6000E+02  5.3000E+00  0.0000E+00  4.2491E+00  1.4023E+00  1.4235E+00  5.3000E+00  3.9042E+00  1.3958E+00  1.4401E+00
  1.2100E+02  4.0000E+00  2.0000E+00  4.0000E+00  1.6000E+02  4.2000E+00  0.0000E+00  4.2002E+00 -2.5962E-04  8.1185E-02  4.2000E+00  3.7349E+00  4.6513E-01  6.6645E-02
  1.2100E+02  6.0000E+00  1.0000E+00  4.0000E+00  1.6000E+02  1.8120E+00  0.0000E+00  1.4932E+00  1.4395E+00  9.5492E-01  1.8120E+00  1.8449E+00 -3.2869E-02  7.2381E-01
  1.2100E+02  6.0000E+00  2.0000E+00  4.0000E+00  1.6000E+02  3.2000E+00  0.0000E+00  4.2669E+00 -1.4229E+00 -1.2581E+00  3.2000E+00  3.6650E+00 -4.6496E-01 -1.3219E+00
  1.2100E+02  8.0000E+00  2.0000E+00  4.0000E+00  1.6000E+02  3.2000E+00  0.0000E+00  4.4284E+00 -1.6312E+00 -1.3649E+00  3.2000E+00  3.6736E+00 -4.7363E-01 -1.4531E+00
  1.2100E+02  1.2000E+01  1.0000E+00  4.0000E+00  1.6000E+02  4.0700E-01  0.0000E+00  4.4891E-01 -6.2937E-01 -1.3148E+00  4.0700E-01  8.1049E-01 -4.0349E-01 -6.2506E-01
  1.2100E+02  1.2000E+01  2.0000E+00  4.0000E+00  1.6000E+02  5.8000E+00  0.0000E+00  4.9168E+00  1.1653E+00  1.6180E+00  5.8000E+00  3.8606E+00  1.9394E+00  1.5904E+00
  1.2100E+02  2.4000E+01  2.0000E+00  4.0000E+00  1.6000E+02  6.7000E+00  0.0000E+00  5.9079E+00  1.0627E+00  1.3846E+00  6.7000E+00  4.7964E+00  1.9036E+00  1.3104E+00
  1.2200E+02  0.0000E+00  2.0000E+00  4.0000E+00  1.6000E+02  8.0000E+00  0.0000E+00  7.5471E+00  6.9429E-01  9.2384E-01  8.0000E+00  7.1313E+00  8.6867E-01  9.2044E-01
  1.2200E+02  5.0000E-01  1.0000E+00  4.0000E+00  1.6000E+02  3.7110E+00  0.0000E+00  3.8144E+00 -1.8273E-01 -2.8073E-01  3.7110E+00  3.9212E+00 -2.1016E-01 -1.3187E-01
  1.2200E+02  5.0000E-01  2.0000E+00  4.0000E+00  1.6000E+02  4.5000E+00  0.0000E+00  4.5554E+00 -7.3418E-02  1.7694E-01  4.5000E+00  4.1125E+00  3.8748E-01  2.0429E-01
  1.2200E+02  1.0000E+00  2.0000E+00  4.0000E+00  1.6000E+02  4.8000E+00  0.0000E+00  4.4101E+00  5.1798E-01  7.3382E-01  4.8000E+00  4.0343E+00  7.6565E-01  7.5943E-01
  1.2200E+02  2.0000E+00  1.0000E+00  4.0000E+00  1.6000E+02  3.2190E+00  0.0000E+00  3.3252E+00 -2.1540E-01 -1.8240E-01  3.2190E+00  3.1923E+00  2.6650E-02 -1.5302E-01
  1.2200E+02  2.0000E+00  2.0000E+00  4.0000E+00  1.6000E+02  4.4000E+00  0.0000E+00  4.1551E+00  3.2778E-01  4.7942E-01  4.4000E+00  3.9042E+00  4.9580E-01  4.8818E-01
  1.2200E+02  4.0000E+00  2.0000E+00  4.0000E+00  1.6000E+02  3.6000E+00  0.0000E+00  3.7683E+00 -2.2904E-01 -1.8801E-01  3.6000E+00  3.7349E+00 -1.3487E-01 -1.9828E-01
  1.2200E+02  6.0000E+00  1.0000E+00  4.0000E+00  1.6000E+02  2.6740E+00  0.0000E+00  2.3061E+00  1.0753E+00  1.3509E+00  2.6740E+00  1.8449E+00  8.2913E-01  1.3551E+00
  1.2200E+02  6.0000E+00  2.0000E+00  4.0000E+00  1.6000E+02  3.8000E+00  0.0000E+00  3.5117E+00  3.9841E-01  3.4739E-01  3.8000E+00  3.6650E+00  1.3504E-01  3.3131E-01
  1.2200E+02  8.0000E+00  2.0000E+00  4.0000E+00  1.6000E+02  3.2000E+00  0.0000E+00  3.3525E+00 -2.1312E-01 -3.4393E-01  3.2000E+00  3.6736E+00 -4.7363E-01 -3.4205E-01
  1.2200E+02  1.2000E+01  1.0000E+00  4.0000E+00  1.6000E+02  1.3510E+00  0.0000E+00  1.3319E+00  9.6521E-02  5.0803E-01  1.3510E+00  8.1049E-01  5.4051E-01  2.9748E-01
  1.2200E+02  1.2000E+01  2.0000E+00  4.0000E+00  1.6000E+02  2.8000E+00  0.0000E+00  3.2370E+00 -6.1613E-01 -8.8709E-01  2.8000E+00  3.8606E+00 -1.0606E+00 -8.3894E-01
  1.2200E+02  2.4000E+01  2.0000E+00  4.0000E+00  1.6000E+02  3.7000E+00  0.0000E+00  3.6875E+00  1.7039E-02 -5.7148E-01  3.7000E+00  4.7964E+00 -1.0964E+00 -6.5094E-01
  1.2300E+02  0.0000E+00  2.0000E+00  4.0000E+00  1.6000E+02  7.8000E+00  0.0000E+00  7.1905E+00  8.9444E-01  9.7307E-01  7.8000E+00  7.1313E+00  6.6867E-01  1.0112E+00
  1.2300E+02  5.0000E-01  1.0000E+00  4.0000E+00  1.6000E+02  3.4530E+00  0.0000E+00  3.5618E+00 -2.0596E-01 -4.4215E-01  3.4530E+00  3.9212E+00 -4.6816E-01 -3.9397E-01
  1.2300E+02  5.0000E-01  2.0000E+00  4.0000E+00  1.6000E+02  4.3000E+00  0.0000E+00  4.1381E+00  2.1677E-01  2.9146E-01  4.3000E+00  4.1125E+00  1.8748E-01  3.1662E-01
  1.2300E+02  1.0000E+00  2.0000E+00  4.0000E+00  1.6000E+02  3.5000E+00  0.0000E+00  4.0122E+00 -6.8930E-01 -6.3661E-01  3.5000E+00  4.0343E+00 -5.3435E-01 -6.1602E-01
  1.2300E+02  2.0000E+00  1.0000E+00  4.0000E+00  1.6000E+02  2.9650E+00  0.0000E+00  3.0328E+00 -1.5081E-01 -3.1248E-01  2.9650E+00  3.1923E+00 -2.2735E-01 -3.0284E-01
  1.2300E+02  2.0000E+00  2.0000E+00  4.0000E+00  1.6000E+02  4.1000E+00  0.0000E+00  3.7944E+00  4.1538E-01  4.2800E-01  4.1000E+00  3.9042E+00  1.9580E-01  4.3555E-01
  1.2300E+02  4.0000E+00  2.0000E+00  4.0000E+00  1.6000E+02  3.1000E+00  0.0000E+00  3.4746E+00 -5.1897E-01 -5.7340E-01  3.1000E+00  3.7349E+00 -6.3487E-01 -5.6788E-01
  1.2300E+02  6.0000E+00  1.0000E+00  4.0000E+00  1.6000E+02  2.1960E+00  0.0000E+00  1.9754E+00  7.5272E-01  7.0815E-01  2.1960E+00  1.8449E+00  3.5113E-01  6.9335E-01
  1.2300E+02  6.0000E+00  2.0000E+00  4.0000E+00  1.6000E+02  3.5000E+00  0.0000E+00  3.2759E+00  3.1497E-01  2.0589E-01  3.5000E+00  3.6650E+00 -1.6496E-01  1.8662E-01
  1.2300E+02  8.0000E+00  2.0000E+00  4.0000E+00  1.6000E+02  2.7000E+00  0.0000E+00  3.1676E+00 -6.6298E-01 -8.1913E-01  2.7000E+00  3.6736E+00 -9.7363E-01 -8.0884E-01
  1.2300E+02  1.2000E+01  1.0000E+00  4.0000E+00  1.6000E+02  1.0220E+00  0.0000E+00  1.0384E+00 -1.0668E-01 -1.1909E-01  1.0220E+00  8.1049E-01  2.1151E-01 -9.2728E-02
  1.2300E+02  1.2000E+01  2.0000E+00  4.0000E+00  1.6000E+02  4.1000E+00  0.0000E+00  3.1407E+00  1.3632E+00  1.1247E+00  4.1000E+00  3.8606E+00  2.3941E-01  1.0403E+00
  1.2300E+02  2.4000E+01  2.0000E+00  4.0000E+00  1.6000E+02  3.0000E+00  0.0000E+00  3.7584E+00 -1.0329E+00 -1.4301E+00  3.0000E+00  4.7964E+00 -1.7964E+00 -1.4823E+00
  1.2400E+02  0.0000E+00  2.0000E+00  4.0000E+00  1.6000E+02  7.0000E+00  0.0000E+00  6.2727E+00  9.9220E-01  7.2679E-01  7.0000E+00  7.1313E+00 -1.3133E-01  7.9730E-01
  1.2400E+02  5.0000E-01  1.0000E+00  4.0000E+00  1.6000E+02  2.9970E+00  0.0000E+00  3.4079E+00 -8.1282E-01 -1.1988E+00  2.9970E+00  3.9212E+00 -9.2416E-01 -9.9468E-01
  1.2400E+02  5.0000E-01  2.0000E+00  4.0000E+00  1.6000E+02  3.8000E+00  0.0000E+00  3.0891E+00  1.0149E+00  7.3553E-01  3.8000E+00  4.1125E+00 -3.1252E-01  7.7389E-01
  1.2400E+02  1.0000E+00  2.0000E+00  4.0000E+00  1.6000E+02  2.2000E+00  0.0000E+00  2.9495E+00 -1.0842E+00 -1.3843E+00  2.2000E+00  4.0343E+00 -1.8343E+00 -1.2201E+00
  1.2400E+02  2.0000E+00  1.0000E+00  4.0000E+00  1.6000E+02  2.9930E+00  0.0000E+00  2.9433E+00  1.1389E-01 -1.2952E-01  2.9930E+00  3.1923E+00 -1.9935E-01 -1.3088E-01
  1.2400E+02  2.0000E+00  2.0000E+00  4.0000E+00  1.6000E+02  1.7000E+00  0.0000E+00  2.7111E+00 -1.5003E+00 -1.8359E+00  1.7000E+00  3.9042E+00 -2.2042E+00 -1.6342E+00
  1.2400E+02  4.0000E+00  2.0000E+00  4.0000E+00  1.6000E+02  1.9000E+00  0.0000E+00  2.3642E+00 -7.2058E-01 -1.1108E+00  1.9000E+00  3.7349E+00 -1.8349E+00 -9.7282E-01
  1.2400E+02  6.0000E+00  1.0000E+00  4.0000E+00  1.6000E+02  2.1350E+00  0.0000E+00  1.9911E+00  4.8739E-01  5.1935E-01  2.1350E+00  1.8449E+00  2.9013E-01  3.9226E-01
  1.2400E+02  6.0000E+00  2.0000E+00  4.0000E+00  1.6000E+02  1.5000E+00  0.0000E+00  2.1431E+00 -1.0337E+00 -1.4674E+00  1.5000E+00  3.6650E+00 -2.1650E+00 -1.2626E+00
  1.2400E+02  8.0000E+00  2.0000E+00  4.0000E+00  1.6000E+02  2.6000E+00  0.0000E+00  2.0085E+00  9.7389E-01  4.9982E-01  2.6000E+00  3.6736E+00 -1.0736E+00  3.9203E-01
  1.2400E+02  1.2000E+01  1.0000E+00  4.0000E+00  1.6000E+02  1.1480E+00  0.0000E+00  1.1078E+00  2.4466E-01  4.5575E-01  1.1480E+00  8.1049E-01  3.3751E-01  3.7067E-01
  1.2400E+02  1.2000E+01  2.0000E+00  4.0000E+00  1.6000E+02  1.9000E+00  0.0000E+00  1.9073E+00 -1.2275E-02 -5.7242E-01  1.9000E+00  3.8606E+00 -1.9606E+00 -5.0614E-01
  1.2400E+02  2.4000E+01  2.0000E+00  4.0000E+00  1.6000E+02  2.4000E+00  0.0000E+00  2.2421E+00  2.4976E-01 -5.9701E-01  2.4000E+00  4.7964E+00 -2.3964E+00 -8.3871E-01
  1.2500E+02  0.0000E+00  2.0000E+00  4.0000E+00  1.6000E+02  5.8000E+00  0.0000E+00  5.9668E+00 -2.2428E-01 -7.0124E-01  5.8000E+00  7.1313E+00 -1.3313E+00 -8.1986E-01
  1.2500E+02  5.0000E-01  1.0000E+00  4.0000E+00  1.6000E+02  3.7550E+00  0.0000E+00  3.5723E+00  3.4473E-01 -3.9900E-02  3.7550E+00  3.9212E+00 -1.6616E-01 -4.6212E-02
  1.2500E+02  5.0000E-01  2.0000E+00  4.0000E+00  1.6000E+02  2.6000E+00  0.0000E+00  2.9356E+00 -4.8613E-01 -8.7369E-01  2.6000E+00  4.1125E+00 -1.5125E+00 -8.0666E-01
  1.2500E+02  1.0000E+00  2.0000E+00  4.0000E+00  1.6000E+02  2.5000E+00  0.0000E+00  2.8780E+00 -5.5077E-01 -9.2334E-01  2.5000E+00  4.0343E+00 -1.5343E+00 -8.4824E-01
  1.2500E+02  2.0000E+00  1.0000E+00  4.0000E+00  1.6000E+02  2.8110E+00  0.0000E+00  2.8712E+00 -1.4140E-01 -4.8839E-01  2.8110E+00  3.1923E+00 -3.8135E-01 -4.5280E-01
  1.2500E+02  2.0000E+00  2.0000E+00  4.0000E+00  1.6000E+02  1.4000E+00  0.0000E+00  2.7848E+00 -2.0377E+00 -2.3838E+00  1.4000E+00  3.9042E+00 -2.5042E+00 -2.1821E+00
  1.2500E+02  4.0000E+00  2.0000E+00  4.0000E+00  1.6000E+02  3.3000E+00  0.0000E+00  2.6729E+00  9.3471E-01  6.3001E-01  3.3000E+00  3.7349E+00 -4.3487E-01  5.8577E-01
  1.2500E+02  6.0000E+00  1.0000E+00  4.0000E+00  1.6000E+02  1.3910E+00  0.0000E+00  1.6034E+00 -8.9305E-01 -1.0934E+00  1.3910E+00  1.8449E+00 -4.5387E-01 -9.6151E-01
  1.2500E+02  6.0000E+00  2.0000E+00  4.0000E+00  1.6000E+02  3.3000E+00  0.0000E+00  2.6417E+00  9.8484E-01  7.0914E-01  3.3000E+00  3.6650E+00 -3.6496E-01  6.5899E-01
  1.2500E+02  8.0000E+00  2.0000E+00  4.0000E+00  1.6000E+02  2.8000E+00  0.0000E+00  2.6746E+00  1.8694E-01 -6.9021E-02  2.8000E+00  3.6736E+00 -8.7363E-01 -5.3036E-02
  1.2500E+02  1.2000E+01  1.0000E+00  4.0000E+00  1.6000E+02  7.1800E-01  0.0000E+00  6.6913E-01  4.9238E-01  4.8694E-01  7.1800E-01  8.1049E-01 -9.2491E-02  3.4100E-01
  1.2500E+02  1.2000E+01  2.0000E+00  4.0000E+00  1.6000E+02  2.7000E+00  0.0000E+00  2.8803E+00 -2.6260E-01 -4.9889E-01  2.7000E+00  3.8606E+00 -1.1606E+00 -4.5875E-01
  1.2500E+02  2.4000E+01  2.0000E+00  4.0000E+00  1.6000E+02  3.8000E+00  0.0000E+00  3.7678E+00  4.3824E-02 -2.1388E-01  3.8000E+00  4.7964E+00 -9.9640E-01 -2.2957E-01
  1.2600E+02  0.0000E+00  2.0000E+00  4.0000E+00  1.6000E+02  6.0000E+00  0.0000E+00  6.7882E+00 -1.1134E+00 -1.3455E+00  6.0000E+00  7.1313E+00 -1.1313E+00 -1.3810E+00
  1.2600E+02  5.0000E-01  1.0000E+00  4.0000E+00  1.6000E+02  4.4320E+00  0.0000E+00  4.1440E+00  4.6860E-01  5.3174E-01  4.4320E+00  3.9212E+00  5.1084E-01  5.8292E-01
  1.2600E+02  5.0000E-01  2.0000E+00  4.0000E+00  1.6000E+02  3.7000E+00  0.0000E+00  3.8817E+00 -2.4596E-01 -3.7903E-01  3.7000E+00  4.1125E+00 -4.1252E-01 -3.6270E-01
  1.2600E+02  1.0000E+00  2.0000E+00  4.0000E+00  1.6000E+02  3.7000E+00  0.0000E+00  3.8406E+00 -1.9068E-01 -3.0395E-01  3.7000E+00  4.0343E+00 -3.3435E-01 -2.9141E-01
  1.2600E+02  2.0000E+00  1.0000E+00  4.0000E+00  1.6000E+02  3.2420E+00  0.0000E+00  3.3071E+00 -1.3267E-01 -1.1303E-01  3.2420E+00  3.1923E+00  4.9650E-02 -1.1252E-01
  1.2600E+02  2.0000E+00  2.0000E+00  4.0000E+00  1.6000E+02  3.3000E+00  0.0000E+00  3.7795E+00 -6.5234E-01 -7.2867E-01  3.3000E+00  3.9042E+00 -6.0420E-01 -7.1818E-01
  1.2600E+02  4.0000E+00  2.0000E+00  4.0000E+00  1.6000E+02  3.8000E+00  0.0000E+00  3.7318E+00  9.3002E-02  8.1330E-02  3.8000E+00  3.7349E+00  6.5129E-02  8.2404E-02
  1.2600E+02  6.0000E+00  1.0000E+00  4.0000E+00  1.6000E+02  1.9310E+00  0.0000E+00  1.8121E+00  4.4216E-01  3.8700E-01  1.9310E+00  1.8449E+00  8.6131E-02  2.9732E-01
  1.2600E+02  6.0000E+00  2.0000E+00  4.0000E+00  1.6000E+02  4.7000E+00  0.0000E+00  3.7664E+00  1.2710E+00  1.3131E+00  4.7000E+00  3.6650E+00  1.0350E+00  1.3197E+00
  1.2600E+02  8.0000E+00  2.0000E+00  4.0000E+00  1.6000E+02  4.7000E+00  0.0000E+00  3.8650E+00  1.1311E+00  1.2163E+00  4.7000E+00  3.6736E+00  1.0264E+00  1.2309E+00
  1.2600E+02  1.2000E+01  1.0000E+00  4.0000E+00  1.6000E+02  7.4700E-01  0.0000E+00  7.3505E-01  1.0964E-01 -9.0149E-03  7.4700E-01  8.1049E-01 -6.3491E-02 -1.3560E-01
  1.2600E+02  1.2000E+01  2.0000E+00  4.0000E+00  1.6000E+02  4.1000E+00  0.0000E+00  4.1834E+00 -1.1156E-01  2.3934E-02  4.1000E+00  3.8606E+00  2.3941E-01  3.5749E-02
  1.2600E+02  2.4000E+01  2.0000E+00  4.0000E+00  1.6000E+02  4.7000E+00  0.0000E+00  5.0868E+00 -5.1039E-01 -4.3938E-01  4.7000E+00  4.7964E+00 -9.6397E-02 -4.6944E-01
  1.2700E+02  0.0000E+00  2.0000E+00  4.0000E+00  1.6000E+02  7.2000E+00  0.0000E+00  7.5220E+00 -4.9196E-01 -3.9925E-01  7.2000E+00  7.1313E+00  6.8672E-02 -4.0573E-01
  1.2700E+02  5.0000E-01  1.0000E+00  4.0000E+00  1.6000E+02  2.8150E+00  0.0000E+00  3.1636E+00 -7.4286E-01 -1.2709E+00  2.8150E+00  3.9212E+00 -1.1062E+00 -1.0795E+00
  1.2700E+02  5.0000E-01  2.0000E+00  4.0000E+00  1.6000E+02  5.5000E+00  0.0000E+00  4.8227E+00  8.9404E-01  1.1412E+00  5.5000E+00  4.1125E+00  1.3875E+00  1.1705E+00
  1.2700E+02  1.0000E+00  2.0000E+00  4.0000E+00  1.6000E+02  4.6000E+00  0.0000E+00  4.7481E+00 -1.9562E-01  5.0875E-02  4.6000E+00  4.0343E+00  5.6565E-01  6.4151E-02
  1.2700E+02  2.0000E+00  1.0000E+00  4.0000E+00  1.6000E+02  2.8720E+00  0.0000E+00  2.7045E+00  4.1746E-01  3.9827E-02  2.8720E+00  3.1923E+00 -3.2035E-01 -1.3128E-02
  1.2700E+02  2.0000E+00  2.0000E+00  4.0000E+00  1.6000E+02  5.2000E+00  0.0000E+00  4.6218E+00  7.6492E-01  1.0085E+00  5.2000E+00  3.9042E+00  1.2958E+00  1.0423E+00
  1.2700E+02  4.0000E+00  2.0000E+00  4.0000E+00  1.6000E+02  3.6000E+00  0.0000E+00  4.4496E+00 -1.1276E+00 -8.9554E-01  3.6000E+00  3.7349E+00 -1.3487E-01 -9.0800E-01
  1.2700E+02  6.0000E+00  1.0000E+00  4.0000E+00  1.6000E+02  1.7440E+00  0.0000E+00  1.7804E+00 -1.3773E-01 -2.2412E-01  1.7440E+00  1.8449E+00 -1.0087E-01 -2.3170E-01
  1.2700E+02  6.0000E+00  2.0000E+00  4.0000E+00  1.6000E+02  4.8000E+00  0.0000E+00  4.3645E+00  5.7916E-01  7.9287E-01  4.8000E+00  3.6650E+00  1.1350E+00  8.2180E-01
  1.2700E+02  8.0000E+00  2.0000E+00  4.0000E+00  1.6000E+02  3.9000E+00  0.0000E+00  4.3473E+00 -5.9520E-01 -4.0572E-01  3.9000E+00  3.6736E+00  2.2637E-01 -4.1523E-01
  1.2700E+02  1.2000E+01  1.0000E+00  4.0000E+00  1.6000E+02  1.0000E+00  0.0000E+00  9.5091E-01  3.4799E-01  4.5445E-01  1.0000E+00  8.1049E-01  1.8951E-01  5.2196E-01
  1.2700E+02  1.2000E+01  2.0000E+00  4.0000E+00  1.6000E+02  5.0000E+00  0.0000E+00  4.4560E+00  7.2196E-01  8.5072E-01  5.0000E+00  3.8606E+00  1.1394E+00  8.5330E-01
  1.2700E+02  2.4000E+01  2.0000E+00  4.0000E+00  1.6000E+02  5.1000E+00  0.0000E+00  5.1899E+00 -1.1868E-01 -1.3248E-01  5.1000E+00  4.7964E+00  3.0360E-01 -1.7020E-01
  1.2800E+02  0.0000E+00  2.0000E+00  4.0000E+00  1.6000E+02  7.3000E+00  0.0000E+00  7.4658E+00 -2.5136E-01 -1.2601E-01  7.3000E+00  7.1313E+00  1.6867E-01 -1.2297E-01
  1.2800E+02  5.0000E-01  1.0000E+00  4.0000E+00  1.6000E+02  5.1720E+00  0.0000E+00  4.4732E+00  1.0532E+00  1.2776E+00  5.1720E+00  3.9212E+00  1.2508E+00  1.4087E+00
  1.2800E+02  5.0000E-01  2.0000E+00  4.0000E+00  1.6000E+02  4.5000E+00  0.0000E+00  4.5225E+00 -2.9824E-02  1.2998E-01  4.5000E+00  4.1125E+00  3.8748E-01  1.3501E-01
  1.2800E+02  1.0000E+00  2.0000E+00  4.0000E+00  1.6000E+02  5.2000E+00  0.0000E+00  4.4342E+00  1.0168E+00  1.1696E+00  5.2000E+00  4.0343E+00  1.1657E+00  1.1873E+00
  1.2800E+02  2.0000E+00  1.0000E+00  4.0000E+00  1.6000E+02  3.5730E+00  0.0000E+00  3.6882E+00 -2.1057E-01  3.7982E-02  3.5730E+00  3.1923E+00  3.8065E-01  2.2694E-02
  1.2800E+02  2.0000E+00  2.0000E+00  4.0000E+00  1.6000E+02  4.6000E+00  0.0000E+00  4.2848E+00  4.2021E-01  5.5941E-01  4.6000E+00  3.9042E+00  6.9580E-01  5.7046E-01
  1.2800E+02  4.0000E+00  2.0000E+00  4.0000E+00  1.6000E+02  3.5000E+00  0.0000E+00  4.0807E+00 -7.7930E-01 -6.6624E-01  3.5000E+00  3.7349E+00 -2.3487E-01 -6.7336E-01
  1.2800E+02  6.0000E+00  1.0000E+00  4.0000E+00  1.6000E+02  2.1810E+00  0.0000E+00  2.2047E+00 -7.2382E-02  2.0725E-01  2.1810E+00  1.8449E+00  3.3613E-01  2.2745E-01
  1.2800E+02  6.0000E+00  2.0000E+00  4.0000E+00  1.6000E+02  3.8000E+00  0.0000E+00  3.9805E+00 -2.4324E-01 -1.5545E-01  3.8000E+00  3.6650E+00  1.3504E-01 -1.5637E-01
  1.2800E+02  8.0000E+00  2.0000E+00  4.0000E+00  1.6000E+02  3.8000E+00  0.0000E+00  3.9625E+00 -2.1910E-01 -1.5625E-01  3.8000E+00  3.6736E+00  1.2637E-01 -1.5884E-01
  1.2800E+02  1.2000E+01  1.0000E+00  4.0000E+00  1.6000E+02  1.0860E+00  0.0000E+00  1.0189E+00  4.4385E-01  6.7387E-01  1.0860E+00  8.1049E-01  2.7551E-01  7.7713E-01
  1.2800E+02  1.2000E+01  2.0000E+00  4.0000E+00  1.6000E+02  4.9000E+00  0.0000E+00  4.1047E+00  1.0664E+00  1.0814E+00  4.9000E+00  3.8606E+00  1.0394E+00  1.0861E+00
  1.2800E+02  2.4000E+01  2.0000E+00  4.0000E+00  1.6000E+02  4.6000E+00  0.0000E+00  5.0082E+00 -5.3849E-01 -5.7548E-01  4.6000E+00  4.7964E+00 -1.9640E-01 -5.7813E-01
  1.2900E+02  0.0000E+00  2.0000E+00  4.0000E+00  1.6000E+02  8.2000E+00  0.0000E+00  7.1812E+00  1.4936E+00  1.4856E+00  8.2000E+00  7.1313E+00  1.0687E+00  1.4936E+00
  1.2900E+02  5.0000E-01  1.0000E+00  4.0000E+00  1.6000E+02  3.1040E+00  0.0000E+00  3.8802E+00 -1.3485E+00 -1.3649E+00  3.1040E+00  3.9212E+00 -8.1716E-01 -1.3309E+00
  1.2900E+02  5.0000E-01  2.0000E+00  4.0000E+00  1.6000E+02  3.9000E+00  0.0000E+00  4.1233E+00 -2.9917E-01 -3.4674E-01  3.9000E+00  4.1125E+00 -2.1252E-01 -3.2320E-01
  1.2900E+02  1.0000E+00  2.0000E+00  4.0000E+00  1.6000E+02  3.8000E+00  0.0000E+00  4.0730E+00 -3.6654E-01 -4.0203E-01  3.8000E+00  4.0343E+00 -2.3435E-01 -3.8352E-01
  1.2900E+02  2.0000E+00  1.0000E+00  4.0000E+00  1.6000E+02  3.6910E+00  0.0000E+00  3.0809E+00  1.3349E+00  1.3034E+00  3.6910E+00  3.1923E+00  4.9865E-01  1.2240E+00
  1.2900E+02  2.0000E+00  2.0000E+00  4.0000E+00  1.6000E+02  2.9000E+00  0.0000E+00  3.9936E+00 -1.4729E+00 -1.4869E+00  2.9000E+00  3.9042E+00 -1.0042E+00 -1.4807E+00
  1.2900E+02  4.0000E+00  2.0000E+00  4.0000E+00  1.6000E+02  3.3000E+00  0.0000E+00  3.9104E+00 -8.2504E-01 -8.0478E-01  3.3000E+00  3.7349E+00 -4.3487E-01 -8.1186E-01
  1.2900E+02  6.0000E+00  1.0000E+00  4.0000E+00  1.6000E+02  1.4670E+00  0.0000E+00  1.6656E+00 -8.0372E-01 -8.3423E-01  1.4670E+00  1.8449E+00 -3.7787E-01 -7.5719E-01
  1.2900E+02  6.0000E+00  2.0000E+00  4.0000E+00  1.6000E+02  4.1000E+00  0.0000E+00  3.9139E+00  2.5148E-01  2.9849E-01  4.1000E+00  3.6650E+00  4.3504E-01  2.9349E-01
  1.2900E+02  8.0000E+00  2.0000E+00  4.0000E+00  1.6000E+02  4.6000E+00  0.0000E+00  3.9901E+00  8.2152E-01  8.9142E-01  4.6000E+00  3.6736E+00  9.2637E-01  8.9129E-01
  1.2900E+02  1.2000E+01  1.0000E+00  4.0000E+00  1.6000E+02  7.0400E-01  0.0000E+00  6.6205E-01  4.2721E-01  3.8621E-01  7.0400E-01  8.1049E-01 -1.0649E-01  3.0527E-01
  1.2900E+02  1.2000E+01  2.0000E+00  4.0000E+00  1.6000E+02  3.8000E+00  0.0000E+00  4.3042E+00 -6.7173E-01 -5.5835E-01  3.8000E+00  3.8606E+00 -6.0589E-02 -5.8383E-01
  1.2900E+02  2.4000E+01  2.0000E+00  4.0000E+00  1.6000E+02  6.5000E+00  0.0000E+00  5.4328E+00  1.4132E+00  1.6288E+00  6.5000E+00  4.7964E+00  1.7036E+00  1.5733E+00
  1.3000E+02  0.0000E+00  2.0000E+00  4.0000E+00  1.6000E+02  6.1000E+00  0.0000E+00  6.3363E+00 -3.2351E-01 -6.2128E-01  6.1000E+00  7.1313E+00 -1.0313E+00 -6.9969E-01
  1.3000E+02  5.0000E-01  1.0000E+00  4.0000E+00  1.6000E+02  4.1020E+00  0.0000E+00  3.9805E+00  2.0575E-01  2.7118E-01  4.1020E+00  3.9212E+00  1.8084E-01  2.9607E-01
  1.3000E+02  5.0000E-01  2.0000E+00  4.0000E+00  1.6000E+02  3.3000E+00  0.0000E+00  3.2553E+00  6.2875E-02 -2.0591E-01  3.3000E+00  4.1125E+00 -8.1252E-01 -2.0081E-01
  1.3000E+02  1.0000E+00  2.0000E+00  4.0000E+00  1.6000E+02  2.3000E+00  0.0000E+00  3.1843E+00 -1.2521E+00 -1.5105E+00  2.3000E+00  4.0343E+00 -1.7343E+00 -1.4370E+00
  1.3000E+02  2.0000E+00  1.0000E+00  4.0000E+00  1.6000E+02  2.7310E+00  0.0000E+00  3.3608E+00 -1.2634E+00 -1.1220E+00  2.7310E+00  3.1923E+00 -4.6135E-01 -1.1547E+00
  1.3000E+02  2.0000E+00  2.0000E+00  4.0000E+00  1.6000E+02  3.8000E+00  0.0000E+00  3.0644E+00  1.0525E+00  8.1121E-01  3.8000E+00  3.9042E+00 -1.0420E-01  7.6539E-01
  1.3000E+02  4.0000E+00  2.0000E+00  4.0000E+00  1.6000E+02  2.8000E+00  0.0000E+00  2.8994E+00 -1.4449E-01 -3.6348E-01  2.8000E+00  3.7349E+00 -9.3487E-01 -3.3549E-01
  1.3000E+02  6.0000E+00  1.0000E+00  4.0000E+00  1.6000E+02  2.6370E+00  0.0000E+00  2.1403E+00  1.5645E+00  1.8219E+00  2.6370E+00  1.8449E+00  7.9213E-01  1.9898E+00
  1.3000E+02  6.0000E+00  2.0000E+00  4.0000E+00  1.6000E+02  2.0000E+00  0.0000E+00  2.8133E+00 -1.1931E+00 -1.4033E+00  2.0000E+00  3.6650E+00 -1.6650E+00 -1.2972E+00
  1.3000E+02  8.0000E+00  2.0000E+00  4.0000E+00  1.6000E+02  2.2000E+00  0.0000E+00  2.7881E+00 -8.6507E-01 -1.0774E+00  2.2000E+00  3.6736E+00 -1.4736E+00 -9.8603E-01
  1.3000E+02  1.2000E+01  1.0000E+00  4.0000E+00  1.6000E+02  1.0530E+00  0.0000E+00  1.0877E+00 -2.1501E-01  4.2003E-02  1.0530E+00  8.1049E-01  2.4251E-01 -3.7356E-02
  1.3000E+02  1.2000E+01  2.0000E+00  4.0000E+00  1.6000E+02  4.0000E+00  0.0000E+00  2.8725E+00  1.6437E+00  1.4040E+00  4.0000E+00  3.8606E+00  1.3941E-01  1.3178E+00
  1.3000E+02  2.4000E+01  2.0000E+00  4.0000E+00  1.6000E+02  3.6000E+00  0.0000E+00  3.6318E+00 -4.3663E-02 -3.7781E-01  3.6000E+00  4.7964E+00 -1.1964E+00 -4.0038E-01
  1.3100E+02  0.0000E+00  2.0000E+00  4.0000E+00  1.6000E+02  6.9000E+00  0.0000E+00  7.7449E+00 -1.3336E+00 -1.2021E+00  6.9000E+00  7.1313E+00 -2.3133E-01 -1.1483E+00
  1.3100E+02  5.0000E-01  1.0000E+00  4.0000E+00  1.6000E+02  4.3560E+00  0.0000E+00  3.9972E+00  6.0522E-01  6.2187E-01  4.3560E+00  3.9212E+00  4.3484E-01  6.5084E-01
  1.3100E+02  5.0000E-01  2.0000E+00  4.0000E+00  1.6000E+02  5.2000E+00  0.0000E+00  5.0836E+00  1.5361E-01  4.3271E-01  5.2000E+00  4.1125E+00  1.0875E+00  4.6661E-01
  1.3100E+02  1.0000E+00  2.0000E+00  4.0000E+00  1.6000E+02  5.9000E+00  0.0000E+00  5.0214E+00  1.1591E+00  1.4437E+00  5.9000E+00  4.0343E+00  1.8657E+00  1.4958E+00
  1.3100E+02  2.0000E+00  1.0000E+00  4.0000E+00  1.6000E+02  3.0210E+00  0.0000E+00  3.3727E+00 -7.0302E-01 -5.9457E-01  3.0210E+00  3.1923E+00 -1.7135E-01 -6.1110E-01
  1.3100E+02  2.0000E+00  2.0000E+00  4.0000E+00  1.6000E+02  5.4000E+00  0.0000E+00  4.9181E+00  6.3581E-01  9.2898E-01  5.4000E+00  3.9042E+00  1.4958E+00  9.7354E-01
  1.3100E+02  4.0000E+00  2.0000E+00  4.0000E+00  1.6000E+02  5.0000E+00  0.0000E+00  4.7858E+00  2.8279E-01  5.8403E-01  5.0000E+00  3.7349E+00  1.2651E+00  6.2074E-01
  1.3100E+02  6.0000E+00  1.0000E+00  4.0000E+00  1.6000E+02  2.4210E+00  0.0000E+00  2.1442E+00  8.7034E-01  1.1276E+00  2.4210E+00  1.8449E+00  5.7613E-01  1.1917E+00
  1.3100E+02  6.0000E+00  2.0000E+00  4.0000E+00  1.6000E+02  4.5000E+00  0.0000E+00  4.7358E+00 -3.1156E-01 -1.2520E-02  4.5000E+00  3.6650E+00  8.3504E-01  2.6941E-03
  1.3100E+02  8.0000E+00  2.0000E+00  4.0000E+00  1.6000E+02  5.0000E+00  0.0000E+00  4.7508E+00  3.2913E-01  6.1753E-01  5.0000E+00  3.6736E+00  1.3264E+00  6.5138E-01
  1.3100E+02  1.2000E+01  1.0000E+00  4.0000E+00  1.6000E+02  1.1080E+00  0.0000E+00  1.0869E+00  1.3101E-01  4.0967E-01  1.1080E+00  8.1049E-01  2.9751E-01  3.5341E-01
  1.3100E+02  1.2000E+01  2.0000E+00  4.0000E+00  1.6000E+02  4.3000E+00  0.0000E+00  4.9185E+00 -8.1605E-01 -5.6625E-01  4.3000E+00  3.8606E+00  4.3941E-01 -5.7621E-01
  1.3100E+02  2.4000E+01  2.0000E+00  4.0000E+00  1.6000E+02  6.2000E+00  0.0000E+00  5.7496E+00  6.0101E-01  7.5684E-01  6.2000E+00  4.7964E+00  1.4036E+00  7.0446E-01
  1.3200E+02  0.0000E+00  2.0000E+00  4.0000E+00  1.6000E+02  7.2000E+00  0.0000E+00  6.7183E+00  6.7674E-01  5.5050E-01  7.2000E+00  7.1313E+00  6.8672E-02  5.6822E-01
  1.3200E+02  5.0000E-01  1.0000E+00  4.0000E+00  1.6000E+02  4.7010E+00  0.0000E+00  4.4056E+00  4.5204E-01  6.8405E-01  4.7010E+00  3.9212E+00  7.7984E-01  7.2703E-01
  1.3200E+02  5.0000E-01  2.0000E+00  4.0000E+00  1.6000E+02  3.7000E+00  0.0000E+00  3.5607E+00  1.9188E-01  3.0479E-02  3.7000E+00  4.1125E+00 -4.1252E-01  3.4875E-02
  1.3200E+02  1.0000E+00  2.0000E+00  4.0000E+00  1.6000E+02  2.4000E+00  0.0000E+00  3.4697E+00 -1.4823E+00 -1.6459E+00  2.4000E+00  4.0343E+00 -1.6343E+00 -1.5914E+00
  1.3200E+02  2.0000E+00  1.0000E+00  4.0000E+00  1.6000E+02  3.6690E+00  0.0000E+00  3.6453E+00  4.3803E-02  2.5568E-01  3.6690E+00  3.1923E+00  4.7665E-01  2.6706E-01
  1.3200E+02  2.0000E+00  2.0000E+00  4.0000E+00  1.6000E+02  3.0000E+00  0.0000E+00  3.3152E+00 -4.4161E-01 -6.0961E-01  3.0000E+00  3.9042E+00 -9.0420E-01 -5.8402E-01
  1.3200E+02  4.0000E+00  2.0000E+00  4.0000E+00  1.6000E+02  3.0000E+00  0.0000E+00  3.0992E+00 -1.4148E-01 -3.1871E-01  3.0000E+00  3.7349E+00 -7.3487E-01 -3.0199E-01
  1.3200E+02  6.0000E+00  1.0000E+00  4.0000E+00  1.6000E+02  2.4160E+00  0.0000E+00  2.1996E+00  6.6309E-01  7.9614E-01  2.4160E+00  1.8449E+00  5.7113E-01  9.2982E-01
  1.3200E+02  6.0000E+00  2.0000E+00  4.0000E+00  1.6000E+02  3.5000E+00  0.0000E+00  2.9815E+00  7.4758E-01  5.5978E-01  3.5000E+00  3.6650E+00 -1.6496E-01  5.3122E-01
  1.3200E+02  8.0000E+00  2.0000E+00  4.0000E+00  1.6000E+02  3.2000E+00  0.0000E+00  2.9397E+00  3.7688E-01  1.7691E-01  3.2000E+00  3.6736E+00 -4.7363E-01  1.6479E-01
  1.3200E+02  1.2000E+01  1.0000E+00  4.0000E+00  1.6000E+02  1.0270E+00  0.0000E+00  1.0310E+00 -2.6445E-02 -2.6293E-02  1.0270E+00  8.1049E-01  2.1651E-01  4.7061E-02
  1.3200E+02  1.2000E+01  2.0000E+00  4.0000E+00  1.6000E+02  3.6000E+00  0.0000E+00  3.0232E+00  8.2842E-01  6.0105E-01  3.6000E+00  3.8606E+00 -2.6059E-01  5.5334E-01
  1.3200E+02  2.4000E+01  2.0000E+00  4.0000E+00  1.6000E+02  3.1000E+00  0.0000E+00  3.8598E+00 -1.0295E+00 -1.2929E+00  3.1000E+00  4.7964E+00 -1.6964E+00 -1.3111E+00
  1.3300E+02  0.0000E+00  2.0000E+00  4.0000E+00  1.6000E+02  7.7000E+00  0.0000E+00  7.0939E+00  8.8054E-01  9.4048E-01  7.7000E+00  7.1313E+00  5.6867E-01  9.9392E-01
  1.3300E+02  5.0000E-01  1.0000E+00  4.0000E+00  1.6000E+02  3.0940E+00  0.0000E+00  3.7120E+00 -1.1223E+00 -1.1796E+00  3.0940E+00  3.9212E+00 -8.2716E-01 -9.6863E-01
  1.3300E+02  5.0000E-01  2.0000E+00  4.0000E+00  1.6000E+02  4.1000E+00  0.0000E+00  4.0191E+00  1.0891E-01  1.4537E-01  4.1000E+00  4.1125E+00 -1.2519E-02  2.0354E-01
  1.3300E+02  1.0000E+00  2.0000E+00  4.0000E+00  1.6000E+02  4.1000E+00  0.0000E+00  3.8794E+00  2.9857E-01  3.0266E-01  4.1000E+00  4.0343E+00  6.5652E-02  3.4579E-01
  1.3300E+02  2.0000E+00  1.0000E+00  4.0000E+00  1.6000E+02  3.2720E+00  0.0000E+00  2.8089E+00  1.1114E+00  7.9264E-01  3.2720E+00  3.1923E+00  7.9650E-02  7.1333E-01
  1.3300E+02  2.0000E+00  2.0000E+00  4.0000E+00  1.6000E+02  2.5000E+00  0.0000E+00  3.6474E+00 -1.5723E+00 -1.6182E+00  2.5000E+00  3.9042E+00 -1.4042E+00 -1.5734E+00
  1.3300E+02  4.0000E+00  2.0000E+00  4.0000E+00  1.6000E+02  4.5000E+00  0.0000E+00  3.3432E+00  1.6175E+00  1.5214E+00  4.5000E+00  3.7349E+00  7.6513E-01  1.4696E+00
  1.3300E+02  6.0000E+00  1.0000E+00  4.0000E+00  1.6000E+02  1.2080E+00  0.0000E+00  1.3357E+00 -6.4437E-01 -1.3107E+00  1.2080E+00  1.8449E+00 -6.3687E-01 -1.2573E+00
  1.3300E+02  6.0000E+00  2.0000E+00  4.0000E+00  1.6000E+02  2.7000E+00  0.0000E+00  3.2049E+00 -7.1368E-01 -8.1242E-01  2.7000E+00  3.6650E+00 -9.6496E-01 -8.1710E-01
  1.3300E+02  8.0000E+00  2.0000E+00  4.0000E+00  1.6000E+02  2.1000E+00  0.0000E+00  3.1863E+00 -1.5378E+00 -1.6146E+00  2.1000E+00  3.6736E+00 -1.5736E+00 -1.5949E+00
  1.3300E+02  1.2000E+01  1.0000E+00  4.0000E+00  1.6000E+02  4.4900E-01  0.0000E+00  4.3796E-01  1.6987E-01 -4.6173E-01  4.4900E-01  8.1049E-01 -3.6149E-01 -8.3101E-01
  1.3300E+02  1.2000E+01  2.0000E+00  4.0000E+00  1.6000E+02  4.7000E+00  0.0000E+00  3.3589E+00  1.8729E+00  1.8252E+00  4.7000E+00  3.8606E+00  8.3941E-01  1.7543E+00
  1.3300E+02  2.4000E+01  2.0000E+00  4.0000E+00  1.6000E+02  3.0000E+00  0.0000E+00  3.9201E+00 -1.2431E+00 -1.6764E+00  3.0000E+00  4.7964E+00 -1.7964E+00 -1.6413E+00
  1.3400E+02  0.0000E+00  2.0000E+00  4.0000E+00  1.6000E+02  7.3000E+00  0.0000E+00  7.6822E+00 -5.9741E-01 -3.9973E-01  7.3000E+00  7.1313E+00  1.6867E-01 -3.9771E-01
  1.3400E+02  5.0000E-01  1.0000E+00  4.0000E+00  1.6000E+02  3.3450E+00  0.0000E+00  3.3362E+00  1.7770E-02 -3.2649E-01  3.3450E+00  3.9212E+00 -5.7616E-01 -3.0820E-01
  1.3400E+02  5.0000E-01  2.0000E+00  4.0000E+00  1.6000E+02  6.1000E+00  0.0000E+00  4.9246E+00  1.5507E+00  1.8551E+00  6.1000E+00  4.1125E+00  1.9875E+00  1.9014E+00
  1.3400E+02  1.0000E+00  2.0000E+00  4.0000E+00  1.6000E+02  5.6000E+00  0.0000E+00  4.8210E+00  1.0283E+00  1.3142E+00  5.6000E+00  4.0343E+00  1.5657E+00  1.3547E+00
  1.3400E+02  2.0000E+00  1.0000E+00  4.0000E+00  1.6000E+02  2.3960E+00  0.0000E+00  2.7950E+00 -9.6244E-01 -1.2378E+00  2.3960E+00  3.1923E+00 -7.9635E-01 -1.1030E+00
  1.3400E+02  2.0000E+00  2.0000E+00  4.0000E+00  1.6000E+02  4.4000E+00  0.0000E+00  4.6433E+00 -3.2182E-01 -7.0216E-02  4.4000E+00  3.9042E+00  4.9580E-01 -5.5662E-02
  1.3400E+02  4.0000E+00  2.0000E+00  4.0000E+00  1.6000E+02  4.0000E+00  0.0000E+00  4.3917E+00 -5.2059E-01 -3.2763E-01  4.0000E+00  3.7349E+00  2.6513E-01 -3.2108E-01
  1.3400E+02  6.0000E+00  1.0000E+00  4.0000E+00  1.6000E+02  1.9800E+00  0.0000E+00  1.7435E+00  9.1462E-01  7.4758E-01  1.9800E+00  1.8449E+00  1.3513E-01  6.3412E-01
  1.3400E+02  6.0000E+00  2.0000E+00  4.0000E+00  1.6000E+02  3.7000E+00  0.0000E+00  4.2531E+00 -7.3793E-01 -5.9289E-01  3.7000E+00  3.6650E+00  3.5041E-02 -5.9408E-01
  1.3400E+02  8.0000E+00  2.0000E+00  4.0000E+00  1.6000E+02  4.6000E+00  0.0000E+00  4.2020E+00  5.3181E-01  6.3663E-01  4.6000E+00  3.6736E+00  9.2637E-01  6.6236E-01
  1.3400E+02  1.2000E+01  1.0000E+00  4.0000E+00  1.6000E+02  8.3500E-01  0.0000E+00  8.5891E-01 -1.8770E-01 -3.2126E-01  8.3500E-01  8.1049E-01  2.4509E-02 -3.3627E-01
  1.3400E+02  1.2000E+01  2.0000E+00  4.0000E+00  1.6000E+02  3.6000E+00  0.0000E+00  4.2837E+00 -9.1135E-01 -8.7240E-01  3.6000E+00  3.8606E+00 -2.6059E-01 -8.7766E-01
  1.3400E+02  2.4000E+01  2.0000E+00  4.0000E+00  1.6000E+02  5.5000E+00  0.0000E+00  5.0319E+00  6.1748E-01  5.4622E-01  5.5000E+00  4.7964E+00  7.0360E-01  5.2640E-01
  1.3500E+02  0.0000E+00  2.0000E+00  4.0000E+00  1.6000E+02  7.3000E+00  0.0000E+00  7.6135E+00 -4.8507E-01 -2.9430E-01  7.3000E+00  7.1313E+00  1.6867E-01 -2.7022E-01
  1.3500E+02  5.0000E-01  1.0000E+00  4.0000E+00  1.6000E+02  3.1270E+00  0.0000E+00  3.4068E+00 -5.5360E-01 -9.1865E-01  3.1270E+00  3.9212E+00 -7.9416E-01 -6.2259E-01
  1.3500E+02  5.0000E-01  2.0000E+00  4.0000E+00  1.6000E+02  4.5000E+00  0.0000E+00  4.8289E+00 -4.3421E-01 -1.1649E-01  4.5000E+00  4.1125E+00  3.8748E-01 -1.1460E-01
  1.3500E+02  1.0000E+00  2.0000E+00  4.0000E+00  1.6000E+02  5.5000E+00  0.0000E+00  4.7092E+00  1.0450E+00  1.3422E+00  5.5000E+00  4.0343E+00  1.4657E+00  1.3640E+00
  1.3500E+02  2.0000E+00  1.0000E+00  4.0000E+00  1.6000E+02  3.0060E+00  0.0000E+00  3.0456E+00 -8.7621E-02 -2.5732E-01  3.0060E+00  3.1923E+00 -1.8635E-01 -1.9010E-01
  1.3500E+02  2.0000E+00  2.0000E+00  4.0000E+00  1.6000E+02  5.3000E+00  0.0000E+00  4.4983E+00  1.0630E+00  1.3200E+00  5.3000E+00  3.9042E+00  1.3958E+00  1.3374E+00
  1.3500E+02  4.0000E+00  2.0000E+00  4.0000E+00  1.6000E+02  4.5000E+00  0.0000E+00  4.1760E+00  4.3333E-01  6.1465E-01  4.5000E+00  3.7349E+00  7.6513E-01  6.1248E-01
  1.3500E+02  6.0000E+00  1.0000E+00  4.0000E+00  1.6000E+02  2.5340E+00  0.0000E+00  2.2588E+00  8.2128E-01  1.0576E+00  2.5340E+00  1.8449E+00  6.8913E-01  8.9642E-01
  1.3500E+02  6.0000E+00  2.0000E+00  4.0000E+00  1.6000E+02  3.7000E+00  0.0000E+00  3.9606E+00 -3.5146E-01 -2.4081E-01  3.7000E+00  3.6650E+00  3.5041E-02 -2.5343E-01
  1.3500E+02  8.0000E+00  2.0000E+00  4.0000E+00  1.6000E+02  4.0000E+00  0.0000E+00  3.8265E+00  2.3550E-01  2.7858E-01  4.0000E+00  3.6736E+00  3.2637E-01  2.8257E-01
  1.3500E+02  1.2000E+01  1.0000E+00  4.0000E+00  1.6000E+02  1.5410E+00  0.0000E+00  1.4428E+00  4.5899E-01  1.0342E+00  1.5410E+00  8.1049E-01  7.3051E-01  9.9562E-01
  1.3500E+02  1.2000E+01  2.0000E+00  4.0000E+00  1.6000E+02  3.2000E+00  0.0000E+00  3.7298E+00 -7.2263E-01 -8.1140E-01  3.2000E+00  3.8606E+00 -6.6059E-01 -7.7293E-01
  1.3500E+02  2.4000E+01  2.0000E+00  4.0000E+00  1.6000E+02  4.0000E+00  0.0000E+00  4.1140E+00 -1.5284E-01 -6.0041E-01  4.0000E+00  4.7964E+00 -7.9640E-01 -6.6543E-01
  1.3600E+02  0.0000E+00  2.0000E+00  4.0000E+00  1.6000E+02  6.8000E+00  0.0000E+00  7.1651E+00 -5.3437E-01 -5.5598E-01  6.8000E+00  7.1313E+00 -3.3133E-01 -5.3548E-01
  1.3600E+02  5.0000E-01  1.0000E+00  4.0000E+00  1.6000E+02  4.3970E+00  0.0000E+00  4.0773E+00  5.2860E-01  4.8763E-01  4.3970E+00  3.9212E+00  4.7584E-01  5.2401E-01
  1.3600E+02  5.0000E-01  2.0000E+00  4.0000E+00  1.6000E+02  3.9000E+00  0.0000E+00  4.2274E+00 -4.3721E-01 -4.0256E-01  3.9000E+00  4.1125E+00 -2.1252E-01 -3.9545E-01
  1.3600E+02  1.0000E+00  2.0000E+00  4.0000E+00  1.6000E+02  3.9000E+00  0.0000E+00  4.1649E+00 -3.5448E-01 -3.1081E-01  3.9000E+00  4.0343E+00 -1.3435E-01 -3.0534E-01
  1.3600E+02  2.0000E+00  1.0000E+00  4.0000E+00  1.6000E+02  3.5720E+00  0.0000E+00  3.4621E+00  2.1392E-01  2.9915E-01  3.5720E+00  3.1923E+00  3.7965E-01  3.4155E-01
  1.3600E+02  2.0000E+00  2.0000E+00  4.0000E+00  1.6000E+02  4.1000E+00  0.0000E+00  4.0603E+00  5.3378E-02  1.1142E-01  4.1000E+00  3.9042E+00  1.9580E-01  1.1568E-01
  1.3600E+02  4.0000E+00  2.0000E+00  4.0000E+00  1.6000E+02  4.8000E+00  0.0000E+00  3.9216E+00  1.1868E+00  1.2605E+00  4.8000E+00  3.7349E+00  1.0651E+00  1.2685E+00
  1.3600E+02  6.0000E+00  1.0000E+00  4.0000E+00  1.6000E+02  2.1340E+00  0.0000E+00  2.2384E+00 -3.1442E-01  1.5843E-02  2.1340E+00  1.8449E+00  2.8913E-01 -1.5712E-02
  1.3600E+02  6.0000E+00  2.0000E+00  4.0000E+00  1.6000E+02  4.0000E+00  0.0000E+00  3.8602E+00  1.8947E-01  2.6419E-01  4.0000E+00  3.6650E+00  3.3504E-01  2.5934E-01
  1.3600E+02  8.0000E+00  2.0000E+00  4.0000E+00  1.6000E+02  3.6000E+00  0.0000E+00  3.8600E+00 -3.5222E-01 -2.8854E-01  3.6000E+00  3.6736E+00 -7.3631E-02 -3.0248E-01
  1.3600E+02  1.2000E+01  1.0000E+00  4.0000E+00  1.6000E+02  1.2740E+00  0.0000E+00  1.1637E+00  6.3920E-01  1.1116E+00  1.2740E+00  8.1049E-01  4.6351E-01  1.3302E+00
  1.3600E+02  1.2000E+01  2.0000E+00  4.0000E+00  1.6000E+02  4.5000E+00  0.0000E+00  3.9951E+00  6.7997E-01  6.9653E-01  4.5000E+00  3.8606E+00  6.3941E-01  6.8075E-01
  1.3600E+02  2.4000E+01  2.0000E+00  4.0000E+00  1.6000E+02  4.6000E+00  0.0000E+00  4.8419E+00 -3.1923E-01 -4.2343E-01  4.6000E+00  4.7964E+00 -1.9640E-01 -4.3335E-01
  1.3700E+02  0.0000E+00  2.0000E+00  4.0000E+00  1.6000E+02  6.9000E+00  0.0000E+00  7.6972E+00 -1.2489E+00 -1.2056E+00  6.9000E+00  7.1313E+00 -2.3133E-01 -1.2080E+00
  1.3700E+02  5.0000E-01  1.0000E+00  4.0000E+00  1.6000E+02  3.8450E+00  0.0000E+00  4.0848E+00 -3.9581E-01 -1.8242E-01  3.8450E+00  3.9212E+00 -7.6163E-02  2.5276E-02
  1.3700E+02  5.0000E-01  2.0000E+00  4.0000E+00  1.6000E+02  4.9000E+00  0.0000E+00  5.0609E+00 -2.1233E-01 -7.0540E-02  4.9000E+00  4.1125E+00  7.8748E-01 -8.6198E-02
  1.3700E+02  1.0000E+00  2.0000E+00  4.0000E+00  1.6000E+02  6.4000E+00  0.0000E+00  5.0326E+00  1.8039E+00  1.9769E+00  6.4000E+00  4.0343E+00  2.3657E+00  1.9994E+00
  1.3700E+02  2.0000E+00  1.0000E+00  4.0000E+00  1.6000E+02  3.0060E+00  0.0000E+00  2.8230E+00  4.3702E-01  9.8217E-03  3.0060E+00  3.1923E+00 -1.8635E-01  8.7291E-02
  1.3700E+02  2.0000E+00  2.0000E+00  4.0000E+00  1.6000E+02  5.7000E+00  0.0000E+00  5.0112E+00  9.0870E-01  1.1579E+00  5.7000E+00  3.9042E+00  1.7958E+00  1.1723E+00
  1.3700E+02  4.0000E+00  2.0000E+00  4.0000E+00  1.6000E+02  4.3000E+00  0.0000E+00  5.0905E+00 -1.0430E+00 -6.0241E-01  4.3000E+00  3.7349E+00  5.6513E-01 -6.2912E-01
  1.3700E+02  6.0000E+00  1.0000E+00  4.0000E+00  1.6000E+02  1.1460E+00  0.0000E+00  1.0539E+00  5.8903E-01 -6.8613E-01  1.1460E+00  1.8449E+00 -6.9887E-01 -9.5162E-01
  1.3700E+02  6.0000E+00  2.0000E+00  4.0000E+00  1.6000E+02  5.2000E+00  0.0000E+00  5.2865E+00 -1.1435E-01  5.1522E-01  5.2000E+00  3.6650E+00  1.5350E+00  5.5566E-01
  1.3700E+02  8.0000E+00  2.0000E+00  4.0000E+00  1.6000E+02  6.4000E+00  0.0000E+00  5.5327E+00  1.1507E+00  1.8930E+00  6.4000E+00  3.6736E+00  2.7264E+00  2.0397E+00
  1.3700E+02  1.2000E+01  1.0000E+00  4.0000E+00  1.6000E+02  2.2700E-01  0.0000E+00  2.4041E-01 -3.7596E-01 -1.4678E+00  2.2700E-01  8.1049E-01 -5.8349E-01 -1.0678E+00
  1.3700E+02  1.2000E+01  2.0000E+00  4.0000E+00  1.6000E+02  5.6000E+00  0.0000E+00  5.9565E+00 -4.7915E-01  1.7155E-01  5.6000E+00  3.8606E+00  1.7394E+00  4.1796E-01
  1.3700E+02  2.4000E+01  2.0000E+00  4.0000E+00  1.6000E+02  6.1000E+00  0.0000E+00  6.2592E+00 -2.1701E-01 -1.7356E-01  6.1000E+00  4.7964E+00  1.3036E+00 -2.5956E-01
  1.3800E+02  0.0000E+00  2.0000E+00  4.0000E+00  1.6000E+02  5.8000E+00  0.0000E+00  6.1260E+00 -4.4138E-01 -7.7857E-01  5.8000E+00  7.1313E+00 -1.3313E+00 -8.5078E-01
  1.3800E+02  5.0000E-01  1.0000E+00  4.0000E+00  1.6000E+02  3.7480E+00  0.0000E+00  4.0702E+00 -5.3370E-01 -3.9651E-01  3.7480E+00  3.9212E+00 -1.7316E-01 -3.4129E-01
  1.3800E+02  5.0000E-01  2.0000E+00  4.0000E+00  1.6000E+02  3.9000E+00  0.0000E+00  2.9414E+00  1.3876E+00  1.0371E+00  3.9000E+00  4.1125E+00 -2.1252E-01  1.0207E+00
  1.3800E+02  1.0000E+00  2.0000E+00  4.0000E+00  1.6000E+02  2.4000E+00  0.0000E+00  2.8082E+00 -5.9913E-01 -9.6920E-01  2.4000E+00  4.0343E+00 -1.6343E+00 -8.4212E-01
  1.3800E+02  2.0000E+00  1.0000E+00  4.0000E+00  1.6000E+02  3.3330E+00  0.0000E+00  3.4292E+00 -1.8904E-01 -2.4488E-02  3.3330E+00  3.1923E+00  1.4065E-01 -2.8336E-02
  1.3800E+02  2.0000E+00  2.0000E+00  4.0000E+00  1.6000E+02  2.4000E+00  0.0000E+00  2.5820E+00 -2.7428E-01 -6.7675E-01  2.4000E+00  3.9042E+00 -1.5042E+00 -5.8645E-01
  1.3800E+02  4.0000E+00  2.0000E+00  4.0000E+00  1.6000E+02  2.1000E+00  0.0000E+00  2.2580E+00 -2.4920E-01 -6.9875E-01  2.1000E+00  3.7349E+00 -1.6349E+00 -6.1264E-01
  1.3800E+02  6.0000E+00  1.0000E+00  4.0000E+00  1.6000E+02  2.7020E+00  0.0000E+00  2.1712E+00  1.6480E+00  1.8232E+00  2.7020E+00  1.8449E+00  8.5713E-01  1.9190E+00
  1.3800E+02  6.0000E+00  2.0000E+00  4.0000E+00  1.6000E+02  1.2000E+00  0.0000E+00  2.0580E+00 -1.3998E+00 -1.8843E+00  1.2000E+00  3.6650E+00 -2.4650E+00 -1.5993E+00
  1.3800E+02  8.0000E+00  2.0000E+00  4.0000E+00  1.6000E+02  1.6000E+00  0.0000E+00  1.9436E+00 -5.7279E-01 -1.0882E+00  1.6000E+00  3.6736E+00 -2.0736E+00 -9.1528E-01
  1.3800E+02  1.2000E+01  1.0000E+00  4.0000E+00  1.6000E+02  1.0150E+00  0.0000E+00  1.0939E+00 -4.8621E-01 -3.7766E-01  1.0150E+00  8.1049E-01  2.0451E-01 -6.8601E-01
  1.3800E+02  1.2000E+01  2.0000E+00  4.0000E+00  1.6000E+02  2.2000E+00  0.0000E+00  1.8837E+00  5.3368E-01 -4.5504E-02  2.2000E+00  3.8606E+00 -1.6606E+00 -7.1504E-02
  1.3800E+02  2.4000E+01  2.0000E+00  4.0000E+00  1.6000E+02  2.6000E+00  0.0000E+00  2.3302E+00  4.2095E-01 -3.4911E-01  2.6000E+00  4.7964E+00 -2.1964E+00 -5.7533E-01
  1.3900E+02  0.0000E+00  2.0000E+00  4.0000E+00  1.6000E+02  6.5000E+00  0.0000E+00  7.3960E+00 -1.3467E+00 -1.3325E+00  6.5000E+00  7.1313E+00 -6.3133E-01 -1.2365E+00
  1.3900E+02  5.0000E-01  1.0000E+00  4.0000E+00  1.6000E+02  4.1490E+00  0.0000E+00  4.6364E+00 -7.0874E-01 -3.5262E-01  4.1490E+00  3.9212E+00  2.2784E-01 -3.4830E-01
  1.3900E+02  5.0000E-01  2.0000E+00  4.0000E+00  1.6000E+02  4.0000E+00  0.0000E+00  4.5533E+00 -7.3288E-01 -6.3601E-01  4.0000E+00  4.1125E+00 -1.1252E-01 -5.6391E-01
  1.3900E+02  1.0000E+00  2.0000E+00  4.0000E+00  1.6000E+02  4.3000E+00  0.0000E+00  4.5171E+00 -2.8771E-01 -1.7233E-01  4.3000E+00  4.0343E+00  2.6565E-01 -1.1059E-01
  1.3900E+02  2.0000E+00  1.0000E+00  4.0000E+00  1.6000E+02  4.4750E+00  0.0000E+00  3.9036E+00  9.8685E-01  1.4375E+00  4.4750E+00  3.1923E+00  1.2827E+00  1.7132E+00
  1.3900E+02  2.0000E+00  2.0000E+00  4.0000E+00  1.6000E+02  5.2000E+00  0.0000E+00  4.4603E+00  9.8152E-01  1.1286E+00  5.2000E+00  3.9042E+00  1.2958E+00  1.1868E+00
  1.3900E+02  4.0000E+00  2.0000E+00  4.0000E+00  1.6000E+02  5.0000E+00  0.0000E+00  4.4029E+00  7.9343E-01  9.8505E-01  5.0000E+00  3.7349E+00  1.2651E+00  1.0095E+00
  1.3900E+02  6.0000E+00  1.0000E+00  4.0000E+00  1.6000E+02  2.7740E+00  0.0000E+00  2.4672E+00  8.3837E-01  1.4441E+00  2.7740E+00  1.8449E+00  9.2913E-01  1.5928E+00
  1.3900E+02  6.0000E+00  2.0000E+00  4.0000E+00  1.6000E+02  2.8000E+00  0.0000E+00  4.4085E+00 -2.1370E+00 -1.9219E+00  2.8000E+00  3.6650E+00 -8.6496E-01 -2.0005E+00
  1.3900E+02  8.0000E+00  2.0000E+00  4.0000E+00  1.6000E+02  6.3000E+00  0.0000E+00  4.4654E+00  2.4342E+00  2.6558E+00  6.3000E+00  3.6736E+00  2.6264E+00  2.6968E+00
  1.3900E+02  1.2000E+01  1.0000E+00  4.0000E+00  1.6000E+02  1.3120E+00  0.0000E+00  1.2397E+00  3.9330E-01  9.9764E-01  1.3120E+00  8.1049E-01  5.0151E-01  7.9291E-01
  1.3900E+02  1.2000E+01  2.0000E+00  4.0000E+00  1.6000E+02  3.6000E+00  0.0000E+00  4.6932E+00 -1.4450E+00 -1.2449E+00  3.6000E+00  3.8606E+00 -2.6059E-01 -1.3248E+00
  1.3900E+02  2.4000E+01  2.0000E+00  4.0000E+00  1.6000E+02  7.1000E+00  0.0000E+00  5.6509E+00  1.9281E+00  2.0556E+00  7.1000E+00  4.7964E+00  2.3036E+00  1.9202E+00
  1.4000E+02  0.0000E+00  2.0000E+00  4.0000E+00  1.6000E+02  7.8000E+00  0.0000E+00  6.9444E+00  1.2252E+00  1.1640E+00  7.8000E+00  7.1313E+00  6.6867E-01  1.1459E+00
  1.4000E+02  5.0000E-01  1.0000E+00  4.0000E+00  1.6000E+02  6.7900E+00  0.0000E+00  5.7141E+00  1.2694E+00  2.2381E+00  6.7900E+00  3.9212E+00  2.8688E+00  2.9548E+00
  1.4000E+02  5.0000E-01  2.0000E+00  4.0000E+00  1.6000E+02  3.1000E+00  0.0000E+00  3.7204E+00 -8.4664E-01 -9.9227E-01  3.1000E+00  4.1125E+00 -1.0125E+00 -9.5583E-01
  1.4000E+02  1.0000E+00  2.0000E+00  4.0000E+00  1.6000E+02  3.0000E+00  0.0000E+00  3.6373E+00 -8.7379E-01 -1.0237E+00  3.0000E+00  4.0343E+00 -1.0343E+00 -9.8487E-01
  1.4000E+02  2.0000E+00  1.0000E+00  4.0000E+00  1.6000E+02  4.1110E+00  0.0000E+00  4.1209E+00 -1.6195E-02  3.3838E-01  4.1110E+00  3.1923E+00  9.1865E-01  3.4953E-01
  1.4000E+02  2.0000E+00  2.0000E+00  4.0000E+00  1.6000E+02  3.1000E+00  0.0000E+00  3.5047E+00 -5.5946E-01 -7.1115E-01  3.1000E+00  3.9042E+00 -8.0420E-01 -6.7731E-01
  1.4000E+02  4.0000E+00  2.0000E+00  4.0000E+00  1.6000E+02  3.4000E+00  0.0000E+00  3.3598E+00  5.6189E-02 -7.0606E-02  3.4000E+00  3.7349E+00 -3.3487E-01 -5.5942E-02
  1.4000E+02  6.0000E+00  1.0000E+00  4.0000E+00  1.6000E+02  1.8500E+00  0.0000E+00  1.7237E+00  4.9416E-01 -8.4462E-02  1.8500E+00  1.8449E+00  5.1311E-03 -2.9536E-01
  1.4000E+02  6.0000E+00  2.0000E+00  4.0000E+00  1.6000E+02  4.9000E+00  0.0000E+00  3.3532E+00  2.1612E+00  2.0985E+00  4.9000E+00  3.6650E+00  1.2350E+00  2.0560E+00
  1.4000E+02  8.0000E+00  2.0000E+00  4.0000E+00  1.6000E+02  3.6000E+00  0.0000E+00  3.4607E+00  1.9308E-01  2.2705E-01  3.6000E+00  3.6736E+00 -7.3631E-02  2.1383E-01
  1.4000E+02  1.2000E+01  1.0000E+00  4.0000E+00  1.6000E+02  4.5500E-01  0.0000E+00  4.6627E-01 -1.6292E-01 -9.3836E-01  4.5500E-01  8.1049E-01 -3.5549E-01 -6.2621E-01
  1.4000E+02  1.2000E+01  2.0000E+00  4.0000E+00  1.6000E+02  3.0000E+00  0.0000E+00  3.8931E+00 -1.2081E+00 -9.8016E-01  3.0000E+00  3.8606E+00 -8.6059E-01 -1.0023E+00
  1.4000E+02  2.4000E+01  2.0000E+00  4.0000E+00  1.6000E+02  4.6000E+00  0.0000E+00  4.8170E+00 -2.8643E-01 -3.2598E-01  4.6000E+00  4.7964E+00 -1.9640E-01 -3.4328E-01
  1.4100E+02  0.0000E+00  2.0000E+00  4.0000E+00  1.6000E+02  7.7000E+00  0.0000E+00  7.6865E+00  2.1103E-02  1.8445E-01  7.7000E+00  7.1313E+00  5.6867E-01  1.2254E-01
  1.4100E+02  5.0000E-01  1.0000E+00  4.0000E+00  1.6000E+02  2.1970E+00  0.0000E+00  2.4652E+00 -7.3354E-01 -1.6008E+00  2.1970E+00  3.9212E+00 -1.7242E+00 -1.2184E+00
  1.4100E+02  5.0000E-01  2.0000E+00  4.0000E+00  1.6000E+02  5.3000E+00  0.0000E+00  5.2263E+00  9.7331E-02  5.6060E-01  5.3000E+00  4.1125E+00  1.1875E+00  6.0080E-01
  1.4100E+02  1.0000E+00  2.0000E+00  4.0000E+00  1.6000E+02  4.8000E+00  0.0000E+00  5.1176E+00 -4.1907E-01  2.1734E-02  4.8000E+00  4.0343E+00  7.6565E-01  5.3937E-02
  1.4100E+02  2.0000E+00  1.0000E+00  4.0000E+00  1.6000E+02  1.7270E+00  0.0000E+00  2.1642E+00 -1.3619E+00 -2.0779E+00  1.7270E+00  3.1923E+00 -1.4653E+00 -1.5985E+00
  1.4100E+02  2.0000E+00  2.0000E+00  4.0000E+00  1.6000E+02  5.6000E+00  0.0000E+00  4.9279E+00  8.8679E-01  1.2844E+00  5.6000E+00  3.9042E+00  1.6958E+00  1.3458E+00
  1.4100E+02  4.0000E+00  2.0000E+00  4.0000E+00  1.6000E+02  4.0000E+00  0.0000E+00  4.6457E+00 -8.5403E-01 -5.3530E-01  4.0000E+00  3.7349E+00  2.6513E-01 -5.2637E-01
  1.4100E+02  6.0000E+00  1.0000E+00  4.0000E+00  1.6000E+02  1.7870E+00  0.0000E+00  1.5292E+00  1.1364E+00  7.1059E-01  1.7870E+00  1.8449E+00 -5.7869E-02  3.8326E-01
  1.4100E+02  6.0000E+00  2.0000E+00  4.0000E+00  1.6000E+02  5.7000E+00  0.0000E+00  4.4690E+00  1.6332E+00  1.8817E+00  5.7000E+00  3.6650E+00  2.0350E+00  1.9539E+00
  1.4100E+02  8.0000E+00  2.0000E+00  4.0000E+00  1.6000E+02  5.2000E+00  0.0000E+00  4.3729E+00  1.0999E+00  1.2848E+00  5.2000E+00  3.6736E+00  1.5264E+00  1.3235E+00
  1.4100E+02  1.2000E+01  1.0000E+00  4.0000E+00  1.6000E+02  8.3500E-01  0.0000E+00  9.0830E-01 -5.4403E-01 -7.6056E-01  8.3500E-01  8.1049E-01  2.4509E-02 -6.7489E-01
  1.4100E+02  1.2000E+01  2.0000E+00  4.0000E+00  1.6000E+02  4.3000E+00  0.0000E+00  4.3473E+00 -6.3003E-02  7.4625E-03  4.3000E+00  3.8606E+00  4.3941E-01 -1.2403E-02
  1.4100E+02  2.4000E+01  2.0000E+00  4.0000E+00  1.6000E+02  3.5000E+00  0.0000E+00  4.8176E+00 -1.7393E+00 -1.9193E+00  3.5000E+00  4.7964E+00 -1.2964E+00 -2.0022E+00
  1.4200E+02  0.0000E+00  2.0000E+00  4.0000E+00  1.6000E+02  8.1000E+00  0.0000E+00  7.8254E+00  4.3902E-01  5.9170E-01  8.1000E+00  7.1313E+00  9.6867E-01  4.9332E-01
  1.4200E+02  5.0000E-01  1.0000E+00  4.0000E+00  1.6000E+02  3.5060E+00  0.0000E+00  3.5446E+00 -7.3474E-02 -5.0778E-01  3.5060E+00  3.9212E+00 -4.1516E-01 -3.1719E-01
  1.4200E+02  5.0000E-01  2.0000E+00  4.0000E+00  1.6000E+02  4.9000E+00  0.0000E+00  5.1826E+00 -3.7307E-01 -1.0143E-01  4.9000E+00  4.1125E+00  7.8748E-01 -1.0990E-01
  1.4200E+02  1.0000E+00  2.0000E+00  4.0000E+00  1.6000E+02  5.1000E+00  0.0000E+00  5.1532E+00 -7.0170E-02  2.2060E-01  5.1000E+00  4.0343E+00  1.0657E+00  2.1701E-01
  1.4200E+02  2.0000E+00  1.0000E+00  4.0000E+00  1.6000E+02  2.8000E+00  0.0000E+00  2.6250E+00  4.4943E-01 -4.7091E-02  2.8000E+00  3.1923E+00 -3.9235E-01 -9.0531E-02
  1.4200E+02  2.0000E+00  2.0000E+00  4.0000E+00  1.6000E+02  5.8000E+00  0.0000E+00  5.1208E+00  8.9627E-01  1.2269E+00  5.8000E+00  3.9042E+00  1.8958E+00  1.2510E+00
  1.4200E+02  4.0000E+00  2.0000E+00  4.0000E+00  1.6000E+02  3.9000E+00  0.0000E+00  5.1518E+00 -1.6522E+00 -1.2367E+00  3.9000E+00  3.7349E+00  1.6513E-01 -1.2634E+00
  1.4200E+02  6.0000E+00  1.0000E+00  4.0000E+00  1.6000E+02  8.5500E-01  0.0000E+00  1.1784E+00 -1.8500E+00 -2.1406E+00  8.5500E-01  1.8449E+00 -9.8987E-01 -1.7627E+00
  1.4200E+02  6.0000E+00  2.0000E+00  4.0000E+00  1.6000E+02  5.5000E+00  0.0000E+00  5.2867E+00  2.8188E-01  7.8161E-01  5.5000E+00  3.6650E+00  1.8350E+00  8.5173E-01
  1.4200E+02  8.0000E+00  2.0000E+00  4.0000E+00  1.6000E+02  6.5000E+00  0.0000E+00  5.4906E+00  1.3381E+00  1.9074E+00  6.5000E+00  3.6736E+00  2.8264E+00  2.0433E+00
  1.4200E+02  1.2000E+01  1.0000E+00  4.0000E+00  1.6000E+02  3.8600E-01  0.0000E+00  3.5442E-01  6.0075E-01  7.6578E-01  3.8600E-01  8.1049E-01 -4.2449E-01  4.8909E-02
  1.4200E+02  1.2000E+01  2.0000E+00  4.0000E+00  1.6000E+02  5.9000E+00  0.0000E+00  5.9528E+00 -7.0911E-02  5.4539E-01  5.9000E+00  3.8606E+00  2.0394E+00  6.6095E-01
  1.4200E+02  2.4000E+01  2.0000E+00  4.0000E+00  1.6000E+02  6.7000E+00  0.0000E+00  6.6155E+00  1.1785E-01  5.1358E-01  6.7000E+00  4.7964E+00  1.9036E+00  2.9673E-01
  1.4300E+02  0.0000E+00  2.0000E+00  4.0000E+00  1.6000E+02  7.6000E+00  0.0000E+00  7.3319E+00  3.9983E-01  5.6806E-01  7.6000E+00  7.1313E+00  4.6867E-01  5.9465E-01
  1.4300E+02  5.0000E-01  1.0000E+00  4.0000E+00  1.6000E+02  4.0960E+00  0.0000E+00  3.7686E+00  5.8561E-01  4.9805E-01  4.0960E+00  3.9212E+00  1.7484E-01  5.0579E-01
  1.4300E+02  5.0000E-01  2.0000E+00  4.0000E+00  1.6000E+02  4.3000E+00  0.0000E+00  4.2317E+00  9.1231E-02  2.2314E-01  4.3000E+00  4.1125E+00  1.8748E-01  2.6895E-01
  1.4300E+02  1.0000E+00  2.0000E+00  4.0000E+00  1.6000E+02  4.9000E+00  0.0000E+00  4.0923E+00  1.0836E+00  1.1832E+00  4.9000E+00  4.0343E+00  8.6565E-01  1.2223E+00
  1.4300E+02  2.0000E+00  1.0000E+00  4.0000E+00  1.6000E+02  2.5520E+00  0.0000E+00  3.1059E+00 -1.2023E+00 -1.2827E+00  2.5520E+00  3.1923E+00 -6.4035E-01 -1.2258E+00
  1.4300E+02  2.0000E+00  2.0000E+00  4.0000E+00  1.6000E+02  3.3000E+00  0.0000E+00  3.8520E+00 -7.4819E-01 -7.0651E-01  3.3000E+00  3.9042E+00 -6.0420E-01 -6.8029E-01
  1.4300E+02  4.0000E+00  2.0000E+00  4.0000E+00  1.6000E+02  4.3000E+00  0.0000E+00  3.5032E+00  1.1017E+00  1.0509E+00  4.3000E+00  3.7349E+00  5.6513E-01  1.0405E+00
  1.4300E+02  6.0000E+00  1.0000E+00  4.0000E+00  1.6000E+02  2.0330E+00  0.0000E+00  1.8545E+00  6.4898E-01  5.6109E-01  2.0330E+00  1.8449E+00  1.8813E-01  4.6270E-01
  1.4300E+02  6.0000E+00  2.0000E+00  4.0000E+00  1.6000E+02  2.3000E+00  0.0000E+00  3.2931E+00 -1.3938E+00 -1.5137E+00  2.3000E+00  3.6650E+00 -1.3650E+00 -1.4789E+00
  1.4300E+02  8.0000E+00  2.0000E+00  4.0000E+00  1.6000E+02  3.5000E+00  0.0000E+00  3.1873E+00  4.4270E-01  2.6964E-01  3.5000E+00  3.6736E+00 -1.7363E-01  2.5051E-01
  1.4300E+02  1.2000E+01  1.0000E+00  4.0000E+00  1.6000E+02  8.5500E-01  0.0000E+00  8.5558E-01 -4.5858E-03 -1.4575E-01  8.5500E-01  8.1049E-01  4.4509E-02 -3.0464E-01
  1.4300E+02  1.2000E+01  2.0000E+00  4.0000E+00  1.6000E+02  1.9000E+00  0.0000E+00  3.1952E+00 -1.8322E+00 -2.0820E+00  1.9000E+00  3.8606E+00 -1.9606E+00 -2.0039E+00
  1.4300E+02  2.4000E+01  2.0000E+00  4.0000E+00  1.6000E+02  4.6000E+00  0.0000E+00  3.9387E+00  8.9270E-01  5.5584E-01  4.6000E+00  4.7964E+00 -1.9640E-01  4.7696E-01
  1.4400E+02  0.0000E+00  2.0000E+00  4.0000E+00  1.6000E+02  6.7000E+00  0.0000E+00  7.1078E+00 -5.9329E-01 -5.2108E-01  6.7000E+00  7.1313E+00 -4.3133E-01 -4.8344E-01
  1.4400E+02  5.0000E-01  1.0000E+00  4.0000E+00  1.6000E+02  7.3540E+00  0.0000E+00  6.1376E+00  1.3361E+00  2.4458E+00  7.3540E+00  3.9212E+00  3.4328E+00  3.3849E+00
  1.4400E+02  5.0000E-01  2.0000E+00  4.0000E+00  1.6000E+02  3.9000E+00  0.0000E+00  3.8583E+00  5.6516E-02  4.3566E-02  3.9000E+00  4.1125E+00 -2.1252E-01  1.2952E-01
  1.4400E+02  1.0000E+00  2.0000E+00  4.0000E+00  1.6000E+02  4.0000E+00  0.0000E+00  3.7086E+00  3.9798E-01  3.4322E-01  4.0000E+00  4.0343E+00 -3.4348E-02  4.1282E-01
  1.4400E+02  2.0000E+00  1.0000E+00  4.0000E+00  1.6000E+02  5.1570E+00  0.0000E+00  4.5431E+00  9.1089E-01  1.4956E+00  5.1570E+00  3.1923E+00  1.9647E+00  1.8990E+00
  1.4400E+02  2.0000E+00  2.0000E+00  4.0000E+00  1.6000E+02  3.7000E+00  0.0000E+00  3.4579E+00  3.3571E-01  2.1249E-01  3.7000E+00  3.9042E+00 -2.0420E-01  2.6113E-01
  1.4400E+02  4.0000E+00  2.0000E+00  4.0000E+00  1.6000E+02  4.0000E+00  0.0000E+00  3.1229E+00  1.2483E+00  1.0401E+00  4.0000E+00  3.7349E+00  2.6513E-01  1.0134E+00
  1.4400E+02  6.0000E+00  1.0000E+00  4.0000E+00  1.6000E+02  1.8930E+00  0.0000E+00  2.0369E+00 -4.7635E-01 -6.9908E-01  1.8930E+00  1.8449E+00  4.8131E-02 -9.9857E-01
  1.4400E+02  6.0000E+00  2.0000E+00  4.0000E+00  1.6000E+02  2.8000E+00  0.0000E+00  2.9631E+00 -2.3565E-01 -4.7570E-01  2.8000E+00  3.6650E+00 -8.6496E-01 -4.6115E-01
  1.4400E+02  8.0000E+00  2.0000E+00  4.0000E+00  1.6000E+02  3.0000E+00  0.0000E+00  2.9352E+00  9.3812E-02 -1.4212E-01  3.0000E+00  3.6736E+00 -6.7363E-01 -1.6890E-01
  1.4400E+02  1.2000E+01  1.0000E+00  4.0000E+00  1.6000E+02  6.3000E-01  0.0000E+00  6.1152E-01  2.0378E-01 -2.5760E-01  6.3000E-01  8.1049E-01 -1.8049E-01 -3.6363E-01
  1.4400E+02  1.2000E+01  2.0000E+00  4.0000E+00  1.6000E+02  2.9000E+00  0.0000E+00  3.1359E+00 -3.3539E-01 -5.3017E-01  2.9000E+00  3.8606E+00 -9.6059E-01 -5.7088E-01
  1.4400E+02  2.4000E+01  2.0000E+00  4.0000E+00  1.6000E+02  3.3000E+00  0.0000E+00  3.8657E+00 -7.6625E-01 -1.2524E+00  3.3000E+00  4.7964E+00 -1.4964E+00 -1.3555E+00
  1.4500E+02  0.0000E+00  2.0000E+00  4.0000E+00  1.6000E+02  5.2000E+00  0.0000E+00  6.2151E+00 -1.3805E+00 -1.8204E+00  5.2000E+00  7.1313E+00 -1.9313E+00 -1.9474E+00
  1.4500E+02  5.0000E-01  1.0000E+00  4.0000E+00  1.6000E+02  4.1130E+00  0.0000E+00  3.8650E+00  4.3249E-01  3.0466E-01  4.1130E+00  3.9212E+00  1.9184E-01  3.4962E-01
  1.4500E+02  5.0000E-01  2.0000E+00  4.0000E+00  1.6000E+02  3.5000E+00  0.0000E+00  3.1520E+00  4.9414E-01  9.2564E-02  3.5000E+00  4.1125E+00 -6.1252E-01  7.9221E-02
  1.4500E+02  1.0000E+00  2.0000E+00  4.0000E+00  1.6000E+02  3.4000E+00  0.0000E+00  3.1131E+00  4.0873E-01  3.0503E-02  3.4000E+00  4.0343E+00 -6.3435E-01  1.9868E-02
  1.4500E+02  2.0000E+00  1.0000E+00  4.0000E+00  1.6000E+02  2.6010E+00  0.0000E+00  2.8547E+00 -5.9903E-01 -1.0000E+00  2.6010E+00  3.1923E+00 -5.9135E-01 -8.8521E-01
  1.4500E+02  2.0000E+00  2.0000E+00  4.0000E+00  1.6000E+02  2.6000E+00  0.0000E+00  3.0593E+00 -6.5752E-01 -9.8816E-01  2.6000E+00  3.9042E+00 -1.3042E+00 -9.4366E-01
  1.4500E+02  4.0000E+00  2.0000E+00  4.0000E+00  1.6000E+02  1.9000E+00  0.0000E+00  3.0384E+00 -1.6327E+00 -1.8613E+00  1.9000E+00  3.7349E+00 -1.8349E+00 -1.7848E+00
  1.4500E+02  6.0000E+00  1.0000E+00  4.0000E+00  1.6000E+02  1.2690E+00  0.0000E+00  1.2724E+00 -1.8005E-02 -7.0926E-01  1.2690E+00  1.8449E+00 -5.7587E-01 -6.9675E-01
  1.4500E+02  6.0000E+00  2.0000E+00  4.0000E+00  1.6000E+02  4.2000E+00  0.0000E+00  3.1173E+00  1.5418E+00  1.4263E+00  4.2000E+00  3.6650E+00  5.3504E-01  1.3440E+00
  1.4500E+02  8.0000E+00  2.0000E+00  4.0000E+00  1.6000E+02  2.8000E+00  0.0000E+00  3.2761E+00 -6.6905E-01 -6.6787E-01  2.8000E+00  3.6736E+00 -8.7363E-01 -6.8005E-01
  1.4500E+02  1.2000E+01  1.0000E+00  4.0000E+00  1.6000E+02  3.8400E-01  0.0000E+00  3.7864E-01  9.5446E-02 -4.7057E-01  3.8400E-01  8.1049E-01 -4.2649E-01 -3.1079E-01
  1.4500E+02  1.2000E+01  2.0000E+00  4.0000E+00  1.6000E+02  3.7000E+00  0.0000E+00  3.7250E+00 -3.4043E-02  1.3545E-01  3.7000E+00  3.8606E+00 -1.6059E-01  1.1316E-01
  1.4500E+02  2.4000E+01  2.0000E+00  4.0000E+00  1.6000E+02  5.2000E+00  0.0000E+00  4.5841E+00  8.1538E-01  7.4048E-01  5.2000E+00  4.7964E+00  4.0360E-01  7.4723E-01
  1.4600E+02  0.0000E+00  2.0000E+00  4.0000E+00  1.6000E+02  8.6000E+00  0.0000E+00  7.6990E+00  1.4121E+00  1.5681E+00  8.6000E+00  7.1313E+00  1.4687E+00  1.4483E+00
  1.4600E+02  5.0000E-01  1.0000E+00  4.0000E+00  1.6000E+02  5.1420E+00  0.0000E+00  4.6366E+00  7.3490E-01  1.0553E+00  5.1420E+00  3.9212E+00  1.2208E+00  1.2078E+00
  1.4600E+02  5.0000E-01  2.0000E+00  4.0000E+00  1.6000E+02  4.1000E+00  0.0000E+00  4.8416E+00 -9.7880E-01 -7.8216E-01  4.1000E+00  4.1125E+00 -1.2519E-02 -7.6638E-01
  1.4600E+02  1.0000E+00  2.0000E+00  4.0000E+00  1.6000E+02  4.4000E+00  0.0000E+00  4.7948E+00 -5.2124E-01 -3.1345E-01  4.4000E+00  4.0343E+00  3.6565E-01 -2.9623E-01
  1.4600E+02  2.0000E+00  1.0000E+00  4.0000E+00  1.6000E+02  3.4870E+00  0.0000E+00  3.6712E+00 -3.3828E-01 -7.3285E-02  3.4870E+00  3.1923E+00  2.9465E-01 -1.1563E-01
  1.4600E+02  2.0000E+00  2.0000E+00  4.0000E+00  1.6000E+02  5.2000E+00  0.0000E+00  4.7225E+00  6.3084E-01  8.5843E-01  5.2000E+00  3.9042E+00  1.2958E+00  8.9261E-01
  1.4600E+02  4.0000E+00  2.0000E+00  4.0000E+00  1.6000E+02  3.5000E+00  0.0000E+00  4.6556E+00 -1.5281E+00 -1.2691E+00  3.5000E+00  3.7349E+00 -2.3487E-01 -1.3025E+00
  1.4600E+02  6.0000E+00  1.0000E+00  4.0000E+00  1.6000E+02  2.1410E+00  0.0000E+00  1.9699E+00  5.8543E-01  7.5199E-01  2.1410E+00  1.8449E+00  2.9613E-01  7.1942E-01
  1.4600E+02  6.0000E+00  2.0000E+00  4.0000E+00  1.6000E+02  5.5000E+00  0.0000E+00  4.6783E+00  1.0863E+00  1.3687E+00  5.5000E+00  3.6650E+00  1.8350E+00  1.4147E+00
  1.4600E+02  8.0000E+00  2.0000E+00  4.0000E+00  1.6000E+02  4.8000E+00  0.0000E+00  4.7749E+00  3.3165E-02  3.3398E-01  4.8000E+00  3.6736E+00  1.1264E+00  3.4244E-01
  1.4600E+02  1.2000E+01  1.0000E+00  4.0000E+00  1.6000E+02  7.9500E-01  0.0000E+00  7.7430E-01  1.8019E-01  2.2745E-01  7.9500E-01  8.1049E-01 -1.5491E-02  1.7840E-01
  1.4600E+02  1.2000E+01  2.0000E+00  4.0000E+00  1.6000E+02  5.7000E+00  0.0000E+00  5.1214E+00  7.6358E-01  1.0925E+00  5.7000E+00  3.8606E+00  1.8394E+00  1.1084E+00
  1.4600E+02  2.4000E+01  2.0000E+00  4.0000E+00  1.6000E+02  6.3000E+00  0.0000E+00  6.1910E+00  1.4800E-01  5.2498E-01  6.3000E+00  4.7964E+00  1.5036E+00  4.0529E-01
  1.4700E+02  0.0000E+00  2.0000E+00  4.0000E+00  1.6000E+02  8.0000E+00  0.0000E+00  8.1541E+00 -2.6197E-01 -2.4075E-03  8.0000E+00  7.1313E+00  8.6867E-01 -4.5794E-02
  1.4700E+02  5.0000E-01  1.0000E+00  4.0000E+00  1.6000E+02  3.6670E+00  0.0000E+00  3.7999E+00 -2.3575E-01 -3.7613E-01  3.6670E+00  3.9212E+00 -2.5416E-01 -2.5951E-01
  1.4700E+02  5.0000E-01  2.0000E+00  4.0000E+00  1.6000E+02  5.5000E+00  0.0000E+00  5.8329E+00 -4.4541E-01  8.3301E-02  5.5000E+00  4.1125E+00  1.3875E+00  1.9874E-01
  1.4700E+02  1.0000E+00  2.0000E+00  4.0000E+00  1.6000E+02  5.5000E+00  0.0000E+00  5.7944E+00 -3.9344E-01  1.4763E-01  5.5000E+00  4.0343E+00  1.4657E+00  2.5132E-01
  1.4700E+02  2.0000E+00  1.0000E+00  4.0000E+00  1.6000E+02  3.3370E+00  0.0000E+00  3.2977E+00  8.0395E-02  1.2519E-01  3.3370E+00  3.1923E+00  1.4465E-01  1.8239E-01
  1.4700E+02  2.0000E+00  2.0000E+00  4.0000E+00  1.6000E+02  5.3000E+00  0.0000E+00  5.7322E+00 -5.7638E-01 -1.5769E-02  5.3000E+00  3.9042E+00  1.3958E+00  6.4966E-02
  1.4700E+02  4.0000E+00  2.0000E+00  4.0000E+00  1.6000E+02  6.9000E+00  0.0000E+00  5.6598E+00  1.6506E+00  2.2316E+00  6.9000E+00  3.7349E+00  3.1651E+00  2.3290E+00
  1.4700E+02  6.0000E+00  1.0000E+00  4.0000E+00  1.6000E+02  2.5070E+00  0.0000E+00  2.2596E+00  7.3797E-01  1.1473E+00  2.5070E+00  1.8449E+00  6.6213E-01  1.1705E+00
  1.4700E+02  6.0000E+00  2.0000E+00  4.0000E+00  1.6000E+02  5.4000E+00  0.0000E+00  5.6453E+00 -3.2637E-01  2.5411E-01  5.4000E+00  3.6650E+00  1.7350E+00  2.7641E-01
  1.4700E+02  8.0000E+00  2.0000E+00  4.0000E+00  1.6000E+02  6.9000E+00  0.0000E+00  5.6767E+00  1.6288E+00  2.1920E+00  6.9000E+00  3.6736E+00  3.2264E+00  2.2354E+00
  1.4700E+02  1.2000E+01  1.0000E+00  4.0000E+00  1.6000E+02  1.3790E+00  0.0000E+00  1.2817E+00  5.1176E-01  1.1614E+00  1.3790E+00  8.1049E-01  5.6851E-01  1.1401E+00
  1.4700E+02  1.2000E+01  2.0000E+00  4.0000E+00  1.6000E+02  5.7000E+00  0.0000E+00  5.8362E+00 -1.8224E-01  3.1333E-01  5.7000E+00  3.8606E+00  1.8394E+00  2.4699E-01
  1.4700E+02  2.4000E+01  2.0000E+00  4.0000E+00  1.6000E+02  6.7000E+00  0.0000E+00  6.5572E+00  1.9821E-01  4.9941E-01  6.7000E+00  4.7964E+00  1.9036E+00  2.6809E-01
  1.4800E+02  0.0000E+00  2.0000E+00  4.0000E+00  1.6000E+02  9.0000E+00  0.0000E+00  7.7557E+00  1.9673E+00  2.2349E+00  9.0000E+00  7.1313E+00  1.8687E+00  2.0803E+00
  1.4800E+02  5.0000E-01  1.0000E+00  4.0000E+00  1.6000E+02  4.4540E+00  0.0000E+00  3.7744E+00  1.2137E+00  1.0769E+00  4.4540E+00  3.9212E+00  5.3284E-01  1.0177E+00
  1.4800E+02  5.0000E-01  2.0000E+00  4.0000E+00  1.6000E+02  3.9000E+00  0.0000E+00  4.8599E+00 -1.2668E+00 -9.4224E-01  3.9000E+00  4.1125E+00 -2.1252E-01 -9.2578E-01
  1.4800E+02  1.0000E+00  2.0000E+00  4.0000E+00  1.6000E+02  5.0000E+00  0.0000E+00  4.7246E+00  3.6380E-01  6.5460E-01  5.0000E+00  4.0343E+00  9.6565E-01  6.9205E-01
  1.4800E+02  2.0000E+00  1.0000E+00  4.0000E+00  1.6000E+02  2.7640E+00  0.0000E+00  3.1370E+00 -8.0166E-01 -8.8389E-01  2.7640E+00  3.1923E+00 -4.2835E-01 -8.4979E-01
  1.4800E+02  2.0000E+00  2.0000E+00  4.0000E+00  1.6000E+02  4.7000E+00  0.0000E+00  4.4897E+00  2.7887E-01  5.0727E-01  4.7000E+00  3.9042E+00  7.9580E-01  5.3496E-01
  1.4800E+02  4.0000E+00  2.0000E+00  4.0000E+00  1.6000E+02  4.8000E+00  0.0000E+00  4.1447E+00  8.7736E-01  1.0004E+00  4.8000E+00  3.7349E+00  1.0651E+00  1.0219E+00
  1.4800E+02  6.0000E+00  1.0000E+00  4.0000E+00  1.6000E+02  1.6470E+00  0.0000E+00  1.9156E+00 -9.4521E-01 -9.1518E-01  1.6470E+00  1.8449E+00 -1.9787E-01 -9.0999E-01
  1.4800E+02  6.0000E+00  2.0000E+00  4.0000E+00  1.6000E+02  4.3000E+00  0.0000E+00  3.9356E+00  4.9205E-01  5.3126E-01  4.3000E+00  3.6650E+00  6.3504E-01  5.3052E-01
  1.4800E+02  8.0000E+00  2.0000E+00  4.0000E+00  1.6000E+02  3.5000E+00  0.0000E+00  3.8312E+00 -4.4943E-01 -4.7814E-01  3.5000E+00  3.6736E+00 -1.7363E-01 -4.9844E-01
  1.4800E+02  1.2000E+01  1.0000E+00  4.0000E+00  1.6000E+02  9.8800E-01  0.0000E+00  9.1405E-01  5.4536E-01  6.4667E-01  9.8800E-01  8.1049E-01  1.7751E-01  6.7780E-01
  1.4800E+02  1.2000E+01  2.0000E+00  4.0000E+00  1.6000E+02  4.1000E+00  0.0000E+00  3.8458E+00  3.4469E-01  2.1225E-01  4.1000E+00  3.8606E+00  2.3941E-01  1.7947E-01
  1.4800E+02  2.4000E+01  2.0000E+00  4.0000E+00  1.6000E+02  3.8000E+00  0.0000E+00  4.5996E+00 -1.0582E+00 -1.3137E+00  3.8000E+00  4.7964E+00 -9.9640E-01 -1.3557E+00
  1.4900E+02  0.0000E+00  2.0000E+00  4.0000E+00  1.6000E+02  6.7000E+00  0.0000E+00  6.3514E+00  4.7766E-01  1.8856E-01  6.7000E+00  7.1313E+00 -4.3133E-01  1.7952E-01
  1.4900E+02  5.0000E-01  1.0000E+00  4.0000E+00  1.6000E+02  4.1100E+00  0.0000E+00  3.9241E+00  3.1943E-01  2.3148E-01  4.1100E+00  3.9212E+00  1.8884E-01  2.2097E-01
  1.4900E+02  5.0000E-01  2.0000E+00  4.0000E+00  1.6000E+02  2.7000E+00  0.0000E+00  3.2187E+00 -7.3238E-01 -1.0176E+00  2.7000E+00  4.1125E+00 -1.4125E+00 -9.5521E-01
  1.4900E+02  1.0000E+00  2.0000E+00  4.0000E+00  1.6000E+02  2.9000E+00  0.0000E+00  3.1303E+00 -3.2763E-01 -6.1090E-01  2.9000E+00  4.0343E+00 -1.1343E+00 -5.6784E-01
  1.4900E+02  2.0000E+00  1.0000E+00  4.0000E+00  1.6000E+02  3.2910E+00  0.0000E+00  3.2387E+00  1.0892E-01  3.5693E-02  3.2910E+00  3.1923E+00  9.8650E-02  3.7287E-02
  1.4900E+02  2.0000E+00  2.0000E+00  4.0000E+00  1.6000E+02  2.4000E+00  0.0000E+00  2.9812E+00 -8.3803E-01 -1.1181E+00  2.4000E+00  3.9042E+00 -1.5042E+00 -1.0401E+00
  1.4900E+02  4.0000E+00  2.0000E+00  4.0000E+00  1.6000E+02  2.8000E+00  0.0000E+00  2.7750E+00  3.6894E-02 -2.3993E-01  2.8000E+00  3.7349E+00 -9.3487E-01 -2.1696E-01
  1.4900E+02  6.0000E+00  1.0000E+00  4.0000E+00  1.6000E+02  1.9170E+00  0.0000E+00  1.9411E+00 -8.3727E-02 -1.3543E-01  1.9170E+00  1.8449E+00  7.2131E-02 -1.1262E-01
  1.4900E+02  6.0000E+00  2.0000E+00  4.0000E+00  1.6000E+02  2.6000E+00  0.0000E+00  2.6646E+00 -9.6442E-02 -3.7453E-01  2.6000E+00  3.6650E+00 -1.0650E+00 -3.4093E-01
  1.4900E+02  8.0000E+00  2.0000E+00  4.0000E+00  1.6000E+02  3.6000E+00  0.0000E+00  2.6272E+00  1.4580E+00  1.1744E+00  3.6000E+00  3.6736E+00 -7.3631E-02  1.0683E+00
  1.4900E+02  1.2000E+01  1.0000E+00  4.0000E+00  1.6000E+02  9.3200E-01  0.0000E+00  9.0069E-01  2.3437E-01  1.7892E-01  9.3200E-01  8.1049E-01  1.2151E-01  2.4236E-01
  1.4900E+02  1.2000E+01  2.0000E+00  4.0000E+00  1.6000E+02  2.8000E+00  0.0000E+00  2.7105E+00  1.3279E-01 -1.7169E-01  2.8000E+00  3.8606E+00 -1.0606E+00 -1.7250E-01
  1.4900E+02  2.4000E+01  2.0000E+00  4.0000E+00  1.6000E+02  2.9000E+00  0.0000E+00  3.4914E+00 -8.1836E-01 -1.1756E+00  2.9000E+00  4.7964E+00 -1.8964E+00 -1.1919E+00
  1.5000E+02  0.0000E+00  2.0000E+00  4.0000E+00  1.6000E+02  6.5000E+00  0.0000E+00  7.2860E+00 -1.1659E+00 -1.2181E+00  6.5000E+00  7.1313E+00 -6.3133E-01 -1.1695E+00
  1.5000E+02  5.0000E-01  1.0000E+00  4.0000E+00  1.6000E+02  4.6960E+00  0.0000E+00  4.5766E+00  1.7595E-01  5.1840E-01  4.6960E+00  3.9212E+00  7.7484E-01  6.8091E-01
  1.5000E+02  5.0000E-01  2.0000E+00  4.0000E+00  1.6000E+02  5.0000E+00  0.0000E+00  4.3336E+00  8.8704E-01  8.3003E-01  5.0000E+00  4.1125E+00  8.8748E-01  8.3939E-01
  1.5000E+02  1.0000E+00  2.0000E+00  4.0000E+00  1.6000E+02  3.3000E+00  0.0000E+00  4.2990E+00 -1.3311E+00 -1.3663E+00  3.3000E+00  4.0343E+00 -7.3435E-01 -1.3775E+00
  1.5000E+02  2.0000E+00  1.0000E+00  4.0000E+00  1.6000E+02  3.6410E+00  0.0000E+00  3.2771E+00  7.4854E-01  6.2908E-01  3.6410E+00  3.1923E+00  4.4865E-01  6.7061E-01
  1.5000E+02  2.0000E+00  2.0000E+00  4.0000E+00  1.6000E+02  5.4000E+00  0.0000E+00  4.2588E+00  1.5223E+00  1.5366E+00  5.4000E+00  3.9042E+00  1.4958E+00  1.5506E+00
  1.5000E+02  4.0000E+00  2.0000E+00  4.0000E+00  1.6000E+02  4.0000E+00  0.0000E+00  4.2852E+00 -3.8010E-01 -2.4240E-01  4.0000E+00  3.7349E+00  2.6513E-01 -2.6247E-01
  1.5000E+02  6.0000E+00  1.0000E+00  4.0000E+00  1.6000E+02  1.3010E+00  0.0000E+00  1.3449E+00 -2.2024E-01 -9.0751E-01  1.3010E+00  1.8449E+00 -5.4387E-01 -9.7774E-01
  1.5000E+02  6.0000E+00  2.0000E+00  4.0000E+00  1.6000E+02  5.1000E+00  0.0000E+00  4.4326E+00  8.8612E-01  1.1712E+00  5.1000E+00  3.6650E+00  1.4350E+00  1.1869E+00
  1.5000E+02  8.0000E+00  2.0000E+00  4.0000E+00  1.6000E+02  3.7000E+00  0.0000E+00  4.6658E+00 -1.2769E+00 -8.4880E-01  3.7000E+00  3.6736E+00  2.6369E-02 -8.8829E-01
  1.5000E+02  1.2000E+01  1.0000E+00  4.0000E+00  1.6000E+02  3.5800E-01  0.0000E+00  3.5360E-01  8.3807E-02 -5.2302E-01  3.5800E-01  8.1049E-01 -4.5249E-01 -4.1834E-01
  1.5000E+02  1.2000E+01  2.0000E+00  4.0000E+00  1.6000E+02  5.8000E+00  0.0000E+00  5.2046E+00  7.8608E-01  1.3495E+00  5.8000E+00  3.8606E+00  1.9394E+00  1.4211E+00
  1.5000E+02  2.4000E+01  2.0000E+00  4.0000E+00  1.6000E+02  6.0000E+00  0.0000E+00  5.9056E+00  1.2667E-01  3.0820E-01  6.0000E+00  4.7964E+00  1.2036E+00  2.1617E-01
  1.5100E+02  0.0000E+00  2.0000E+00  4.0000E+00  1.6000E+02  4.3000E+00  0.0000E+00  6.0291E+00 -2.3310E+00 -2.9369E+00  4.3000E+00  7.1313E+00 -2.8313E+00 -3.1829E+00
  1.5100E+02  5.0000E-01  1.0000E+00  4.0000E+00  1.6000E+02  5.5760E+00  0.0000E+00  5.6910E+00 -1.3624E-01  9.3750E-01  5.5760E+00  3.9212E+00  1.6548E+00  1.1926E+00
  1.5100E+02  5.0000E-01  2.0000E+00  4.0000E+00  1.6000E+02  2.8000E+00  0.0000E+00  3.0380E+00 -3.4139E-01 -8.3995E-01  2.8000E+00  4.1125E+00 -1.3125E+00 -7.6335E-01
  1.5100E+02  1.0000E+00  2.0000E+00  4.0000E+00  1.6000E+02  2.7000E+00  0.0000E+00  3.0257E+00 -4.6761E-01 -9.2532E-01  2.7000E+00  4.0343E+00 -1.3343E+00 -8.4916E-01
  1.5100E+02  2.0000E+00  1.0000E+00  4.0000E+00  1.6000E+02  4.8000E+00  0.0000E+00  3.9599E+00  1.4301E+00  1.7283E+00  4.8000E+00  3.1923E+00  1.6077E+00  2.1246E+00
  1.5100E+02  2.0000E+00  2.0000E+00  4.0000E+00  1.6000E+02  3.2000E+00  0.0000E+00  3.0254E+00  2.5075E-01 -1.2049E-01  3.2000E+00  3.9042E+00 -7.0420E-01 -1.0611E-01
  1.5100E+02  4.0000E+00  2.0000E+00  4.0000E+00  1.6000E+02  3.0000E+00  0.0000E+00  3.1168E+00 -1.6637E-01 -3.4211E-01  3.0000E+00  3.7349E+00 -7.3487E-01 -3.4064E-01
  1.5100E+02  6.0000E+00  1.0000E+00  4.0000E+00  1.6000E+02  1.6510E+00  0.0000E+00  1.5055E+00  6.5145E-01 -1.6109E-01  1.6510E+00  1.8449E+00 -1.9387E-01 -5.1909E-01
  1.5100E+02  6.0000E+00  2.0000E+00  4.0000E+00  1.6000E+02  3.4000E+00  0.0000E+00  3.3149E+00  1.1922E-01  1.5787E-01  3.4000E+00  3.6650E+00 -2.6496E-01  1.2253E-01
  1.5100E+02  8.0000E+00  2.0000E+00  4.0000E+00  1.6000E+02  5.5000E+00  0.0000E+00  3.5863E+00  2.6320E+00  2.8610E+00  5.5000E+00  3.6736E+00  1.8264E+00  2.8092E+00
  1.5100E+02  1.2000E+01  1.0000E+00  4.0000E+00  1.6000E+02  3.3700E-01  0.0000E+00  3.5292E-01 -3.0416E-01 -1.2223E+00  3.3700E-01  8.1049E-01 -4.7349E-01 -8.4642E-01
  1.5100E+02  1.2000E+01  2.0000E+00  4.0000E+00  1.6000E+02  3.3000E+00  0.0000E+00  4.1559E+00 -1.1456E+00 -7.9392E-01  3.3000E+00  3.8606E+00 -5.6059E-01 -7.5533E-01
  1.5100E+02  2.4000E+01  2.0000E+00  4.0000E+00  1.6000E+02  5.0000E+00  0.0000E+00  4.7722E+00  3.0078E-01  1.2361E-01  5.0000E+00  4.7964E+00  2.0360E-01  1.4443E-02
  1.5200E+02  0.0000E+00  2.0000E+00  4.0000E+00  1.6000E+02  6.9000E+00  0.0000E+00  7.1216E+00 -3.2287E-01 -3.8472E-01  6.9000E+00  7.1313E+00 -2.3133E-01 -3.9884E-01
  1.5200E+02  5.0000E-01  1.0000E+00  4.0000E+00  1.6000E+02  3.8210E+00  0.0000E+00  3.6366E+00  3.4188E-01  2.7832E-02  3.8210E+00  3.9212E+00 -1.0016E-01  1.1981E-01
  1.5200E+02  5.0000E-01  2.0000E+00  4.0000E+00  1.6000E+02  4.5000E+00  0.0000E+00  4.1838E+00  4.2285E-01  3.9726E-01  4.5000E+00  4.1125E+00  3.8748E-01  3.7594E-01
  1.5200E+02  1.0000E+00  2.0000E+00  4.0000E+00  1.6000E+02  4.1000E+00  0.0000E+00  4.1201E+00 -2.6955E-02 -4.6112E-02  4.1000E+00  4.0343E+00  6.5652E-02 -6.8097E-02
  1.5200E+02  2.0000E+00  1.0000E+00  4.0000E+00  1.6000E+02  2.6670E+00  0.0000E+00  2.7325E+00 -1.6171E-01 -6.2945E-01  2.6670E+00  3.1923E+00 -5.2535E-01 -5.5174E-01
  1.5200E+02  2.0000E+00  2.0000E+00  4.0000E+00  1.6000E+02  3.7000E+00  0.0000E+00  4.0238E+00 -4.3557E-01 -4.3720E-01  3.7000E+00  3.9042E+00 -2.0420E-01 -4.5936E-01
  1.5200E+02  4.0000E+00  2.0000E+00  4.0000E+00  1.6000E+02  4.4000E+00  0.0000E+00  3.9405E+00  6.2022E-01  6.7010E-01  4.4000E+00  3.7349E+00  6.6513E-01  6.6340E-01
  1.5200E+02  6.0000E+00  1.0000E+00  4.0000E+00  1.6000E+02  1.1250E+00  0.0000E+00  1.2752E+00 -7.9389E-01 -1.3362E+00  1.1250E+00  1.8449E+00 -7.1987E-01 -1.2183E+00
  1.5200E+02  6.0000E+00  2.0000E+00  4.0000E+00  1.6000E+02  4.0000E+00  0.0000E+00  3.9766E+00  3.1550E-02  1.4751E-01  4.0000E+00  3.6650E+00  3.3504E-01  1.5034E-01
  1.5200E+02  8.0000E+00  2.0000E+00  4.0000E+00  1.6000E+02  3.8000E+00  0.0000E+00  4.1002E+00 -4.0263E-01 -2.2007E-01  3.8000E+00  3.6736E+00  1.2637E-01 -2.0427E-01
  1.5200E+02  1.2000E+01  1.0000E+00  4.0000E+00  1.6000E+02  4.2800E-01  0.0000E+00  4.0651E-01  3.5645E-01  4.4192E-02  4.2800E-01  8.1049E-01 -3.8249E-01 -2.9593E-01
  1.5200E+02  1.2000E+01  2.0000E+00  4.0000E+00  1.6000E+02  4.9000E+00  0.0000E+00  4.4762E+00  5.6212E-01  8.1478E-01  4.9000E+00  3.8606E+00  1.0394E+00  8.9726E-01
  1.5200E+02  2.4000E+01  2.0000E+00  4.0000E+00  1.6000E+02  4.9000E+00  0.0000E+00  5.1961E+00 -3.9095E-01 -4.1036E-01  4.9000E+00  4.7964E+00  1.0360E-01 -3.9395E-01
  1.5300E+02  0.0000E+00  2.0000E+00  4.0000E+00  1.6000E+02  7.0000E+00  0.0000E+00  6.5767E+00  5.8841E-01  4.0918E-01  7.0000E+00  7.1313E+00 -1.3133E-01  4.1287E-01
  1.5300E+02  5.0000E-01  1.0000E+00  4.0000E+00  1.6000E+02  3.4750E+00  0.0000E+00  3.9750E+00 -8.4793E-01 -7.8403E-01  3.4750E+00  3.9212E+00 -4.4616E-01 -6.8026E-01
  1.5300E+02  5.0000E-01  2.0000E+00  4.0000E+00  1.6000E+02  4.0000E+00  0.0000E+00  3.4203E+00  8.0609E-01  5.7419E-01  4.0000E+00  4.1125E+00 -1.1252E-01  5.5801E-01
  1.5300E+02  1.0000E+00  2.0000E+00  4.0000E+00  1.6000E+02  1.7000E+00  0.0000E+00  3.3346E+00 -2.2870E+00 -2.5231E+00  1.7000E+00  4.0343E+00 -2.3343E+00 -2.4213E+00
  1.5300E+02  2.0000E+00  1.0000E+00  4.0000E+00  1.6000E+02  3.4180E+00  0.0000E+00  2.9250E+00  1.1363E+00  8.2381E-01  3.4180E+00  3.1923E+00  2.2565E-01  7.8152E-01
  1.5300E+02  2.0000E+00  2.0000E+00  4.0000E+00  1.6000E+02  2.9000E+00  0.0000E+00  3.1982E+00 -4.2178E-01 -6.5788E-01  2.9000E+00  3.9042E+00 -1.0042E+00 -6.3159E-01
  1.5300E+02  4.0000E+00  2.0000E+00  4.0000E+00  1.6000E+02  4.0000E+00  0.0000E+00  3.0462E+00  1.3670E+00  1.1617E+00  4.0000E+00  3.7349E+00  2.6513E-01  1.0923E+00
  1.5300E+02  6.0000E+00  1.0000E+00  4.0000E+00  1.6000E+02  1.1490E+00  0.0000E+00  1.2909E+00 -7.4100E-01 -1.5129E+00  1.1490E+00  1.8449E+00 -6.9587E-01 -1.3340E+00
  1.5300E+02  6.0000E+00  2.0000E+00  4.0000E+00  1.6000E+02  2.0000E+00  0.0000E+00  3.0259E+00 -1.4731E+00 -1.6121E+00  2.0000E+00  3.6650E+00 -1.6650E+00 -1.5530E+00
  1.5300E+02  8.0000E+00  2.0000E+00  4.0000E+00  1.6000E+02  3.5000E+00  0.0000E+00  3.1073E+00  5.5973E-01  5.0863E-01  3.5000E+00  3.6736E+00 -1.7363E-01  4.6505E-01
  1.5300E+02  1.2000E+01  1.0000E+00  4.0000E+00  1.6000E+02  3.8700E-01  0.0000E+00  3.7848E-01  1.5176E-01 -4.9942E-01  3.8700E-01  8.1049E-01 -4.2349E-01 -6.2475E-01
  1.5300E+02  1.2000E+01  2.0000E+00  4.0000E+00  1.6000E+02  3.6000E+00  0.0000E+00  3.4496E+00  2.0864E-01  2.9959E-01  3.6000E+00  3.8606E+00 -2.6059E-01  2.8955E-01
  1.5300E+02  2.4000E+01  2.0000E+00  4.0000E+00  1.6000E+02  4.0000E+00  0.0000E+00  4.1998E+00 -2.6707E-01 -5.2366E-01  4.0000E+00  4.7964E+00 -7.9640E-01 -4.5350E-01
  1.5400E+02  0.0000E+00  2.0000E+00  4.0000E+00  1.6000E+02  5.4000E+00  0.0000E+00  6.0412E+00 -8.6481E-01 -1.2923E+00  5.4000E+00  7.1313E+00 -1.7313E+00 -1.4706E+00
  1.5400E+02  5.0000E-01  1.0000E+00  4.0000E+00  1.6000E+02  4.0300E+00  0.0000E+00  4.1153E+00 -1.3969E-01 -1.0768E-01  4.0300E+00  3.9212E+00  1.0884E-01 -9.4762E-02
  1.5400E+02  5.0000E-01  2.0000E+00  4.0000E+00  1.6000E+02  3.8000E+00  0.0000E+00  2.9758E+00  1.1891E+00  8.3009E-01  3.8000E+00  4.1125E+00 -3.1252E-01  7.6367E-01
  1.5400E+02  1.0000E+00  2.0000E+00  4.0000E+00  1.6000E+02  2.0000E+00  0.0000E+00  2.9081E+00 -1.3190E+00 -1.6658E+00  2.0000E+00  4.0343E+00 -2.0343E+00 -1.5457E+00
  1.5400E+02  2.0000E+00  1.0000E+00  4.0000E+00  1.6000E+02  3.5340E+00  0.0000E+00  3.4304E+00  2.0358E-01  2.9056E-01  3.5340E+00  3.1923E+00  3.4165E-01  3.1344E-01
  1.5400E+02  2.0000E+00  2.0000E+00  4.0000E+00  1.6000E+02  3.1000E+00  0.0000E+00  2.7948E+00  4.4864E-01  1.2244E-01  3.1000E+00  3.9042E+00 -8.0420E-01  1.1287E-01
  1.5400E+02  4.0000E+00  2.0000E+00  4.0000E+00  1.6000E+02  2.1000E+00  0.0000E+00  2.6419E+00 -8.1076E-01 -1.1090E+00  2.1000E+00  3.7349E+00 -1.6349E+00 -1.0009E+00
  1.5400E+02  6.0000E+00  1.0000E+00  4.0000E+00  1.6000E+02  2.3100E+00  0.0000E+00  2.1112E+00  6.3467E-01  8.1322E-01  2.3100E+00  1.8449E+00  4.6513E-01  8.6956E-01
  1.5400E+02  6.0000E+00  2.0000E+00  4.0000E+00  1.6000E+02  1.9000E+00  0.0000E+00  2.5668E+00 -1.0069E+00 -1.2919E+00  1.9000E+00  3.6650E+00 -1.7650E+00 -1.1546E+00
  1.5400E+02  8.0000E+00  2.0000E+00  4.0000E+00  1.6000E+02  2.0000E+00  0.0000E+00  2.5517E+00 -8.3475E-01 -1.1181E+00  2.0000E+00  3.6736E+00 -1.6736E+00 -9.9155E-01
  1.5400E+02  1.2000E+01  1.0000E+00  4.0000E+00  1.6000E+02  1.0500E+00  0.0000E+00  1.0194E+00  2.0269E-01  3.9081E-01  1.0500E+00  8.1049E-01  2.3951E-01  3.7563E-01
  1.5400E+02  1.2000E+01  2.0000E+00  4.0000E+00  1.6000E+02  3.6000E+00  0.0000E+00  2.6550E+00  1.4116E+00  1.1064E+00  3.6000E+00  3.8606E+00 -2.6059E-01  1.0156E+00
  1.5400E+02  2.4000E+01  2.0000E+00  4.0000E+00  1.6000E+02  3.7000E+00  0.0000E+00  3.4361E+00  3.6658E-01 -2.1049E-02  3.7000E+00  4.7964E+00 -1.0964E+00 -6.3379E-02
  1.5500E+02  0.0000E+00  2.0000E+00  4.0000E+00  1.6000E+02  8.4000E+00  0.0000E+00  8.0411E+00  5.9653E-01  8.7061E-01  8.4000E+00  7.1313E+00  1.2687E+00  7.2544E-01
  1.5500E+02  5.0000E-01  1.0000E+00  4.0000E+00  1.6000E+02  3.1030E+00  0.0000E+00  2.8258E+00  6.6125E-01 -6.5560E-02  3.1030E+00  3.9212E+00 -8.1816E-01 -6.7721E-02
  1.5500E+02  5.0000E-01  2.0000E+00  4.0000E+00  1.6000E+02  5.3000E+00  0.0000E+00  5.6437E+00 -4.5725E-01  8.9211E-02  5.3000E+00  4.1125E+00  1.1875E+00  1.3271E-01
  1.5500E+02  1.0000E+00  2.0000E+00  4.0000E+00  1.6000E+02  6.0000E+00  0.0000E+00  5.5680E+00  5.7361E-01  1.1187E+00  6.0000E+00  4.0343E+00  1.9657E+00  1.1736E+00
  1.5500E+02  2.0000E+00  1.0000E+00  4.0000E+00  1.6000E+02  2.0630E+00  0.0000E+00  2.5687E+00 -1.3271E+00 -1.7903E+00  2.0630E+00  3.1923E+00 -1.1293E+00 -1.3944E+00
  1.5500E+02  2.0000E+00  2.0000E+00  4.0000E+00  1.6000E+02  5.2000E+00  0.0000E+00  5.4349E+00 -3.1107E-01  2.2782E-01  5.2000E+00  3.9042E+00  1.2958E+00  2.6914E-01
  1.5500E+02  4.0000E+00  2.0000E+00  4.0000E+00  1.6000E+02  4.4000E+00  0.0000E+00  5.2335E+00 -1.1008E+00 -5.8644E-01  4.4000E+00  3.7349E+00  6.6513E-01 -5.8469E-01
  1.5500E+02  6.0000E+00  1.0000E+00  4.0000E+00  1.6000E+02  1.5240E+00  0.0000E+00  1.9916E+00 -1.5827E+00 -1.4495E+00  1.5240E+00  1.8449E+00 -3.2087E-01 -1.5894E+00
  1.5500E+02  6.0000E+00  2.0000E+00  4.0000E+00  1.6000E+02  6.2000E+00  0.0000E+00  5.1037E+00  1.4466E+00  1.9233E+00  6.2000E+00  3.6650E+00  2.5350E+00  1.9881E+00
  1.5500E+02  8.0000E+00  2.0000E+00  4.0000E+00  1.6000E+02  6.5000E+00  0.0000E+00  5.0303E+00  1.9389E+00  2.3677E+00  6.5000E+00  3.6736E+00  2.8264E+00  2.4185E+00
  1.5500E+02  1.2000E+01  1.0000E+00  4.0000E+00  1.6000E+02  1.6450E+00  0.0000E+00  1.3597E+00  1.4146E+00  2.1729E+00  1.6450E+00  8.1049E-01  8.3451E-01  2.9567E+00
  1.5500E+02  1.2000E+01  2.0000E+00  4.0000E+00  1.6000E+02  4.8000E+00  0.0000E+00  5.0062E+00 -2.7198E-01  3.8593E-02  4.8000E+00  3.8606E+00  9.3941E-01 -5.3341E-02
  1.5500E+02  2.4000E+01  2.0000E+00  4.0000E+00  1.6000E+02  4.6000E+00  0.0000E+00  5.4159E+00 -1.0801E+00 -1.1646E+00  4.6000E+00  4.7964E+00 -1.9640E-01 -1.3511E+00
  1.5600E+02  0.0000E+00  2.0000E+00  4.0000E+00  1.6000E+02  7.1000E+00  0.0000E+00  7.1885E+00 -1.2983E-01 -1.0857E-01  7.1000E+00  7.1313E+00 -3.1328E-02 -1.2502E-01
  1.5600E+02  5.0000E-01  1.0000E+00  4.0000E+00  1.6000E+02  4.0160E+00  0.0000E+00  4.3165E+00 -4.6931E-01 -2.4771E-01  4.0160E+00  3.9212E+00  9.4837E-02 -2.0685E-01
  1.5600E+02  5.0000E-01  2.0000E+00  4.0000E+00  1.6000E+02  4.5000E+00  0.0000E+00  4.1592E+00  4.5603E-01  4.6786E-01  4.5000E+00  4.1125E+00  3.8748E-01  4.7222E-01
  1.5600E+02  1.0000E+00  2.0000E+00  4.0000E+00  1.6000E+02  3.3000E+00  0.0000E+00  4.0952E+00 -1.0667E+00 -1.0471E+00  3.3000E+00  4.0343E+00 -7.3435E-01 -1.0474E+00
  1.5600E+02  2.0000E+00  1.0000E+00  4.0000E+00  1.6000E+02  3.5580E+00  0.0000E+00  3.6167E+00 -1.0947E-01  1.8122E-01  3.5580E+00  3.1923E+00  3.6565E-01  2.0373E-01
  1.5600E+02  2.0000E+00  2.0000E+00  4.0000E+00  1.6000E+02  4.9000E+00  0.0000E+00  3.9878E+00  1.2288E+00  1.2605E+00  4.9000E+00  3.9042E+00  9.9580E-01  1.2625E+00
  1.5600E+02  4.0000E+00  2.0000E+00  4.0000E+00  1.6000E+02  3.7000E+00  0.0000E+00  3.8452E+00 -1.9693E-01 -1.5263E-01  3.7000E+00  3.7349E+00 -3.4871E-02 -1.5624E-01
  1.5600E+02  6.0000E+00  1.0000E+00  4.0000E+00  1.6000E+02  2.7790E+00  0.0000E+00  2.2567E+00  1.5602E+00  1.9515E+00  2.7790E+00  1.8449E+00  9.3413E-01  2.1340E+00
  1.5600E+02  6.0000E+00  2.0000E+00  4.0000E+00  1.6000E+02  3.4000E+00  0.0000E+00  3.7823E+00 -5.2000E-01 -4.7589E-01  3.4000E+00  3.6650E+00 -2.6496E-01 -4.7723E-01
  1.5600E+02  8.0000E+00  2.0000E+00  4.0000E+00  1.6000E+02  2.9000E+00  0.0000E+00  3.7835E+00 -1.2016E+00 -1.1678E+00  2.9000E+00  3.6736E+00 -7.7363E-01 -1.1644E+00
  1.5600E+02  1.2000E+01  1.0000E+00  4.0000E+00  1.6000E+02  1.0940E+00  0.0000E+00  1.1123E+00 -1.1079E-01  2.5757E-01  1.0940E+00  8.1049E-01  2.8351E-01 -4.1073E-02
  1.5600E+02  1.2000E+01  2.0000E+00  4.0000E+00  1.6000E+02  3.8000E+00  0.0000E+00  3.9317E+00 -1.7780E-01 -1.8380E-01  3.8000E+00  3.8606E+00 -6.0589E-02 -1.5877E-01
  1.5600E+02  2.4000E+01  2.0000E+00  4.0000E+00  1.6000E+02  6.1000E+00  0.0000E+00  4.8676E+00  1.6263E+00  1.5593E+00  6.1000E+00  4.7964E+00  1.3036E+00  1.5728E+00
  1.5700E+02  0.0000E+00  2.0000E+00  4.0000E+00  1.6000E+02  6.2000E+00  0.0000E+00  6.0540E+00  1.9701E-01 -3.6440E-01  6.2000E+00  7.1313E+00 -9.3133E-01 -3.2715E-01
  1.5700E+02  5.0000E-01  1.0000E+00  4.0000E+00  1.6000E+02  2.3540E+00  0.0000E+00  3.4290E+00 -2.1135E+00 -2.1538E+00  2.3540E+00  3.9212E+00 -1.5672E+00 -1.7697E+00
  1.5700E+02  5.0000E-01  2.0000E+00  4.0000E+00  1.6000E+02  1.9000E+00  0.0000E+00  2.8938E+00 -1.4456E+00 -2.0631E+00  1.9000E+00  4.1125E+00 -2.2125E+00 -1.8874E+00
  1.5700E+02  1.0000E+00  2.0000E+00  4.0000E+00  1.6000E+02  3.0000E+00  0.0000E+00  2.8588E+00  2.0612E-01 -3.8834E-01  3.0000E+00  4.0343E+00 -1.0343E+00 -3.4925E-01
  1.5700E+02  2.0000E+00  1.0000E+00  4.0000E+00  1.6000E+02  2.3670E+00  0.0000E+00  2.2520E+00  3.4428E-01 -6.5082E-01  2.3670E+00  3.1923E+00 -8.2535E-01 -4.2929E-01
  1.5700E+02  2.0000E+00  2.0000E+00  4.0000E+00  1.6000E+02  2.6000E+00  0.0000E+00  2.8181E+00 -3.1972E-01 -8.5308E-01  2.6000E+00  3.9042E+00 -1.3042E+00 -7.9136E-01
  1.5700E+02  4.0000E+00  2.0000E+00  4.0000E+00  1.6000E+02  2.9000E+00  0.0000E+00  2.8495E+00  7.3848E-02 -2.5928E-01  2.9000E+00  3.7349E+00 -8.3487E-01 -2.9791E-01
  1.5700E+02  6.0000E+00  1.0000E+00  4.0000E+00  1.6000E+02  7.5500E-01  0.0000E+00  7.3386E-01  1.9416E-01 -1.9181E+00  7.5500E-01  1.8449E+00 -1.0899E+00 -1.3350E+00
  1.5700E+02  6.0000E+00  2.0000E+00  4.0000E+00  1.6000E+02  2.3000E+00  0.0000E+00  3.0214E+00 -1.0363E+00 -1.0587E+00  2.3000E+00  3.6650E+00 -1.3650E+00 -1.1504E+00
  1.5700E+02  8.0000E+00  2.0000E+00  4.0000E+00  1.6000E+02  2.9000E+00  0.0000E+00  3.3032E+00 -5.6553E-01 -2.3833E-01  2.9000E+00  3.6736E+00 -7.7363E-01 -4.6001E-01
  1.5700E+02  1.2000E+01  1.0000E+00  4.0000E+00  1.6000E+02  1.2900E-01  0.0000E+00  1.3652E-01 -3.7122E-01 -1.9416E+00  1.2900E-01  8.1049E-01 -6.8149E-01 -7.3231E-01
  1.5700E+02  1.2000E+01  2.0000E+00  4.0000E+00  1.6000E+02  4.0000E+00  0.0000E+00  3.9404E+00  8.0499E-02  6.8378E-01  4.0000E+00  3.8606E+00  1.3941E-01  5.7202E-01
  1.5700E+02  2.4000E+01  2.0000E+00  4.0000E+00  1.6000E+02  5.6000E+00  0.0000E+00  4.5131E+00  1.4407E+00  1.0645E+00  5.6000E+00  4.7964E+00  8.0360E-01  1.2940E+00
  1.5800E+02  0.0000E+00  2.0000E+00  4.0000E+00  1.6000E+02  8.0000E+00  0.0000E+00  7.2152E+00  1.1548E+00  1.3577E+00  8.0000E+00  7.1313E+00  8.6867E-01  1.8246E+00
  1.5800E+02  5.0000E-01  1.0000E+00  4.0000E+00  1.6000E+02  2.7250E+00  0.0000E+00  2.9443E+00 -5.0205E-01 -1.2612E+00  2.7250E+00  3.9212E+00 -1.1962E+00 -8.5240E-01
  1.5800E+02  5.0000E-01  2.0000E+00  4.0000E+00  1.6000E+02  4.2000E+00  0.0000E+00  3.9741E+00  3.0448E-01  4.2083E-01  4.2000E+00  4.1125E+00  8.7481E-02  9.1692E-01
  1.5800E+02  1.0000E+00  2.0000E+00  4.0000E+00  1.6000E+02  3.9000E+00  0.0000E+00  3.6126E+00  3.9458E-01  3.3429E-01  3.9000E+00  4.0343E+00 -1.3435E-01  7.3834E-01
  1.5800E+02  2.0000E+00  1.0000E+00  4.0000E+00  1.6000E+02  2.3630E+00  0.0000E+00  2.3138E+00  1.4338E-01 -6.4997E-01  2.3630E+00  3.1923E+00 -8.2935E-01 -5.7955E-01
  1.5800E+02  2.0000E+00  2.0000E+00  4.0000E+00  1.6000E+02  1.9000E+00  0.0000E+00  3.0101E+00 -1.5963E+00 -1.9372E+00  1.9000E+00  3.9042E+00 -2.0042E+00 -1.5717E+00
  1.5800E+02  4.0000E+00  2.0000E+00  4.0000E+00  1.6000E+02  2.8000E+00  0.0000E+00  2.1973E+00  9.6015E-01  2.9561E-01  2.8000E+00  3.7349E+00 -9.3487E-01  2.2737E-01
  1.5800E+02  6.0000E+00  1.0000E+00  4.0000E+00  1.6000E+02  9.3100E-01  0.0000E+00  1.2169E+00 -1.5837E+00 -2.2796E+00  9.3100E-01  1.8449E+00 -9.1387E-01 -2.0603E+00
  1.5800E+02  6.0000E+00  2.0000E+00  4.0000E+00  1.6000E+02  1.3000E+00  0.0000E+00  1.7352E+00 -7.5809E-01 -1.5619E+00  1.3000E+00  3.6650E+00 -2.3650E+00 -1.4375E+00
  1.5800E+02  8.0000E+00  2.0000E+00  4.0000E+00  1.6000E+02  1.5000E+00  0.0000E+00  1.4761E+00  4.4387E-02 -8.2435E-01  1.5000E+00  3.6736E+00 -2.1736E+00 -9.3108E-01
  1.5800E+02  1.2000E+01  1.0000E+00  4.0000E+00  1.6000E+02  4.9200E-01  0.0000E+00  4.6412E-01  4.0491E-01  5.9142E-02  4.9200E-01  8.1049E-01 -3.1849E-01 -9.4443E-01
  1.5800E+02  1.2000E+01  2.0000E+00  4.0000E+00  1.6000E+02  1.6000E+00  0.0000E+00  1.2630E+00  6.6915E-01 -2.8831E-01  1.6000E+00  3.8606E+00 -2.2606E+00 -6.5037E-01
  1.5800E+02  2.4000E+01  2.0000E+00  4.0000E+00  1.6000E+02  8.0000E-01  0.0000E+00  1.2611E+00 -9.1618E-01 -2.2396E+00  8.0000E-01  4.7964E+00 -3.9964E+00 -2.5123E+00
  1.5900E+02  0.0000E+00  2.0000E+00  4.0000E+00  1.6000E+02  7.1000E+00  0.0000E+00  6.9716E+00  1.8439E-01  2.4437E-01  7.1000E+00  7.1313E+00 -3.1328E-02  3.1185E-01
  1.5900E+02  5.0000E-01  1.0000E+00  4.0000E+00  1.6000E+02  4.6990E+00  0.0000E+00  4.0319E+00  1.1153E+00  1.5750E+00  4.6990E+00  3.9212E+00  7.7784E-01  1.6190E+00
  1.5900E+02  5.0000E-01  2.0000E+00  4.0000E+00  1.6000E+02  3.4000E+00  0.0000E+00  3.7534E+00 -4.8145E-01 -5.3970E-01  3.4000E+00  4.1125E+00 -7.1252E-01 -4.5992E-01
  1.5900E+02  1.0000E+00  2.0000E+00  4.0000E+00  1.6000E+02  3.2000E+00  0.0000E+00  3.6025E+00 -5.5307E-01 -6.5509E-01  3.2000E+00  4.0343E+00 -8.3435E-01 -5.8229E-01
  1.5900E+02  2.0000E+00  1.0000E+00  4.0000E+00  1.6000E+02  1.5550E+00  0.0000E+00  3.1343E+00 -3.3968E+00 -3.1763E+00  1.5550E+00  3.1923E+00 -1.6373E+00 -3.0480E+00
  1.5900E+02  2.0000E+00  2.0000E+00  4.0000E+00  1.6000E+02  4.3000E+00  0.0000E+00  3.3477E+00  1.3311E+00  1.1563E+00  4.3000E+00  3.9042E+00  3.9580E-01  1.1535E+00
  1.5900E+02  4.0000E+00  2.0000E+00  4.0000E+00  1.6000E+02  3.6000E+00  0.0000E+00  2.9949E+00  8.7143E-01  5.9994E-01  3.6000E+00  3.7349E+00 -1.3487E-01  5.6755E-01
  1.5900E+02  6.0000E+00  1.0000E+00  4.0000E+00  1.6000E+02  1.8340E+00  0.0000E+00  1.6013E+00  9.7971E-01  7.1444E-01  1.8340E+00  1.8449E+00 -1.0869E-02  5.2524E-01
  1.5900E+02  6.0000E+00  2.0000E+00  4.0000E+00  1.6000E+02  2.9000E+00  0.0000E+00  2.8031E+00  1.4227E-01 -1.7692E-01  2.9000E+00  3.6650E+00 -7.6496E-01 -1.9023E-01
  1.5900E+02  8.0000E+00  2.0000E+00  4.0000E+00  1.6000E+02  2.3000E+00  0.0000E+00  2.7295E+00 -6.3596E-01 -9.6948E-01  2.3000E+00  3.6736E+00 -1.3736E+00 -9.3816E-01
  1.5900E+02  1.2000E+01  1.0000E+00  4.0000E+00  1.6000E+02  5.4900E-01  0.0000E+00  5.8474E-01 -4.1208E-01 -1.0635E+00  5.4900E-01  8.1049E-01 -2.6149E-01 -9.5876E-01
  1.5900E+02  1.2000E+01  2.0000E+00  4.0000E+00  1.6000E+02  2.1000E+00  0.0000E+00  2.8191E+00 -1.0543E+00 -1.3667E+00  2.1000E+00  3.8606E+00 -1.7606E+00 -1.3270E+00
  1.5900E+02  2.4000E+01  2.0000E+00  4.0000E+00  1.6000E+02  3.6000E+00  0.0000E+00  3.5393E+00  8.3704E-02 -3.6785E-01  3.6000E+00  4.7964E+00 -1.1964E+00 -4.3376E-01
  1.6000E+02  0.0000E+00  2.0000E+00  4.0000E+00  1.6000E+02  8.7000E+00  0.0000E+00  8.0608E+00  1.0664E+00  1.4146E+00  8.7000E+00  7.1313E+00  1.5687E+00  1.1438E+00
  1.6000E+02  5.0000E-01  1.0000E+00  4.0000E+00  1.6000E+02  4.7750E+00  0.0000E+00  4.3771E+00  6.1287E-01  7.7857E-01  4.7750E+00  3.9212E+00  8.5384E-01  9.9120E-01
  1.6000E+02  5.0000E-01  2.0000E+00  4.0000E+00  1.6000E+02  5.6000E+00  0.0000E+00  5.3354E+00  3.4990E-01  8.2644E-01  5.6000E+00  4.1125E+00  1.4875E+00  8.2973E-01
  1.6000E+02  1.0000E+00  2.0000E+00  4.0000E+00  1.6000E+02  5.8000E+00  0.0000E+00  5.2345E+00  7.4679E-01  1.2094E+00  5.8000E+00  4.0343E+00  1.7657E+00  1.2214E+00
  1.6000E+02  2.0000E+00  1.0000E+00  4.0000E+00  1.6000E+02  3.4080E+00  0.0000E+00  3.7605E+00 -6.3197E-01 -3.2543E-01  3.4080E+00  3.1923E+00  2.1565E-01 -3.4369E-01
  1.6000E+02  2.0000E+00  2.0000E+00  4.0000E+00  1.6000E+02  5.9000E+00  0.0000E+00  5.0580E+00  1.1109E+00  1.5447E+00  5.9000E+00  3.9042E+00  1.9958E+00  1.5716E+00
  1.6000E+02  4.0000E+00  2.0000E+00  4.0000E+00  1.6000E+02  3.4000E+00  0.0000E+00  4.7945E+00 -1.8412E+00 -1.4671E+00  3.4000E+00  3.7349E+00 -3.3487E-01 -1.5204E+00
  1.6000E+02  6.0000E+00  1.0000E+00  4.0000E+00  1.6000E+02  2.7800E+00  0.0000E+00  2.5086E+00  7.2945E-01  1.3029E+00  2.7800E+00  1.8449E+00  9.3513E-01  1.3855E+00
  1.6000E+02  6.0000E+00  2.0000E+00  4.0000E+00  1.6000E+02  5.3000E+00  0.0000E+00  4.6309E+00  8.8514E-01  1.1974E+00  5.3000E+00  3.6650E+00  1.6350E+00  1.2386E+00
  1.6000E+02  8.0000E+00  2.0000E+00  4.0000E+00  1.6000E+02  4.0000E+00  0.0000E+00  4.5471E+00 -7.2475E-01 -4.7614E-01  4.0000E+00  3.6736E+00  3.2637E-01 -4.7748E-01
  1.6000E+02  1.2000E+01  1.0000E+00  4.0000E+00  1.6000E+02  1.4890E+00  0.0000E+00  1.3667E+00  6.0301E-01  1.3144E+00  1.4890E+00  8.1049E-01  6.7851E-01  1.2265E+00
  1.6000E+02  1.2000E+01  2.0000E+00  4.0000E+00  1.6000E+02  3.3000E+00  0.0000E+00  4.5575E+00 -1.6655E+00 -1.5480E+00  3.3000E+00  3.8606E+00 -5.6059E-01 -1.5436E+00
  1.6000E+02  2.4000E+01  2.0000E+00  4.0000E+00  1.6000E+02  6.5000E+00  0.0000E+00  5.2777E+00  1.6150E+00  1.4585E+00  6.5000E+00  4.7964E+00  1.7036E+00  1.4731E+00
