TABLE NO.  2
 ID          CL          V           ETA1        ETA2
  1.0000E+00  9.1032E+00  2.2289E+01  7.3102E-03 -8.0901E-02
  1.0000E+00  9.1032E+00  2.2289E+01  7.3102E-03 -8.0901E-02
  1.0000E+00  9.1032E+00  2.2289E+01  7.3102E-03 -8.0901E-02
  1.0000E+00  9.1032E+00  2.2289E+01  7.3102E-03 -8.0901E-02
  1.0000E+00  9.1032E+00  2.2289E+01  7.3102E-03 -8.0901E-02
  1.0000E+00  9.1032E+00  2.2289E+01  7.3102E-03 -8.0901E-02
  1.0000E+00  9.1032E+00  2.2289E+01  7.3102E-03 -8.0901E-02
  1.0000E+00  9.1032E+00  2.2289E+01  7.3102E-03 -8.0901E-02
  1.0000E+00  9.1032E+00  2.2289E+01  7.3102E-03 -8.0901E-02
  1.0000E+00  9.1032E+00  2.2289E+01  7.3102E-03 -8.0901E-02
  1.0000E+00  9.1032E+00  2.2289E+01  7.3102E-03 -8.0901E-02
  1.0000E+00  9.1032E+00  2.2289E+01  7.3102E-03 -8.0901E-02
  2.0000E+00  9.7374E+00  3.3889E+01  7.4649E-02  3.3813E-01
  2.0000E+00  9.7374E+00  3.3889E+01  7.4649E-02  3.3813E-01
  2.0000E+00  9.7374E+00  3.3889E+01  7.4649E-02  3.3813E-01
  2.0000E+00  9.7374E+00  3.3889E+01  7.4649E-02  3.3813E-01
  2.0000E+00  9.7374E+00  3.3889E+01  7.4649E-02  3.3813E-01
  2.0000E+00  9.7374E+00  3.3889E+01  7.4649E-02  3.3813E-01
  2.0000E+00  9.7374E+00  3.3889E+01  7.4649E-02  3.3813E-01
  2.0000E+00  9.7374E+00  3.3889E+01  7.4649E-02  3.3813E-01
  2.0000E+00  9.7374E+00  3.3889E+01  7.4649E-02  3.3813E-01
  2.0000E+00  9.7374E+00  3.3889E+01  7.4649E-02  3.3813E-01
  2.0000E+00  9.7374E+00  3.3889E+01  7.4649E-02  3.3813E-01
  2.0000E+00  9.7374E+00  3.3889E+01  7.4649E-02  3.3813E-01
  3.0000E+00  8.1461E+00  2.4634E+01 -1.0379E-01  1.9152E-02
  3.0000E+00  8.1461E+00  2.4634E+01 -1.0379E-01  1.9152E-02
  3.0000E+00  8.1461E+00  2.4634E+01 -1.0379E-01  1.9152E-02
  3.0000E+00  8.1461E+00  2.4634E+01 -1.0379E-01  1.9152E-02
  3.0000E+00  8.1461E+00  2.4634E+01 -1.0379E-01  1.9152E-02
  3.0000E+00  8.1461E+00  2.4634E+01 -1.0379E-01  1.9152E-02
  3.0000E+00  8.1461E+00  2.4634E+01 -1.0379E-01  1.9152E-02
  3.0000E+00  8.1461E+00  2.4634E+01 -1.0379E-01  1.9152E-02
  3.0000E+00  8.1461E+00  2.4634E+01 -1.0379E-01  1.9152E-02
  3.0000E+00  8.1461E+00  2.4634E+01 -1.0379E-01  1.9152E-02
  3.0000E+00  8.1461E+00  2.4634E+01 -1.0379E-01  1.9152E-02
  3.0000E+00  8.1461E+00  2.4634E+01 -1.0379E-01  1.9152E-02
  4.0000E+00  7.1088E+00  2.4812E+01 -2.3999E-01  2.6362E-02
  4.0000E+00  7.1088E+00  2.4812E+01 -2.3999E-01  2.6362E-02
  4.0000E+00  7.1088E+00  2.4812E+01 -2.3999E-01  2.6362E-02
  4.0000E+00  7.1088E+00  2.4812E+01 -2.3999E-01  2.6362E-02
  4.0000E+00  7.1088E+00  2.4812E+01 -2.3999E-01  2.6362E-02
  4.0000E+00  7.1088E+00  2.4812E+01 -2.3999E-01  2.6362E-02
  4.0000E+00  7.1088E+00  2.4812E+01 -2.3999E-01  2.6362E-02
  4.0000E+00  7.1088E+00  2.4812E+01 -2.3999E-01  2.6362E-02
  4.0000E+00  7.1088E+00  2.4812E+01 -2.3999E-01  2.6362E-02
  4.0000E+00  7.1088E+00  2.4812E+01 -2.3999E-01  2.6362E-02
  4.0000E+00  7.1088E+00  2.4812E+01 -2.3999E-01  2.6362E-02
  4.0000E+00  7.1088E+00  2.4812E+01 -2.3999E-01  2.6362E-02
  5.0000E+00  6.9655E+00  2.0625E+01 -2.6035E-01 -1.5848E-01
  5.0000E+00  6.9655E+00  2.0625E+01 -2.6035E-01 -1.5848E-01
  5.0000E+00  6.9655E+00  2.0625E+01 -2.6035E-01 -1.5848E-01
  5.0000E+00  6.9655E+00  2.0625E+01 -2.6035E-01 -1.5848E-01
  5.0000E+00  6.9655E+00  2.0625E+01 -2.6035E-01 -1.5848E-01
  5.0000E+00  6.9655E+00  2.0625E+01 -2.6035E-01 -1.5848E-01
  5.0000E+00  6.9655E+00  2.0625E+01 -2.6035E-01 -1.5848E-01
  5.0000E+00  6.9655E+00  2.0625E+01 -2.6035E-01 -1.5848E-01
  5.0000E+00  6.9655E+00  2.0625E+01 -2.6035E-01 -1.5848E-01
  5.0000E+00  6.9655E+00  2.0625E+01 -2.6035E-01 -1.5848E-01
  5.0000E+00  6.9655E+00  2.0625E+01 -2.6035E-01 -1.5848E-01
  5.0000E+00  6.9655E+00  2.0625E+01 -2.6035E-01 -1.5848E-01
  6.0000E+00  1.0301E+01  3.5938E+01  1.3089E-01  3.9681E-01
  6.0000E+00  1.0301E+01  3.5938E+01  1.3089E-01  3.9681E-01
  6.0000E+00  1.0301E+01  3.5938E+01  1.3089E-01  3.9681E-01
  6.0000E+00  1.0301E+01  3.5938E+01  1.3089E-01  3.9681E-01
  6.0000E+00  1.0301E+01  3.5938E+01  1.3089E-01  3.9681E-01
  6.0000E+00  1.0301E+01  3.5938E+01  1.3089E-01  3.9681E-01
  6.0000E+00  1.0301E+01  3.5938E+01  1.3089E-01  3.9681E-01
  6.0000E+00  1.0301E+01  3.5938E+01  1.3089E-01  3.9681E-01
  6.0000E+00  1.0301E+01  3.5938E+01  1.3089E-01  3.9681E-01
  6.0000E+00  1.0301E+01  3.5938E+01  1.3089E-01  3.9681E-01
  6.0000E+00  1.0301E+01  3.5938E+01  1.3089E-01  3.9681E-01
  6.0000E+00  1.0301E+01  3.5938E+01  1.3089E-01  3.9681E-01
  7.0000E+00  9.7517E+00  2.1910E+01  7.6118E-02 -9.8039E-02
  7.0000E+00  9.7517E+00  2.1910E+01  7.6118E-02 -9.8039E-02
  7.0000E+00  9.7517E+00  2.1910E+01  7.6118E-02 -9.8039E-02
  7.0000E+00  9.7517E+00  2.1910E+01  7.6118E-02 -9.8039E-02
  7.0000E+00  9.7517E+00  2.1910E+01  7.6118E-02 -9.8039E-02
  7.0000E+00  9.7517E+00  2.1910E+01  7.6118E-02 -9.8039E-02
  7.0000E+00  9.7517E+00  2.1910E+01  7.6118E-02 -9.8039E-02
  7.0000E+00  9.7517E+00  2.1910E+01  7.6118E-02 -9.8039E-02
  7.0000E+00  9.7517E+00  2.1910E+01  7.6118E-02 -9.8039E-02
  7.0000E+00  9.7517E+00  2.1910E+01  7.6118E-02 -9.8039E-02
  7.0000E+00  9.7517E+00  2.1910E+01  7.6118E-02 -9.8039E-02
  7.0000E+00  9.7517E+00  2.1910E+01  7.6118E-02 -9.8039E-02
  8.0000E+00  6.2828E+00  1.9099E+01 -3.6350E-01 -2.3532E-01
  8.0000E+00  6.2828E+00  1.9099E+01 -3.6350E-01 -2.3532E-01
  8.0000E+00  6.2828E+00  1.9099E+01 -3.6350E-01 -2.3532E-01
  8.0000E+00  6.2828E+00  1.9099E+01 -3.6350E-01 -2.3532E-01
  8.0000E+00  6.2828E+00  1.9099E+01 -3.6350E-01 -2.3532E-01
  8.0000E+00  6.2828E+00  1.9099E+01 -3.6350E-01 -2.3532E-01
  8.0000E+00  6.2828E+00  1.9099E+01 -3.6350E-01 -2.3532E-01
  8.0000E+00  6.2828E+00  1.9099E+01 -3.6350E-01 -2.3532E-01
  8.0000E+00  6.2828E+00  1.9099E+01 -3.6350E-01 -2.3532E-01
  8.0000E+00  6.2828E+00  1.9099E+01 -3.6350E-01 -2.3532E-01
  8.0000E+00  6.2828E+00  1.9099E+01 -3.6350E-01 -2.3532E-01
  8.0000E+00  6.2828E+00  1.9099E+01 -3.6350E-01 -2.3532E-01
  9.0000E+00  1.1904E+01  2.3739E+01  2.7555E-01 -1.7835E-02
  9.0000E+00  1.1904E+01  2.3739E+01  2.7555E-01 -1.7835E-02
  9.0000E+00  1.1904E+01  2.3739E+01  2.7555E-01 -1.7835E-02
  9.0000E+00  1.1904E+01  2.3739E+01  2.7555E-01 -1.7835E-02
  9.0000E+00  1.1904E+01  2.3739E+01  2.7555E-01 -1.7835E-02
  9.0000E+00  1.1904E+01  2.3739E+01  2.7555E-01 -1.7835E-02
  9.0000E+00  1.1904E+01  2.3739E+01  2.7555E-01 -1.7835E-02
  9.0000E+00  1.1904E+01  2.3739E+01  2.7555E-01 -1.7835E-02
  9.0000E+00  1.1904E+01  2.3739E+01  2.7555E-01 -1.7835E-02
  9.0000E+00  1.1904E+01  2.3739E+01  2.7555E-01 -1.7835E-02
  9.0000E+00  1.1904E+01  2.3739E+01  2.7555E-01 -1.7835E-02
  9.0000E+00  1.1904E+01  2.3739E+01  2.7555E-01 -1.7835E-02
  1.0000E+01  1.5343E+01  2.5286E+01  5.2935E-01  4.5282E-02
  1.0000E+01  1.5343E+01  2.5286E+01  5.2935E-01  4.5282E-02
  1.0000E+01  1.5343E+01  2.5286E+01  5.2935E-01  4.5282E-02
  1.0000E+01  1.5343E+01  2.5286E+01  5.2935E-01  4.5282E-02
  1.0000E+01  1.5343E+01  2.5286E+01  5.2935E-01  4.5282E-02
  1.0000E+01  1.5343E+01  2.5286E+01  5.2935E-01  4.5282E-02
  1.0000E+01  1.5343E+01  2.5286E+01  5.2935E-01  4.5282E-02
  1.0000E+01  1.5343E+01  2.5286E+01  5.2935E-01  4.5282E-02
  1.0000E+01  1.5343E+01  2.5286E+01  5.2935E-01  4.5282E-02
  1.0000E+01  1.5343E+01  2.5286E+01  5.2935E-01  4.5282E-02
  1.0000E+01  1.5343E+01  2.5286E+01  5.2935E-01  4.5282E-02
  1.0000E+01  1.5343E+01  2.5286E+01  5.2935E-01  4.5282E-02
  1.1000E+01  9.1774E+00  2.4877E+01  1.5427E-02  2.8980E-02
  1.1000E+01  9.1774E+00  2.4877E+01  1.5427E-02  2.8980E-02
  1.1000E+01  9.1774E+00  2.4877E+01  1.5427E-02  2.8980E-02
  1.1000E+01  9.1774E+00  2.4877E+01  1.5427E-02  2.8980E-02
  1.1000E+01  9.1774E+00  2.4877E+01  1.5427E-02  2.8980E-02
  1.1000E+01  9.1774E+00  2.4877E+01  1.5427E-02  2.8980E-02
  1.1000E+01  9.1774E+00  2.4877E+01  1.5427E-02  2.8980E-02
  1.1000E+01  9.1774E+00  2.4877E+01  1.5427E-02  2.8980E-02
  1.1000E+01  9.1774E+00  2.4877E+01  1.5427E-02  2.8980E-02
  1.1000E+01  9.1774E+00  2.4877E+01  1.5427E-02  2.8980E-02
  1.1000E+01  9.1774E+00  2.4877E+01  1.5427E-02  2.8980E-02
  1.1000E+01  9.1774E+00  2.4877E+01  1.5427E-02  2.8980E-02
  1.2000E+01  9.1907E+00  3.0771E+01  1.6872E-02  2.4161E-01
  1.2000E+01  9.1907E+00  3.0771E+01  1.6872E-02  2.4161E-01
  1.2000E+01  9.1907E+00  3.0771E+01  1.6872E-02  2.4161E-01
  1.2000E+01  9.1907E+00  3.0771E+01  1.6872E-02  2.4161E-01
  1.2000E+01  9.1907E+00  3.0771E+01  1.6872E-02  2.4161E-01
  1.2000E+01  9.1907E+00  3.0771E+01  1.6872E-02  2.4161E-01
  1.2000E+01  9.1907E+00  3.0771E+01  1.6872E-02  2.4161E-01
  1.2000E+01  9.1907E+00  3.0771E+01  1.6872E-02  2.4161E-01
  1.2000E+01  9.1907E+00  3.0771E+01  1.6872E-02  2.4161E-01
  1.2000E+01  9.1907E+00  3.0771E+01  1.6872E-02  2.4161E-01
  1.2000E+01  9.1907E+00  3.0771E+01  1.6872E-02  2.4161E-01
  1.2000E+01  9.1907E+00  3.0771E+01  1.6872E-02  2.4161E-01
  1.3000E+01  5.3418E+00  3.0100E+01 -5.2576E-01  2.1956E-01
  1.3000E+01  5.3418E+00  3.0100E+01 -5.2576E-01  2.1956E-01
  1.3000E+01  5.3418E+00  3.0100E+01 -5.2576E-01  2.1956E-01
  1.3000E+01  5.3418E+00  3.0100E+01 -5.2576E-01  2.1956E-01
  1.3000E+01  5.3418E+00  3.0100E+01 -5.2576E-01  2.1956E-01
  1.3000E+01  5.3418E+00  3.0100E+01 -5.2576E-01  2.1956E-01
  1.3000E+01  5.3418E+00  3.0100E+01 -5.2576E-01  2.1956E-01
  1.3000E+01  5.3418E+00  3.0100E+01 -5.2576E-01  2.1956E-01
  1.3000E+01  5.3418E+00  3.0100E+01 -5.2576E-01  2.1956E-01
  1.3000E+01  5.3418E+00  3.0100E+01 -5.2576E-01  2.1956E-01
  1.3000E+01  5.3418E+00  3.0100E+01 -5.2576E-01  2.1956E-01
  1.3000E+01  5.3418E+00  3.0100E+01 -5.2576E-01  2.1956E-01
  1.4000E+01  9.3203E+00  2.5045E+01  3.0872E-02  3.5719E-02
  1.4000E+01  9.3203E+00  2.5045E+01  3.0872E-02  3.5719E-02
  1.4000E+01  9.3203E+00  2.5045E+01  3.0872E-02  3.5719E-02
  1.4000E+01  9.3203E+00  2.5045E+01  3.0872E-02  3.5719E-02
  1.4000E+01  9.3203E+00  2.5045E+01  3.0872E-02  3.5719E-02
  1.4000E+01  9.3203E+00  2.5045E+01  3.0872E-02  3.5719E-02
  1.4000E+01  9.3203E+00  2.5045E+01  3.0872E-02  3.5719E-02
  1.4000E+01  9.3203E+00  2.5045E+01  3.0872E-02  3.5719E-02
  1.4000E+01  9.3203E+00  2.5045E+01  3.0872E-02  3.5719E-02
  1.4000E+01  9.3203E+00  2.5045E+01  3.0872E-02  3.5719E-02
  1.4000E+01  9.3203E+00  2.5045E+01  3.0872E-02  3.5719E-02
  1.4000E+01  9.3203E+00  2.5045E+01  3.0872E-02  3.5719E-02
  1.5000E+01  7.7448E+00  2.9033E+01 -1.5430E-01  1.8345E-01
  1.5000E+01  7.7448E+00  2.9033E+01 -1.5430E-01  1.8345E-01
  1.5000E+01  7.7448E+00  2.9033E+01 -1.5430E-01  1.8345E-01
  1.5000E+01  7.7448E+00  2.9033E+01 -1.5430E-01  1.8345E-01
  1.5000E+01  7.7448E+00  2.9033E+01 -1.5430E-01  1.8345E-01
  1.5000E+01  7.7448E+00  2.9033E+01 -1.5430E-01  1.8345E-01
  1.5000E+01  7.7448E+00  2.9033E+01 -1.5430E-01  1.8345E-01
  1.5000E+01  7.7448E+00  2.9033E+01 -1.5430E-01  1.8345E-01
  1.5000E+01  7.7448E+00  2.9033E+01 -1.5430E-01  1.8345E-01
  1.5000E+01  7.7448E+00  2.9033E+01 -1.5430E-01  1.8345E-01
  1.5000E+01  7.7448E+00  2.9033E+01 -1.5430E-01  1.8345E-01
  1.5000E+01  7.7448E+00  2.9033E+01 -1.5430E-01  1.8345E-01
  1.6000E+01  6.6616E+00  1.4582E+01 -3.0496E-01 -5.0522E-01
  1.6000E+01  6.6616E+00  1.4582E+01 -3.0496E-01 -5.0522E-01
  1.6000E+01  6.6616E+00  1.4582E+01 -3.0496E-01 -5.0522E-01
  1.6000E+01  6.6616E+00  1.4582E+01 -3.0496E-01 -5.0522E-01
  1.6000E+01  6.6616E+00  1.4582E+01 -3.0496E-01 -5.0522E-01
  1.6000E+01  6.6616E+00  1.4582E+01 -3.0496E-01 -5.0522E-01
  1.6000E+01  6.6616E+00  1.4582E+01 -3.0496E-01 -5.0522E-01
  1.6000E+01  6.6616E+00  1.4582E+01 -3.0496E-01 -5.0522E-01
  1.6000E+01  6.6616E+00  1.4582E+01 -3.0496E-01 -5.0522E-01
  1.6000E+01  6.6616E+00  1.4582E+01 -3.0496E-01 -5.0522E-01
  1.6000E+01  6.6616E+00  1.4582E+01 -3.0496E-01 -5.0522E-01
  1.6000E+01  6.6616E+00  1.4582E+01 -3.0496E-01 -5.0522E-01
  1.7000E+01  8.8912E+00  2.4468E+01 -1.6255E-02  1.2377E-02
  1.7000E+01  8.8912E+00  2.4468E+01 -1.6255E-02  1.2377E-02
  1.7000E+01  8.8912E+00  2.4468E+01 -1.6255E-02  1.2377E-02
  1.7000E+01  8.8912E+00  2.4468E+01 -1.6255E-02  1.2377E-02
  1.7000E+01  8.8912E+00  2.4468E+01 -1.6255E-02  1.2377E-02
  1.7000E+01  8.8912E+00  2.4468E+01 -1.6255E-02  1.2377E-02
  1.7000E+01  8.8912E+00  2.4468E+01 -1.6255E-02  1.2377E-02
  1.7000E+01  8.8912E+00  2.4468E+01 -1.6255E-02  1.2377E-02
  1.7000E+01  8.8912E+00  2.4468E+01 -1.6255E-02  1.2377E-02
  1.7000E+01  8.8912E+00  2.4468E+01 -1.6255E-02  1.2377E-02
  1.7000E+01  8.8912E+00  2.4468E+01 -1.6255E-02  1.2377E-02
  1.7000E+01  8.8912E+00  2.4468E+01 -1.6255E-02  1.2377E-02
  1.8000E+01  1.3630E+01  2.9684E+01  4.1097E-01  2.0565E-01
  1.8000E+01  1.3630E+01  2.9684E+01  4.1097E-01  2.0565E-01
  1.8000E+01  1.3630E+01  2.9684E+01  4.1097E-01  2.0565E-01
  1.8000E+01  1.3630E+01  2.9684E+01  4.1097E-01  2.0565E-01
  1.8000E+01  1.3630E+01  2.9684E+01  4.1097E-01  2.0565E-01
  1.8000E+01  1.3630E+01  2.9684E+01  4.1097E-01  2.0565E-01
  1.8000E+01  1.3630E+01  2.9684E+01  4.1097E-01  2.0565E-01
  1.8000E+01  1.3630E+01  2.9684E+01  4.1097E-01  2.0565E-01
  1.8000E+01  1.3630E+01  2.9684E+01  4.1097E-01  2.0565E-01
  1.8000E+01  1.3630E+01  2.9684E+01  4.1097E-01  2.0565E-01
  1.8000E+01  1.3630E+01  2.9684E+01  4.1097E-01  2.0565E-01
  1.8000E+01  1.3630E+01  2.9684E+01  4.1097E-01  2.0565E-01
  1.9000E+01  7.9364E+00  2.4857E+01 -1.2986E-01  2.8155E-02
  1.9000E+01  7.9364E+00  2.4857E+01 -1.2986E-01  2.8155E-02
  1.9000E+01  7.9364E+00  2.4857E+01 -1.2986E-01  2.8155E-02
  1.9000E+01  7.9364E+00  2.4857E+01 -1.2986E-01  2.8155E-02
  1.9000E+01  7.9364E+00  2.4857E+01 -1.2986E-01  2.8155E-02
  1.9000E+01  7.9364E+00  2.4857E+01 -1.2986E-01  2.8155E-02
  1.9000E+01  7.9364E+00  2.4857E+01 -1.2986E-01  2.8155E-02
  1.9000E+01  7.9364E+00  2.4857E+01 -1.2986E-01  2.8155E-02
  1.9000E+01  7.9364E+00  2.4857E+01 -1.2986E-01  2.8155E-02
  1.9000E+01  7.9364E+00  2.4857E+01 -1.2986E-01  2.8155E-02
  1.9000E+01  7.9364E+00  2.4857E+01 -1.2986E-01  2.8155E-02
  1.9000E+01  7.9364E+00  2.4857E+01 -1.2986E-01  2.8155E-02
  2.0000E+01  1.0809E+01  2.1815E+01  1.7905E-01 -1.0238E-01
  2.0000E+01  1.0809E+01  2.1815E+01  1.7905E-01 -1.0238E-01
  2.0000E+01  1.0809E+01  2.1815E+01  1.7905E-01 -1.0238E-01
  2.0000E+01  1.0809E+01  2.1815E+01  1.7905E-01 -1.0238E-01
  2.0000E+01  1.0809E+01  2.1815E+01  1.7905E-01 -1.0238E-01
  2.0000E+01  1.0809E+01  2.1815E+01  1.7905E-01 -1.0238E-01
  2.0000E+01  1.0809E+01  2.1815E+01  1.7905E-01 -1.0238E-01
  2.0000E+01  1.0809E+01  2.1815E+01  1.7905E-01 -1.0238E-01
  2.0000E+01  1.0809E+01  2.1815E+01  1.7905E-01 -1.0238E-01
  2.0000E+01  1.0809E+01  2.1815E+01  1.7905E-01 -1.0238E-01
  2.0000E+01  1.0809E+01  2.1815E+01  1.7905E-01 -1.0238E-01
  2.0000E+01  1.0809E+01  2.1815E+01  1.7905E-01 -1.0238E-01
  2.1000E+01  8.5523E+00  2.0388E+01 -5.5122E-02 -1.7001E-01
  2.1000E+01  8.5523E+00  2.0388E+01 -5.5122E-02 -1.7001E-01
  2.1000E+01  8.5523E+00  2.0388E+01 -5.5122E-02 -1.7001E-01
  2.1000E+01  8.5523E+00  2.0388E+01 -5.5122E-02 -1.7001E-01
  2.1000E+01  8.5523E+00  2.0388E+01 -5.5122E-02 -1.7001E-01
  2.1000E+01  8.5523E+00  2.0388E+01 -5.5122E-02 -1.7001E-01
  2.1000E+01  8.5523E+00  2.0388E+01 -5.5122E-02 -1.7001E-01
  2.1000E+01  8.5523E+00  2.0388E+01 -5.5122E-02 -1.7001E-01
  2.1000E+01  8.5523E+00  2.0388E+01 -5.5122E-02 -1.7001E-01
  2.1000E+01  8.5523E+00  2.0388E+01 -5.5122E-02 -1.7001E-01
  2.1000E+01  8.5523E+00  2.0388E+01 -5.5122E-02 -1.7001E-01
  2.1000E+01  8.5523E+00  2.0388E+01 -5.5122E-02 -1.7001E-01
  2.2000E+01  7.6527E+00  2.8767E+01 -1.6626E-01  1.7425E-01
  2.2000E+01  7.6527E+00  2.8767E+01 -1.6626E-01  1.7425E-01
  2.2000E+01  7.6527E+00  2.8767E+01 -1.6626E-01  1.7425E-01
  2.2000E+01  7.6527E+00  2.8767E+01 -1.6626E-01  1.7425E-01
  2.2000E+01  7.6527E+00  2.8767E+01 -1.6626E-01  1.7425E-01
  2.2000E+01  7.6527E+00  2.8767E+01 -1.6626E-01  1.7425E-01
  2.2000E+01  7.6527E+00  2.8767E+01 -1.6626E-01  1.7425E-01
  2.2000E+01  7.6527E+00  2.8767E+01 -1.6626E-01  1.7425E-01
  2.2000E+01  7.6527E+00  2.8767E+01 -1.6626E-01  1.7425E-01
  2.2000E+01  7.6527E+00  2.8767E+01 -1.6626E-01  1.7425E-01
  2.2000E+01  7.6527E+00  2.8767E+01 -1.6626E-01  1.7425E-01
  2.2000E+01  7.6527E+00  2.8767E+01 -1.6626E-01  1.7425E-01
  2.3000E+01  6.6573E+00  2.0414E+01 -3.0560E-01 -1.6876E-01
  2.3000E+01  6.6573E+00  2.0414E+01 -3.0560E-01 -1.6876E-01
  2.3000E+01  6.6573E+00  2.0414E+01 -3.0560E-01 -1.6876E-01
  2.3000E+01  6.6573E+00  2.0414E+01 -3.0560E-01 -1.6876E-01
  2.3000E+01  6.6573E+00  2.0414E+01 -3.0560E-01 -1.6876E-01
  2.3000E+01  6.6573E+00  2.0414E+01 -3.0560E-01 -1.6876E-01
  2.3000E+01  6.6573E+00  2.0414E+01 -3.0560E-01 -1.6876E-01
  2.3000E+01  6.6573E+00  2.0414E+01 -3.0560E-01 -1.6876E-01
  2.3000E+01  6.6573E+00  2.0414E+01 -3.0560E-01 -1.6876E-01
  2.3000E+01  6.6573E+00  2.0414E+01 -3.0560E-01 -1.6876E-01
  2.3000E+01  6.6573E+00  2.0414E+01 -3.0560E-01 -1.6876E-01
  2.3000E+01  6.6573E+00  2.0414E+01 -3.0560E-01 -1.6876E-01
  2.4000E+01  1.0461E+01  2.4553E+01  1.4633E-01  1.5876E-02
  2.4000E+01  1.0461E+01  2.4553E+01  1.4633E-01  1.5876E-02
  2.4000E+01  1.0461E+01  2.4553E+01  1.4633E-01  1.5876E-02
  2.4000E+01  1.0461E+01  2.4553E+01  1.4633E-01  1.5876E-02
  2.4000E+01  1.0461E+01  2.4553E+01  1.4633E-01  1.5876E-02
  2.4000E+01  1.0461E+01  2.4553E+01  1.4633E-01  1.5876E-02
  2.4000E+01  1.0461E+01  2.4553E+01  1.4633E-01  1.5876E-02
  2.4000E+01  1.0461E+01  2.4553E+01  1.4633E-01  1.5876E-02
  2.4000E+01  1.0461E+01  2.4553E+01  1.4633E-01  1.5876E-02
  2.4000E+01  1.0461E+01  2.4553E+01  1.4633E-01  1.5876E-02
  2.4000E+01  1.0461E+01  2.4553E+01  1.4633E-01  1.5876E-02
  2.4000E+01  1.0461E+01  2.4553E+01  1.4633E-01  1.5876E-02
  2.5000E+01  6.5701E+00  2.2519E+01 -3.1879E-01 -7.0633E-02
  2.5000E+01  6.5701E+00  2.2519E+01 -3.1879E-01 -7.0633E-02
  2.5000E+01  6.5701E+00  2.2519E+01 -3.1879E-01 -7.0633E-02
  2.5000E+01  6.5701E+00  2.2519E+01 -3.1879E-01 -7.0633E-02
  2.5000E+01  6.5701E+00  2.2519E+01 -3.1879E-01 -7.0633E-02
  2.5000E+01  6.5701E+00  2.2519E+01 -3.1879E-01 -7.0633E-02
  2.5000E+01  6.5701E+00  2.2519E+01 -3.1879E-01 -7.0633E-02
  2.5000E+01  6.5701E+00  2.2519E+01 -3.1879E-01 -7.0633E-02
  2.5000E+01  6.5701E+00  2.2519E+01 -3.1879E-01 -7.0633E-02
  2.5000E+01  6.5701E+00  2.2519E+01 -3.1879E-01 -7.0633E-02
  2.5000E+01  6.5701E+00  2.2519E+01 -3.1879E-01 -7.0633E-02
  2.5000E+01  6.5701E+00  2.2519E+01 -3.1879E-01 -7.0633E-02
  2.6000E+01  8.6809E+00  2.2265E+01 -4.0195E-02 -8.1955E-02
  2.6000E+01  8.6809E+00  2.2265E+01 -4.0195E-02 -8.1955E-02
  2.6000E+01  8.6809E+00  2.2265E+01 -4.0195E-02 -8.1955E-02
  2.6000E+01  8.6809E+00  2.2265E+01 -4.0195E-02 -8.1955E-02
  2.6000E+01  8.6809E+00  2.2265E+01 -4.0195E-02 -8.1955E-02
  2.6000E+01  8.6809E+00  2.2265E+01 -4.0195E-02 -8.1955E-02
  2.6000E+01  8.6809E+00  2.2265E+01 -4.0195E-02 -8.1955E-02
  2.6000E+01  8.6809E+00  2.2265E+01 -4.0195E-02 -8.1955E-02
  2.6000E+01  8.6809E+00  2.2265E+01 -4.0195E-02 -8.1955E-02
  2.6000E+01  8.6809E+00  2.2265E+01 -4.0195E-02 -8.1955E-02
  2.6000E+01  8.6809E+00  2.2265E+01 -4.0195E-02 -8.1955E-02
  2.6000E+01  8.6809E+00  2.2265E+01 -4.0195E-02 -8.1955E-02
  2.7000E+01  9.6550E+00  2.8921E+01  6.6152E-02  1.7960E-01
  2.7000E+01  9.6550E+00  2.8921E+01  6.6152E-02  1.7960E-01
  2.7000E+01  9.6550E+00  2.8921E+01  6.6152E-02  1.7960E-01
  2.7000E+01  9.6550E+00  2.8921E+01  6.6152E-02  1.7960E-01
  2.7000E+01  9.6550E+00  2.8921E+01  6.6152E-02  1.7960E-01
  2.7000E+01  9.6550E+00  2.8921E+01  6.6152E-02  1.7960E-01
  2.7000E+01  9.6550E+00  2.8921E+01  6.6152E-02  1.7960E-01
  2.7000E+01  9.6550E+00  2.8921E+01  6.6152E-02  1.7960E-01
  2.7000E+01  9.6550E+00  2.8921E+01  6.6152E-02  1.7960E-01
  2.7000E+01  9.6550E+00  2.8921E+01  6.6152E-02  1.7960E-01
  2.7000E+01  9.6550E+00  2.8921E+01  6.6152E-02  1.7960E-01
  2.7000E+01  9.6550E+00  2.8921E+01  6.6152E-02  1.7960E-01
  2.8000E+01  7.4447E+00  1.5847E+01 -1.9382E-01 -4.2202E-01
  2.8000E+01  7.4447E+00  1.5847E+01 -1.9382E-01 -4.2202E-01
  2.8000E+01  7.4447E+00  1.5847E+01 -1.9382E-01 -4.2202E-01
  2.8000E+01  7.4447E+00  1.5847E+01 -1.9382E-01 -4.2202E-01
  2.8000E+01  7.4447E+00  1.5847E+01 -1.9382E-01 -4.2202E-01
  2.8000E+01  7.4447E+00  1.5847E+01 -1.9382E-01 -4.2202E-01
  2.8000E+01  7.4447E+00  1.5847E+01 -1.9382E-01 -4.2202E-01
  2.8000E+01  7.4447E+00  1.5847E+01 -1.9382E-01 -4.2202E-01
  2.8000E+01  7.4447E+00  1.5847E+01 -1.9382E-01 -4.2202E-01
  2.8000E+01  7.4447E+00  1.5847E+01 -1.9382E-01 -4.2202E-01
  2.8000E+01  7.4447E+00  1.5847E+01 -1.9382E-01 -4.2202E-01
  2.8000E+01  7.4447E+00  1.5847E+01 -1.9382E-01 -4.2202E-01
  2.9000E+01  9.8695E+00  2.1452E+01  8.8132E-02 -1.1917E-01
  2.9000E+01  9.8695E+00  2.1452E+01  8.8132E-02 -1.1917E-01
  2.9000E+01  9.8695E+00  2.1452E+01  8.8132E-02 -1.1917E-01
  2.9000E+01  9.8695E+00  2.1452E+01  8.8132E-02 -1.1917E-01
  2.9000E+01  9.8695E+00  2.1452E+01  8.8132E-02 -1.1917E-01
  2.9000E+01  9.8695E+00  2.1452E+01  8.8132E-02 -1.1917E-01
  2.9000E+01  9.8695E+00  2.1452E+01  8.8132E-02 -1.1917E-01
  2.9000E+01  9.8695E+00  2.1452E+01  8.8132E-02 -1.1917E-01
  2.9000E+01  9.8695E+00  2.1452E+01  8.8132E-02 -1.1917E-01
  2.9000E+01  9.8695E+00  2.1452E+01  8.8132E-02 -1.1917E-01
  2.9000E+01  9.8695E+00  2.1452E+01  8.8132E-02 -1.1917E-01
  2.9000E+01  9.8695E+00  2.1452E+01  8.8132E-02 -1.1917E-01
  3.0000E+01  1.0485E+01  2.4649E+01  1.4865E-01  1.9767E-02
  3.0000E+01  1.0485E+01  2.4649E+01  1.4865E-01  1.9767E-02
  3.0000E+01  1.0485E+01  2.4649E+01  1.4865E-01  1.9767E-02
  3.0000E+01  1.0485E+01  2.4649E+01  1.4865E-01  1.9767E-02
  3.0000E+01  1.0485E+01  2.4649E+01  1.4865E-01  1.9767E-02
  3.0000E+01  1.0485E+01  2.4649E+01  1.4865E-01  1.9767E-02
  3.0000E+01  1.0485E+01  2.4649E+01  1.4865E-01  1.9767E-02
  3.0000E+01  1.0485E+01  2.4649E+01  1.4865E-01  1.9767E-02
  3.0000E+01  1.0485E+01  2.4649E+01  1.4865E-01  1.9767E-02
  3.0000E+01  1.0485E+01  2.4649E+01  1.4865E-01  1.9767E-02
  3.0000E+01  1.0485E+01  2.4649E+01  1.4865E-01  1.9767E-02
  3.0000E+01  1.0485E+01  2.4649E+01  1.4865E-01  1.9767E-02
  3.1000E+01  5.9302E+00  3.0537E+01 -4.2126E-01  2.3396E-01
  3.1000E+01  5.9302E+00  3.0537E+01 -4.2126E-01  2.3396E-01
  3.1000E+01  5.9302E+00  3.0537E+01 -4.2126E-01  2.3396E-01
  3.1000E+01  5.9302E+00  3.0537E+01 -4.2126E-01  2.3396E-01
  3.1000E+01  5.9302E+00  3.0537E+01 -4.2126E-01  2.3396E-01
  3.1000E+01  5.9302E+00  3.0537E+01 -4.2126E-01  2.3396E-01
  3.1000E+01  5.9302E+00  3.0537E+01 -4.2126E-01  2.3396E-01
  3.1000E+01  5.9302E+00  3.0537E+01 -4.2126E-01  2.3396E-01
  3.1000E+01  5.9302E+00  3.0537E+01 -4.2126E-01  2.3396E-01
  3.1000E+01  5.9302E+00  3.0537E+01 -4.2126E-01  2.3396E-01
  3.1000E+01  5.9302E+00  3.0537E+01 -4.2126E-01  2.3396E-01
  3.1000E+01  5.9302E+00  3.0537E+01 -4.2126E-01  2.3396E-01
  3.2000E+01  7.3844E+00  2.4354E+01 -2.0195E-01  7.7143E-03
  3.2000E+01  7.3844E+00  2.4354E+01 -2.0195E-01  7.7143E-03
  3.2000E+01  7.3844E+00  2.4354E+01 -2.0195E-01  7.7143E-03
  3.2000E+01  7.3844E+00  2.4354E+01 -2.0195E-01  7.7143E-03
  3.2000E+01  7.3844E+00  2.4354E+01 -2.0195E-01  7.7143E-03
  3.2000E+01  7.3844E+00  2.4354E+01 -2.0195E-01  7.7143E-03
  3.2000E+01  7.3844E+00  2.4354E+01 -2.0195E-01  7.7143E-03
  3.2000E+01  7.3844E+00  2.4354E+01 -2.0195E-01  7.7143E-03
  3.2000E+01  7.3844E+00  2.4354E+01 -2.0195E-01  7.7143E-03
  3.2000E+01  7.3844E+00  2.4354E+01 -2.0195E-01  7.7143E-03
  3.2000E+01  7.3844E+00  2.4354E+01 -2.0195E-01  7.7143E-03
  3.2000E+01  7.3844E+00  2.4354E+01 -2.0195E-01  7.7143E-03
  3.3000E+01  9.3095E+00  2.8992E+01  2.9712E-02  1.8205E-01
  3.3000E+01  9.3095E+00  2.8992E+01  2.9712E-02  1.8205E-01
  3.3000E+01  9.3095E+00  2.8992E+01  2.9712E-02  1.8205E-01
  3.3000E+01  9.3095E+00  2.8992E+01  2.9712E-02  1.8205E-01
  3.3000E+01  9.3095E+00  2.8992E+01  2.9712E-02  1.8205E-01
  3.3000E+01  9.3095E+00  2.8992E+01  2.9712E-02  1.8205E-01
  3.3000E+01  9.3095E+00  2.8992E+01  2.9712E-02  1.8205E-01
  3.3000E+01  9.3095E+00  2.8992E+01  2.9712E-02  1.8205E-01
  3.3000E+01  9.3095E+00  2.8992E+01  2.9712E-02  1.8205E-01
  3.3000E+01  9.3095E+00  2.8992E+01  2.9712E-02  1.8205E-01
  3.3000E+01  9.3095E+00  2.8992E+01  2.9712E-02  1.8205E-01
  3.3000E+01  9.3095E+00  2.8992E+01  2.9712E-02  1.8205E-01
  3.4000E+01  1.2288E+01  2.0641E+01  3.0728E-01 -1.5771E-01
  3.4000E+01  1.2288E+01  2.0641E+01  3.0728E-01 -1.5771E-01
  3.4000E+01  1.2288E+01  2.0641E+01  3.0728E-01 -1.5771E-01
  3.4000E+01  1.2288E+01  2.0641E+01  3.0728E-01 -1.5771E-01
  3.4000E+01  1.2288E+01  2.0641E+01  3.0728E-01 -1.5771E-01
  3.4000E+01  1.2288E+01  2.0641E+01  3.0728E-01 -1.5771E-01
  3.4000E+01  1.2288E+01  2.0641E+01  3.0728E-01 -1.5771E-01
  3.4000E+01  1.2288E+01  2.0641E+01  3.0728E-01 -1.5771E-01
  3.4000E+01  1.2288E+01  2.0641E+01  3.0728E-01 -1.5771E-01
  3.4000E+01  1.2288E+01  2.0641E+01  3.0728E-01 -1.5771E-01
  3.4000E+01  1.2288E+01  2.0641E+01  3.0728E-01 -1.5771E-01
  3.4000E+01  1.2288E+01  2.0641E+01  3.0728E-01 -1.5771E-01
  3.5000E+01  9.8012E+00  2.9646E+01  8.1184E-02  2.0435E-01
  3.5000E+01  9.8012E+00  2.9646E+01  8.1184E-02  2.0435E-01
  3.5000E+01  9.8012E+00  2.9646E+01  8.1184E-02  2.0435E-01
  3.5000E+01  9.8012E+00  2.9646E+01  8.1184E-02  2.0435E-01
  3.5000E+01  9.8012E+00  2.9646E+01  8.1184E-02  2.0435E-01
  3.5000E+01  9.8012E+00  2.9646E+01  8.1184E-02  2.0435E-01
  3.5000E+01  9.8012E+00  2.9646E+01  8.1184E-02  2.0435E-01
  3.5000E+01  9.8012E+00  2.9646E+01  8.1184E-02  2.0435E-01
  3.5000E+01  9.8012E+00  2.9646E+01  8.1184E-02  2.0435E-01
  3.5000E+01  9.8012E+00  2.9646E+01  8.1184E-02  2.0435E-01
  3.5000E+01  9.8012E+00  2.9646E+01  8.1184E-02  2.0435E-01
  3.5000E+01  9.8012E+00  2.9646E+01  8.1184E-02  2.0435E-01
  3.6000E+01  1.2005E+01  2.3377E+01  2.8403E-01 -3.3225E-02
  3.6000E+01  1.2005E+01  2.3377E+01  2.8403E-01 -3.3225E-02
  3.6000E+01  1.2005E+01  2.3377E+01  2.8403E-01 -3.3225E-02
  3.6000E+01  1.2005E+01  2.3377E+01  2.8403E-01 -3.3225E-02
  3.6000E+01  1.2005E+01  2.3377E+01  2.8403E-01 -3.3225E-02
  3.6000E+01  1.2005E+01  2.3377E+01  2.8403E-01 -3.3225E-02
  3.6000E+01  1.2005E+01  2.3377E+01  2.8403E-01 -3.3225E-02
  3.6000E+01  1.2005E+01  2.3377E+01  2.8403E-01 -3.3225E-02
  3.6000E+01  1.2005E+01  2.3377E+01  2.8403E-01 -3.3225E-02
  3.6000E+01  1.2005E+01  2.3377E+01  2.8403E-01 -3.3225E-02
  3.6000E+01  1.2005E+01  2.3377E+01  2.8403E-01 -3.3225E-02
  3.6000E+01  1.2005E+01  2.3377E+01  2.8403E-01 -3.3225E-02
  3.7000E+01  1.2125E+01  1.5447E+01  2.9395E-01 -4.4755E-01
  3.7000E+01  1.2125E+01  1.5447E+01  2.9395E-01 -4.4755E-01
  3.7000E+01  1.2125E+01  1.5447E+01  2.9395E-01 -4.4755E-01
  3.7000E+01  1.2125E+01  1.5447E+01  2.9395E-01 -4.4755E-01
  3.7000E+01  1.2125E+01  1.5447E+01  2.9395E-01 -4.4755E-01
  3.7000E+01  1.2125E+01  1.5447E+01  2.9395E-01 -4.4755E-01
  3.7000E+01  1.2125E+01  1.5447E+01  2.9395E-01 -4.4755E-01
  3.7000E+01  1.2125E+01  1.5447E+01  2.9395E-01 -4.4755E-01
  3.7000E+01  1.2125E+01  1.5447E+01  2.9395E-01 -4.4755E-01
  3.7000E+01  1.2125E+01  1.5447E+01  2.9395E-01 -4.4755E-01
  3.7000E+01  1.2125E+01  1.5447E+01  2.9395E-01 -4.4755E-01
  3.7000E+01  1.2125E+01  1.5447E+01  2.9395E-01 -4.4755E-01
  3.8000E+01  1.5164E+01  2.5566E+01  5.1760E-01  5.6293E-02
  3.8000E+01  1.5164E+01  2.5566E+01  5.1760E-01  5.6293E-02
  3.8000E+01  1.5164E+01  2.5566E+01  5.1760E-01  5.6293E-02
  3.8000E+01  1.5164E+01  2.5566E+01  5.1760E-01  5.6293E-02
  3.8000E+01  1.5164E+01  2.5566E+01  5.1760E-01  5.6293E-02
  3.8000E+01  1.5164E+01  2.5566E+01  5.1760E-01  5.6293E-02
  3.8000E+01  1.5164E+01  2.5566E+01  5.1760E-01  5.6293E-02
  3.8000E+01  1.5164E+01  2.5566E+01  5.1760E-01  5.6293E-02
  3.8000E+01  1.5164E+01  2.5566E+01  5.1760E-01  5.6293E-02
  3.8000E+01  1.5164E+01  2.5566E+01  5.1760E-01  5.6293E-02
  3.8000E+01  1.5164E+01  2.5566E+01  5.1760E-01  5.6293E-02
  3.8000E+01  1.5164E+01  2.5566E+01  5.1760E-01  5.6293E-02
  3.9000E+01  1.1279E+01  2.7567E+01  2.2166E-01  1.3165E-01
  3.9000E+01  1.1279E+01  2.7567E+01  2.2166E-01  1.3165E-01
  3.9000E+01  1.1279E+01  2.7567E+01  2.2166E-01  1.3165E-01
  3.9000E+01  1.1279E+01  2.7567E+01  2.2166E-01  1.3165E-01
  3.9000E+01  1.1279E+01  2.7567E+01  2.2166E-01  1.3165E-01
  3.9000E+01  1.1279E+01  2.7567E+01  2.2166E-01  1.3165E-01
  3.9000E+01  1.1279E+01  2.7567E+01  2.2166E-01  1.3165E-01
  3.9000E+01  1.1279E+01  2.7567E+01  2.2166E-01  1.3165E-01
  3.9000E+01  1.1279E+01  2.7567E+01  2.2166E-01  1.3165E-01
  3.9000E+01  1.1279E+01  2.7567E+01  2.2166E-01  1.3165E-01
  3.9000E+01  1.1279E+01  2.7567E+01  2.2166E-01  1.3165E-01
  3.9000E+01  1.1279E+01  2.7567E+01  2.2166E-01  1.3165E-01
  4.0000E+01  6.1771E+00  1.9582E+01 -3.8047E-01 -2.1036E-01
  4.0000E+01  6.1771E+00  1.9582E+01 -3.8047E-01 -2.1036E-01
  4.0000E+01  6.1771E+00  1.9582E+01 -3.8047E-01 -2.1036E-01
  4.0000E+01  6.1771E+00  1.9582E+01 -3.8047E-01 -2.1036E-01
  4.0000E+01  6.1771E+00  1.9582E+01 -3.8047E-01 -2.1036E-01
  4.0000E+01  6.1771E+00  1.9582E+01 -3.8047E-01 -2.1036E-01
  4.0000E+01  6.1771E+00  1.9582E+01 -3.8047E-01 -2.1036E-01
  4.0000E+01  6.1771E+00  1.9582E+01 -3.8047E-01 -2.1036E-01
  4.0000E+01  6.1771E+00  1.9582E+01 -3.8047E-01 -2.1036E-01
  4.0000E+01  6.1771E+00  1.9582E+01 -3.8047E-01 -2.1036E-01
  4.0000E+01  6.1771E+00  1.9582E+01 -3.8047E-01 -2.1036E-01
  4.0000E+01  6.1771E+00  1.9582E+01 -3.8047E-01 -2.1036E-01
