TABLE NO.  1
 ID          TIME        AMT         DV          MDV         EVID        CL          V           IPRE        IWRE        CWRES       DV          PRED        RES         WRES
  1.0000E+00  0.0000E+00  1.0000E+02  0.0000E+00  1.0000E+00  1.0000E+00  9.1032E+00  2.2289E+01  4.4866E+00 -6.3719E+00  0.0000E+00  0.0000E+00  4.1379E+00  0.0000E+00  0.0000E+00
  1.0000E+00  2.5000E-01  0.0000E+00  4.0220E+00  0.0000E+00  0.0000E+00  9.1032E+00  2.2289E+01  4.0511E+00 -4.5290E-02  4.1986E-03  4.0220E+00  3.7686E+00  2.5337E-01  2.0271E-02
  1.0000E+00  5.0000E-01  0.0000E+00  4.2370E+00  0.0000E+00  0.0000E+00  9.1032E+00  2.2289E+01  3.6579E+00  9.8497E-01  1.0185E+00  4.2370E+00  3.4323E+00  8.0472E-01  1.0712E+00
  1.0000E+00  1.0000E+00  0.0000E+00  3.2910E+00  0.0000E+00  0.0000E+00  9.1032E+00  2.2289E+01  2.9822E+00  6.2264E-01  6.3505E-01  3.2910E+00  2.8470E+00  4.4403E-01  6.4677E-01
  1.0000E+00  2.0000E+00  0.0000E+00  1.4890E+00  0.0000E+00  0.0000E+00  9.1032E+00  2.2289E+01  1.9823E+00 -1.3399E+00 -1.3390E+00  1.4890E+00  1.9588E+00 -4.6976E-01 -1.3736E+00
  1.0000E+00  4.0000E+00  0.0000E+00  7.4000E-01  0.0000E+00  0.0000E+00  9.1032E+00  2.2289E+01  8.7581E-01 -5.3185E-01 -5.1510E-01  7.4000E-01  9.2721E-01 -1.8721E-01 -5.6430E-01
  1.0000E+00  6.0000E+00  0.0000E+00  5.4100E-01  0.0000E+00  0.0000E+00  9.1032E+00  2.2289E+01  3.8695E-01  6.7900E-01  6.9854E-01  5.4100E-01  4.3891E-01  1.0209E-01  6.4896E-01
  1.0000E+00  8.0000E+00  0.0000E+00  3.9000E-01  0.0000E+00  0.0000E+00  9.1032E+00  2.2289E+01  1.7096E-01  9.9160E-01  1.0053E+00  3.9000E-01  2.0777E-01  1.8223E-01  9.8172E-01
  1.0000E+00  1.2000E+01  0.0000E+00  3.0800E-01  0.0000E+00  0.0000E+00  9.1032E+00  2.2289E+01  3.3372E-02  1.2513E+00  1.2558E+00  3.0800E-01  4.6555E-02  2.6144E-01  1.2540E+00
  1.0000E+00  2.4000E+01  0.0000E+00  3.0600E-01  0.0000E+00  0.0000E+00  9.1032E+00  2.2289E+01  2.4823E-04  1.3935E+00  1.3935E+00  3.0600E-01  5.2379E-04  3.0548E-01  1.3938E+00
  1.0000E+00  3.6000E+01  0.0000E+00  2.6200E-01  0.0000E+00  0.0000E+00  9.1032E+00  2.2289E+01  1.8464E-06  1.1941E+00  1.1941E+00  2.6200E-01  5.8931E-06  2.6199E-01  1.1941E+00
  1.0000E+00  4.8000E+01  0.0000E+00  2.0100E-01  0.0000E+00  0.0000E+00  9.1032E+00  2.2289E+01  1.3734E-08  9.1606E-01  9.1606E-01  2.0100E-01  6.6303E-08  2.0100E-01  9.1606E-01
  2.0000E+00  0.0000E+00  1.0000E+02  0.0000E+00  1.0000E+00  1.0000E+00  9.7374E+00  3.3889E+01  2.9508E+00 -6.0011E+00  0.0000E+00  0.0000E+00  4.1379E+00  0.0000E+00  0.0000E+00
  2.0000E+00  2.5000E-01  0.0000E+00  3.3790E+00  0.0000E+00  0.0000E+00  9.7374E+00  3.3889E+01  2.7463E+00  1.3619E+00  6.6150E-01  3.3790E+00  3.7686E+00 -3.8963E-01  3.5653E-01
  2.0000E+00  5.0000E-01  0.0000E+00  2.3090E+00  0.0000E+00  0.0000E+00  9.7374E+00  3.3889E+01  2.5559E+00 -5.6141E-01 -1.1726E+00  2.3090E+00  3.4323E+00 -1.1233E+00 -1.0148E+00
  2.0000E+00  1.0000E+00  0.0000E+00  1.8260E+00  0.0000E+00  0.0000E+00  9.7374E+00  3.3889E+01  2.2139E+00 -9.7846E-01 -1.4274E+00  1.8260E+00  2.8470E+00 -1.0210E+00 -1.1915E+00
  2.0000E+00  2.0000E+00  0.0000E+00  1.0390E+00  0.0000E+00  0.0000E+00  9.7374E+00  3.3889E+01  1.6610E+00 -1.8797E+00 -2.0687E+00  1.0390E+00  1.9588E+00 -9.1976E-01 -1.7487E+00
  2.0000E+00  4.0000E+00  0.0000E+00  7.3400E-01  0.0000E+00  0.0000E+00  9.7374E+00  3.3889E+01  9.3497E-01 -7.7305E-01 -6.7167E-01  7.3400E-01  9.2721E-01 -1.9321E-01 -4.4740E-01
  2.0000E+00  6.0000E+00  0.0000E+00  6.7100E-01  0.0000E+00  0.0000E+00  9.7374E+00  3.3889E+01  5.2629E-01  6.2097E-01  8.0643E-01  6.7100E-01  4.3891E-01  2.3209E-01  1.0327E+00
  2.0000E+00  8.0000E+00  0.0000E+00  5.3400E-01  0.0000E+00  0.0000E+00  9.7374E+00  3.3889E+01  2.9625E-01  1.0622E+00  1.2390E+00  5.3400E-01  2.0777E-01  3.2623E-01  1.4138E+00
  2.0000E+00  1.2000E+01  0.0000E+00  5.0400E-01  0.0000E+00  0.0000E+00  9.7374E+00  3.3889E+01  9.3868E-02  1.8654E+00  1.9665E+00  5.0400E-01  4.6555E-02  4.5744E-01  2.0400E+00
  2.0000E+00  2.4000E+01  0.0000E+00  2.6800E-01  0.0000E+00  0.0000E+00  9.7374E+00  3.3889E+01  2.9861E-03  1.2078E+00  1.2153E+00  2.6800E-01  5.2379E-04  2.6748E-01  1.2175E+00
  2.0000E+00  3.6000E+01  0.0000E+00  1.0400E-01  0.0000E+00  0.0000E+00  9.7374E+00  3.3889E+01  9.4991E-05  4.7355E-01  4.7392E-01  1.0400E-01  5.8931E-06  1.0399E-01  4.7392E-01
  2.0000E+00  4.8000E+01  0.0000E+00  3.7000E-02  0.0000E+00  0.0000E+00  9.7374E+00  3.3889E+01  3.0218E-06  1.6861E-01  1.6863E-01  3.7000E-02  6.6303E-08  3.7000E-02  1.6863E-01
  3.0000E+00  0.0000E+00  1.0000E+02  0.0000E+00  1.0000E+00  1.0000E+00  8.1461E+00  2.4634E+01  4.0594E+00 -6.3045E+00  0.0000E+00  0.0000E+00  4.1379E+00  0.0000E+00  0.0000E+00
  3.0000E+00  2.5000E-01  0.0000E+00  3.8960E+00  0.0000E+00  0.0000E+00  8.1461E+00  2.4634E+01  3.7373E+00  2.6490E-01  1.2150E-01  3.8960E+00  3.7686E+00  1.2737E-01  1.0819E-01
  3.0000E+00  5.0000E-01  0.0000E+00  3.4900E+00  0.0000E+00  0.0000E+00  8.1461E+00  2.4634E+01  3.4408E+00  8.8179E-02 -1.9062E-02  3.4900E+00  3.4323E+00  5.7720E-02 -2.4079E-02
  3.0000E+00  1.0000E+00  0.0000E+00  3.2420E+00  0.0000E+00  0.0000E+00  8.1461E+00  2.4634E+01  2.9164E+00  6.6835E-01  6.2567E-01  3.2420E+00  2.8470E+00  3.9503E-01  6.3682E-01
  3.0000E+00  2.0000E+00  0.0000E+00  1.9630E+00  0.0000E+00  0.0000E+00  8.1461E+00  2.4634E+01  2.0953E+00 -3.4640E-01 -2.9067E-01  1.9630E+00  1.9588E+00  4.2403E-03 -2.7758E-01
  3.0000E+00  4.0000E+00  0.0000E+00  9.9100E-01  0.0000E+00  0.0000E+00  8.1461E+00  2.4634E+01  1.0815E+00 -3.3218E-01 -1.8639E-01  9.9100E-01  9.2721E-01  6.3788E-02 -1.4188E-01
  3.0000E+00  6.0000E+00  0.0000E+00  4.8800E-01  0.0000E+00  0.0000E+00  8.1461E+00  2.4634E+01  5.5819E-01 -2.9908E-01 -1.5386E-01  4.8800E-01  4.3891E-01  4.9089E-02 -9.9828E-02
  3.0000E+00  8.0000E+00  0.0000E+00  5.0300E-01  0.0000E+00  0.0000E+00  8.1461E+00  2.4634E+01  2.8811E-01  9.6113E-01  1.0732E+00  5.0300E-01  2.0777E-01  2.9523E-01  1.1284E+00
  3.0000E+00  1.2000E+01  0.0000E+00  4.4000E-01  0.0000E+00  0.0000E+00  8.1461E+00  2.4634E+01  7.6753E-02  1.6532E+00  1.7027E+00  4.4000E-01  4.6555E-02  3.9344E-01  1.7240E+00
  3.0000E+00  2.4000E+01  0.0000E+00  1.9000E-01  0.0000E+00  0.0000E+00  8.1461E+00  2.4634E+01  1.4512E-03  8.5931E-01  8.6135E-01  1.9000E-01  5.2379E-04  1.8948E-01  8.6203E-01
  3.0000E+00  3.6000E+01  0.0000E+00  1.4400E-01  0.0000E+00  0.0000E+00  8.1461E+00  2.4634E+01  2.7438E-05  6.5615E-01  6.5621E-01  1.4400E-01  5.8931E-06  1.4399E-01  6.5623E-01
  3.0000E+00  4.8000E+01  0.0000E+00  6.9000E-02  0.0000E+00  0.0000E+00  8.1461E+00  2.4634E+01  5.1877E-07  3.1446E-01  3.1447E-01  6.9000E-02  6.6303E-08  6.9000E-02  3.1447E-01
  4.0000E+00  0.0000E+00  1.0000E+02  0.0000E+00  1.0000E+00  1.0000E+00  7.1088E+00  2.4812E+01  4.0303E+00 -6.2992E+00  0.0000E+00  0.0000E+00  4.1379E+00  0.0000E+00  0.0000E+00
  4.0000E+00  2.5000E-01  0.0000E+00  4.5220E+00  0.0000E+00  0.0000E+00  7.1088E+00  2.4812E+01  3.7517E+00  1.2818E+00  1.0794E+00  4.5220E+00  3.7686E+00  7.5337E-01  9.7424E-01
  4.0000E+00  5.0000E-01  0.0000E+00  4.0220E+00  0.0000E+00  0.0000E+00  7.1088E+00  2.4812E+01  3.4924E+00  9.3717E-01  8.1958E-01  4.0220E+00  3.4323E+00  5.8972E-01  7.7898E-01
  4.0000E+00  1.0000E+00  0.0000E+00  2.8150E+00  0.0000E+00  0.0000E+00  7.1088E+00  2.4812E+01  3.0263E+00 -4.2102E-01 -3.8315E-01  2.8150E+00  2.8470E+00 -3.1966E-02 -3.5996E-01
  4.0000E+00  2.0000E+00  0.0000E+00  1.5560E+00  0.0000E+00  0.0000E+00  7.1088E+00  2.4812E+01  2.2724E+00 -1.7745E+00 -1.4867E+00  1.5560E+00  1.9588E+00 -4.0276E-01 -1.4474E+00
  4.0000E+00  4.0000E+00  0.0000E+00  8.8200E-01  0.0000E+00  0.0000E+00  7.1088E+00  2.4812E+01  1.2812E+00 -1.3722E+00 -8.2974E-01  8.8200E-01  9.2721E-01 -4.5212E-02 -5.8362E-01
  4.0000E+00  6.0000E+00  0.0000E+00  8.8600E-01  0.0000E+00  0.0000E+00  7.1088E+00  2.4812E+01  7.2239E-01  6.6932E-01  1.2179E+00  8.8600E-01  4.3891E-01  4.4709E-01  1.6274E+00
  4.0000E+00  8.0000E+00  0.0000E+00  6.9400E-01  0.0000E+00  0.0000E+00  7.1088E+00  2.4812E+01  4.0731E-01  1.2593E+00  1.7048E+00  6.9400E-01  2.0777E-01  4.8623E-01  1.9897E+00
  4.0000E+00  1.2000E+01  0.0000E+00  6.9400E-01  0.0000E+00  0.0000E+00  7.1088E+00  2.4812E+01  1.2948E-01  2.5629E+00  2.7878E+00  6.9400E-01  4.6555E-02  6.4744E-01  2.8830E+00
  4.0000E+00  2.4000E+01  0.0000E+00  3.7600E-01  0.0000E+00  0.0000E+00  7.1088E+00  2.4812E+01  4.1600E-03  1.6947E+00  1.7097E+00  3.7600E-01  5.2379E-04  3.7548E-01  1.7098E+00
  4.0000E+00  3.6000E+01  0.0000E+00  1.4600E-01  0.0000E+00  0.0000E+00  7.1088E+00  2.4812E+01  1.3365E-04  6.6478E-01  6.6552E-01  1.4600E-01  5.8931E-06  1.4599E-01  6.6534E-01
  4.0000E+00  4.8000E+01  0.0000E+00  1.2400E-01  0.0000E+00  0.0000E+00  7.1088E+00  2.4812E+01  4.2938E-06  5.6511E-01  5.6514E-01  1.2400E-01  6.6303E-08  1.2400E-01  5.6513E-01
  5.0000E+00  0.0000E+00  1.0000E+02  0.0000E+00  1.0000E+00  1.0000E+00  6.9655E+00  2.0625E+01  4.8486E+00 -6.4169E+00  0.0000E+00  0.0000E+00  4.1379E+00  0.0000E+00  0.0000E+00
  5.0000E+00  2.5000E-01  0.0000E+00  5.8460E+00  0.0000E+00  0.0000E+00  6.9655E+00  2.0625E+01  4.4560E+00  1.9863E+00  2.2264E+00  5.8460E+00  3.7686E+00  2.0774E+00  2.5009E+00
  5.0000E+00  5.0000E-01  0.0000E+00  3.9010E+00  0.0000E+00  0.0000E+00  6.9655E+00  2.0625E+01  4.0952E+00 -2.9928E-01 -2.9631E-02  3.9010E+00  3.4323E+00  4.6872E-01 -6.8311E-02
  5.0000E+00  1.0000E+00  0.0000E+00  3.0060E+00  0.0000E+00  0.0000E+00  6.9655E+00  2.0625E+01  3.4589E+00 -8.0799E-01 -4.8706E-01  3.0060E+00  2.8470E+00  1.5903E-01 -5.8125E-01
  5.0000E+00  2.0000E+00  0.0000E+00  2.4250E+00  0.0000E+00  0.0000E+00  6.9655E+00  2.0625E+01  2.4675E+00 -9.9315E-02  2.8868E-01  2.4250E+00  1.9588E+00  4.6624E-01  3.6426E-01
  5.0000E+00  4.0000E+00  0.0000E+00  1.1270E+00  0.0000E+00  0.0000E+00  6.9655E+00  2.0625E+01  1.2558E+00 -4.4648E-01 -5.8649E-02  1.1270E+00  9.2721E-01  1.9979E-01  4.0267E-02
  5.0000E+00  6.0000E+00  0.0000E+00  7.1700E-01  0.0000E+00  0.0000E+00  6.9655E+00  2.0625E+01  6.3911E-01  3.2561E-01  6.1981E-01  7.1700E-01  4.3891E-01  2.7809E-01  7.6196E-01
  5.0000E+00  8.0000E+00  0.0000E+00  5.7200E-01  0.0000E+00  0.0000E+00  6.9655E+00  2.0625E+01  3.2526E-01  1.0980E+00  1.2948E+00  5.7200E-01  2.0777E-01  3.6423E-01  1.3979E+00
  5.0000E+00  1.2000E+01  0.0000E+00  4.3800E-01  0.0000E+00  0.0000E+00  6.9655E+00  2.0625E+01  8.4243E-02  1.6096E+00  1.6843E+00  4.3800E-01  4.6555E-02  3.9144E-01  1.7174E+00
  5.0000E+00  2.4000E+01  0.0000E+00  2.1700E-01  0.0000E+00  0.0000E+00  6.9655E+00  2.0625E+01  1.4637E-03  9.8230E-01  9.8483E-01  2.1700E-01  5.2379E-04  2.1648E-01  9.8551E-01
  5.0000E+00  3.6000E+01  0.0000E+00  1.4100E-01  0.0000E+00  0.0000E+00  6.9655E+00  2.0625E+01  2.5432E-05  6.4249E-01  6.4256E-01  1.4100E-01  5.8931E-06  1.4099E-01  6.4256E-01
  5.0000E+00  4.8000E+01  0.0000E+00  1.1600E-01  0.0000E+00  0.0000E+00  6.9655E+00  2.0625E+01  4.4187E-07  5.2867E-01  5.2867E-01  1.1600E-01  6.6303E-08  1.1600E-01  5.2867E-01
  6.0000E+00  0.0000E+00  1.0000E+02  0.0000E+00  1.0000E+00  1.0000E+00  1.0301E+01  3.5938E+01  2.7826E+00 -5.9281E+00  0.0000E+00  0.0000E+00  4.1379E+00  0.0000E+00  0.0000E+00
  6.0000E+00  2.5000E-01  0.0000E+00  2.6620E+00  0.0000E+00  0.0000E+00  1.0301E+01  3.5938E+01  2.5902E+00  1.6169E-01 -6.4126E-01  2.6620E+00  3.7686E+00 -1.1066E+00 -6.2138E-01
  6.0000E+00  5.0000E-01  0.0000E+00  2.0160E+00  0.0000E+00  0.0000E+00  1.0301E+01  3.5938E+01  2.4111E+00 -9.3793E-01 -1.6585E+00  2.0160E+00  3.4323E+00 -1.4163E+00 -1.3592E+00
  6.0000E+00  1.0000E+00  0.0000E+00  2.2620E+00  0.0000E+00  0.0000E+00  1.0301E+01  3.5938E+01  2.0891E+00  4.5362E-01 -1.1739E-01  2.2620E+00  2.8470E+00 -5.8497E-01 -1.4825E-01
  6.0000E+00  2.0000E+00  0.0000E+00  1.1560E+00  0.0000E+00  0.0000E+00  1.0301E+01  3.5938E+01  1.5685E+00 -1.2863E+00 -1.6159E+00  1.1560E+00  1.9588E+00 -8.0276E-01 -1.3607E+00
  6.0000E+00  4.0000E+00  0.0000E+00  7.0300E-01  0.0000E+00  0.0000E+00  1.0301E+01  3.5938E+01  8.8416E-01 -7.0768E-01 -7.5110E-01  7.0300E-01  9.2721E-01 -2.2421E-01 -5.8493E-01
  6.0000E+00  6.0000E+00  0.0000E+00  5.8000E-01  0.0000E+00  0.0000E+00  1.0301E+01  3.5938E+01  4.9839E-01  3.5228E-01  4.1888E-01  5.8000E-01  4.3891E-01  1.4109E-01  5.9136E-01
  6.0000E+00  8.0000E+00  0.0000E+00  4.1200E-01  0.0000E+00  0.0000E+00  1.0301E+01  3.5938E+01  2.8094E-01  5.8672E-01  6.7695E-01  4.1200E-01  2.0777E-01  2.0423E-01  8.2403E-01
  6.0000E+00  1.2000E+01  0.0000E+00  3.9600E-01  0.0000E+00  0.0000E+00  1.0301E+01  3.5938E+01  8.9267E-02  1.3954E+00  1.4575E+00  3.9600E-01  4.6555E-02  3.4944E-01  1.5310E+00
  6.0000E+00  2.4000E+01  0.0000E+00  1.8700E-01  0.0000E+00  0.0000E+00  1.0301E+01  3.5938E+01  2.8637E-03  8.3920E-01  8.4439E-01  1.8700E-01  5.2379E-04  1.8648E-01  8.4787E-01
  6.0000E+00  3.6000E+01  0.0000E+00  1.2500E-01  0.0000E+00  0.0000E+00  1.0301E+01  3.5938E+01  9.1869E-05  5.6927E-01  5.6954E-01  1.2500E-01  5.8931E-06  1.2499E-01  5.6962E-01
  6.0000E+00  4.8000E+01  0.0000E+00  6.1000E-02  0.0000E+00  0.0000E+00  1.0301E+01  3.5938E+01  2.9472E-06  2.7799E-01  2.7801E-01  6.1000E-02  6.6303E-08  6.1000E-02  2.7801E-01
  7.0000E+00  0.0000E+00  1.0000E+02  0.0000E+00  1.0000E+00  1.0000E+00  9.7517E+00  2.1910E+01  4.5642E+00 -6.3824E+00  0.0000E+00  0.0000E+00  4.1379E+00  0.0000E+00  0.0000E+00
  7.0000E+00  2.5000E-01  0.0000E+00  4.3810E+00  0.0000E+00  0.0000E+00  9.7517E+00  2.1910E+01  4.0835E+00  4.5956E-01  5.5020E-01  4.3810E+00  3.7686E+00  6.1237E-01  6.0736E-01
  7.0000E+00  5.0000E-01  0.0000E+00  3.6800E+00  0.0000E+00  0.0000E+00  9.7517E+00  2.1910E+01  3.6535E+00  4.5067E-02  7.6153E-02  3.6800E+00  3.4323E+00  2.4772E-01  9.8782E-02
  7.0000E+00  1.0000E+00  0.0000E+00  3.1710E+00  0.0000E+00  0.0000E+00  9.7517E+00  2.1910E+01  2.9246E+00  5.0473E-01  4.4009E-01  3.1710E+00  2.8470E+00  3.2403E-01  4.4519E-01
  7.0000E+00  2.0000E+00  0.0000E+00  1.7820E+00  0.0000E+00  0.0000E+00  9.7517E+00  2.1910E+01  1.8740E+00 -2.5891E-01 -4.3259E-01  1.7820E+00  1.9588E+00 -1.7676E-01 -4.6545E-01
  7.0000E+00  4.0000E+00  0.0000E+00  6.2800E-01  0.0000E+00  0.0000E+00  9.7517E+00  2.1910E+01  7.6944E-01 -5.7122E-01 -7.5695E-01  6.2800E-01  9.2721E-01 -2.9921E-01 -8.0121E-01
  7.0000E+00  6.0000E+00  0.0000E+00  3.4900E-01  0.0000E+00  0.0000E+00  9.7517E+00  2.1910E+01  3.1592E-01  1.4739E-01  2.8272E-02  3.4900E-01  4.3891E-01 -8.9911E-02 -1.9429E-02
  7.0000E+00  8.0000E+00  0.0000E+00  3.2100E-01  0.0000E+00  0.0000E+00  9.7517E+00  2.1910E+01  1.2971E-01  8.6842E-01  8.0284E-01  3.2100E-01  2.0777E-01  1.1323E-01  7.8414E-01
  7.0000E+00  1.2000E+01  0.0000E+00  3.0200E-01  0.0000E+00  0.0000E+00  9.7517E+00  2.1910E+01  2.1868E-02  1.2766E+00  1.2600E+00  3.0200E-01  4.6555E-02  2.5544E-01  1.2661E+00
  7.0000E+00  2.4000E+01  0.0000E+00  1.7100E-01  0.0000E+00  0.0000E+00  9.7517E+00  2.1910E+01  1.0477E-04  7.7885E-01  7.7869E-01  1.7100E-01  5.2379E-04  1.7048E-01  7.7947E-01
  7.0000E+00  3.6000E+01  0.0000E+00  1.0200E-01  0.0000E+00  0.0000E+00  9.7517E+00  2.1910E+01  5.0197E-07  4.6486E-01  4.6486E-01  1.0200E-01  5.8931E-06  1.0199E-01  4.6488E-01
  7.0000E+00  4.8000E+01  0.0000E+00  5.3000E-02  0.0000E+00  0.0000E+00  9.7517E+00  2.1910E+01  2.4050E-09  2.4155E-01  2.4155E-01  5.3000E-02  6.6303E-08  5.3000E-02  2.4155E-01
  8.0000E+00  0.0000E+00  1.0000E+02  0.0000E+00  1.0000E+00  1.0000E+00  6.2828E+00  1.9099E+01  5.2358E+00 -6.4558E+00  0.0000E+00  0.0000E+00  4.1379E+00  0.0000E+00  0.0000E+00
  8.0000E+00  2.5000E-01  0.0000E+00  5.8660E+00  0.0000E+00  0.0000E+00  6.2828E+00  1.9099E+01  4.8224E+00  1.3880E+00  1.7856E+00  5.8660E+00  3.7686E+00  2.0974E+00  2.1243E+00
  8.0000E+00  5.0000E-01  0.0000E+00  3.9260E+00  0.0000E+00  0.0000E+00  6.2828E+00  1.9099E+01  4.4417E+00 -7.3910E-01 -3.1881E-01  3.9260E+00  3.4323E+00  4.9372E-01 -4.5966E-01
  8.0000E+00  1.0000E+00  0.0000E+00  4.2230E+00  0.0000E+00  0.0000E+00  6.2828E+00  1.9099E+01  3.7681E+00  7.5416E-01  1.2126E+00  4.2230E+00  2.8470E+00  1.3760E+00  1.4609E+00
  8.0000E+00  2.0000E+00  0.0000E+00  3.0140E+00  0.0000E+00  0.0000E+00  6.2828E+00  1.9099E+01  2.7118E+00  6.5687E-01  1.1618E+00  3.0140E+00  1.9588E+00  1.0552E+00  1.4297E+00
  8.0000E+00  4.0000E+00  0.0000E+00  1.0200E+00  0.0000E+00  0.0000E+00  6.2828E+00  1.9099E+01  1.4045E+00 -1.2676E+00 -7.8198E-01  1.0200E+00  9.2721E-01  9.2788E-02 -8.3410E-01
  8.0000E+00  6.0000E+00  0.0000E+00  7.4900E-01  0.0000E+00  0.0000E+00  6.2828E+00  1.9099E+01  7.2745E-01  8.8060E-02  4.6499E-01  7.4900E-01  4.3891E-01  3.1009E-01  6.0287E-01
  8.0000E+00  8.0000E+00  0.0000E+00  6.3400E-01  0.0000E+00  0.0000E+00  6.2828E+00  1.9099E+01  3.7677E-01  1.1357E+00  1.3939E+00  6.3400E-01  2.0777E-01  4.2623E-01  1.5094E+00
  8.0000E+00  1.2000E+01  0.0000E+00  4.9500E-01  0.0000E+00  0.0000E+00  6.2828E+00  1.9099E+01  1.0107E-01  1.7911E+00  1.8929E+00  4.9500E-01  4.6555E-02  4.4844E-01  1.9292E+00
  8.0000E+00  2.4000E+01  0.0000E+00  2.8300E-01  0.0000E+00  0.0000E+00  6.2828E+00  1.9099E+01  1.9510E-03  1.2809E+00  1.2847E+00  2.8300E-01  5.2379E-04  2.8248E-01  1.2854E+00
  8.0000E+00  3.6000E+01  0.0000E+00  2.1100E-01  0.0000E+00  0.0000E+00  6.2828E+00  1.9099E+01  3.7661E-05  9.6146E-01  9.6157E-01  2.1100E-01  5.8931E-06  2.1099E-01  9.6157E-01
  8.0000E+00  4.8000E+01  0.0000E+00  1.8700E-01  0.0000E+00  0.0000E+00  6.2828E+00  1.9099E+01  7.2698E-07  8.5225E-01  8.5225E-01  1.8700E-01  6.6303E-08  1.8700E-01  8.5225E-01
  9.0000E+00  0.0000E+00  1.0000E+02  0.0000E+00  1.0000E+00  1.0000E+00  1.1904E+01  2.3739E+01  4.2124E+00 -6.3307E+00  0.0000E+00  0.0000E+00  4.1379E+00  0.0000E+00  0.0000E+00
  9.0000E+00  2.5000E-01  0.0000E+00  4.5130E+00  0.0000E+00  0.0000E+00  1.1904E+01  2.3739E+01  3.7161E+00  1.3371E+00  1.2042E+00  4.5130E+00  3.7686E+00  7.4437E-01  1.3166E+00
  9.0000E+00  5.0000E-01  0.0000E+00  3.0460E+00  0.0000E+00  0.0000E+00  1.1904E+01  2.3739E+01  3.2782E+00 -4.3342E-01 -6.2589E-01  3.0460E+00  3.4323E+00 -3.8628E-01 -5.0707E-01
  9.0000E+00  1.0000E+00  0.0000E+00  2.4140E+00  0.0000E+00  0.0000E+00  1.1904E+01  2.3739E+01  2.5513E+00 -3.1253E-01 -5.8021E-01  2.4140E+00  2.8470E+00 -4.3297E-01 -5.6533E-01
  9.0000E+00  2.0000E+00  0.0000E+00  9.3800E-01  0.0000E+00  0.0000E+00  1.1904E+01  2.3739E+01  1.5452E+00 -1.9083E+00 -2.2016E+00  9.3800E-01  1.9588E+00 -1.0208E+00 -2.1622E+00
  9.0000E+00  4.0000E+00  0.0000E+00  5.4600E-01  0.0000E+00  0.0000E+00  1.1904E+01  2.3739E+01  5.6680E-01 -8.8478E-02 -2.7184E-01  5.4600E-01  9.2721E-01 -3.8121E-01 -6.3405E-01
  9.0000E+00  6.0000E+00  0.0000E+00  4.8700E-01  0.0000E+00  0.0000E+00  1.1904E+01  2.3739E+01  2.0791E-01  1.2594E+00  1.1661E+00  4.8700E-01  4.3891E-01  4.8089E-02  8.7376E-01
  9.0000E+00  8.0000E+00  0.0000E+00  3.6300E-01  0.0000E+00  0.0000E+00  1.1904E+01  2.3739E+01  7.6267E-02  1.3050E+00  1.2610E+00  3.6300E-01  2.0777E-01  1.5523E-01  1.1304E+00
  9.0000E+00  1.2000E+01  0.0000E+00  3.7000E-01  0.0000E+00  0.0000E+00  1.1904E+01  2.3739E+01  1.0262E-02  1.6395E+00  1.6309E+00  3.7000E-01  4.6555E-02  3.2344E-01  1.6176E+00
  9.0000E+00  2.4000E+01  0.0000E+00  2.1900E-01  0.0000E+00  0.0000E+00  1.1904E+01  2.3739E+01  2.5001E-05  9.9798E-01  9.9794E-01  2.1900E-01  5.2379E-04  2.1848E-01  9.9891E-01
  9.0000E+00  3.6000E+01  0.0000E+00  1.2900E-01  0.0000E+00  0.0000E+00  1.1904E+01  2.3739E+01  6.0907E-08  5.8792E-01  5.8792E-01  1.2900E-01  5.8931E-06  1.2899E-01  5.8794E-01
  9.0000E+00  4.8000E+01  0.0000E+00  1.0700E-01  0.0000E+00  0.0000E+00  1.1904E+01  2.3739E+01  1.4838E-10  4.8765E-01  4.8765E-01  1.0700E-01  6.6303E-08  1.0700E-01  4.8765E-01
  1.0000E+01  0.0000E+00  1.0000E+02  0.0000E+00  1.0000E+00  1.0000E+00  1.5343E+01  2.5286E+01  3.9547E+00 -6.2849E+00  0.0000E+00  0.0000E+00  4.1379E+00  0.0000E+00  0.0000E+00
  1.0000E+01  2.5000E-01  0.0000E+00  3.8660E+00  0.0000E+00  0.0000E+00  1.5343E+01  2.5286E+01  3.3981E+00  8.4732E-01  5.3375E-01  3.8660E+00  3.7686E+00  9.7374E-02  7.2303E-01
  1.0000E+01  5.0000E-01  0.0000E+00  2.8410E+00  0.0000E+00  0.0000E+00  1.5343E+01  2.5286E+01  2.9198E+00 -1.6166E-01 -6.1355E-01  2.8410E+00  3.4323E+00 -5.9128E-01 -3.8849E-01
  1.0000E+01  1.0000E+00  0.0000E+00  1.6330E+00  0.0000E+00  0.0000E+00  1.5343E+01  2.5286E+01  2.1557E+00 -1.3430E+00 -1.9680E+00  1.6330E+00  2.8470E+00 -1.2140E+00 -1.6674E+00
  1.0000E+01  2.0000E+00  0.0000E+00  7.8600E-01  0.0000E+00  0.0000E+00  1.5343E+01  2.5286E+01  1.1751E+00 -1.3856E+00 -2.0601E+00  7.8600E-01  1.9588E+00 -1.1728E+00 -2.0123E+00
  1.0000E+01  4.0000E+00  0.0000E+00  4.5100E-01  0.0000E+00  0.0000E+00  1.5343E+01  2.5286E+01  3.4916E-01  4.5159E-01  6.1561E-02  4.5100E-01  9.2721E-01 -4.7621E-01 -4.8662E-01
  1.0000E+01  6.0000E+00  0.0000E+00  2.6000E-01  0.0000E+00  0.0000E+00  1.5343E+01  2.5286E+01  1.0375E-01  7.1035E-01  5.4009E-01  2.6000E-01  4.3891E-01 -1.7891E-01  2.2759E-01
  1.0000E+01  8.0000E+00  0.0000E+00  2.4000E-01  0.0000E+00  0.0000E+00  1.5343E+01  2.5286E+01  3.0827E-02  9.5309E-01  8.8642E-01  2.4000E-01  2.0777E-01  3.2234E-02  7.7453E-01
  1.0000E+01  1.2000E+01  0.0000E+00  1.5100E-01  0.0000E+00  0.0000E+00  1.5343E+01  2.5286E+01  2.7217E-03  6.7578E-01  6.6705E-01  1.5100E-01  4.6555E-02  1.0444E-01  6.7841E-01
  1.0000E+01  2.4000E+01  0.0000E+00  5.5000E-02  0.0000E+00  0.0000E+00  1.5343E+01  2.5286E+01  1.8731E-06  2.5065E-01  2.5064E-01  5.5000E-02  5.2379E-04  5.4476E-02  2.5259E-01
  1.0000E+01  3.6000E+01  0.0000E+00  1.2000E-02  0.0000E+00  0.0000E+00  1.5343E+01  2.5286E+01  1.2891E-09  5.4690E-02  5.4690E-02  1.2000E-02  5.8931E-06  1.1994E-02  5.4734E-02
  1.0000E+01  4.8000E+01  0.0000E+00  7.0000E-03  0.0000E+00  0.0000E+00  1.5343E+01  2.5286E+01  8.8720E-13  3.1902E-02  3.1902E-02  7.0000E-03  6.6303E-08  6.9999E-03  3.1903E-02
  1.1000E+01  0.0000E+00  1.0000E+02  0.0000E+00  1.0000E+00  1.0000E+00  9.1774E+00  2.4877E+01  4.0197E+00 -6.2972E+00  0.0000E+00  0.0000E+00  4.1379E+00  0.0000E+00  0.0000E+00
  1.1000E+01  2.5000E-01  0.0000E+00  3.8180E+00  0.0000E+00  0.0000E+00  9.1774E+00  2.4877E+01  3.6656E+00  2.5875E-01  7.6700E-02  3.8180E+00  3.7686E+00  4.9374E-02  7.1778E-02
  1.1000E+01  5.0000E-01  0.0000E+00  3.4830E+00  0.0000E+00  0.0000E+00  9.1774E+00  2.4877E+01  3.3426E+00  2.5771E-01  1.0070E-01  3.4830E+00  3.4323E+00  5.0720E-02  9.6329E-02
  1.1000E+01  1.0000E+00  0.0000E+00  3.1980E+00  0.0000E+00  0.0000E+00  9.1774E+00  2.4877E+01  2.7796E+00  8.9211E-01  7.8456E-01  3.1980E+00  2.8470E+00  3.5103E-01  7.6388E-01
  1.1000E+01  2.0000E+00  0.0000E+00  1.3930E+00  0.0000E+00  0.0000E+00  9.1774E+00  2.4877E+01  1.9221E+00 -1.4657E+00 -1.4840E+00  1.3930E+00  1.9588E+00 -5.6576E-01 -1.4494E+00
  1.1000E+01  4.0000E+00  0.0000E+00  7.1900E-01  0.0000E+00  0.0000E+00  9.1774E+00  2.4877E+01  9.1905E-01 -7.7327E-01 -6.8990E-01  7.1900E-01  9.2721E-01 -2.0821E-01 -6.7931E-01
  1.1000E+01  6.0000E+00  0.0000E+00  5.3000E-01  0.0000E+00  0.0000E+00  9.1774E+00  2.4877E+01  4.3945E-01  3.9543E-01  4.8848E-01  5.3000E-01  4.3891E-01  9.1089E-02  4.8954E-01
  1.1000E+01  8.0000E+00  0.0000E+00  5.2600E-01  0.0000E+00  0.0000E+00  9.1774E+00  2.4877E+01  2.1013E-01  1.4251E+00  1.4947E+00  5.2600E-01  2.0777E-01  3.1823E-01  1.4951E+00
  1.1000E+01  1.2000E+01  0.0000E+00  3.9200E-01  0.0000E+00  0.0000E+00  9.1774E+00  2.4877E+01  4.8042E-02  1.5668E+00  1.5938E+00  3.9200E-01  4.6555E-02  3.4544E-01  1.5934E+00
  1.1000E+01  2.4000E+01  0.0000E+00  2.4200E-01  0.0000E+00  0.0000E+00  9.1774E+00  2.4877E+01  5.7417E-04  1.1003E+00  1.1010E+00  2.4200E-01  5.2379E-04  2.4148E-01  1.1010E+00
  1.1000E+01  3.6000E+01  0.0000E+00  1.5400E-01  0.0000E+00  0.0000E+00  9.1774E+00  2.4877E+01  6.8621E-06  7.0182E-01  7.0184E-01  1.5400E-01  5.8931E-06  1.5399E-01  7.0183E-01
  1.1000E+01  4.8000E+01  0.0000E+00  7.2000E-02  0.0000E+00  0.0000E+00  9.1774E+00  2.4877E+01  8.2013E-08  3.2814E-01  3.2814E-01  7.2000E-02  6.6303E-08  7.2000E-02  3.2814E-01
  1.2000E+01  0.0000E+00  1.0000E+02  0.0000E+00  1.0000E+00  1.0000E+00  9.1907E+00  3.0771E+01  3.2498E+00 -6.1089E+00  0.0000E+00  0.0000E+00  4.1379E+00  0.0000E+00  0.0000E+00
  1.2000E+01  2.5000E-01  0.0000E+00  2.5520E+00  0.0000E+00  0.0000E+00  9.1907E+00  3.0771E+01  3.0160E+00 -9.2712E-01 -1.4304E+00  2.5520E+00  3.7686E+00 -1.2166E+00 -1.2323E+00
  1.2000E+01  5.0000E-01  0.0000E+00  3.0220E+00  0.0000E+00  0.0000E+00  9.1907E+00  3.0771E+01  2.7990E+00  4.7301E-01  2.9601E-02  3.0220E+00  3.4323E+00 -4.1028E-01 -2.4774E-02
  1.2000E+01  1.0000E+00  0.0000E+00  2.5530E+00  0.0000E+00  0.0000E+00  9.1907E+00  3.0771E+01  2.4107E+00  3.3793E-01  1.3538E-03  2.5530E+00  2.8470E+00 -2.9397E-01 -2.5337E-02
  1.2000E+01  2.0000E+00  0.0000E+00  1.6680E+00  0.0000E+00  0.0000E+00  9.1907E+00  3.0771E+01  1.7882E+00 -3.4818E-01 -5.1862E-01  1.6680E+00  1.9588E+00 -2.9076E-01 -4.8001E-01
  1.2000E+01  4.0000E+00  0.0000E+00  8.9700E-01  0.0000E+00  0.0000E+00  9.1907E+00  3.0771E+01  9.8401E-01 -3.2962E-01 -3.1744E-01  8.9700E-01  9.2721E-01 -3.0212E-02 -2.6650E-01
  1.2000E+01  6.0000E+00  0.0000E+00  5.2500E-01  0.0000E+00  0.0000E+00  9.1907E+00  3.0771E+01  5.4147E-01 -7.0426E-02  1.7501E-03  5.2500E-01  4.3891E-01  8.6089E-02  8.6281E-02
  1.2000E+01  8.0000E+00  0.0000E+00  4.4500E-01  0.0000E+00  0.0000E+00  9.1907E+00  3.0771E+01  2.9795E-01  6.5685E-01  7.3394E-01  4.4500E-01  2.0777E-01  2.3723E-01  8.2694E-01
  1.2000E+01  1.2000E+01  0.0000E+00  2.5500E-01  0.0000E+00  0.0000E+00  9.1907E+00  3.0771E+01  9.0217E-02  7.4959E-01  7.9579E-01  2.5500E-01  4.6555E-02  2.0844E-01  8.4866E-01
  1.2000E+01  2.4000E+01  0.0000E+00  1.2600E-01  0.0000E+00  0.0000E+00  9.1907E+00  3.0771E+01  2.5045E-03  5.6283E-01  5.6601E-01  1.2600E-01  5.2379E-04  1.2548E-01  5.6918E-01
  1.2000E+01  3.6000E+01  0.0000E+00  1.1900E-01  0.0000E+00  0.0000E+00  9.1907E+00  3.0771E+01  6.9529E-05  5.4202E-01  5.4217E-01  1.1900E-01  5.8931E-06  1.1899E-01  5.4227E-01
  1.2000E+01  4.8000E+01  0.0000E+00  7.0000E-02  0.0000E+00  0.0000E+00  9.1907E+00  3.0771E+01  1.9302E-06  3.1902E-01  3.1902E-01  7.0000E-02  6.6303E-08  7.0000E-02  3.1902E-01
  1.3000E+01  0.0000E+00  1.0000E+02  0.0000E+00  1.0000E+00  1.0000E+00  5.3418E+00  3.0100E+01  3.3222E+00 -6.1314E+00  0.0000E+00  0.0000E+00  4.1379E+00  0.0000E+00  0.0000E+00
  1.3000E+01  2.5000E-01  0.0000E+00  3.5210E+00  0.0000E+00  0.0000E+00  5.3418E+00  3.0100E+01  3.1781E+00  6.5664E-01  1.1981E-01  3.5210E+00  3.7686E+00 -2.4763E-01  6.6211E-02
  1.3000E+01  5.0000E-01  0.0000E+00  3.4590E+00  0.0000E+00  0.0000E+00  5.3418E+00  3.0100E+01  3.0401E+00  8.3161E-01  4.0039E-01  3.4590E+00  3.4323E+00  2.6720E-02  3.6459E-01
  1.3000E+01  1.0000E+00  0.0000E+00  2.6260E+00  0.0000E+00  0.0000E+00  5.3418E+00  3.0100E+01  2.7820E+00 -3.3241E-01 -5.6740E-01  2.6260E+00  2.8470E+00 -2.2097E-01 -4.7786E-01
  1.3000E+01  2.0000E+00  0.0000E+00  1.8700E+00  0.0000E+00  0.0000E+00  5.3418E+00  3.0100E+01  2.3296E+00 -1.1186E+00 -1.0197E+00  1.8700E+00  1.9588E+00 -8.8760E-02 -9.6872E-01
  1.3000E+01  4.0000E+00  0.0000E+00  1.3940E+00  0.0000E+00  0.0000E+00  5.3418E+00  3.0100E+01  1.6336E+00 -7.3074E-01 -1.8002E-01  1.3940E+00  9.2721E-01  4.6679E-01  1.6525E-01
  1.3000E+01  6.0000E+00  0.0000E+00  1.4020E+00  0.0000E+00  0.0000E+00  5.3418E+00  3.0100E+01  1.1455E+00  9.2244E-01  1.6879E+00  1.4020E+00  4.3891E-01  9.6309E-01  2.6876E+00
  1.3000E+01  8.0000E+00  0.0000E+00  8.0600E-01  0.0000E+00  0.0000E+00  5.3418E+00  3.0100E+01  8.0324E-01  1.1024E-02  8.2700E-01  8.0600E-01  2.0777E-01  5.9823E-01  1.6536E+00
  1.3000E+01  1.2000E+01  0.0000E+00  7.7000E-01  0.0000E+00  0.0000E+00  5.3418E+00  3.0100E+01  3.9496E-01  1.6508E+00  2.3286E+00  7.7000E-01  4.6555E-02  7.2344E-01  2.9233E+00
  1.3000E+01  2.4000E+01  0.0000E+00  4.2800E-01  0.0000E+00  0.0000E+00  5.3418E+00  3.0100E+01  4.6955E-02  1.7357E+00  1.9126E+00  4.2800E-01  5.2379E-04  4.2748E-01  1.9395E+00
  1.3000E+01  3.6000E+01  0.0000E+00  2.3600E-01  0.0000E+00  0.0000E+00  5.3418E+00  3.0100E+01  5.5822E-03  1.0501E+00  1.0825E+00  2.3600E-01  5.8931E-06  2.3599E-01  1.0754E+00
  1.3000E+01  4.8000E+01  0.0000E+00  1.0200E-01  0.0000E+00  0.0000E+00  5.3418E+00  3.0100E+01  6.6364E-04  4.6184E-01  4.6704E-01  1.0200E-01  6.6303E-08  1.0200E-01  4.6486E-01
  1.4000E+01  0.0000E+00  1.0000E+02  0.0000E+00  1.0000E+00  1.0000E+00  9.3203E+00  2.5045E+01  3.9927E+00 -6.2922E+00  0.0000E+00  0.0000E+00  4.1379E+00  0.0000E+00  0.0000E+00
  1.4000E+01  2.5000E-01  0.0000E+00  3.7250E+00  0.0000E+00  0.0000E+00  9.3203E+00  2.5045E+01  3.6380E+00  1.4861E-01 -4.3914E-02  3.7250E+00  3.7686E+00 -4.3626E-02 -4.2121E-02
  1.4000E+01  5.0000E-01  0.0000E+00  3.7660E+00  0.0000E+00  0.0000E+00  9.3203E+00  2.5045E+01  3.3148E+00  8.3420E-01  6.5850E-01  3.7660E+00  3.4323E+00  3.3372E-01  6.3165E-01
  1.4000E+01  1.0000E+00  0.0000E+00  2.5970E+00  0.0000E+00  0.0000E+00  9.3203E+00  2.5045E+01  2.7520E+00 -3.3316E-01 -4.7533E-01  2.5970E+00  2.8470E+00 -2.4997E-01 -4.5865E-01
  1.4000E+01  2.0000E+00  0.0000E+00  1.7780E+00  0.0000E+00  0.0000E+00  9.3203E+00  2.5045E+01  1.8969E+00 -3.3206E-01 -4.1227E-01  1.7780E+00  1.9588E+00 -1.8076E-01 -4.0113E-01
  1.4000E+01  4.0000E+00  0.0000E+00  7.1400E-01  0.0000E+00  0.0000E+00  9.3203E+00  2.5045E+01  9.0117E-01 -7.2744E-01 -7.2662E-01  7.1400E-01  9.2721E-01 -2.1321E-01 -7.1919E-01
  1.4000E+01  6.0000E+00  0.0000E+00  4.2300E-01  0.0000E+00  0.0000E+00  9.3203E+00  2.5045E+01  4.2813E-01 -2.2452E-02  3.5554E-03  4.2300E-01  4.3891E-01 -1.5911E-02 -6.6179E-04
  1.4000E+01  8.0000E+00  0.0000E+00  5.1000E-01  0.0000E+00  0.0000E+00  9.3203E+00  2.5045E+01  2.0340E-01  1.3842E+00  1.4093E+00  5.1000E-01  2.0777E-01  3.0223E-01  1.4053E+00
  1.4000E+01  1.2000E+01  0.0000E+00  4.6200E-01  0.0000E+00  0.0000E+00  9.3203E+00  2.5045E+01  4.5907E-02  1.8954E+00  1.9068E+00  4.6200E-01  4.6555E-02  4.1544E-01  1.9055E+00
  1.4000E+01  2.4000E+01  0.0000E+00  2.6700E-01  0.0000E+00  0.0000E+00  9.3203E+00  2.5045E+01  5.2783E-04  1.2144E+00  1.2148E+00  2.6700E-01  5.2379E-04  2.6648E-01  1.2147E+00
  1.4000E+01  3.6000E+01  0.0000E+00  1.4300E-01  0.0000E+00  0.0000E+00  9.3203E+00  2.5045E+01  6.0688E-06  6.5169E-01  6.5170E-01  1.4300E-01  5.8931E-06  1.4299E-01  6.5170E-01
  1.4000E+01  4.8000E+01  0.0000E+00  8.9000E-02  0.0000E+00  0.0000E+00  9.3203E+00  2.5045E+01  6.9778E-08  4.0562E-01  4.0562E-01  8.9000E-02  6.6303E-08  8.9000E-02  4.0562E-01
  1.5000E+01  0.0000E+00  1.0000E+02  0.0000E+00  1.0000E+00  1.0000E+00  7.7448E+00  2.9033E+01  3.4444E+00 -6.1667E+00  0.0000E+00  0.0000E+00  4.1379E+00  0.0000E+00  0.0000E+00
  1.5000E+01  2.5000E-01  0.0000E+00  3.6890E+00  0.0000E+00  0.0000E+00  7.7448E+00  2.9033E+01  3.2222E+00  8.8376E-01  4.3605E-01  3.6890E+00  3.7686E+00 -7.9626E-02  2.8307E-01
  1.5000E+01  5.0000E-01  0.0000E+00  3.4700E+00  0.0000E+00  0.0000E+00  7.7448E+00  2.9033E+01  3.0143E+00  9.1105E-01  5.5160E-01  3.4700E+00  3.4323E+00  3.7720E-02  4.3888E-01
  1.5000E+01  1.0000E+00  0.0000E+00  2.1400E+00  0.0000E+00  0.0000E+00  7.7448E+00  2.9033E+01  2.6379E+00 -1.1054E+00 -1.3047E+00  2.1400E+00  2.8470E+00 -7.0697E-01 -1.1925E+00
  1.5000E+01  2.0000E+00  0.0000E+00  1.4630E+00  0.0000E+00  0.0000E+00  7.7448E+00  2.9033E+01  2.0203E+00 -1.4952E+00 -1.4390E+00  1.4630E+00  1.9588E+00 -4.9576E-01 -1.3087E+00
  1.5000E+01  4.0000E+00  0.0000E+00  1.0580E+00  0.0000E+00  0.0000E+00  7.7448E+00  2.9033E+01  1.1850E+00 -4.5063E-01 -1.1784E-01  1.0580E+00  9.2721E-01  1.3079E-01  1.5283E-01
  1.5000E+01  6.0000E+00  0.0000E+00  7.4800E-01  0.0000E+00  0.0000E+00  7.7448E+00  2.9033E+01  6.9502E-01  2.1833E-01  6.0790E-01  7.4800E-01  4.3891E-01  3.0909E-01  9.4191E-01
  1.5000E+01  8.0000E+00  0.0000E+00  6.2800E-01  0.0000E+00  0.0000E+00  7.7448E+00  2.9033E+01  4.0765E-01  9.6777E-01  1.3110E+00  6.2800E-01  2.0777E-01  4.2023E-01  1.5923E+00
  1.5000E+01  1.2000E+01  0.0000E+00  5.9300E-01  0.0000E+00  0.0000E+00  7.7448E+00  2.9033E+01  1.4024E-01  2.0541E+00  2.2495E+00  5.9300E-01  4.6555E-02  5.4644E-01  2.3739E+00
  1.5000E+01  2.4000E+01  0.0000E+00  3.0800E-01  0.0000E+00  0.0000E+00  7.7448E+00  2.9033E+01  5.7102E-03  1.3777E+00  1.3949E+00  3.0800E-01  5.2379E-04  3.0748E-01  1.3985E+00
  1.5000E+01  3.6000E+01  0.0000E+00  1.2700E-01  0.0000E+00  0.0000E+00  7.7448E+00  2.9033E+01  2.3250E-04  5.7774E-01  5.7882E-01  1.2700E-01  5.8931E-06  1.2699E-01  5.7872E-01
  1.5000E+01  4.8000E+01  0.0000E+00  8.9000E-02  0.0000E+00  0.0000E+00  7.7448E+00  2.9033E+01  9.4665E-06  4.0557E-01  4.0563E-01  8.9000E-02  6.6303E-08  8.9000E-02  4.0562E-01
  1.6000E+01  0.0000E+00  1.0000E+02  0.0000E+00  1.0000E+00  1.0000E+00  6.6616E+00  1.4582E+01  6.8580E+00 -6.5566E+00  0.0000E+00  0.0000E+00  4.1379E+00  0.0000E+00  0.0000E+00
  1.6000E+01  2.5000E-01  0.0000E+00  6.8230E+00  0.0000E+00  0.0000E+00  6.6616E+00  1.4582E+01  6.1178E+00  7.5157E-01  1.6945E+00  6.8230E+00  3.7686E+00  3.0544E+00  2.2478E+00
  1.6000E+01  5.0000E-01  0.0000E+00  6.9490E+00  0.0000E+00  0.0000E+00  6.6616E+00  1.4582E+01  5.4575E+00  1.7695E+00  2.6112E+00  6.9490E+00  3.4323E+00  3.5167E+00  3.6012E+00
  1.6000E+01  1.0000E+00  0.0000E+00  4.5060E+00  0.0000E+00  0.0000E+00  6.6616E+00  1.4582E+01  4.3430E+00  2.3839E-01  9.0933E-01  4.5060E+00  2.8470E+00  1.6590E+00  1.0556E+00
  1.6000E+01  2.0000E+00  0.0000E+00  2.4740E+00  0.0000E+00  0.0000E+00  6.6616E+00  1.4582E+01  2.7503E+00 -5.9403E-01 -1.6195E-01  2.4740E+00  1.9588E+00  5.1524E-01 -3.5292E-01
  1.6000E+01  4.0000E+00  0.0000E+00  9.4600E-01  0.0000E+00  0.0000E+00  6.6616E+00  1.4582E+01  1.1030E+00 -5.7244E-01 -3.8763E-01  9.4600E-01  9.2721E-01  1.8788E-02 -4.3117E-01
  1.6000E+01  6.0000E+00  0.0000E+00  5.1300E-01  0.0000E+00  0.0000E+00  6.6616E+00  1.4582E+01  4.4234E-01  3.0842E-01  3.8338E-01  5.1300E-01  4.3891E-01  7.4089E-02  4.5277E-01
  1.6000E+01  8.0000E+00  0.0000E+00  6.0600E-01  0.0000E+00  0.0000E+00  6.6616E+00  1.4582E+01  1.7739E-01  1.9393E+00  1.9688E+00  6.0600E-01  2.0777E-01  3.9823E-01  2.0620E+00
  1.6000E+01  1.2000E+01  0.0000E+00  4.0200E-01  0.0000E+00  0.0000E+00  6.6616E+00  1.4582E+01  2.8530E-02  1.7018E+00  1.7062E+00  4.0200E-01  4.6555E-02  3.5544E-01  1.7708E+00
  1.6000E+01  2.4000E+01  0.0000E+00  3.5600E-01  0.0000E+00  0.0000E+00  6.6616E+00  1.4582E+01  1.1869E-04  1.6219E+00  1.6219E+00  3.5600E-01  5.2379E-04  3.5548E-01  1.6249E+00
  1.6000E+01  3.6000E+01  0.0000E+00  1.9400E-01  0.0000E+00  0.0000E+00  6.6616E+00  1.4582E+01  4.9378E-07  8.8415E-01  8.8415E-01  1.9400E-01  5.8931E-06  1.9399E-01  8.8422E-01
  1.6000E+01  4.8000E+01  0.0000E+00  1.9700E-01  0.0000E+00  0.0000E+00  6.6616E+00  1.4582E+01  2.0542E-09  8.9783E-01  8.9783E-01  1.9700E-01  6.6303E-08  1.9700E-01  8.9783E-01
  1.7000E+01  0.0000E+00  1.0000E+02  0.0000E+00  1.0000E+00  1.0000E+00  8.8912E+00  2.4468E+01  4.0870E+00 -6.3094E+00  0.0000E+00  0.0000E+00  4.1379E+00  0.0000E+00  0.0000E+00
  1.7000E+01  2.5000E-01  0.0000E+00  4.3150E+00  0.0000E+00  0.0000E+00  8.8912E+00  2.4468E+01  3.7321E+00  9.7436E-01  8.0272E-01  4.3150E+00  3.7686E+00  5.4637E-01  7.7879E-01
  1.7000E+01  5.0000E-01  0.0000E+00  3.8530E+00  0.0000E+00  0.0000E+00  8.8912E+00  2.4468E+01  3.4080E+00  8.0389E-01  6.7303E-01  3.8530E+00  3.4323E+00  4.2072E-01  6.5923E-01
  1.7000E+01  1.0000E+00  0.0000E+00  2.5750E+00  0.0000E+00  0.0000E+00  8.8912E+00  2.4468E+01  2.8418E+00 -5.5904E-01 -6.1147E-01  2.5750E+00  2.8470E+00 -2.7197E-01 -5.9960E-01
  1.7000E+01  2.0000E+00  0.0000E+00  1.3320E+00  0.0000E+00  0.0000E+00  8.8912E+00  2.4468E+01  1.9759E+00 -1.7528E+00 -1.6720E+00  1.3320E+00  1.9588E+00 -6.2676E-01 -1.6494E+00
  1.7000E+01  4.0000E+00  0.0000E+00  7.8900E-01  0.0000E+00  0.0000E+00  8.8912E+00  2.4468E+01  9.5530E-01 -6.3568E-01 -4.2827E-01  7.8900E-01  9.2721E-01 -1.3821E-01 -4.0507E-01
  1.7000E+01  6.0000E+00  0.0000E+00  7.3300E-01  0.0000E+00  0.0000E+00  8.8912E+00  2.4468E+01  4.6185E-01  1.1790E+00  1.3707E+00  7.3300E-01  4.3891E-01  2.9409E-01  1.3919E+00
  1.7000E+01  8.0000E+00  0.0000E+00  4.2800E-01  0.0000E+00  0.0000E+00  8.8912E+00  2.4468E+01  2.2329E-01  9.2240E-01  1.0579E+00  4.2800E-01  2.0777E-01  2.2023E-01  1.0687E+00
  1.7000E+01  1.2000E+01  0.0000E+00  4.2900E-01  0.0000E+00  0.0000E+00  8.8912E+00  2.4468E+01  5.2192E-02  1.7162E+00  1.7672E+00  4.2900E-01  4.6555E-02  3.8244E-01  1.7691E+00
  1.7000E+01  2.4000E+01  0.0000E+00  2.1800E-01  0.0000E+00  0.0000E+00  8.8912E+00  2.4468E+01  6.6649E-04  9.9050E-01  9.9188E-01  2.1800E-01  5.2379E-04  2.1748E-01  9.9179E-01
  1.7000E+01  3.6000E+01  0.0000E+00  1.1600E-01  0.0000E+00  0.0000E+00  8.8912E+00  2.4468E+01  8.5112E-06  5.2863E-01  5.2866E-01  1.1600E-01  5.8931E-06  1.1599E-01  5.2865E-01
  1.7000E+01  4.8000E+01  0.0000E+00  7.9000E-02  0.0000E+00  0.0000E+00  8.8912E+00  2.4468E+01  1.0869E-07  3.6004E-01  3.6004E-01  7.9000E-02  6.6303E-08  7.9000E-02  3.6004E-01
  1.8000E+01  0.0000E+00  1.0000E+02  0.0000E+00  1.0000E+00  1.0000E+00  1.3630E+01  2.9684E+01  3.3688E+00 -6.1452E+00  0.0000E+00  0.0000E+00  4.1379E+00  0.0000E+00  0.0000E+00
  1.8000E+01  2.5000E-01  0.0000E+00  3.0300E+00  0.0000E+00  0.0000E+00  1.3630E+01  2.9684E+01  3.0034E+00  5.3267E-02 -4.8576E-01  3.0300E+00  3.7686E+00 -7.3863E-01 -3.7399E-01
  1.8000E+01  5.0000E-01  0.0000E+00  2.7480E+00  0.0000E+00  0.0000E+00  1.3630E+01  2.9684E+01  2.6777E+00  1.5426E-01 -4.0574E-01  2.7480E+00  3.4323E+00 -6.8428E-01 -3.2914E-01
  1.8000E+01  1.0000E+00  0.0000E+00  1.7690E+00  0.0000E+00  0.0000E+00  1.3630E+01  2.9684E+01  2.1284E+00 -9.3147E-01 -1.5091E+00  1.7690E+00  2.8470E+00 -1.0780E+00 -1.2538E+00
  1.8000E+01  2.0000E+00  0.0000E+00  1.0710E+00  0.0000E+00  0.0000E+00  1.3630E+01  2.9684E+01  1.3447E+00 -9.2093E-01 -1.4592E+00  1.0710E+00  1.9588E+00 -8.8776E-01 -1.2936E+00
  1.8000E+01  4.0000E+00  0.0000E+00  5.1800E-01  0.0000E+00  0.0000E+00  1.3630E+01  2.9684E+01  5.3680E-01 -8.0482E-02 -4.2499E-01  5.1800E-01  9.2721E-01 -4.0921E-01 -5.1755E-01
  1.8000E+01  6.0000E+00  0.0000E+00  2.7000E-01  0.0000E+00  0.0000E+00  1.3630E+01  2.9684E+01  2.1428E-01  2.5130E-01  6.6697E-02  2.7000E-01  4.3891E-01 -1.6891E-01 -2.1141E-02
  1.8000E+01  8.0000E+00  0.0000E+00  1.8400E-01  0.0000E+00  0.0000E+00  1.3630E+01  2.9684E+01  8.5536E-02  4.4799E-01  3.5606E-01  1.8400E-01  2.0777E-01 -2.3766E-02  3.1184E-01
  1.8000E+01  1.2000E+01  0.0000E+00  1.1000E-01  0.0000E+00  0.0000E+00  1.3630E+01  2.9684E+01  1.3630E-02  4.3919E-01  4.1876E-01  1.1000E-01  4.6555E-02  6.3445E-02  4.1402E-01
  1.8000E+01  2.4000E+01  0.0000E+00  4.8000E-02  0.0000E+00  0.0000E+00  1.3630E+01  2.9684E+01  5.5145E-05  2.1851E-01  2.1836E-01  4.8000E-02  5.2379E-04  4.7476E-02  2.1879E-01
  1.8000E+01  3.6000E+01  0.0000E+00  3.6000E-02  0.0000E+00  0.0000E+00  1.3630E+01  2.9684E+01  2.2311E-07  1.6407E-01  1.6407E-01  3.6000E-02  5.8931E-06  3.5994E-02  1.6408E-01
  1.8000E+01  4.8000E+01  0.0000E+00  1.0000E-03  0.0000E+00  0.0000E+00  1.3630E+01  2.9684E+01  9.0269E-10  4.5575E-03  4.5575E-03  1.0000E-03  6.6303E-08  9.9993E-04  4.5578E-03
  1.9000E+01  0.0000E+00  1.0000E+02  0.0000E+00  1.0000E+00  1.0000E+00  7.9364E+00  2.4857E+01  4.0231E+00 -6.2978E+00  0.0000E+00  0.0000E+00  4.1379E+00  0.0000E+00  0.0000E+00
  1.9000E+01  2.5000E-01  0.0000E+00  4.5370E+00  0.0000E+00  0.0000E+00  7.9364E+00  2.4857E+01  3.7144E+00  1.3807E+00  1.2109E+00  4.5370E+00  3.7686E+00  7.6837E-01  1.1532E+00
  1.9000E+01  5.0000E-01  0.0000E+00  3.3370E+00  0.0000E+00  0.0000E+00  7.9364E+00  2.4857E+01  3.4294E+00 -1.6612E-01 -2.8247E-01  3.3370E+00  3.4323E+00 -9.5280E-02 -2.8899E-01
  1.9000E+01  1.0000E+00  0.0000E+00  2.7820E+00  0.0000E+00  0.0000E+00  7.9364E+00  2.4857E+01  2.9234E+00 -2.8978E-01 -3.0996E-01  2.7820E+00  2.8470E+00 -6.4966E-02 -2.9729E-01
  1.9000E+01  2.0000E+00  0.0000E+00  1.7770E+00  0.0000E+00  0.0000E+00  7.9364E+00  2.4857E+01  2.1244E+00 -9.0140E-01 -7.7419E-01  1.7770E+00  1.9588E+00 -1.8176E-01 -7.4883E-01
  1.9000E+01  4.0000E+00  0.0000E+00  1.0540E+00  0.0000E+00  0.0000E+00  7.9364E+00  2.4857E+01  1.1218E+00 -2.4560E-01  1.1041E-02  1.0540E+00  9.2721E-01  1.2679E-01  1.2276E-01
  1.9000E+01  6.0000E+00  0.0000E+00  6.4500E-01  0.0000E+00  0.0000E+00  7.9364E+00  2.4857E+01  5.9234E-01  2.2261E-01  4.6803E-01  6.4500E-01  4.3891E-01  2.0609E-01  5.9365E-01
  1.9000E+01  8.0000E+00  0.0000E+00  5.4100E-01  0.0000E+00  0.0000E+00  7.9364E+00  2.4857E+01  3.1279E-01  1.0173E+00  1.2048E+00  5.4100E-01  2.0777E-01  3.3323E-01  1.3028E+00
  1.9000E+01  1.2000E+01  0.0000E+00  4.4900E-01  0.0000E+00  0.0000E+00  7.9364E+00  2.4857E+01  8.7215E-02  1.6459E+00  1.7299E+00  4.4900E-01  4.6555E-02  4.0244E-01  1.7653E+00
  1.9000E+01  2.4000E+01  0.0000E+00  2.1100E-01  0.0000E+00  0.0000E+00  7.9364E+00  2.4857E+01  1.8907E-03  9.5301E-01  9.5688E-01  2.1100E-01  5.2379E-04  2.1048E-01  9.5773E-01
  1.9000E+01  3.6000E+01  0.0000E+00  1.0300E-01  0.0000E+00  0.0000E+00  7.9364E+00  2.4857E+01  4.0989E-05  4.6923E-01  4.6936E-01  1.0300E-01  5.8931E-06  1.0299E-01  4.6937E-01
  1.9000E+01  4.8000E+01  0.0000E+00  5.8000E-02  0.0000E+00  0.0000E+00  7.9364E+00  2.4857E+01  8.8860E-07  2.6433E-01  2.6433E-01  5.8000E-02  6.6303E-08  5.8000E-02  2.6433E-01
  2.0000E+01  0.0000E+00  1.0000E+02  0.0000E+00  1.0000E+00  1.0000E+00  1.0809E+01  2.1815E+01  4.5840E+00 -6.3850E+00  0.0000E+00  0.0000E+00  4.1379E+00  0.0000E+00  0.0000E+00
  2.0000E+01  2.5000E-01  0.0000E+00  4.4180E+00  0.0000E+00  0.0000E+00  1.0809E+01  2.1815E+01  4.0499E+00  5.7278E-01  6.3670E-01  4.4180E+00  3.7686E+00  6.4937E-01  7.4488E-01
  2.0000E+01  5.0000E-01  0.0000E+00  3.9160E+00  0.0000E+00  0.0000E+00  1.0809E+01  2.1815E+01  3.5781E+00  5.8567E-01  5.5632E-01  3.9160E+00  3.4323E+00  4.8372E-01  6.2278E-01
  2.0000E+01  1.0000E+00  0.0000E+00  2.5840E+00  0.0000E+00  0.0000E+00  1.0809E+01  2.1815E+01  2.7929E+00 -4.4382E-01 -6.1556E-01  2.5840E+00  2.8470E+00 -2.6297E-01 -6.0983E-01
  2.0000E+01  2.0000E+00  0.0000E+00  1.5550E+00  0.0000E+00  0.0000E+00  1.0809E+01  2.1815E+01  1.7017E+00 -4.3721E-01 -7.4682E-01  1.5550E+00  1.9588E+00 -4.0376E-01 -8.1951E-01
  2.0000E+01  4.0000E+00  0.0000E+00  5.0500E-01  0.0000E+00  0.0000E+00  1.0809E+01  2.1815E+01  6.3169E-01 -5.3056E-01 -8.0191E-01  5.0500E-01  9.2721E-01 -4.2221E-01 -9.3725E-01
  2.0000E+01  6.0000E+00  0.0000E+00  3.7500E-01  0.0000E+00  0.0000E+00  1.0809E+01  2.1815E+01  2.3449E-01  6.3237E-01  4.7748E-01  3.7500E-01  4.3891E-01 -6.3911E-02  3.5817E-01
  2.0000E+01  8.0000E+00  0.0000E+00  2.9100E-01  0.0000E+00  0.0000E+00  1.0809E+01  2.1815E+01  8.7049E-02  9.2788E-01  8.5085E-01  2.9100E-01  2.0777E-01  8.3234E-02  8.1805E-01
  2.0000E+01  1.2000E+01  0.0000E+00  2.5800E-01  0.0000E+00  0.0000E+00  1.0809E+01  2.1815E+01  1.1996E-02  1.1211E+00  1.1052E+00  2.5800E-01  4.6555E-02  2.1144E-01  1.1218E+00
  2.0000E+01  2.4000E+01  0.0000E+00  7.5000E-02  0.0000E+00  0.0000E+00  1.0809E+01  2.1815E+01  3.1390E-05  3.4167E-01  3.4158E-01  7.5000E-02  5.2379E-04  7.4476E-02  3.4318E-01
  2.0000E+01  3.6000E+01  0.0000E+00  2.8000E-02  0.0000E+00  0.0000E+00  1.0809E+01  2.1815E+01  8.2143E-08  1.2761E-01  1.2761E-01  2.8000E-02  5.8931E-06  2.7994E-02  1.2765E-01
  2.0000E+01  4.8000E+01  0.0000E+00  1.0000E-03  0.0000E+00  0.0000E+00  1.0809E+01  2.1815E+01  2.1495E-10  4.5575E-03  4.5575E-03  1.0000E-03  6.6303E-08  9.9993E-04  4.5582E-03
  2.1000E+01  0.0000E+00  1.0000E+02  0.0000E+00  1.0000E+00  1.0000E+00  8.5523E+00  2.0388E+01  4.9048E+00 -6.4230E+00  0.0000E+00  0.0000E+00  4.1379E+00  0.0000E+00  0.0000E+00
  2.1000E+01  2.5000E-01  0.0000E+00  4.4290E+00  0.0000E+00  0.0000E+00  8.5523E+00  2.0388E+01  4.4165E+00  1.8072E-02  2.8492E-01  4.4290E+00  3.7686E+00  6.6037E-01  3.0973E-01
  2.1000E+01  5.0000E-01  0.0000E+00  4.2160E+00  0.0000E+00  0.0000E+00  8.5523E+00  2.0388E+01  3.9768E+00  3.7833E-01  5.9607E-01  4.2160E+00  3.4323E+00  7.8372E-01  6.5744E-01
  2.1000E+01  1.0000E+00  0.0000E+00  3.8030E+00  0.0000E+00  0.0000E+00  8.5523E+00  2.0388E+01  3.2244E+00  1.0948E+00  1.2302E+00  3.8030E+00  2.8470E+00  9.5603E-01  1.3366E+00
  2.1000E+01  2.0000E+00  0.0000E+00  2.0900E+00  0.0000E+00  0.0000E+00  8.5523E+00  2.0388E+01  2.1197E+00 -7.7147E-02 -4.9286E-02  2.0900E+00  1.9588E+00  1.3124E-01 -7.5702E-02
  2.1000E+01  4.0000E+00  0.0000E+00  5.9600E-01  0.0000E+00  0.0000E+00  8.5523E+00  2.0388E+01  9.1606E-01 -1.2383E+00 -1.2763E+00  5.9600E-01  9.2721E-01 -3.3121E-01 -1.3038E+00
  2.1000E+01  6.0000E+00  0.0000E+00  5.3300E-01  0.0000E+00  0.0000E+00  8.5523E+00  2.0388E+01  3.9590E-01  6.0339E-01  5.6935E-01  5.3300E-01  4.3891E-01  9.4089E-02  5.4038E-01
  2.1000E+01  8.0000E+00  0.0000E+00  3.7300E-01  0.0000E+00  0.0000E+00  8.5523E+00  2.0388E+01  1.7109E-01  9.1403E-01  8.9210E-01  3.7300E-01  2.0777E-01  1.6523E-01  8.8323E-01
  2.1000E+01  1.2000E+01  0.0000E+00  2.4800E-01  0.0000E+00  0.0000E+00  8.5523E+00  2.0388E+01  3.1955E-02  9.8439E-01  9.7760E-01  2.4800E-01  4.6555E-02  2.0144E-01  9.8217E-01
  2.1000E+01  2.4000E+01  0.0000E+00  2.1800E-01  0.0000E+00  0.0000E+00  8.5523E+00  2.0388E+01  2.0819E-04  9.9258E-01  9.9249E-01  2.1800E-01  5.2379E-04  2.1748E-01  9.9300E-01
  2.1000E+01  3.6000E+01  0.0000E+00  1.4300E-01  0.0000E+00  0.0000E+00  8.5523E+00  2.0388E+01  1.3564E-06  6.5171E-01  6.5171E-01  1.4300E-01  5.8931E-06  1.4299E-01  6.5173E-01
  2.1000E+01  4.8000E+01  0.0000E+00  1.4100E-01  0.0000E+00  0.0000E+00  8.5523E+00  2.0388E+01  8.8374E-09  6.4261E-01  6.4261E-01  1.4100E-01  6.6303E-08  1.4100E-01  6.4261E-01
  2.2000E+01  0.0000E+00  1.0000E+02  0.0000E+00  1.0000E+00  1.0000E+00  7.6527E+00  2.8767E+01  3.4762E+00 -6.1754E+00  0.0000E+00  0.0000E+00  4.1379E+00  0.0000E+00  0.0000E+00
  2.2000E+01  2.5000E-01  0.0000E+00  3.4630E+00  0.0000E+00  0.0000E+00  7.6527E+00  2.8767E+01  3.2526E+00  3.9531E-01 -5.5004E-02  3.4630E+00  3.7686E+00 -3.0563E-01 -9.7639E-02
  2.2000E+01  5.0000E-01  0.0000E+00  3.0960E+00  0.0000E+00  0.0000E+00  7.6527E+00  2.8767E+01  3.0433E+00  1.0459E-01 -2.6661E-01  3.0960E+00  3.4323E+00 -3.3628E-01 -2.6541E-01
  2.2000E+01  1.0000E+00  0.0000E+00  2.7190E+00  0.0000E+00  0.0000E+00  7.6527E+00  2.8767E+01  2.6642E+00  1.2064E-01 -1.0759E-01  2.7190E+00  2.8470E+00 -1.2797E-01 -9.0873E-02
  2.2000E+01  2.0000E+00  0.0000E+00  1.8760E+00  0.0000E+00  0.0000E+00  7.6527E+00  2.8767E+01  2.0419E+00 -4.4210E-01 -4.4319E-01  1.8760E+00  1.9588E+00 -8.2760E-02 -3.8752E-01
  2.2000E+01  4.0000E+00  0.0000E+00  1.0730E+00  0.0000E+00  0.0000E+00  7.6527E+00  2.8767E+01  1.1994E+00 -4.4660E-01 -1.9710E-01  1.0730E+00  9.2721E-01  1.4579E-01 -6.5923E-02
  2.2000E+01  6.0000E+00  0.0000E+00  7.2800E-01  0.0000E+00  0.0000E+00  7.6527E+00  2.8767E+01  7.0454E-01  9.6433E-02  4.0860E-01  7.2800E-01  4.3891E-01  2.8909E-01  6.3250E-01
  2.2000E+01  8.0000E+00  0.0000E+00  5.6900E-01  0.0000E+00  0.0000E+00  7.6527E+00  2.8767E+01  4.1385E-01  6.8070E-01  9.6398E-01  5.6900E-01  2.0777E-01  3.6123E-01  1.1820E+00
  2.2000E+01  1.2000E+01  0.0000E+00  4.6900E-01  0.0000E+00  0.0000E+00  7.6527E+00  2.8767E+01  1.4279E-01  1.4797E+00  1.6460E+00  4.6900E-01  4.6555E-02  4.2244E-01  1.7605E+00
  2.2000E+01  2.4000E+01  0.0000E+00  3.2500E-01  0.0000E+00  0.0000E+00  7.6527E+00  2.8767E+01  5.8654E-03  1.4544E+00  1.4696E+00  3.2500E-01  5.2379E-04  3.2448E-01  1.4748E+00
  2.2000E+01  3.6000E+01  0.0000E+00  1.4400E-01  0.0000E+00  0.0000E+00  7.6527E+00  2.8767E+01  2.4093E-04  6.5518E-01  6.5615E-01  1.4400E-01  5.8931E-06  1.4399E-01  6.5618E-01
  2.2000E+01  4.8000E+01  0.0000E+00  2.2000E-02  0.0000E+00  0.0000E+00  7.6527E+00  2.8767E+01  9.8966E-06  1.0022E-01  1.0027E-01  2.2000E-02  6.6303E-08  2.2000E-02  1.0026E-01
  2.3000E+01  0.0000E+00  1.0000E+02  0.0000E+00  1.0000E+00  1.0000E+00  6.6573E+00  2.0414E+01  4.8986E+00 -6.4224E+00  0.0000E+00  0.0000E+00  4.1379E+00  0.0000E+00  0.0000E+00
  2.3000E+01  2.5000E-01  0.0000E+00  5.3740E+00  0.0000E+00  0.0000E+00  6.6573E+00  2.0414E+01  4.5151E+00  1.2129E+00  1.3925E+00  5.3740E+00  3.7686E+00  1.6054E+00  1.5414E+00
  2.3000E+01  5.0000E-01  0.0000E+00  4.8730E+00  0.0000E+00  0.0000E+00  6.6573E+00  2.0414E+01  4.1616E+00  1.0808E+00  1.3080E+00  4.8730E+00  3.4323E+00  1.4407E+00  1.4755E+00
  2.3000E+01  1.0000E+00  0.0000E+00  3.4590E+00  0.0000E+00  0.0000E+00  6.6573E+00  2.0414E+01  3.5354E+00 -1.3384E-01  1.8007E-01  3.4590E+00  2.8470E+00  6.1203E-01  1.9853E-01
  2.3000E+01  2.0000E+00  0.0000E+00  1.9580E+00  0.0000E+00  0.0000E+00  6.6573E+00  2.0414E+01  2.5516E+00 -1.3514E+00 -9.0460E-01  1.9580E+00  1.9588E+00 -7.5969E-04 -1.0129E+00
  2.3000E+01  4.0000E+00  0.0000E+00  1.2050E+00  0.0000E+00  0.0000E+00  6.6573E+00  2.0414E+01  1.3291E+00 -4.1964E-01  1.1505E-01  1.2050E+00  9.2721E-01  2.7779E-01  3.1590E-01
  2.3000E+01  6.0000E+00  0.0000E+00  7.0300E-01  0.0000E+00  0.0000E+00  6.6573E+00  2.0414E+01  6.9229E-01  4.4151E-02  4.9742E-01  7.0300E-01  4.3891E-01  2.6409E-01  7.1774E-01
  2.3000E+01  8.0000E+00  0.0000E+00  7.2700E-01  0.0000E+00  0.0000E+00  6.6573E+00  2.0414E+01  3.6060E-01  1.6219E+00  1.9468E+00  7.2700E-01  2.0777E-01  5.1923E-01  2.1202E+00
  2.3000E+01  1.2000E+01  0.0000E+00  5.2800E-01  0.0000E+00  0.0000E+00  6.6573E+00  2.0414E+01  9.7838E-02  1.9561E+00  2.0906E+00  5.2800E-01  4.6555E-02  4.8144E-01  2.1393E+00
  2.3000E+01  2.4000E+01  0.0000E+00  3.8000E-01  0.0000E+00  0.0000E+00  6.6573E+00  2.0414E+01  1.9541E-03  1.7229E+00  1.7284E+00  3.8000E-01  5.2379E-04  3.7948E-01  1.7287E+00
  2.3000E+01  3.6000E+01  0.0000E+00  1.9100E-01  0.0000E+00  0.0000E+00  6.6573E+00  2.0414E+01  3.9028E-05  8.7030E-01  8.7047E-01  1.9100E-01  5.8931E-06  1.9099E-01  8.7044E-01
  2.3000E+01  4.8000E+01  0.0000E+00  1.5800E-01  0.0000E+00  0.0000E+00  6.6573E+00  2.0414E+01  7.7949E-07  7.2008E-01  7.2008E-01  1.5800E-01  6.6303E-08  1.5800E-01  7.2008E-01
  2.4000E+01  0.0000E+00  1.0000E+02  0.0000E+00  1.0000E+00  1.0000E+00  1.0461E+01  2.4553E+01  4.0728E+00 -6.3069E+00  0.0000E+00  0.0000E+00  4.1379E+00  0.0000E+00  0.0000E+00
  2.4000E+01  2.5000E-01  0.0000E+00  3.9610E+00  0.0000E+00  0.0000E+00  1.0461E+01  2.4553E+01  3.6613E+00  5.0940E-01  3.6353E-01  3.9610E+00  3.7686E+00  1.9237E-01  3.7480E-01
  2.4000E+01  5.0000E-01  0.0000E+00  3.4330E+00  0.0000E+00  0.0000E+00  1.0461E+01  2.4553E+01  3.2913E+00  2.6349E-01  9.1287E-02  3.4330E+00  3.4323E+00  7.1963E-04  1.0295E-01
  2.4000E+01  1.0000E+00  0.0000E+00  2.3760E+00  0.0000E+00  0.0000E+00  1.0461E+01  2.4553E+01  2.6598E+00 -6.2619E-01 -8.3639E-01  2.3760E+00  2.8470E+00 -4.7097E-01 -7.9122E-01
  2.4000E+01  2.0000E+00  0.0000E+00  1.7150E+00  0.0000E+00  0.0000E+00  1.0461E+01  2.4553E+01  1.7371E+00 -6.5098E-02 -3.0242E-01  1.7150E+00  1.9588E+00 -2.4376E-01 -3.2278E-01
  2.4000E+01  4.0000E+00  0.0000E+00  6.5500E-01  0.0000E+00  0.0000E+00  1.0461E+01  2.4553E+01  7.4090E-01 -3.4967E-01 -5.3437E-01  6.5500E-01  9.2721E-01 -2.7221E-01 -5.7130E-01
  2.4000E+01  6.0000E+00  0.0000E+00  3.4600E-01  0.0000E+00  0.0000E+00  1.0461E+01  2.4553E+01  3.1601E-01  1.3364E-01  2.3697E-02  3.4600E-01  4.3891E-01 -9.2911E-02 -2.1360E-02
  2.4000E+01  8.0000E+00  0.0000E+00  2.8000E-01  0.0000E+00  0.0000E+00  1.0461E+01  2.4553E+01  1.3478E-01  6.5907E-01  5.9976E-01  2.8000E-01  2.0777E-01  7.2234E-02  5.7585E-01
  2.4000E+01  1.2000E+01  0.0000E+00  2.2200E-01  0.0000E+00  0.0000E+00  1.0461E+01  2.4553E+01  2.4519E-02  8.9989E-01  8.8467E-01  2.2200E-01  4.6555E-02  1.7544E-01  8.8339E-01
  2.4000E+01  2.4000E+01  0.0000E+00  1.4200E-01  0.0000E+00  0.0000E+00  1.0461E+01  2.4553E+01  1.4761E-04  6.4649E-01  6.4632E-01  1.4200E-01  5.2379E-04  1.4148E-01  6.4666E-01
  2.4000E+01  3.6000E+01  0.0000E+00  1.0100E-01  0.0000E+00  0.0000E+00  1.0461E+01  2.4553E+01  8.8868E-07  4.6030E-01  4.6030E-01  1.0100E-01  5.8931E-06  1.0099E-01  4.6031E-01
  2.4000E+01  4.8000E+01  0.0000E+00  4.6000E-02  0.0000E+00  0.0000E+00  1.0461E+01  2.4553E+01  5.3501E-09  2.0964E-01  2.0964E-01  4.6000E-02  6.6303E-08  4.6000E-02  2.0964E-01
  2.5000E+01  0.0000E+00  1.0000E+02  0.0000E+00  1.0000E+00  1.0000E+00  6.5701E+00  2.2519E+01  4.4408E+00 -6.3655E+00  0.0000E+00  0.0000E+00  4.1379E+00  0.0000E+00  0.0000E+00
  2.5000E+01  2.5000E-01  0.0000E+00  5.0360E+00  0.0000E+00  0.0000E+00  6.5701E+00  2.2519E+01  4.1284E+00  1.3887E+00  1.4715E+00  5.0360E+00  3.7686E+00  1.2674E+00  1.5719E+00
  2.5000E+01  5.0000E-01  0.0000E+00  3.2190E+00  0.0000E+00  0.0000E+00  6.5701E+00  2.2519E+01  3.8380E+00 -1.0098E+00 -8.7597E-01  3.2190E+00  3.4323E+00 -2.1328E-01 -9.4850E-01
  2.5000E+01  1.0000E+00  0.0000E+00  3.4980E+00  0.0000E+00  0.0000E+00  6.5701E+00  2.2519E+01  3.3170E+00  3.3445E-01  5.5724E-01  3.4980E+00  2.8470E+00  6.5103E-01  6.3092E-01
  2.5000E+01  2.0000E+00  0.0000E+00  2.6540E+00  0.0000E+00  0.0000E+00  6.5701E+00  2.2519E+01  2.4776E+00  4.1043E-01  7.6010E-01  2.6540E+00  1.9588E+00  6.9524E-01  8.9783E-01
  2.5000E+01  4.0000E+00  0.0000E+00  1.2190E+00  0.0000E+00  0.0000E+00  6.5701E+00  2.2519E+01  1.3823E+00 -5.4255E-01 -1.0960E-01  1.2190E+00  9.2721E-01  2.9179E-01 -5.3309E-02
  2.5000E+01  6.0000E+00  0.0000E+00  7.6400E-01  0.0000E+00  0.0000E+00  6.5701E+00  2.2519E+01  7.7125E-01 -2.9254E-02  3.5216E-01  7.6400E-01  4.3891E-01  3.2509E-01  5.1288E-01
  2.5000E+01  8.0000E+00  0.0000E+00  6.2100E-01  0.0000E+00  0.0000E+00  6.5701E+00  2.2519E+01  4.3030E-01  8.3417E-01  1.1240E+00  6.2100E-01  2.0777E-01  4.1323E-01  1.2929E+00
  2.5000E+01  1.2000E+01  0.0000E+00  4.5600E-01  0.0000E+00  0.0000E+00  6.5701E+00  2.2519E+01  1.3395E-01  1.4617E+00  1.5990E+00  4.5600E-01  4.6555E-02  4.0944E-01  1.6790E+00
  2.5000E+01  2.4000E+01  0.0000E+00  2.2200E-01  0.0000E+00  0.0000E+00  6.5701E+00  2.2519E+01  4.0402E-03  9.9335E-01  1.0017E+00  2.2200E-01  5.2379E-04  2.2148E-01  1.0054E+00
  2.5000E+01  3.6000E+01  0.0000E+00  2.1400E-01  0.0000E+00  0.0000E+00  6.5701E+00  2.2519E+01  1.2186E-04  9.7475E-01  9.7513E-01  2.1400E-01  5.8931E-06  2.1399E-01  9.7521E-01
  2.5000E+01  4.8000E+01  0.0000E+00  1.6000E-01  0.0000E+00  0.0000E+00  6.5701E+00  2.2519E+01  3.6757E-06  7.2918E-01  7.2920E-01  1.6000E-01  6.6303E-08  1.6000E-01  7.2920E-01
  2.6000E+01  0.0000E+00  1.0000E+02  0.0000E+00  1.0000E+00  1.0000E+00  8.6809E+00  2.2265E+01  4.4913E+00 -6.3726E+00  0.0000E+00  0.0000E+00  4.1379E+00  0.0000E+00  0.0000E+00
  2.6000E+01  2.5000E-01  0.0000E+00  5.0110E+00  0.0000E+00  0.0000E+00  8.6809E+00  2.2265E+01  4.0742E+00  1.4502E+00  1.4781E+00  5.0110E+00  3.7686E+00  1.2424E+00  1.5687E+00
  2.6000E+01  5.0000E-01  0.0000E+00  4.2110E+00  0.0000E+00  0.0000E+00  8.6809E+00  2.2265E+01  3.6958E+00  8.6844E-01  9.2245E-01  4.2110E+00  3.4323E+00  7.7872E-01  9.7342E-01
  2.6000E+01  1.0000E+00  0.0000E+00  2.5320E+00  0.0000E+00  0.0000E+00  8.6809E+00  2.2265E+01  3.0412E+00 -1.0108E+00 -9.0169E-01  2.5320E+00  2.8470E+00 -3.1497E-01 -9.5239E-01
  2.6000E+01  2.0000E+00  0.0000E+00  1.2500E+00  0.0000E+00  0.0000E+00  8.6809E+00  2.2265E+01  2.0593E+00 -2.1443E+00 -1.9344E+00  1.2500E+00  1.9588E+00 -7.0876E-01 -2.0111E+00
  2.6000E+01  4.0000E+00  0.0000E+00  8.9600E-01  0.0000E+00  0.0000E+00  8.6809E+00  2.2265E+01  9.4421E-01 -1.8493E-01  9.6884E-02  8.9600E-01  9.2721E-01 -3.1212E-02  5.9299E-02
  2.6000E+01  6.0000E+00  0.0000E+00  5.9400E-01  0.0000E+00  0.0000E+00  8.6809E+00  2.2265E+01  4.3293E-01  7.0423E-01  9.2356E-01  5.9400E-01  4.3891E-01  1.5509E-01  8.9892E-01
  2.6000E+01  8.0000E+00  0.0000E+00  5.8400E-01  0.0000E+00  0.0000E+00  8.6809E+00  2.2265E+01  1.9850E-01  1.7411E+00  1.8801E+00  5.8400E-01  2.0777E-01  3.7623E-01  1.8694E+00
  2.6000E+01  1.2000E+01  0.0000E+00  4.4400E-01  0.0000E+00  0.0000E+00  8.6809E+00  2.2265E+01  4.1731E-02  1.8326E+00  1.8773E+00  4.4400E-01  4.6555E-02  3.9744E-01  1.8780E+00
  2.6000E+01  2.4000E+01  0.0000E+00  1.4300E-01  0.0000E+00  0.0000E+00  8.6809E+00  2.2265E+01  3.8774E-04  6.4995E-01  6.5079E-01  1.4300E-01  5.2379E-04  1.4248E-01  6.5107E-01
  2.6000E+01  3.6000E+01  0.0000E+00  7.1000E-02  0.0000E+00  0.0000E+00  8.6809E+00  2.2265E+01  3.6027E-06  3.2357E-01  3.2358E-01  7.1000E-02  5.8931E-06  7.0994E-02  3.2359E-01
  2.6000E+01  4.8000E+01  0.0000E+00  5.6000E-02  0.0000E+00  0.0000E+00  8.6809E+00  2.2265E+01  3.3474E-08  2.5522E-01  2.5522E-01  5.6000E-02  6.6303E-08  5.6000E-02  2.5522E-01
  2.7000E+01  0.0000E+00  1.0000E+02  0.0000E+00  1.0000E+00  1.0000E+00  9.6550E+00  2.8921E+01  3.4577E+00 -6.1704E+00  0.0000E+00  0.0000E+00  4.1379E+00  0.0000E+00  0.0000E+00
  2.7000E+01  2.5000E-01  0.0000E+00  3.3020E+00  0.0000E+00  0.0000E+00  9.6550E+00  2.8921E+01  3.1808E+00  2.3186E-01 -2.1144E-01  3.3020E+00  3.7686E+00 -4.6663E-01 -2.2014E-01
  2.7000E+01  5.0000E-01  0.0000E+00  2.8160E+00  0.0000E+00  0.0000E+00  9.6550E+00  2.8921E+01  2.9261E+00 -2.2548E-01 -6.2359E-01  2.8160E+00  3.4323E+00 -6.1628E-01 -5.7064E-01
  2.7000E+01  1.0000E+00  0.0000E+00  2.4830E+00  0.0000E+00  0.0000E+00  9.6550E+00  2.8921E+01  2.4763E+00  1.5622E-02 -3.0029E-01  2.4830E+00  2.8470E+00 -3.6397E-01 -2.8197E-01
  2.7000E+01  2.0000E+00  0.0000E+00  1.6810E+00  0.0000E+00  0.0000E+00  9.6550E+00  2.8921E+01  1.7734E+00 -2.6901E-01 -4.5225E-01  1.6810E+00  1.9588E+00 -2.7776E-01 -4.1343E-01
  2.7000E+01  4.0000E+00  0.0000E+00  7.6900E-01  0.0000E+00  0.0000E+00  9.6550E+00  2.8921E+01  9.0960E-01 -5.4503E-01 -5.7259E-01  7.6900E-01  9.2721E-01 -1.5821E-01 -5.3599E-01
  2.7000E+01  6.0000E+00  0.0000E+00  6.1100E-01  0.0000E+00  0.0000E+00  9.6550E+00  2.8921E+01  4.6653E-01  6.2762E-01  6.5614E-01  6.1100E-01  4.3891E-01  1.7209E-01  6.9130E-01
  2.7000E+01  8.0000E+00  0.0000E+00  2.9800E-01  0.0000E+00  0.0000E+00  9.6550E+00  2.8921E+01  2.3928E-01  2.6413E-01  3.0190E-01  2.9800E-01  2.0777E-01  9.0234E-02  3.3023E-01
  2.7000E+01  1.2000E+01  0.0000E+00  1.7900E-01  0.0000E+00  0.0000E+00  9.6550E+00  2.8921E+01  6.2947E-02  5.2843E-01  5.5064E-01  1.7900E-01  4.6555E-02  1.3244E-01  5.6433E-01
  2.7000E+01  2.4000E+01  0.0000E+00  1.1200E-01  0.0000E+00  0.0000E+00  9.6550E+00  2.8921E+01  1.1459E-03  5.0522E-01  5.0629E-01  1.1200E-01  5.2379E-04  1.1148E-01  5.0689E-01
  2.7000E+01  3.6000E+01  0.0000E+00  1.0600E-01  0.0000E+00  0.0000E+00  9.6550E+00  2.8921E+01  2.0862E-05  4.8300E-01  4.8303E-01  1.0600E-01  5.8931E-06  1.0599E-01  4.8305E-01
  2.7000E+01  4.8000E+01  0.0000E+00  2.6000E-02  0.0000E+00  0.0000E+00  9.6550E+00  2.8921E+01  3.7979E-07  1.1849E-01  1.1849E-01  2.6000E-02  6.6303E-08  2.6000E-02  1.1849E-01
  2.8000E+01  0.0000E+00  1.0000E+02  0.0000E+00  1.0000E+00  1.0000E+00  7.4447E+00  1.5847E+01  6.3105E+00 -6.5307E+00  0.0000E+00  0.0000E+00  4.1379E+00  0.0000E+00  0.0000E+00
  2.8000E+01  2.5000E-01  0.0000E+00  6.9620E+00  0.0000E+00  0.0000E+00  7.4447E+00  1.5847E+01  5.6112E+00  1.5615E+00  2.2910E+00  6.9620E+00  3.7686E+00  3.1934E+00  3.0455E+00
  2.8000E+01  5.0000E-01  0.0000E+00  5.5680E+00  0.0000E+00  0.0000E+00  7.4447E+00  1.5847E+01  4.9894E+00  7.4587E-01  1.3812E+00  5.5680E+00  3.4323E+00  2.1357E+00  1.7302E+00
  2.8000E+01  1.0000E+00  0.0000E+00  4.0040E+00  0.0000E+00  0.0000E+00  7.4447E+00  1.5847E+01  3.9449E+00  9.4157E-02  5.7705E-01  4.0040E+00  2.8470E+00  1.1570E+00  5.9939E-01
  2.8000E+01  2.0000E+00  0.0000E+00  2.1130E+00  0.0000E+00  0.0000E+00  7.4447E+00  1.5847E+01  2.4661E+00 -8.2445E-01 -5.3562E-01  2.1130E+00  1.9588E+00  1.5424E-01 -7.7331E-01
  2.8000E+01  4.0000E+00  0.0000E+00  8.1300E-01  0.0000E+00  0.0000E+00  7.4447E+00  1.5847E+01  9.6370E-01 -5.7454E-01 -4.5734E-01  8.1300E-01  9.2721E-01 -1.1421E-01 -5.4770E-01
  2.8000E+01  6.0000E+00  0.0000E+00  6.3800E-01  0.0000E+00  0.0000E+00  7.4447E+00  1.5847E+01  3.7660E-01  1.1541E+00  1.2005E+00  6.3800E-01  4.3891E-01  1.9909E-01  1.2092E+00
  2.8000E+01  8.0000E+00  0.0000E+00  4.2600E-01  0.0000E+00  0.0000E+00  7.4447E+00  1.5847E+01  1.4717E-01  1.2645E+00  1.2820E+00  4.2600E-01  2.0777E-01  2.1823E-01  1.3513E+00
  2.8000E+01  1.2000E+01  0.0000E+00  2.8500E-01  0.0000E+00  0.0000E+00  7.4447E+00  1.5847E+01  2.2475E-02  1.1963E+00  1.1988E+00  2.8500E-01  4.6555E-02  2.3844E-01  1.2597E+00
  2.8000E+01  2.4000E+01  0.0000E+00  3.1600E-01  0.0000E+00  0.0000E+00  7.4447E+00  1.5847E+01  8.0042E-05  1.4398E+00  1.4398E+00  3.1600E-01  5.2379E-04  3.1548E-01  1.4428E+00
  2.8000E+01  3.6000E+01  0.0000E+00  2.0400E-01  0.0000E+00  0.0000E+00  7.4447E+00  1.5847E+01  2.8506E-07  9.2973E-01  9.2973E-01  2.0400E-01  5.8931E-06  2.0399E-01  9.2979E-01
  2.8000E+01  4.8000E+01  0.0000E+00  1.6300E-01  0.0000E+00  0.0000E+00  7.4447E+00  1.5847E+01  1.0152E-09  7.4287E-01  7.4287E-01  1.6300E-01  6.6303E-08  1.6300E-01  7.4287E-01
  2.9000E+01  0.0000E+00  1.0000E+02  0.0000E+00  1.0000E+00  1.0000E+00  9.8695E+00  2.1452E+01  4.6616E+00 -6.3948E+00  0.0000E+00  0.0000E+00  4.1379E+00  0.0000E+00  0.0000E+00
  2.9000E+01  2.5000E-01  0.0000E+00  4.7400E+00  0.0000E+00  0.0000E+00  9.8695E+00  2.1452E+01  4.1551E+00  8.8977E-01  9.7694E-01  4.7400E+00  3.7686E+00  9.7137E-01  1.1004E+00
  2.9000E+01  5.0000E-01  0.0000E+00  4.0860E+00  0.0000E+00  0.0000E+00  9.8695E+00  2.1452E+01  3.7037E+00  6.4334E-01  6.7721E-01  4.0860E+00  3.4323E+00  6.5372E-01  7.4501E-01
  2.9000E+01  1.0000E+00  0.0000E+00  2.7410E+00  0.0000E+00  0.0000E+00  9.8695E+00  2.1452E+01  2.9426E+00 -4.1086E-01 -4.5547E-01  2.7410E+00  2.8470E+00 -1.0597E-01 -4.8165E-01
  2.9000E+01  2.0000E+00  0.0000E+00  1.4920E+00  0.0000E+00  0.0000E+00  9.8695E+00  2.1452E+01  1.8574E+00 -1.0342E+00 -1.1497E+00  1.4920E+00  1.9588E+00 -4.6676E-01 -1.2178E+00
  2.9000E+01  4.0000E+00  0.0000E+00  6.9500E-01  0.0000E+00  0.0000E+00  9.8695E+00  2.1452E+01  7.4011E-01 -1.8366E-01 -2.8655E-01  6.9500E-01  9.2721E-01 -2.3221E-01 -4.3931E-01
  2.9000E+01  6.0000E+00  0.0000E+00  4.5600E-01  0.0000E+00  0.0000E+00  9.8695E+00  2.1452E+01  2.9490E-01  7.1989E-01  6.5955E-01  4.5600E-01  4.3891E-01  1.7089E-02  5.4633E-01
  2.9000E+01  8.0000E+00  0.0000E+00  3.5100E-01  0.0000E+00  0.0000E+00  9.8695E+00  2.1452E+01  1.1750E-01  1.0608E+00  1.0291E+00  3.5100E-01  2.0777E-01  1.4323E-01  9.8900E-01
  2.9000E+01  1.2000E+01  0.0000E+00  2.6100E-01  0.0000E+00  0.0000E+00  9.8695E+00  2.1452E+01  1.8656E-02  1.1044E+00  1.0969E+00  2.6100E-01  4.6555E-02  2.1444E-01  1.1047E+00
  2.9000E+01  2.4000E+01  0.0000E+00  1.7400E-01  0.0000E+00  0.0000E+00  9.8695E+00  2.1452E+01  7.4660E-05  7.9266E-01  7.9260E-01  1.7400E-01  5.2379E-04  1.7348E-01  7.9375E-01
  2.9000E+01  3.6000E+01  0.0000E+00  1.5900E-01  0.0000E+00  0.0000E+00  9.8695E+00  2.1452E+01  2.9879E-07  7.2464E-01  7.2464E-01  1.5900E-01  5.8931E-06  1.5899E-01  7.2467E-01
  2.9000E+01  4.8000E+01  0.0000E+00  8.3000E-02  0.0000E+00  0.0000E+00  9.8695E+00  2.1452E+01  1.1958E-09  3.7827E-01  3.7827E-01  8.3000E-02  6.6303E-08  8.3000E-02  3.7827E-01
  3.0000E+01  0.0000E+00  1.0000E+02  0.0000E+00  1.0000E+00  1.0000E+00  1.0485E+01  2.4649E+01  4.0569E+00 -6.3040E+00  0.0000E+00  0.0000E+00  4.1379E+00  0.0000E+00  0.0000E+00
  3.0000E+01  2.5000E-01  0.0000E+00  3.9890E+00  0.0000E+00  0.0000E+00  1.0485E+01  2.4649E+01  3.6477E+00  5.8197E-01  4.1541E-01  3.9890E+00  3.7686E+00  2.2037E-01  4.3552E-01
  3.0000E+01  5.0000E-01  0.0000E+00  3.5440E+00  0.0000E+00  0.0000E+00  1.0485E+01  2.4649E+01  3.2797E+00  4.9315E-01  3.0767E-01  3.5440E+00  3.4323E+00  1.1172E-01  3.1593E-01
  3.0000E+01  1.0000E+00  0.0000E+00  2.2410E+00  0.0000E+00  0.0000E+00  1.0485E+01  2.4649E+01  2.6513E+00 -9.0737E-01 -1.1165E+00  2.2410E+00  2.8470E+00 -6.0597E-01 -1.0540E+00
  3.0000E+01  2.0000E+00  0.0000E+00  1.6780E+00  0.0000E+00  0.0000E+00  1.0485E+01  2.4649E+01  1.7327E+00 -1.6128E-01 -3.7427E-01  1.6780E+00  1.9588E+00 -2.8076E-01 -4.0876E-01
  3.0000E+01  4.0000E+00  0.0000E+00  5.4100E-01  0.0000E+00  0.0000E+00  1.0485E+01  2.4649E+01  7.4000E-01 -8.1026E-01 -9.5618E-01  5.4100E-01  9.2721E-01 -3.8621E-01 -1.0077E+00
  3.0000E+01  6.0000E+00  0.0000E+00  4.2200E-01  0.0000E+00  0.0000E+00  1.0485E+01  2.4649E+01  3.1605E-01  4.7211E-01  3.9083E-01  4.2200E-01  4.3891E-01 -1.6911E-02  3.0284E-01
  3.0000E+01  8.0000E+00  0.0000E+00  4.0300E-01  0.0000E+00  0.0000E+00  1.0485E+01  2.4649E+01  1.3498E-01  1.2164E+00  1.1741E+00  4.0300E-01  2.0777E-01  1.9523E-01  1.1239E+00
  3.0000E+01  1.2000E+01  0.0000E+00  3.3100E-01  0.0000E+00  0.0000E+00  1.0485E+01  2.4649E+01  2.4621E-02  1.3961E+00  1.3857E+00  3.3100E-01  4.6555E-02  2.8444E-01  1.3769E+00
  3.0000E+01  2.4000E+01  0.0000E+00  1.8600E-01  0.0000E+00  0.0000E+00  1.0485E+01  2.4649E+01  1.4942E-04  8.4701E-01  8.4690E-01  1.8600E-01  5.2379E-04  1.8548E-01  8.4710E-01
  3.0000E+01  3.6000E+01  0.0000E+00  1.2600E-01  0.0000E+00  0.0000E+00  1.0485E+01  2.4649E+01  9.0682E-07  5.7424E-01  5.7424E-01  1.2600E-01  5.8931E-06  1.2599E-01  5.7425E-01
  3.0000E+01  4.8000E+01  0.0000E+00  1.0300E-01  0.0000E+00  0.0000E+00  1.0485E+01  2.4649E+01  5.5033E-09  4.6942E-01  4.6942E-01  1.0300E-01  6.6303E-08  1.0300E-01  4.6942E-01
  3.1000E+01  0.0000E+00  1.0000E+02  0.0000E+00  1.0000E+00  1.0000E+00  5.9302E+00  3.0537E+01  3.2747E+00 -6.1168E+00  0.0000E+00  0.0000E+00  4.1379E+00  0.0000E+00  0.0000E+00
  3.1000E+01  2.5000E-01  0.0000E+00  3.6810E+00  0.0000E+00  0.0000E+00  5.9302E+00  3.0537E+01  3.1196E+00  1.0916E+00  5.5247E-01  3.6810E+00  3.7686E+00 -8.7626E-02  3.0525E-01
  3.1000E+01  5.0000E-01  0.0000E+00  3.5480E+00  0.0000E+00  0.0000E+00  5.9302E+00  3.0537E+01  2.9717E+00  1.1654E+00  7.3538E-01  3.5480E+00  3.4323E+00  1.1572E-01  5.6383E-01
  3.1000E+01  1.0000E+00  0.0000E+00  2.2380E+00  0.0000E+00  0.0000E+00  5.9302E+00  3.0537E+01  2.6967E+00 -1.0013E+00 -1.2295E+00  2.2380E+00  2.8470E+00 -6.0897E-01 -1.1074E+00
  3.1000E+01  2.0000E+00  0.0000E+00  1.5950E+00  0.0000E+00  0.0000E+00  5.9302E+00  3.0537E+01  2.2207E+00 -1.5751E+00 -1.4636E+00  1.5950E+00  1.9588E+00 -3.6376E-01 -1.2803E+00
  3.1000E+01  4.0000E+00  0.0000E+00  1.1190E+00  0.0000E+00  0.0000E+00  5.9302E+00  3.0537E+01  1.5060E+00 -1.2325E+00 -6.7958E-01  1.1190E+00  9.2721E-01  1.9179E-01 -1.8351E-01
  3.1000E+01  6.0000E+00  0.0000E+00  1.0210E+00  0.0000E+00  0.0000E+00  5.9302E+00  3.0537E+01  1.0213E+00 -1.0106E-03  7.3659E-01  1.0210E+00  4.3891E-01  5.8209E-01  1.6311E+00
  3.1000E+01  8.0000E+00  0.0000E+00  9.4400E-01  0.0000E+00  0.0000E+00  5.9302E+00  3.0537E+01  6.9257E-01  1.0368E+00  1.7917E+00  9.4400E-01  2.0777E-01  7.3623E-01  2.6801E+00
  3.1000E+01  1.2000E+01  0.0000E+00  7.8000E-01  0.0000E+00  0.0000E+00  5.9302E+00  3.0537E+01  3.1850E-01  2.0557E+00  2.6353E+00  7.8000E-01  4.6555E-02  7.3344E-01  3.1081E+00
  3.1000E+01  2.4000E+01  0.0000E+00  5.6100E-01  0.0000E+00  0.0000E+00  5.9302E+00  3.0537E+01  3.0976E-02  2.4150E+00  2.5373E+00  5.6100E-01  5.2379E-04  5.6048E-01  2.5488E+00
  3.1000E+01  3.6000E+01  0.0000E+00  3.0700E-01  0.0000E+00  0.0000E+00  5.9302E+00  3.0537E+01  3.0127E-03  1.3854E+00  1.4037E+00  3.0700E-01  5.8931E-06  3.0699E-01  1.3990E+00
  3.1000E+01  4.8000E+01  0.0000E+00  2.6600E-01  0.0000E+00  0.0000E+00  5.9302E+00  3.0537E+01  2.9301E-04  1.2110E+00  1.2134E+00  2.6600E-01  6.6303E-08  2.6600E-01  1.2123E+00
  3.2000E+01  0.0000E+00  1.0000E+02  0.0000E+00  1.0000E+00  1.0000E+00  7.3844E+00  2.4354E+01  4.1061E+00 -6.3128E+00  0.0000E+00  0.0000E+00  4.1379E+00  0.0000E+00  0.0000E+00
  3.2000E+01  2.5000E-01  0.0000E+00  4.0720E+00  0.0000E+00  0.0000E+00  7.3844E+00  2.4354E+01  3.8064E+00  4.3648E-01  2.8608E-01  4.0720E+00  3.7686E+00  3.0337E-01  2.6383E-01
  3.2000E+01  5.0000E-01  0.0000E+00  3.8040E+00  0.0000E+00  0.0000E+00  7.3844E+00  2.4354E+01  3.5285E+00  4.8324E-01  3.9035E-01  3.8040E+00  3.4323E+00  3.7172E-01  3.8710E-01
  3.2000E+01  1.0000E+00  0.0000E+00  3.2650E+00  0.0000E+00  0.0000E+00  7.3844E+00  2.4354E+01  3.0321E+00  4.6333E-01  4.7393E-01  3.2650E+00  2.8470E+00  4.1803E-01  5.0962E-01
  3.2000E+01  2.0000E+00  0.0000E+00  2.0180E+00  0.0000E+00  0.0000E+00  7.3844E+00  2.4354E+01  2.2391E+00 -5.5327E-01 -3.8229E-01  2.0180E+00  1.9588E+00  5.9240E-02 -3.5744E-01
  3.2000E+01  4.0000E+00  0.0000E+00  9.9500E-01  0.0000E+00  0.0000E+00  7.3844E+00  2.4354E+01  1.2209E+00 -7.9245E-01 -4.7070E-01  9.9500E-01  9.2721E-01  6.7788E-02 -3.9244E-01
  3.2000E+01  6.0000E+00  0.0000E+00  7.4300E-01  0.0000E+00  0.0000E+00  7.3844E+00  2.4354E+01  6.6577E-01  3.2066E-01  6.3805E-01  7.4300E-01  4.3891E-01  3.0409E-01  8.0718E-01
  3.2000E+01  8.0000E+00  0.0000E+00  6.1100E-01  0.0000E+00  0.0000E+00  7.3844E+00  2.4354E+01  3.6304E-01  1.0972E+00  1.3486E+00  6.1100E-01  2.0777E-01  4.0323E-01  1.4866E+00
  3.2000E+01  1.2000E+01  0.0000E+00  3.7900E-01  0.0000E+00  0.0000E+00  7.3844E+00  2.4354E+01  1.0795E-01  1.2320E+00  1.3526E+00  3.7900E-01  4.6555E-02  3.3244E-01  1.4043E+00
  3.2000E+01  2.4000E+01  0.0000E+00  3.4100E-01  0.0000E+00  0.0000E+00  7.3844E+00  2.4354E+01  2.8380E-03  1.5412E+00  1.5479E+00  3.4100E-01  5.2379E-04  3.4048E-01  1.5493E+00
  3.2000E+01  3.6000E+01  0.0000E+00  2.2100E-01  0.0000E+00  0.0000E+00  7.3844E+00  2.4354E+01  7.4610E-05  1.0069E+00  1.0071E+00  2.2100E-01  5.8931E-06  2.2099E-01  1.0071E+00
  3.2000E+01  4.8000E+01  0.0000E+00  2.2400E-01  0.0000E+00  0.0000E+00  7.3844E+00  2.4354E+01  1.9615E-06  1.0209E+00  1.0209E+00  2.2400E-01  6.6303E-08  2.2400E-01  1.0209E+00
  3.3000E+01  0.0000E+00  1.0000E+02  0.0000E+00  1.0000E+00  1.0000E+00  9.3095E+00  2.8992E+01  3.4492E+00 -6.1681E+00  0.0000E+00  0.0000E+00  4.1379E+00  0.0000E+00  0.0000E+00
  3.3000E+01  2.5000E-01  0.0000E+00  3.2880E+00  0.0000E+00  0.0000E+00  9.3095E+00  2.8992E+01  3.1832E+00  2.0049E-01 -2.4360E-01  3.2880E+00  3.7686E+00 -4.8063E-01 -2.4797E-01
  3.3000E+01  5.0000E-01  0.0000E+00  2.9200E+00  0.0000E+00  0.0000E+00  9.3095E+00  2.8992E+01  2.9376E+00 -3.5946E-02 -4.2874E-01  2.9200E+00  3.4323E+00 -5.1228E-01 -4.0194E-01
  3.3000E+01  1.0000E+00  0.0000E+00  2.4450E+00  0.0000E+00  0.0000E+00  9.3095E+00  2.8992E+01  2.5019E+00 -1.3143E-01 -4.3178E-01  2.4450E+00  2.8470E+00 -4.0197E-01 -3.9947E-01
  3.3000E+01  2.0000E+00  0.0000E+00  1.6810E+00  0.0000E+00  0.0000E+00  9.3095E+00  2.8992E+01  1.8147E+00 -3.8386E-01 -5.3807E-01  1.6810E+00  1.9588E+00 -2.7776E-01 -4.9744E-01
  3.3000E+01  4.0000E+00  0.0000E+00  9.4700E-01  0.0000E+00  0.0000E+00  9.3095E+00  2.8992E+01  9.5479E-01 -2.9766E-02 -2.0590E-02  9.4700E-01  9.2721E-01  1.9788E-02  1.3869E-02
  3.3000E+01  6.0000E+00  0.0000E+00  5.4700E-01  0.0000E+00  0.0000E+00  9.3095E+00  2.8992E+01  5.0234E-01  1.9262E-01  2.5393E-01  5.4700E-01  4.3891E-01  1.0809E-01  2.9998E-01
  3.3000E+01  8.0000E+00  0.0000E+00  3.3400E-01  0.0000E+00  0.0000E+00  9.3095E+00  2.8992E+01  2.6430E-01  3.1267E-01  3.7608E-01  3.3400E-01  2.0777E-01  1.2623E-01  4.1804E-01
  3.3000E+01  1.2000E+01  0.0000E+00  2.1600E-01  0.0000E+00  0.0000E+00  9.3095E+00  2.8992E+01  7.3160E-02  6.5019E-01  6.8510E-01  2.1600E-01  4.6555E-02  1.6944E-01  7.0727E-01
  3.3000E+01  2.4000E+01  0.0000E+00  1.0600E-01  0.0000E+00  0.0000E+00  9.3095E+00  2.8992E+01  1.5518E-03  4.7602E-01  4.7787E-01  1.0600E-01  5.2379E-04  1.0548E-01  4.7896E-01
  3.3000E+01  3.6000E+01  0.0000E+00  9.9000E-02  0.0000E+00  0.0000E+00  9.3095E+00  2.8992E+01  3.2914E-05  4.5104E-01  4.5110E-01  9.9000E-02  5.8931E-06  9.8994E-02  4.5113E-01
  3.3000E+01  4.8000E+01  0.0000E+00  5.5000E-02  0.0000E+00  0.0000E+00  9.3095E+00  2.8992E+01  6.9813E-07  2.5066E-01  2.5066E-01  5.5000E-02  6.6303E-08  5.5000E-02  2.5066E-01
  3.4000E+01  0.0000E+00  1.0000E+02  0.0000E+00  1.0000E+00  1.0000E+00  1.2288E+01  2.0641E+01  4.8448E+00 -6.4164E+00  0.0000E+00  0.0000E+00  4.1379E+00  0.0000E+00  0.0000E+00
  3.4000E+01  2.5000E-01  0.0000E+00  4.7930E+00  0.0000E+00  0.0000E+00  1.2288E+01  2.0641E+01  4.1748E+00  9.3647E-01  1.0684E+00  4.7930E+00  3.7686E+00  1.0244E+00  1.3262E+00
  3.4000E+01  5.0000E-01  0.0000E+00  3.7810E+00  0.0000E+00  0.0000E+00  1.2288E+01  2.0641E+01  3.5975E+00  3.1655E-01  2.6421E-01  3.7810E+00  3.4323E+00  3.4872E-01  3.9370E-01
  3.4000E+01  1.0000E+00  0.0000E+00  2.4190E+00  0.0000E+00  0.0000E+00  1.2288E+01  2.0641E+01  2.6714E+00 -5.5489E-01 -8.7264E-01  2.4190E+00  2.8470E+00 -4.2797E-01 -8.5583E-01
  3.4000E+01  2.0000E+00  0.0000E+00  1.1470E+00  0.0000E+00  0.0000E+00  1.2288E+01  2.0641E+01  1.4730E+00 -1.0499E+00 -1.5741E+00  1.1470E+00  1.9588E+00 -8.1176E-01 -1.6668E+00
  3.4000E+01  4.0000E+00  0.0000E+00  5.0500E-01  0.0000E+00  0.0000E+00  1.2288E+01  2.0641E+01  4.4782E-01  2.4930E-01 -1.2501E-01  5.0500E-01  9.2721E-01 -4.2221E-01 -5.1228E-01
  3.4000E+01  6.0000E+00  0.0000E+00  2.2400E-01  0.0000E+00  0.0000E+00  1.2288E+01  2.0641E+01  1.3615E-01  3.9867E-01  2.2242E-01  2.2400E-01  4.3891E-01 -2.1491E-01  6.4704E-02
  3.4000E+01  8.0000E+00  0.0000E+00  2.5800E-01  0.0000E+00  0.0000E+00  1.2288E+01  2.0641E+01  4.1394E-02  9.8679E-01  9.1443E-01  2.5800E-01  2.0777E-01  5.0234E-02  9.1304E-01
  3.4000E+01  1.2000E+01  0.0000E+00  1.9300E-01  0.0000E+00  0.0000E+00  1.2288E+01  2.0641E+01  3.8262E-03  8.6215E-01  8.5200E-01  1.9300E-01  4.6555E-02  1.4644E-01  9.0999E-01
  3.4000E+01  2.4000E+01  0.0000E+00  3.3000E-02  0.0000E+00  0.0000E+00  1.2288E+01  2.0641E+01  3.0218E-06  1.5038E-01  1.5037E-01  3.3000E-02  5.2379E-04  3.2476E-02  1.5370E-01
  3.4000E+01  3.6000E+01  0.0000E+00  4.7000E-02  0.0000E+00  0.0000E+00  1.2288E+01  2.0641E+01  2.3864E-09  2.1420E-01  2.1420E-01  4.7000E-02  5.8931E-06  4.6994E-02  2.1427E-01
  3.4000E+01  4.8000E+01  0.0000E+00  1.0000E-03  0.0000E+00  0.0000E+00  1.2288E+01  2.0641E+01  1.8847E-12  4.5575E-03  4.5575E-03  1.0000E-03  6.6303E-08  9.9993E-04  4.5587E-03
  3.5000E+01  0.0000E+00  1.0000E+02  0.0000E+00  1.0000E+00  1.0000E+00  9.8012E+00  2.9646E+01  3.3731E+00 -6.1465E+00  0.0000E+00  0.0000E+00  4.1379E+00  0.0000E+00  0.0000E+00
  3.5000E+01  2.5000E-01  0.0000E+00  3.4130E+00  0.0000E+00  0.0000E+00  9.8012E+00  2.9646E+01  3.1056E+00  5.9993E-01  7.4873E-02  3.4130E+00  3.7686E+00 -3.5563E-01 -3.8795E-03
  3.5000E+01  5.0000E-01  0.0000E+00  3.2500E+00  0.0000E+00  0.0000E+00  9.8012E+00  2.9646E+01  2.8592E+00  8.1499E-01  3.6220E-01  3.2500E+00  3.4323E+00 -1.8228E-01  2.6430E-01
  3.5000E+01  1.0000E+00  0.0000E+00  2.0980E+00  0.0000E+00  0.0000E+00  9.8012E+00  2.9646E+01  2.4236E+00 -7.7000E-01 -1.0886E+00  2.0980E+00  2.8470E+00 -7.4897E-01 -9.5630E-01
  3.5000E+01  2.0000E+00  0.0000E+00  1.0620E+00  0.0000E+00  0.0000E+00  9.8012E+00  2.9646E+01  1.7413E+00 -1.9982E+00 -2.0960E+00  1.0620E+00  1.9588E+00 -8.9676E-01 -1.8709E+00
  3.5000E+01  4.0000E+00  0.0000E+00  6.2100E-01  0.0000E+00  0.0000E+00  9.8012E+00  2.9646E+01  8.9890E-01 -1.0808E+00 -9.3969E-01  6.2100E-01  9.2721E-01 -3.0621E-01 -8.1906E-01
  3.5000E+01  6.0000E+00  0.0000E+00  6.6300E-01  0.0000E+00  0.0000E+00  9.8012E+00  2.9646E+01  4.6403E-01  8.6481E-01  1.0496E+00  6.6300E-01  4.3891E-01  2.2409E-01  1.1379E+00
  3.5000E+01  8.0000E+00  0.0000E+00  5.9800E-01  0.0000E+00  0.0000E+00  9.8012E+00  2.9646E+01  2.3954E-01  1.6124E+00  1.7649E+00  5.9800E-01  2.0777E-01  3.9023E-01  1.8238E+00
  3.5000E+01  1.2000E+01  0.0000E+00  4.1200E-01  0.0000E+00  0.0000E+00  9.8012E+00  2.9646E+01  6.3835E-02  1.5853E+00  1.6555E+00  4.1200E-01  4.6555E-02  3.6544E-01  1.6720E+00
  3.5000E+01  2.4000E+01  0.0000E+00  2.5600E-01  0.0000E+00  0.0000E+00  9.8012E+00  2.9646E+01  1.2080E-03  1.1612E+00  1.1642E+00  2.5600E-01  5.2379E-04  2.5548E-01  1.1642E+00
  3.5000E+01  3.6000E+01  0.0000E+00  1.3000E-01  0.0000E+00  0.0000E+00  9.8012E+00  2.9646E+01  2.2862E-05  5.9237E-01  5.9246E-01  1.3000E-01  5.8931E-06  1.2999E-01  5.9244E-01
  3.5000E+01  4.8000E+01  0.0000E+00  3.4000E-02  0.0000E+00  0.0000E+00  9.8012E+00  2.9646E+01  4.3264E-07  1.5495E-01  1.5495E-01  3.4000E-02  6.6303E-08  3.4000E-02  1.5495E-01
  3.6000E+01  0.0000E+00  1.0000E+02  0.0000E+00  1.0000E+00  1.0000E+00  1.2005E+01  2.3377E+01  4.2777E+00 -6.3412E+00  0.0000E+00  0.0000E+00  4.1379E+00  0.0000E+00  0.0000E+00
  3.6000E+01  2.5000E-01  0.0000E+00  4.6190E+00  0.0000E+00  0.0000E+00  1.2005E+01  2.3377E+01  3.7623E+00  1.4221E+00  1.3215E+00  4.6190E+00  3.7686E+00  8.5037E-01  1.4537E+00
  3.6000E+01  5.0000E-01  0.0000E+00  3.2000E+00  0.0000E+00  0.0000E+00  1.2005E+01  2.3377E+01  3.3090E+00 -2.0182E-01 -3.7420E-01  3.2000E+00  3.4323E+00 -2.3228E-01 -2.6524E-01
  3.6000E+01  1.0000E+00  0.0000E+00  2.1350E+00  0.0000E+00  0.0000E+00  1.2005E+01  2.3377E+01  2.5596E+00 -9.6448E-01 -1.2315E+00  2.1350E+00  2.8470E+00 -7.1197E-01 -1.1651E+00
  3.6000E+01  2.0000E+00  0.0000E+00  1.0450E+00  0.0000E+00  0.0000E+00  1.2005E+01  2.3377E+01  1.5316E+00 -1.5364E+00 -1.8523E+00  1.0450E+00  1.9588E+00 -9.1376E-01 -1.8728E+00
  3.6000E+01  4.0000E+00  0.0000E+00  5.7600E-01  0.0000E+00  0.0000E+00  1.2005E+01  2.3377E+01  5.4837E-01  1.1798E-01 -9.4553E-02  5.7600E-01  9.2721E-01 -3.5121E-01 -4.9223E-01
  3.6000E+01  6.0000E+00  0.0000E+00  4.0900E-01  0.0000E+00  0.0000E+00  1.2005E+01  2.3377E+01  1.9634E-01  9.6068E-01  8.5031E-01  4.0900E-01  4.3891E-01 -2.9911E-02  5.6358E-01
  3.6000E+01  8.0000E+00  0.0000E+00  4.0300E-01  0.0000E+00  0.0000E+00  1.2005E+01  2.3377E+01  7.0297E-02  1.5146E+00  1.4627E+00  4.0300E-01  2.0777E-01  1.9523E-01  1.3331E+00
  3.6000E+01  1.2000E+01  0.0000E+00  3.1700E-01  0.0000E+00  0.0000E+00  1.2005E+01  2.3377E+01  9.0116E-03  1.4036E+00  1.3938E+00  3.1700E-01  4.6555E-02  2.7044E-01  1.3846E+00
  3.6000E+01  2.4000E+01  0.0000E+00  1.9400E-01  0.0000E+00  0.0000E+00  1.2005E+01  2.3377E+01  1.8984E-05  8.8407E-01  8.8403E-01  1.9400E-01  5.2379E-04  1.9348E-01  8.8518E-01
  3.6000E+01  3.6000E+01  0.0000E+00  1.2200E-01  0.0000E+00  0.0000E+00  1.2005E+01  2.3377E+01  3.9993E-08  5.5601E-01  5.5601E-01  1.2200E-01  5.8931E-06  1.2199E-01  5.5604E-01
  3.6000E+01  4.8000E+01  0.0000E+00  6.7000E-02  0.0000E+00  0.0000E+00  1.2005E+01  2.3377E+01  8.4250E-11  3.0535E-01  3.0535E-01  6.7000E-02  6.6303E-08  6.7000E-02  3.0535E-01
  3.7000E+01  0.0000E+00  1.0000E+02  0.0000E+00  1.0000E+00  1.0000E+00  1.2125E+01  1.5447E+01  6.4737E+00 -6.5391E+00  0.0000E+00  0.0000E+00  4.1379E+00  0.0000E+00  0.0000E+00
  3.7000E+01  2.5000E-01  0.0000E+00  6.7790E+00  0.0000E+00  0.0000E+00  1.2125E+01  1.5447E+01  5.3202E+00  1.7722E+00  2.5166E+00  6.7790E+00  3.7686E+00  3.0104E+00  3.5747E+00
  3.7000E+01  5.0000E-01  0.0000E+00  4.1500E+00  0.0000E+00  0.0000E+00  1.2125E+01  1.5447E+01  4.3723E+00 -3.2307E-01 -5.0039E-02  4.1500E+00  3.4323E+00  7.1772E-01  1.4035E-01
  3.7000E+01  1.0000E+00  0.0000E+00  2.8750E+00  0.0000E+00  0.0000E+00  1.2125E+01  1.5447E+01  2.9530E+00 -1.5847E-01 -5.4588E-01  2.8750E+00  2.8470E+00  2.8034E-02 -6.2519E-01
  3.7000E+01  2.0000E+00  0.0000E+00  1.0610E+00  0.0000E+00  0.0000E+00  1.2125E+01  1.5447E+01  1.3470E+00 -9.6140E-01 -1.8030E+00  1.0610E+00  1.9588E+00 -8.9776E-01 -2.1920E+00
  3.7000E+01  4.0000E+00  0.0000E+00  3.8600E-01  0.0000E+00  0.0000E+00  1.2125E+01  1.5447E+01  2.8027E-01  4.7334E-01  7.7604E-04  3.8600E-01  9.2721E-01 -5.4121E-01 -6.1586E-01
  3.7000E+01  6.0000E+00  0.0000E+00  1.8500E-01  0.0000E+00  0.0000E+00  1.2125E+01  1.5447E+01  5.8317E-02  5.7690E-01  4.1893E-01  1.8500E-01  4.3891E-01 -2.5391E-01  3.9503E-01
  3.7000E+01  8.0000E+00  0.0000E+00  2.0400E-01  0.0000E+00  0.0000E+00  1.2125E+01  1.5447E+01  1.2134E-02  8.7440E-01  8.2920E-01  2.0400E-01  2.0777E-01 -3.7661E-03  1.0666E+00
  3.7000E+01  1.2000E+01  0.0000E+00  2.1100E-01  0.0000E+00  0.0000E+00  1.2125E+01  1.5447E+01  5.2534E-04  9.5924E-01  9.5621E-01  2.1100E-01  4.6555E-02  1.6444E-01  1.1504E+00
  3.7000E+01  2.4000E+01  0.0000E+00  1.3400E-01  0.0000E+00  0.0000E+00  1.2125E+01  1.5447E+01  4.2632E-08  6.1070E-01  6.1070E-01  1.3400E-01  5.2379E-04  1.3348E-01  6.1810E-01
  3.7000E+01  3.6000E+01  0.0000E+00  7.2000E-02  0.0000E+00  0.0000E+00  1.2125E+01  1.5447E+01  3.4596E-12  3.2814E-01  3.2814E-01  7.2000E-02  5.8931E-06  7.1994E-02  3.2828E-01
  3.7000E+01  4.8000E+01  0.0000E+00  1.1000E-02  0.0000E+00  0.0000E+00  1.2125E+01  1.5447E+01  2.8075E-16  5.0132E-02  5.0132E-02  1.1000E-02  6.6303E-08  1.1000E-02  5.0135E-02
  3.8000E+01  0.0000E+00  1.0000E+02  0.0000E+00  1.0000E+00  1.0000E+00  1.5164E+01  2.5566E+01  3.9114E+00 -6.2764E+00  0.0000E+00  0.0000E+00  4.1379E+00  0.0000E+00  0.0000E+00
  3.8000E+01  2.5000E-01  0.0000E+00  4.0250E+00  0.0000E+00  0.0000E+00  1.5164E+01  2.5566E+01  3.3724E+00  1.1894E+00  9.0481E-01  4.0250E+00  3.7686E+00  2.5637E-01  1.0315E+00
  3.8000E+01  5.0000E-01  0.0000E+00  2.6390E+00  0.0000E+00  0.0000E+00  1.5164E+01  2.5566E+01  2.9076E+00 -5.5279E-01 -9.6070E-01  2.6390E+00  3.4323E+00 -7.9328E-01 -7.0077E-01
  3.8000E+01  1.0000E+00  0.0000E+00  1.4050E+00  0.0000E+00  0.0000E+00  1.5164E+01  2.5566E+01  2.1614E+00 -1.9400E+00 -2.5044E+00  1.4050E+00  2.8470E+00 -1.4420E+00 -2.1011E+00
  3.8000E+01  2.0000E+00  0.0000E+00  9.3600E-01  0.0000E+00  0.0000E+00  1.5164E+01  2.5566E+01  1.1944E+00 -9.1434E-01 -1.5340E+00  9.3600E-01  1.9588E+00 -1.0228E+00 -1.5833E+00
  3.8000E+01  4.0000E+00  0.0000E+00  4.3800E-01  0.0000E+00  0.0000E+00  1.5164E+01  2.5566E+01  3.6472E-01  3.2414E-01 -5.1748E-02  4.3800E-01  9.2721E-01 -4.8921E-01 -5.4341E-01
  3.8000E+01  6.0000E+00  0.0000E+00  2.6700E-01  0.0000E+00  0.0000E+00  1.5164E+01  2.5566E+01  1.1137E-01  7.0725E-01  5.3677E-01  2.6700E-01  4.3891E-01 -1.7191E-01  2.4169E-01
  3.8000E+01  8.0000E+00  0.0000E+00  2.1100E-01  0.0000E+00  0.0000E+00  1.5164E+01  2.5566E+01  3.4009E-02  8.0642E-01  7.3745E-01  2.1100E-01  2.0777E-01  3.2339E-03  6.2946E-01
  3.8000E+01  1.2000E+01  0.0000E+00  1.5200E-01  0.0000E+00  0.0000E+00  1.5164E+01  2.5566E+01  3.1712E-03  6.7828E-01  6.6870E-01  1.5200E-01  4.6555E-02  1.0544E-01  6.7697E-01
  3.8000E+01  2.4000E+01  0.0000E+00  4.8000E-02  0.0000E+00  0.0000E+00  1.5164E+01  2.5566E+01  2.5711E-06  2.1875E-01  2.1873E-01  4.8000E-02  5.2379E-04  4.7476E-02  2.2052E-01
  3.8000E+01  3.6000E+01  0.0000E+00  2.5000E-02  0.0000E+00  0.0000E+00  1.5164E+01  2.5566E+01  2.0845E-09  1.1394E-01  1.1394E-01  2.5000E-02  5.8931E-06  2.4994E-02  1.1398E-01
  3.8000E+01  4.8000E+01  0.0000E+00  1.9000E-02  0.0000E+00  0.0000E+00  1.5164E+01  2.5566E+01  1.6900E-12  8.6592E-02  8.6592E-02  1.9000E-02  6.6303E-08  1.9000E-02  8.6593E-02
  3.9000E+01  0.0000E+00  1.0000E+02  0.0000E+00  1.0000E+00  1.0000E+00  1.1279E+01  2.7567E+01  3.6275E+00 -6.2141E+00  0.0000E+00  0.0000E+00  4.1379E+00  0.0000E+00  0.0000E+00
  3.9000E+01  2.5000E-01  0.0000E+00  3.5510E+00  0.0000E+00  0.0000E+00  1.1279E+01  2.7567E+01  3.2748E+00  5.1593E-01  1.1688E-01  3.5510E+00  3.7686E+00 -2.1763E-01  1.2472E-01
  3.9000E+01  5.0000E-01  0.0000E+00  3.2600E+00  0.0000E+00  0.0000E+00  1.1279E+01  2.7567E+01  2.9564E+00  6.1657E-01  2.3491E-01  3.2600E+00  3.4323E+00 -1.7228E-01  2.1341E-01
  3.9000E+01  1.0000E+00  0.0000E+00  2.0240E+00  0.0000E+00  0.0000E+00  1.1279E+01  2.7567E+01  2.4094E+00 -9.1546E-01 -1.2551E+00  2.0240E+00  2.8470E+00 -8.2297E-01 -1.1167E+00
  3.9000E+01  2.0000E+00  0.0000E+00  1.0560E+00  0.0000E+00  0.0000E+00  1.1279E+01  2.7567E+01  1.6003E+00 -1.6791E+00 -1.9222E+00  1.0560E+00  1.9588E+00 -9.0276E-01 -1.7648E+00
  3.9000E+01  4.0000E+00  0.0000E+00  6.9400E-01  0.0000E+00  0.0000E+00  1.1279E+01  2.7567E+01  7.0603E-01 -4.9420E-02 -1.4273E-01  6.9400E-01  9.2721E-01 -2.3321E-01 -2.5252E-01
  3.9000E+01  6.0000E+00  0.0000E+00  4.4600E-01  0.0000E+00  0.0000E+00  1.1279E+01  2.7567E+01  3.1148E-01  5.9979E-01  5.7008E-01  4.4600E-01  4.3891E-01  7.0886E-03  4.6199E-01
  3.9000E+01  8.0000E+00  0.0000E+00  3.6300E-01  0.0000E+00  0.0000E+00  1.1279E+01  2.7567E+01  1.3742E-01  1.0236E+00  1.0154E+00  3.6300E-01  2.0777E-01  1.5523E-01  9.5126E-01
  3.9000E+01  1.2000E+01  0.0000E+00  3.0800E-01  0.0000E+00  0.0000E+00  1.1279E+01  2.7567E+01  2.6746E-02  1.2816E+00  1.2818E+00  3.0800E-01  4.6555E-02  2.6144E-01  1.2654E+00
  3.9000E+01  2.4000E+01  0.0000E+00  1.8600E-01  0.0000E+00  0.0000E+00  1.1279E+01  2.7567E+01  1.9719E-04  8.4679E-01  8.4684E-01  1.8600E-01  5.2379E-04  1.8548E-01  8.4674E-01
  3.9000E+01  3.6000E+01  0.0000E+00  5.5000E-02  0.0000E+00  0.0000E+00  1.1279E+01  2.7567E+01  1.4539E-06  2.5066E-01  2.5066E-01  5.5000E-02  5.8931E-06  5.4994E-02  2.5066E-01
  3.9000E+01  4.8000E+01  0.0000E+00  1.0000E-03  0.0000E+00  0.0000E+00  1.1279E+01  2.7567E+01  1.0720E-08  4.5574E-03  4.5574E-03  1.0000E-03  6.6303E-08  9.9993E-04  4.5575E-03
  4.0000E+01  0.0000E+00  1.0000E+02  0.0000E+00  1.0000E+00  1.0000E+00  6.1771E+00  1.9582E+01  5.1067E+00 -6.4437E+00  0.0000E+00  0.0000E+00  4.1379E+00  0.0000E+00  0.0000E+00
  4.0000E+01  2.5000E-01  0.0000E+00  5.8250E+00  0.0000E+00  0.0000E+00  6.1771E+00  1.9582E+01  4.7195E+00  1.4996E+00  1.7614E+00  5.8250E+00  3.7686E+00  2.0564E+00  2.0232E+00
  4.0000E+01  5.0000E-01  0.0000E+00  4.5580E+00  0.0000E+00  0.0000E+00  6.1771E+00  1.9582E+01  4.3616E+00  2.8615E-01  6.0067E-01  4.5580E+00  3.4323E+00  1.1257E+00  6.5457E-01
  4.0000E+01  1.0000E+00  0.0000E+00  4.2210E+00  0.0000E+00  0.0000E+00  6.1771E+00  1.9582E+01  3.7252E+00  8.3017E-01  1.2408E+00  4.2210E+00  2.8470E+00  1.3740E+00  1.5042E+00
  4.0000E+01  2.0000E+00  0.0000E+00  2.0700E+00  0.0000E+00  0.0000E+00  6.1771E+00  1.9582E+01  2.7174E+00 -1.4048E+00 -8.4576E-01  2.0700E+00  1.9588E+00  1.1124E-01 -9.9060E-01
  4.0000E+01  4.0000E+00  0.0000E+00  1.1340E+00  0.0000E+00  0.0000E+00  6.1771E+00  1.9582E+01  1.4460E+00 -1.0140E+00 -3.5093E-01  1.1340E+00  9.2721E-01  2.0679E-01 -1.8418E-01
  4.0000E+01  6.0000E+00  0.0000E+00  8.8300E-01  0.0000E+00  0.0000E+00  6.1771E+00  1.9582E+01  7.6942E-01  4.5873E-01  1.0314E+00  8.8300E-01  4.3891E-01  4.4409E-01  1.3621E+00
  4.0000E+01  8.0000E+00  0.0000E+00  7.3600E-01  0.0000E+00  0.0000E+00  6.1771E+00  1.9582E+01  4.0942E-01  1.4339E+00  1.8530E+00  7.3600E-01  2.0777E-01  5.2823E-01  2.0844E+00
  4.0000E+01  1.2000E+01  0.0000E+00  5.5900E-01  0.0000E+00  0.0000E+00  6.1771E+00  1.9582E+01  1.1593E-01  2.0131E+00  2.1935E+00  5.5900E-01  4.6555E-02  5.1244E-01  2.2600E+00
  4.0000E+01  2.4000E+01  0.0000E+00  2.3800E-01  0.0000E+00  0.0000E+00  6.1771E+00  1.9582E+01  2.6316E-03  1.0727E+00  1.0809E+00  2.3800E-01  5.2379E-04  2.3748E-01  1.0812E+00
  4.0000E+01  3.6000E+01  0.0000E+00  8.9000E-02  0.0000E+00  0.0000E+00  6.1771E+00  1.9582E+01  5.9738E-05  4.0534E-01  4.0562E-01  8.9000E-02  5.8931E-06  8.8994E-02  4.0558E-01
  4.0000E+01  4.8000E+01  0.0000E+00  7.2000E-02  0.0000E+00  0.0000E+00  6.1771E+00  1.9582E+01  1.3561E-06  3.2813E-01  3.2814E-01  7.2000E-02  6.6303E-08  7.2000E-02  3.2814E-01
