TABLE NO.  3
 ID          WT          PMA         AGE
  1.0000E+00  2.8200E+00  3.6100E+01  1.4000E-02
  1.0000E+00  2.8200E+00  3.6100E+01  1.4000E-02
  1.0000E+00  2.8200E+00  3.6100E+01  1.4000E-02
  1.0000E+00  2.8200E+00  3.6100E+01  1.4000E-02
  2.0000E+00  2.3100E+00  3.2900E+01  5.3000E-02
  2.0000E+00  2.3100E+00  3.2900E+01  5.3000E-02
  2.0000E+00  2.3100E+00  3.2900E+01  5.3000E-02
  3.0000E+00  1.9200E+00  3.1800E+01  3.5000E-02
  3.0000E+00  1.9200E+00  3.1800E+01  3.5000E-02
  3.0000E+00  1.9200E+00  3.1800E+01  3.5000E-02
  3.0000E+00  1.9200E+00  3.1800E+01  3.5000E-02
  4.0000E+00  1.1500E+00  2.8200E+01  2.4000E-02
  4.0000E+00  1.1500E+00  2.8200E+01  2.4000E-02
  4.0000E+00  1.1500E+00  2.8200E+01  2.4000E-02
  5.0000E+00  2.6000E+00  3.5100E+01  2.0000E-02
  5.0000E+00  2.6000E+00  3.5100E+01  2.0000E-02
  5.0000E+00  2.6000E+00  3.5100E+01  2.0000E-02
  6.0000E+00  2.2400E+00  3.4900E+01  5.2000E-02
  6.0000E+00  2.2400E+00  3.4900E+01  5.2000E-02
  6.0000E+00  2.2400E+00  3.4900E+01  5.2000E-02
  6.0000E+00  2.2400E+00  3.4900E+01  5.2000E-02
  7.0000E+00  3.8000E+00  4.2800E+01  5.6000E-02
  7.0000E+00  3.8000E+00  4.2800E+01  5.6000E-02
  7.0000E+00  3.8000E+00  4.2800E+01  5.6000E-02
  8.0000E+00  1.8000E+00  3.1100E+01  1.8000E-02
  8.0000E+00  1.8000E+00  3.1100E+01  1.8000E-02
  8.0000E+00  1.8000E+00  3.1100E+01  1.8000E-02
  9.0000E+00  2.2700E+00  3.5600E+01  2.3000E-02
  9.0000E+00  2.2700E+00  3.5600E+01  2.3000E-02
  9.0000E+00  2.2700E+00  3.5600E+01  2.3000E-02
  9.0000E+00  2.2700E+00  3.5600E+01  2.3000E-02
  1.0000E+01  1.7500E+00  2.9800E+01  7.2000E-02
  1.0000E+01  1.7500E+00  2.9800E+01  7.2000E-02
  1.0000E+01  1.7500E+00  2.9800E+01  7.2000E-02
  1.1000E+01  4.1300E+00  4.4200E+01  6.1000E-02
  1.1000E+01  4.1300E+00  4.4200E+01  6.1000E-02
  1.1000E+01  4.1300E+00  4.4200E+01  6.1000E-02
  1.1000E+01  4.1300E+00  4.4200E+01  6.1000E-02
  1.2000E+01  3.6600E+00  4.0100E+01  2.1000E-02
  1.2000E+01  3.6600E+00  4.0100E+01  2.1000E-02
  1.2000E+01  3.6600E+00  4.0100E+01  2.1000E-02
  1.2000E+01  3.6600E+00  4.0100E+01  2.1000E-02
  1.3000E+01  3.5500E+00  4.0600E+01  5.6000E-02
  1.3000E+01  3.5500E+00  4.0600E+01  5.6000E-02
  1.3000E+01  3.5500E+00  4.0600E+01  5.6000E-02
  1.3000E+01  3.5500E+00  4.0600E+01  5.6000E-02
  1.4000E+01  2.5900E+00  3.6400E+01  2.0000E-03
  1.4000E+01  2.5900E+00  3.6400E+01  2.0000E-03
  1.4000E+01  2.5900E+00  3.6400E+01  2.0000E-03
  1.4000E+01  2.5900E+00  3.6400E+01  2.0000E-03
  1.5000E+01  2.7500E+00  3.6900E+01  6.7000E-02
  1.5000E+01  2.7500E+00  3.6900E+01  6.7000E-02
  1.5000E+01  2.7500E+00  3.6900E+01  6.7000E-02
  1.5000E+01  2.7500E+00  3.6900E+01  6.7000E-02
  1.6000E+01  2.5200E+00  3.3300E+01  4.4000E-02
  1.6000E+01  2.5200E+00  3.3300E+01  4.4000E-02
  1.6000E+01  2.5200E+00  3.3300E+01  4.4000E-02
  1.7000E+01  2.7700E+00  3.4900E+01  6.3000E-02
  1.7000E+01  2.7700E+00  3.4900E+01  6.3000E-02
  1.7000E+01  2.7700E+00  3.4900E+01  6.3000E-02
  1.7000E+01  2.7700E+00  3.4900E+01  6.3000E-02
  1.8000E+01  2.9100E+00  3.6400E+01  5.8000E-02
  1.8000E+01  2.9100E+00  3.6400E+01  5.8000E-02
  1.8000E+01  2.9100E+00  3.6400E+01  5.8000E-02
  1.8000E+01  2.9100E+00  3.6400E+01  5.8000E-02
  1.9000E+01  3.8600E+00  4.1500E+01  1.0000E-02
  1.9000E+01  3.8600E+00  4.1500E+01  1.0000E-02
  1.9000E+01  3.8600E+00  4.1500E+01  1.0000E-02
  2.0000E+01  3.0800E+00  3.6600E+01  4.7000E-02
  2.0000E+01  3.0800E+00  3.6600E+01  4.7000E-02
  2.0000E+01  3.0800E+00  3.6600E+01  4.7000E-02
  2.0000E+01  3.0800E+00  3.6600E+01  4.7000E-02
  2.1000E+01  3.3200E+00  3.9100E+01  6.2000E-02
  2.1000E+01  3.3200E+00  3.9100E+01  6.2000E-02
  2.1000E+01  3.3200E+00  3.9100E+01  6.2000E-02
  2.1000E+01  3.3200E+00  3.9100E+01  6.2000E-02
  2.2000E+01  2.0800E+00  3.2200E+01  5.8000E-02
  2.2000E+01  2.0800E+00  3.2200E+01  5.8000E-02
  2.2000E+01  2.0800E+00  3.2200E+01  5.8000E-02
  2.3000E+01  1.8800E+00  2.9800E+01  4.8000E-02
  2.3000E+01  1.8800E+00  2.9800E+01  4.8000E-02
  2.3000E+01  1.8800E+00  2.9800E+01  4.8000E-02
  2.3000E+01  1.8800E+00  2.9800E+01  4.8000E-02
  2.4000E+01  3.4000E+00  4.0700E+01  1.8000E-02
  2.4000E+01  3.4000E+00  4.0700E+01  1.8000E-02
  2.4000E+01  3.4000E+00  4.0700E+01  1.8000E-02
  2.5000E+01  2.0100E+00  3.1800E+01  5.1000E-02
  2.5000E+01  2.0100E+00  3.1800E+01  5.1000E-02
  2.5000E+01  2.0100E+00  3.1800E+01  5.1000E-02
  2.6000E+01  2.5400E+00  3.5300E+01  6.1000E-02
  2.6000E+01  2.5400E+00  3.5300E+01  6.1000E-02
  2.6000E+01  2.5400E+00  3.5300E+01  6.1000E-02
  2.6000E+01  2.5400E+00  3.5300E+01  6.1000E-02
  2.7000E+01  3.5300E+00  4.1600E+01  4.3000E-02
  2.7000E+01  3.5300E+00  4.1600E+01  4.3000E-02
  2.7000E+01  3.5300E+00  4.1600E+01  4.3000E-02
  2.7000E+01  3.5300E+00  4.1600E+01  4.3000E-02
  2.8000E+01  3.4500E+00  4.1300E+01  1.0000E-02
  2.8000E+01  3.4500E+00  4.1300E+01  1.0000E-02
  2.8000E+01  3.4500E+00  4.1300E+01  1.0000E-02
  2.9000E+01  4.1300E+00  4.2000E+01  4.2000E-02
  2.9000E+01  4.1300E+00  4.2000E+01  4.2000E-02
  2.9000E+01  4.1300E+00  4.2000E+01  4.2000E-02
  2.9000E+01  4.1300E+00  4.2000E+01  4.2000E-02
  3.0000E+01  1.7000E+00  3.1900E+01  1.6000E-02
  3.0000E+01  1.7000E+00  3.1900E+01  1.6000E-02
  3.0000E+01  1.7000E+00  3.1900E+01  1.6000E-02
  3.0000E+01  1.7000E+00  3.1900E+01  1.6000E-02
  3.1000E+01  1.2360E+01  1.0570E+02  1.2590E+00
  3.1000E+01  1.2360E+01  1.0570E+02  1.2590E+00
  3.1000E+01  1.2360E+01  1.0570E+02  1.2590E+00
  3.1000E+01  1.2360E+01  1.0570E+02  1.2590E+00
  3.1000E+01  1.2360E+01  1.0570E+02  1.2590E+00
  3.2000E+01  1.0960E+01  8.6000E+01  8.8100E-01
  3.2000E+01  1.0960E+01  8.6000E+01  8.8100E-01
  3.2000E+01  1.0960E+01  8.6000E+01  8.8100E-01
  3.2000E+01  1.0960E+01  8.6000E+01  8.8100E-01
  3.2000E+01  1.0960E+01  8.6000E+01  8.8100E-01
  3.3000E+01  1.2310E+01  1.3470E+02  1.8150E+00
  3.3000E+01  1.2310E+01  1.3470E+02  1.8150E+00
  3.3000E+01  1.2310E+01  1.3470E+02  1.8150E+00
  3.3000E+01  1.2310E+01  1.3470E+02  1.8150E+00
  3.4000E+01  7.6700E+00  6.1300E+01  4.0800E-01
  3.4000E+01  7.6700E+00  6.1300E+01  4.0800E-01
  3.4000E+01  7.6700E+00  6.1300E+01  4.0800E-01
  3.4000E+01  7.6700E+00  6.1300E+01  4.0800E-01
  3.5000E+01  1.3190E+01  1.3390E+02  1.7990E+00
  3.5000E+01  1.3190E+01  1.3390E+02  1.7990E+00
  3.5000E+01  1.3190E+01  1.3390E+02  1.7990E+00
  3.5000E+01  1.3190E+01  1.3390E+02  1.7990E+00
  3.6000E+01  1.3430E+01  1.4330E+02  1.9790E+00
  3.6000E+01  1.3430E+01  1.4330E+02  1.9790E+00
  3.6000E+01  1.3430E+01  1.4330E+02  1.9790E+00
  3.6000E+01  1.3430E+01  1.4330E+02  1.9790E+00
  3.6000E+01  1.3430E+01  1.4330E+02  1.9790E+00
  3.7000E+01  6.8800E+00  5.0200E+01  1.9500E-01
  3.7000E+01  6.8800E+00  5.0200E+01  1.9500E-01
  3.7000E+01  6.8800E+00  5.0200E+01  1.9500E-01
  3.7000E+01  6.8800E+00  5.0200E+01  1.9500E-01
  3.7000E+01  6.8800E+00  5.0200E+01  1.9500E-01
  3.8000E+01  8.5400E+00  5.9500E+01  3.7400E-01
  3.8000E+01  8.5400E+00  5.9500E+01  3.7400E-01
  3.8000E+01  8.5400E+00  5.9500E+01  3.7400E-01
  3.8000E+01  8.5400E+00  5.9500E+01  3.7400E-01
  3.9000E+01  1.0540E+01  7.0000E+01  5.7500E-01
  3.9000E+01  1.0540E+01  7.0000E+01  5.7500E-01
  3.9000E+01  1.0540E+01  7.0000E+01  5.7500E-01
  3.9000E+01  1.0540E+01  7.0000E+01  5.7500E-01
  4.0000E+01  1.4780E+01  1.3180E+02  1.7580E+00
  4.0000E+01  1.4780E+01  1.3180E+02  1.7580E+00
  4.0000E+01  1.4780E+01  1.3180E+02  1.7580E+00
  4.0000E+01  1.4780E+01  1.3180E+02  1.7580E+00
  4.0000E+01  1.4780E+01  1.3180E+02  1.7580E+00
  4.1000E+01  7.2400E+00  6.0800E+01  3.9800E-01
  4.1000E+01  7.2400E+00  6.0800E+01  3.9800E-01
  4.1000E+01  7.2400E+00  6.0800E+01  3.9800E-01
  4.1000E+01  7.2400E+00  6.0800E+01  3.9800E-01
  4.1000E+01  7.2400E+00  6.0800E+01  3.9800E-01
  4.2000E+01  7.7100E+00  7.1800E+01  6.0900E-01
  4.2000E+01  7.7100E+00  7.1800E+01  6.0900E-01
  4.2000E+01  7.7100E+00  7.1800E+01  6.0900E-01
  4.2000E+01  7.7100E+00  7.1800E+01  6.0900E-01
  4.3000E+01  1.3910E+01  1.3650E+02  1.8480E+00
  4.3000E+01  1.3910E+01  1.3650E+02  1.8480E+00
  4.3000E+01  1.3910E+01  1.3650E+02  1.8480E+00
  4.3000E+01  1.3910E+01  1.3650E+02  1.8480E+00
  4.3000E+01  1.3910E+01  1.3650E+02  1.8480E+00
  4.4000E+01  6.5000E+00  4.9600E+01  1.8500E-01
  4.4000E+01  6.5000E+00  4.9600E+01  1.8500E-01
  4.4000E+01  6.5000E+00  4.9600E+01  1.8500E-01
  4.4000E+01  6.5000E+00  4.9600E+01  1.8500E-01
  4.4000E+01  6.5000E+00  4.9600E+01  1.8500E-01
  4.5000E+01  6.9200E+00  5.1600E+01  2.2100E-01
  4.5000E+01  6.9200E+00  5.1600E+01  2.2100E-01
  4.5000E+01  6.9200E+00  5.1600E+01  2.2100E-01
  4.5000E+01  6.9200E+00  5.1600E+01  2.2100E-01
  4.6000E+01  8.6100E+00  6.9700E+01  5.6800E-01
  4.6000E+01  8.6100E+00  6.9700E+01  5.6800E-01
  4.6000E+01  8.6100E+00  6.9700E+01  5.6800E-01
  4.6000E+01  8.6100E+00  6.9700E+01  5.6800E-01
  4.6000E+01  8.6100E+00  6.9700E+01  5.6800E-01
  4.7000E+01  1.1180E+01  8.1700E+01  7.9900E-01
  4.7000E+01  1.1180E+01  8.1700E+01  7.9900E-01
  4.7000E+01  1.1180E+01  8.1700E+01  7.9900E-01
  4.7000E+01  1.1180E+01  8.1700E+01  7.9900E-01
  4.8000E+01  7.4500E+00  5.5800E+01  3.0300E-01
  4.8000E+01  7.4500E+00  5.5800E+01  3.0300E-01
  4.8000E+01  7.4500E+00  5.5800E+01  3.0300E-01
  4.8000E+01  7.4500E+00  5.5800E+01  3.0300E-01
  4.8000E+01  7.4500E+00  5.5800E+01  3.0300E-01
  4.9000E+01  1.1450E+01  1.0040E+02  1.1570E+00
  4.9000E+01  1.1450E+01  1.0040E+02  1.1570E+00
  4.9000E+01  1.1450E+01  1.0040E+02  1.1570E+00
  4.9000E+01  1.1450E+01  1.0040E+02  1.1570E+00
  4.9000E+01  1.1450E+01  1.0040E+02  1.1570E+00
  5.0000E+01  1.2280E+01  1.3590E+02  1.8380E+00
  5.0000E+01  1.2280E+01  1.3590E+02  1.8380E+00
  5.0000E+01  1.2280E+01  1.3590E+02  1.8380E+00
  5.0000E+01  1.2280E+01  1.3590E+02  1.8380E+00
  5.1000E+01  1.3690E+01  1.4320E+02  1.9780E+00
  5.1000E+01  1.3690E+01  1.4320E+02  1.9780E+00
  5.1000E+01  1.3690E+01  1.4320E+02  1.9780E+00
  5.1000E+01  1.3690E+01  1.4320E+02  1.9780E+00
  5.1000E+01  1.3690E+01  1.4320E+02  1.9780E+00
  5.2000E+01  8.2600E+00  5.7600E+01  3.3800E-01
  5.2000E+01  8.2600E+00  5.7600E+01  3.3800E-01
  5.2000E+01  8.2600E+00  5.7600E+01  3.3800E-01
  5.2000E+01  8.2600E+00  5.7600E+01  3.3800E-01
  5.3000E+01  6.7600E+00  5.4200E+01  2.7300E-01
  5.3000E+01  6.7600E+00  5.4200E+01  2.7300E-01
  5.3000E+01  6.7600E+00  5.4200E+01  2.7300E-01
  5.3000E+01  6.7600E+00  5.4200E+01  2.7300E-01
  5.4000E+01  1.2820E+01  1.0290E+02  1.2050E+00
  5.4000E+01  1.2820E+01  1.0290E+02  1.2050E+00
  5.4000E+01  1.2820E+01  1.0290E+02  1.2050E+00
  5.4000E+01  1.2820E+01  1.0290E+02  1.2050E+00
  5.5000E+01  1.1000E+01  7.0600E+01  5.8700E-01
  5.5000E+01  1.1000E+01  7.0600E+01  5.8700E-01
  5.5000E+01  1.1000E+01  7.0600E+01  5.8700E-01
  5.5000E+01  1.1000E+01  7.0600E+01  5.8700E-01
  5.6000E+01  1.1970E+01  1.1370E+02  1.4120E+00
  5.6000E+01  1.1970E+01  1.1370E+02  1.4120E+00
  5.6000E+01  1.1970E+01  1.1370E+02  1.4120E+00
  5.6000E+01  1.1970E+01  1.1370E+02  1.4120E+00
  5.6000E+01  1.1970E+01  1.1370E+02  1.4120E+00
  5.7000E+01  1.2650E+01  8.6300E+01  8.8700E-01
  5.7000E+01  1.2650E+01  8.6300E+01  8.8700E-01
  5.7000E+01  1.2650E+01  8.6300E+01  8.8700E-01
  5.7000E+01  1.2650E+01  8.6300E+01  8.8700E-01
  5.7000E+01  1.2650E+01  8.6300E+01  8.8700E-01
  5.8000E+01  1.2280E+01  8.1400E+01  7.9300E-01
  5.8000E+01  1.2280E+01  8.1400E+01  7.9300E-01
  5.8000E+01  1.2280E+01  8.1400E+01  7.9300E-01
  5.8000E+01  1.2280E+01  8.1400E+01  7.9300E-01
  5.9000E+01  1.0270E+01  8.6000E+01  8.8200E-01
  5.9000E+01  1.0270E+01  8.6000E+01  8.8200E-01
  5.9000E+01  1.0270E+01  8.6000E+01  8.8200E-01
  5.9000E+01  1.0270E+01  8.6000E+01  8.8200E-01
  5.9000E+01  1.0270E+01  8.6000E+01  8.8200E-01
  6.0000E+01  1.6130E+01  1.3410E+02  1.8030E+00
  6.0000E+01  1.6130E+01  1.3410E+02  1.8030E+00
  6.0000E+01  1.6130E+01  1.3410E+02  1.8030E+00
  6.0000E+01  1.6130E+01  1.3410E+02  1.8030E+00
  6.1000E+01  3.1540E+01  6.1410E+02  1.1002E+01
  6.1000E+01  3.1540E+01  6.1410E+02  1.1002E+01
  6.1000E+01  3.1540E+01  6.1410E+02  1.1002E+01
  6.1000E+01  3.1540E+01  6.1410E+02  1.1002E+01
  6.1000E+01  3.1540E+01  6.1410E+02  1.1002E+01
  6.1000E+01  3.1540E+01  6.1410E+02  1.1002E+01
  6.1000E+01  3.1540E+01  6.1410E+02  1.1002E+01
  6.2000E+01  2.8010E+01  4.3230E+02  7.5190E+00
  6.2000E+01  2.8010E+01  4.3230E+02  7.5190E+00
  6.2000E+01  2.8010E+01  4.3230E+02  7.5190E+00
  6.2000E+01  2.8010E+01  4.3230E+02  7.5190E+00
  6.2000E+01  2.8010E+01  4.3230E+02  7.5190E+00
  6.2000E+01  2.8010E+01  4.3230E+02  7.5190E+00
  6.2000E+01  2.8010E+01  4.3230E+02  7.5190E+00
  6.3000E+01  3.3640E+01  5.8180E+02  1.0384E+01
  6.3000E+01  3.3640E+01  5.8180E+02  1.0384E+01
  6.3000E+01  3.3640E+01  5.8180E+02  1.0384E+01
  6.3000E+01  3.3640E+01  5.8180E+02  1.0384E+01
  6.3000E+01  3.3640E+01  5.8180E+02  1.0384E+01
  6.3000E+01  3.3640E+01  5.8180E+02  1.0384E+01
  6.3000E+01  3.3640E+01  5.8180E+02  1.0384E+01
  6.4000E+01  2.2320E+01  3.9680E+02  6.8370E+00
  6.4000E+01  2.2320E+01  3.9680E+02  6.8370E+00
  6.4000E+01  2.2320E+01  3.9680E+02  6.8370E+00
  6.4000E+01  2.2320E+01  3.9680E+02  6.8370E+00
  6.4000E+01  2.2320E+01  3.9680E+02  6.8370E+00
  6.4000E+01  2.2320E+01  3.9680E+02  6.8370E+00
  6.4000E+01  2.2320E+01  3.9680E+02  6.8370E+00
  6.5000E+01  1.6420E+01  1.8550E+02  2.7890E+00
  6.5000E+01  1.6420E+01  1.8550E+02  2.7890E+00
  6.5000E+01  1.6420E+01  1.8550E+02  2.7890E+00
  6.5000E+01  1.6420E+01  1.8550E+02  2.7890E+00
  6.5000E+01  1.6420E+01  1.8550E+02  2.7890E+00
  6.5000E+01  1.6420E+01  1.8550E+02  2.7890E+00
  6.5000E+01  1.6420E+01  1.8550E+02  2.7890E+00
  6.6000E+01  2.8210E+01  5.4900E+02  9.7550E+00
  6.6000E+01  2.8210E+01  5.4900E+02  9.7550E+00
  6.6000E+01  2.8210E+01  5.4900E+02  9.7550E+00
  6.6000E+01  2.8210E+01  5.4900E+02  9.7550E+00
  6.6000E+01  2.8210E+01  5.4900E+02  9.7550E+00
  6.6000E+01  2.8210E+01  5.4900E+02  9.7550E+00
  6.6000E+01  2.8210E+01  5.4900E+02  9.7550E+00
  6.7000E+01  3.0790E+01  5.6430E+02  1.0048E+01
  6.7000E+01  3.0790E+01  5.6430E+02  1.0048E+01
  6.7000E+01  3.0790E+01  5.6430E+02  1.0048E+01
  6.7000E+01  3.0790E+01  5.6430E+02  1.0048E+01
  6.7000E+01  3.0790E+01  5.6430E+02  1.0048E+01
  6.7000E+01  3.0790E+01  5.6430E+02  1.0048E+01
  6.7000E+01  3.0790E+01  5.6430E+02  1.0048E+01
  6.8000E+01  2.8920E+01  4.8750E+02  8.5770E+00
  6.8000E+01  2.8920E+01  4.8750E+02  8.5770E+00
  6.8000E+01  2.8920E+01  4.8750E+02  8.5770E+00
  6.8000E+01  2.8920E+01  4.8750E+02  8.5770E+00
  6.8000E+01  2.8920E+01  4.8750E+02  8.5770E+00
  6.8000E+01  2.8920E+01  4.8750E+02  8.5770E+00
  6.8000E+01  2.8920E+01  4.8750E+02  8.5770E+00
  6.9000E+01  1.4280E+01  2.2290E+02  3.5040E+00
  6.9000E+01  1.4280E+01  2.2290E+02  3.5040E+00
  6.9000E+01  1.4280E+01  2.2290E+02  3.5040E+00
  6.9000E+01  1.4280E+01  2.2290E+02  3.5040E+00
  6.9000E+01  1.4280E+01  2.2290E+02  3.5040E+00
  6.9000E+01  1.4280E+01  2.2290E+02  3.5040E+00
  6.9000E+01  1.4280E+01  2.2290E+02  3.5040E+00
  7.0000E+01  3.1450E+01  6.6420E+02  1.1963E+01
  7.0000E+01  3.1450E+01  6.6420E+02  1.1963E+01
  7.0000E+01  3.1450E+01  6.6420E+02  1.1963E+01
  7.0000E+01  3.1450E+01  6.6420E+02  1.1963E+01
  7.0000E+01  3.1450E+01  6.6420E+02  1.1963E+01
  7.0000E+01  3.1450E+01  6.6420E+02  1.1963E+01
  7.0000E+01  3.1450E+01  6.6420E+02  1.1963E+01
  7.1000E+01  1.5620E+01  2.9670E+02  4.9190E+00
  7.1000E+01  1.5620E+01  2.9670E+02  4.9190E+00
  7.1000E+01  1.5620E+01  2.9670E+02  4.9190E+00
  7.1000E+01  1.5620E+01  2.9670E+02  4.9190E+00
  7.1000E+01  1.5620E+01  2.9670E+02  4.9190E+00
  7.1000E+01  1.5620E+01  2.9670E+02  4.9190E+00
  7.1000E+01  1.5620E+01  2.9670E+02  4.9190E+00
  7.2000E+01  1.5110E+01  1.9150E+02  2.9040E+00
  7.2000E+01  1.5110E+01  1.9150E+02  2.9040E+00
  7.2000E+01  1.5110E+01  1.9150E+02  2.9040E+00
  7.2000E+01  1.5110E+01  1.9150E+02  2.9040E+00
  7.2000E+01  1.5110E+01  1.9150E+02  2.9040E+00
  7.2000E+01  1.5110E+01  1.9150E+02  2.9040E+00
  7.2000E+01  1.5110E+01  1.9150E+02  2.9040E+00
  7.3000E+01  2.3680E+01  4.8610E+02  8.5490E+00
  7.3000E+01  2.3680E+01  4.8610E+02  8.5490E+00
  7.3000E+01  2.3680E+01  4.8610E+02  8.5490E+00
  7.3000E+01  2.3680E+01  4.8610E+02  8.5490E+00
  7.3000E+01  2.3680E+01  4.8610E+02  8.5490E+00
  7.3000E+01  2.3680E+01  4.8610E+02  8.5490E+00
  7.3000E+01  2.3680E+01  4.8610E+02  8.5490E+00
  7.4000E+01  3.2320E+01  5.9650E+02  1.0664E+01
  7.4000E+01  3.2320E+01  5.9650E+02  1.0664E+01
  7.4000E+01  3.2320E+01  5.9650E+02  1.0664E+01
  7.4000E+01  3.2320E+01  5.9650E+02  1.0664E+01
  7.4000E+01  3.2320E+01  5.9650E+02  1.0664E+01
  7.4000E+01  3.2320E+01  5.9650E+02  1.0664E+01
  7.4000E+01  3.2320E+01  5.9650E+02  1.0664E+01
  7.5000E+01  3.0240E+01  6.5860E+02  1.1856E+01
  7.5000E+01  3.0240E+01  6.5860E+02  1.1856E+01
  7.5000E+01  3.0240E+01  6.5860E+02  1.1856E+01
  7.5000E+01  3.0240E+01  6.5860E+02  1.1856E+01
  7.5000E+01  3.0240E+01  6.5860E+02  1.1856E+01
  7.5000E+01  3.0240E+01  6.5860E+02  1.1856E+01
  7.5000E+01  3.0240E+01  6.5860E+02  1.1856E+01
  7.6000E+01  2.9960E+01  6.2400E+02  1.1191E+01
  7.6000E+01  2.9960E+01  6.2400E+02  1.1191E+01
  7.6000E+01  2.9960E+01  6.2400E+02  1.1191E+01
  7.6000E+01  2.9960E+01  6.2400E+02  1.1191E+01
  7.6000E+01  2.9960E+01  6.2400E+02  1.1191E+01
  7.6000E+01  2.9960E+01  6.2400E+02  1.1191E+01
  7.6000E+01  2.9960E+01  6.2400E+02  1.1191E+01
  7.7000E+01  2.9740E+01  6.1060E+02  1.0935E+01
  7.7000E+01  2.9740E+01  6.1060E+02  1.0935E+01
  7.7000E+01  2.9740E+01  6.1060E+02  1.0935E+01
  7.7000E+01  2.9740E+01  6.1060E+02  1.0935E+01
  7.7000E+01  2.9740E+01  6.1060E+02  1.0935E+01
  7.7000E+01  2.9740E+01  6.1060E+02  1.0935E+01
  7.7000E+01  2.9740E+01  6.1060E+02  1.0935E+01
  7.8000E+01  2.4660E+01  3.9440E+02  6.7910E+00
  7.8000E+01  2.4660E+01  3.9440E+02  6.7910E+00
  7.8000E+01  2.4660E+01  3.9440E+02  6.7910E+00
  7.8000E+01  2.4660E+01  3.9440E+02  6.7910E+00
  7.8000E+01  2.4660E+01  3.9440E+02  6.7910E+00
  7.8000E+01  2.4660E+01  3.9440E+02  6.7910E+00
  7.8000E+01  2.4660E+01  3.9440E+02  6.7910E+00
  7.9000E+01  2.0980E+01  3.3370E+02  5.6280E+00
  7.9000E+01  2.0980E+01  3.3370E+02  5.6280E+00
  7.9000E+01  2.0980E+01  3.3370E+02  5.6280E+00
  7.9000E+01  2.0980E+01  3.3370E+02  5.6280E+00
  7.9000E+01  2.0980E+01  3.3370E+02  5.6280E+00
  7.9000E+01  2.0980E+01  3.3370E+02  5.6280E+00
  7.9000E+01  2.0980E+01  3.3370E+02  5.6280E+00
  8.0000E+01  2.3290E+01  4.4120E+02  7.6880E+00
  8.0000E+01  2.3290E+01  4.4120E+02  7.6880E+00
  8.0000E+01  2.3290E+01  4.4120E+02  7.6880E+00
  8.0000E+01  2.3290E+01  4.4120E+02  7.6880E+00
  8.0000E+01  2.3290E+01  4.4120E+02  7.6880E+00
  8.0000E+01  2.3290E+01  4.4120E+02  7.6880E+00
  8.0000E+01  2.3290E+01  4.4120E+02  7.6880E+00
  8.1000E+01  3.2270E+01  6.4370E+02  1.1570E+01
  8.1000E+01  3.2270E+01  6.4370E+02  1.1570E+01
  8.1000E+01  3.2270E+01  6.4370E+02  1.1570E+01
  8.1000E+01  3.2270E+01  6.4370E+02  1.1570E+01
  8.1000E+01  3.2270E+01  6.4370E+02  1.1570E+01
  8.1000E+01  3.2270E+01  6.4370E+02  1.1570E+01
  8.1000E+01  3.2270E+01  6.4370E+02  1.1570E+01
  8.2000E+01  1.7790E+01  2.6960E+02  4.4010E+00
  8.2000E+01  1.7790E+01  2.6960E+02  4.4010E+00
  8.2000E+01  1.7790E+01  2.6960E+02  4.4010E+00
  8.2000E+01  1.7790E+01  2.6960E+02  4.4010E+00
  8.2000E+01  1.7790E+01  2.6960E+02  4.4010E+00
  8.2000E+01  1.7790E+01  2.6960E+02  4.4010E+00
  8.2000E+01  1.7790E+01  2.6960E+02  4.4010E+00
  8.3000E+01  2.2880E+01  3.6630E+02  6.2540E+00
  8.3000E+01  2.2880E+01  3.6630E+02  6.2540E+00
  8.3000E+01  2.2880E+01  3.6630E+02  6.2540E+00
  8.3000E+01  2.2880E+01  3.6630E+02  6.2540E+00
  8.3000E+01  2.2880E+01  3.6630E+02  6.2540E+00
  8.3000E+01  2.2880E+01  3.6630E+02  6.2540E+00
  8.3000E+01  2.2880E+01  3.6630E+02  6.2540E+00
  8.4000E+01  2.9840E+01  4.9110E+02  8.6460E+00
  8.4000E+01  2.9840E+01  4.9110E+02  8.6460E+00
  8.4000E+01  2.9840E+01  4.9110E+02  8.6460E+00
  8.4000E+01  2.9840E+01  4.9110E+02  8.6460E+00
  8.4000E+01  2.9840E+01  4.9110E+02  8.6460E+00
  8.4000E+01  2.9840E+01  4.9110E+02  8.6460E+00
  8.4000E+01  2.9840E+01  4.9110E+02  8.6460E+00
  8.5000E+01  1.5320E+01  2.4580E+02  3.9450E+00
  8.5000E+01  1.5320E+01  2.4580E+02  3.9450E+00
  8.5000E+01  1.5320E+01  2.4580E+02  3.9450E+00
  8.5000E+01  1.5320E+01  2.4580E+02  3.9450E+00
  8.5000E+01  1.5320E+01  2.4580E+02  3.9450E+00
  8.5000E+01  1.5320E+01  2.4580E+02  3.9450E+00
  8.5000E+01  1.5320E+01  2.4580E+02  3.9450E+00
  8.6000E+01  3.4420E+01  5.4280E+02  9.6350E+00
  8.6000E+01  3.4420E+01  5.4280E+02  9.6350E+00
  8.6000E+01  3.4420E+01  5.4280E+02  9.6350E+00
  8.6000E+01  3.4420E+01  5.4280E+02  9.6350E+00
  8.6000E+01  3.4420E+01  5.4280E+02  9.6350E+00
  8.6000E+01  3.4420E+01  5.4280E+02  9.6350E+00
  8.6000E+01  3.4420E+01  5.4280E+02  9.6350E+00
  8.7000E+01  1.6180E+01  2.4960E+02  4.0170E+00
  8.7000E+01  1.6180E+01  2.4960E+02  4.0170E+00
  8.7000E+01  1.6180E+01  2.4960E+02  4.0170E+00
  8.7000E+01  1.6180E+01  2.4960E+02  4.0170E+00
  8.7000E+01  1.6180E+01  2.4960E+02  4.0170E+00
  8.7000E+01  1.6180E+01  2.4960E+02  4.0170E+00
  8.7000E+01  1.6180E+01  2.4960E+02  4.0170E+00
  8.8000E+01  1.8580E+01  2.2020E+02  3.4540E+00
  8.8000E+01  1.8580E+01  2.2020E+02  3.4540E+00
  8.8000E+01  1.8580E+01  2.2020E+02  3.4540E+00
  8.8000E+01  1.8580E+01  2.2020E+02  3.4540E+00
  8.8000E+01  1.8580E+01  2.2020E+02  3.4540E+00
  8.8000E+01  1.8580E+01  2.2020E+02  3.4540E+00
  8.8000E+01  1.8580E+01  2.2020E+02  3.4540E+00
  8.9000E+01  2.8780E+01  5.6660E+02  1.0092E+01
  8.9000E+01  2.8780E+01  5.6660E+02  1.0092E+01
  8.9000E+01  2.8780E+01  5.6660E+02  1.0092E+01
  8.9000E+01  2.8780E+01  5.6660E+02  1.0092E+01
  8.9000E+01  2.8780E+01  5.6660E+02  1.0092E+01
  8.9000E+01  2.8780E+01  5.6660E+02  1.0092E+01
  8.9000E+01  2.8780E+01  5.6660E+02  1.0092E+01
  9.0000E+01  1.9100E+01  3.3660E+02  5.6840E+00
  9.0000E+01  1.9100E+01  3.3660E+02  5.6840E+00
  9.0000E+01  1.9100E+01  3.3660E+02  5.6840E+00
  9.0000E+01  1.9100E+01  3.3660E+02  5.6840E+00
  9.0000E+01  1.9100E+01  3.3660E+02  5.6840E+00
  9.0000E+01  1.9100E+01  3.3660E+02  5.6840E+00
  9.0000E+01  1.9100E+01  3.3660E+02  5.6840E+00
  9.1000E+01  4.5870E+01  7.3870E+02  1.3390E+01
  9.1000E+01  4.5870E+01  7.3870E+02  1.3390E+01
  9.1000E+01  4.5870E+01  7.3870E+02  1.3390E+01
  9.1000E+01  4.5870E+01  7.3870E+02  1.3390E+01
  9.1000E+01  4.5870E+01  7.3870E+02  1.3390E+01
  9.1000E+01  4.5870E+01  7.3870E+02  1.3390E+01
  9.1000E+01  4.5870E+01  7.3870E+02  1.3390E+01
  9.2000E+01  4.6150E+01  8.0890E+02  1.4735E+01
  9.2000E+01  4.6150E+01  8.0890E+02  1.4735E+01
  9.2000E+01  4.6150E+01  8.0890E+02  1.4735E+01
  9.2000E+01  4.6150E+01  8.0890E+02  1.4735E+01
  9.2000E+01  4.6150E+01  8.0890E+02  1.4735E+01
  9.2000E+01  4.6150E+01  8.0890E+02  1.4735E+01
  9.2000E+01  4.6150E+01  8.0890E+02  1.4735E+01
  9.3000E+01  6.7340E+01  9.4990E+02  1.7437E+01
  9.3000E+01  6.7340E+01  9.4990E+02  1.7437E+01
  9.3000E+01  6.7340E+01  9.4990E+02  1.7437E+01
  9.3000E+01  6.7340E+01  9.4990E+02  1.7437E+01
  9.3000E+01  6.7340E+01  9.4990E+02  1.7437E+01
  9.3000E+01  6.7340E+01  9.4990E+02  1.7437E+01
  9.3000E+01  6.7340E+01  9.4990E+02  1.7437E+01
  9.4000E+01  6.3400E+01  9.5200E+02  1.7478E+01
  9.4000E+01  6.3400E+01  9.5200E+02  1.7478E+01
  9.4000E+01  6.3400E+01  9.5200E+02  1.7478E+01
  9.4000E+01  6.3400E+01  9.5200E+02  1.7478E+01
  9.4000E+01  6.3400E+01  9.5200E+02  1.7478E+01
  9.4000E+01  6.3400E+01  9.5200E+02  1.7478E+01
  9.4000E+01  6.3400E+01  9.5200E+02  1.7478E+01
  9.5000E+01  6.1020E+01  9.6950E+02  1.7813E+01
  9.5000E+01  6.1020E+01  9.6950E+02  1.7813E+01
  9.5000E+01  6.1020E+01  9.6950E+02  1.7813E+01
  9.5000E+01  6.1020E+01  9.6950E+02  1.7813E+01
  9.5000E+01  6.1020E+01  9.6950E+02  1.7813E+01
  9.5000E+01  6.1020E+01  9.6950E+02  1.7813E+01
  9.5000E+01  6.1020E+01  9.6950E+02  1.7813E+01
  9.6000E+01  6.1580E+01  9.0040E+02  1.6490E+01
  9.6000E+01  6.1580E+01  9.0040E+02  1.6490E+01
  9.6000E+01  6.1580E+01  9.0040E+02  1.6490E+01
  9.6000E+01  6.1580E+01  9.0040E+02  1.6490E+01
  9.6000E+01  6.1580E+01  9.0040E+02  1.6490E+01
  9.6000E+01  6.1580E+01  9.0040E+02  1.6490E+01
  9.6000E+01  6.1580E+01  9.0040E+02  1.6490E+01
  9.7000E+01  5.2410E+01  8.1840E+02  1.4917E+01
  9.7000E+01  5.2410E+01  8.1840E+02  1.4917E+01
  9.7000E+01  5.2410E+01  8.1840E+02  1.4917E+01
  9.7000E+01  5.2410E+01  8.1840E+02  1.4917E+01
  9.7000E+01  5.2410E+01  8.1840E+02  1.4917E+01
  9.7000E+01  5.2410E+01  8.1840E+02  1.4917E+01
  9.7000E+01  5.2410E+01  8.1840E+02  1.4917E+01
  9.8000E+01  6.0100E+01  9.0520E+02  1.6581E+01
  9.8000E+01  6.0100E+01  9.0520E+02  1.6581E+01
  9.8000E+01  6.0100E+01  9.0520E+02  1.6581E+01
  9.8000E+01  6.0100E+01  9.0520E+02  1.6581E+01
  9.8000E+01  6.0100E+01  9.0520E+02  1.6581E+01
  9.8000E+01  6.0100E+01  9.0520E+02  1.6581E+01
  9.8000E+01  6.0100E+01  9.0520E+02  1.6581E+01
  9.9000E+01  5.4280E+01  7.4260E+02  1.3466E+01
  9.9000E+01  5.4280E+01  7.4260E+02  1.3466E+01
  9.9000E+01  5.4280E+01  7.4260E+02  1.3466E+01
  9.9000E+01  5.4280E+01  7.4260E+02  1.3466E+01
  9.9000E+01  5.4280E+01  7.4260E+02  1.3466E+01
  9.9000E+01  5.4280E+01  7.4260E+02  1.3466E+01
  9.9000E+01  5.4280E+01  7.4260E+02  1.3466E+01
  1.0000E+02  5.7070E+01  7.9470E+02  1.4463E+01
  1.0000E+02  5.7070E+01  7.9470E+02  1.4463E+01
  1.0000E+02  5.7070E+01  7.9470E+02  1.4463E+01
  1.0000E+02  5.7070E+01  7.9470E+02  1.4463E+01
  1.0000E+02  5.7070E+01  7.9470E+02  1.4463E+01
  1.0000E+02  5.7070E+01  7.9470E+02  1.4463E+01
  1.0000E+02  5.7070E+01  7.9470E+02  1.4463E+01
  1.0100E+02  3.5110E+01  7.1060E+02  1.2852E+01
  1.0100E+02  3.5110E+01  7.1060E+02  1.2852E+01
  1.0100E+02  3.5110E+01  7.1060E+02  1.2852E+01
  1.0100E+02  3.5110E+01  7.1060E+02  1.2852E+01
  1.0100E+02  3.5110E+01  7.1060E+02  1.2852E+01
  1.0100E+02  3.5110E+01  7.1060E+02  1.2852E+01
  1.0100E+02  3.5110E+01  7.1060E+02  1.2852E+01
  1.0200E+02  4.4930E+01  9.3390E+02  1.7132E+01
  1.0200E+02  4.4930E+01  9.3390E+02  1.7132E+01
  1.0200E+02  4.4930E+01  9.3390E+02  1.7132E+01
  1.0200E+02  4.4930E+01  9.3390E+02  1.7132E+01
  1.0200E+02  4.4930E+01  9.3390E+02  1.7132E+01
  1.0200E+02  4.4930E+01  9.3390E+02  1.7132E+01
  1.0200E+02  4.4930E+01  9.3390E+02  1.7132E+01
  1.0300E+02  6.9610E+01  9.4390E+02  1.7322E+01
  1.0300E+02  6.9610E+01  9.4390E+02  1.7322E+01
  1.0300E+02  6.9610E+01  9.4390E+02  1.7322E+01
  1.0300E+02  6.9610E+01  9.4390E+02  1.7322E+01
  1.0300E+02  6.9610E+01  9.4390E+02  1.7322E+01
  1.0300E+02  6.9610E+01  9.4390E+02  1.7322E+01
  1.0300E+02  6.9610E+01  9.4390E+02  1.7322E+01
  1.0400E+02  5.7610E+01  8.4730E+02  1.5471E+01
  1.0400E+02  5.7610E+01  8.4730E+02  1.5471E+01
  1.0400E+02  5.7610E+01  8.4730E+02  1.5471E+01
  1.0400E+02  5.7610E+01  8.4730E+02  1.5471E+01
  1.0400E+02  5.7610E+01  8.4730E+02  1.5471E+01
  1.0400E+02  5.7610E+01  8.4730E+02  1.5471E+01
  1.0400E+02  5.7610E+01  8.4730E+02  1.5471E+01
  1.0500E+02  4.8100E+01  7.2570E+02  1.3141E+01
  1.0500E+02  4.8100E+01  7.2570E+02  1.3141E+01
  1.0500E+02  4.8100E+01  7.2570E+02  1.3141E+01
  1.0500E+02  4.8100E+01  7.2570E+02  1.3141E+01
  1.0500E+02  4.8100E+01  7.2570E+02  1.3141E+01
  1.0500E+02  4.8100E+01  7.2570E+02  1.3141E+01
  1.0500E+02  4.8100E+01  7.2570E+02  1.3141E+01
  1.0600E+02  5.4660E+01  8.9070E+02  1.6303E+01
  1.0600E+02  5.4660E+01  8.9070E+02  1.6303E+01
  1.0600E+02  5.4660E+01  8.9070E+02  1.6303E+01
  1.0600E+02  5.4660E+01  8.9070E+02  1.6303E+01
  1.0600E+02  5.4660E+01  8.9070E+02  1.6303E+01
  1.0600E+02  5.4660E+01  8.9070E+02  1.6303E+01
  1.0600E+02  5.4660E+01  8.9070E+02  1.6303E+01
  1.0700E+02  6.4530E+01  9.3290E+02  1.7112E+01
  1.0700E+02  6.4530E+01  9.3290E+02  1.7112E+01
  1.0700E+02  6.4530E+01  9.3290E+02  1.7112E+01
  1.0700E+02  6.4530E+01  9.3290E+02  1.7112E+01
  1.0700E+02  6.4530E+01  9.3290E+02  1.7112E+01
  1.0700E+02  6.4530E+01  9.3290E+02  1.7112E+01
  1.0700E+02  6.4530E+01  9.3290E+02  1.7112E+01
  1.0800E+02  6.0160E+01  8.4670E+02  1.5460E+01
  1.0800E+02  6.0160E+01  8.4670E+02  1.5460E+01
  1.0800E+02  6.0160E+01  8.4670E+02  1.5460E+01
  1.0800E+02  6.0160E+01  8.4670E+02  1.5460E+01
  1.0800E+02  6.0160E+01  8.4670E+02  1.5460E+01
  1.0800E+02  6.0160E+01  8.4670E+02  1.5460E+01
  1.0800E+02  6.0160E+01  8.4670E+02  1.5460E+01
  1.0900E+02  4.6560E+01  6.9190E+02  1.2493E+01
  1.0900E+02  4.6560E+01  6.9190E+02  1.2493E+01
  1.0900E+02  4.6560E+01  6.9190E+02  1.2493E+01
  1.0900E+02  4.6560E+01  6.9190E+02  1.2493E+01
  1.0900E+02  4.6560E+01  6.9190E+02  1.2493E+01
  1.0900E+02  4.6560E+01  6.9190E+02  1.2493E+01
  1.0900E+02  4.6560E+01  6.9190E+02  1.2493E+01
  1.1000E+02  6.6060E+01  9.7060E+02  1.7835E+01
  1.1000E+02  6.6060E+01  9.7060E+02  1.7835E+01
  1.1000E+02  6.6060E+01  9.7060E+02  1.7835E+01
  1.1000E+02  6.6060E+01  9.7060E+02  1.7835E+01
  1.1000E+02  6.6060E+01  9.7060E+02  1.7835E+01
  1.1000E+02  6.6060E+01  9.7060E+02  1.7835E+01
  1.1000E+02  6.6060E+01  9.7060E+02  1.7835E+01
  1.1100E+02  4.4320E+01  7.0960E+02  1.2833E+01
  1.1100E+02  4.4320E+01  7.0960E+02  1.2833E+01
  1.1100E+02  4.4320E+01  7.0960E+02  1.2833E+01
  1.1100E+02  4.4320E+01  7.0960E+02  1.2833E+01
  1.1100E+02  4.4320E+01  7.0960E+02  1.2833E+01
  1.1100E+02  4.4320E+01  7.0960E+02  1.2833E+01
  1.1100E+02  4.4320E+01  7.0960E+02  1.2833E+01
  1.1200E+02  5.3620E+01  8.3160E+02  1.5170E+01
  1.1200E+02  5.3620E+01  8.3160E+02  1.5170E+01
  1.1200E+02  5.3620E+01  8.3160E+02  1.5170E+01
  1.1200E+02  5.3620E+01  8.3160E+02  1.5170E+01
  1.1200E+02  5.3620E+01  8.3160E+02  1.5170E+01
  1.1200E+02  5.3620E+01  8.3160E+02  1.5170E+01
  1.1200E+02  5.3620E+01  8.3160E+02  1.5170E+01
  1.1300E+02  5.3340E+01  8.0850E+02  1.4727E+01
  1.1300E+02  5.3340E+01  8.0850E+02  1.4727E+01
  1.1300E+02  5.3340E+01  8.0850E+02  1.4727E+01
  1.1300E+02  5.3340E+01  8.0850E+02  1.4727E+01
  1.1300E+02  5.3340E+01  8.0850E+02  1.4727E+01
  1.1300E+02  5.3340E+01  8.0850E+02  1.4727E+01
  1.1300E+02  5.3340E+01  8.0850E+02  1.4727E+01
  1.1400E+02  4.6860E+01  8.2870E+02  1.5116E+01
  1.1400E+02  4.6860E+01  8.2870E+02  1.5116E+01
  1.1400E+02  4.6860E+01  8.2870E+02  1.5116E+01
  1.1400E+02  4.6860E+01  8.2870E+02  1.5116E+01
  1.1400E+02  4.6860E+01  8.2870E+02  1.5116E+01
  1.1400E+02  4.6860E+01  8.2870E+02  1.5116E+01
  1.1400E+02  4.6860E+01  8.2870E+02  1.5116E+01
  1.1500E+02  3.6630E+01  7.4510E+02  1.3513E+01
  1.1500E+02  3.6630E+01  7.4510E+02  1.3513E+01
  1.1500E+02  3.6630E+01  7.4510E+02  1.3513E+01
  1.1500E+02  3.6630E+01  7.4510E+02  1.3513E+01
  1.1500E+02  3.6630E+01  7.4510E+02  1.3513E+01
  1.1500E+02  3.6630E+01  7.4510E+02  1.3513E+01
  1.1500E+02  3.6630E+01  7.4510E+02  1.3513E+01
  1.1600E+02  6.3640E+01  8.8100E+02  1.6117E+01
  1.1600E+02  6.3640E+01  8.8100E+02  1.6117E+01
  1.1600E+02  6.3640E+01  8.8100E+02  1.6117E+01
  1.1600E+02  6.3640E+01  8.8100E+02  1.6117E+01
  1.1600E+02  6.3640E+01  8.8100E+02  1.6117E+01
  1.1600E+02  6.3640E+01  8.8100E+02  1.6117E+01
  1.1600E+02  6.3640E+01  8.8100E+02  1.6117E+01
  1.1700E+02  4.5660E+01  8.6550E+02  1.5821E+01
  1.1700E+02  4.5660E+01  8.6550E+02  1.5821E+01
  1.1700E+02  4.5660E+01  8.6550E+02  1.5821E+01
  1.1700E+02  4.5660E+01  8.6550E+02  1.5821E+01
  1.1700E+02  4.5660E+01  8.6550E+02  1.5821E+01
  1.1700E+02  4.5660E+01  8.6550E+02  1.5821E+01
  1.1700E+02  4.5660E+01  8.6550E+02  1.5821E+01
  1.1800E+02  5.6130E+01  8.6790E+02  1.5867E+01
  1.1800E+02  5.6130E+01  8.6790E+02  1.5867E+01
  1.1800E+02  5.6130E+01  8.6790E+02  1.5867E+01
  1.1800E+02  5.6130E+01  8.6790E+02  1.5867E+01
  1.1800E+02  5.6130E+01  8.6790E+02  1.5867E+01
  1.1800E+02  5.6130E+01  8.6790E+02  1.5867E+01
  1.1800E+02  5.6130E+01  8.6790E+02  1.5867E+01
  1.1900E+02  4.0380E+01  6.6810E+02  1.2037E+01
  1.1900E+02  4.0380E+01  6.6810E+02  1.2037E+01
  1.1900E+02  4.0380E+01  6.6810E+02  1.2037E+01
  1.1900E+02  4.0380E+01  6.6810E+02  1.2037E+01
  1.1900E+02  4.0380E+01  6.6810E+02  1.2037E+01
  1.1900E+02  4.0380E+01  6.6810E+02  1.2037E+01
  1.1900E+02  4.0380E+01  6.6810E+02  1.2037E+01
  1.2000E+02  7.0410E+01  9.3940E+02  1.7236E+01
  1.2000E+02  7.0410E+01  9.3940E+02  1.7236E+01
  1.2000E+02  7.0410E+01  9.3940E+02  1.7236E+01
  1.2000E+02  7.0410E+01  9.3940E+02  1.7236E+01
  1.2000E+02  7.0410E+01  9.3940E+02  1.7236E+01
  1.2000E+02  7.0410E+01  9.3940E+02  1.7236E+01
  1.2000E+02  7.0410E+01  9.3940E+02  1.7236E+01
