TABLE NO.  2
 ID          CL          V           ETA1        ETA2
  1.0000E+00  8.9866E-02  2.2620E+00 -4.1196E-01  3.2917E-01
  1.0000E+00  8.9866E-02  2.2620E+00 -4.1196E-01  3.2917E-01
  1.0000E+00  8.9866E-02  2.2620E+00 -4.1196E-01  3.2917E-01
  1.0000E+00  8.9866E-02  2.2620E+00 -4.1196E-01  3.2917E-01
  2.0000E+00  5.7768E-02  1.4956E+00 -5.9556E-01  1.1490E-01
  2.0000E+00  5.7768E-02  1.4956E+00 -5.9556E-01  1.1490E-01
  2.0000E+00  5.7768E-02  1.4956E+00 -5.9556E-01  1.1490E-01
  3.0000E+00  6.3580E-02  8.8804E-01 -2.6029E-01 -2.2141E-01
  3.0000E+00  6.3580E-02  8.8804E-01 -2.6029E-01 -2.2141E-01
  3.0000E+00  6.3580E-02  8.8804E-01 -2.6029E-01 -2.2141E-01
  3.0000E+00  6.3580E-02  8.8804E-01 -2.6029E-01 -2.2141E-01
  4.0000E+00  3.5608E-02  5.6538E-01 -1.7641E-01 -1.6037E-01
  4.0000E+00  3.5608E-02  5.6538E-01 -1.7641E-01 -1.6037E-01
  4.0000E+00  3.5608E-02  5.6538E-01 -1.7641E-01 -1.6037E-01
  5.0000E+00  5.6588E-02  1.1881E+00 -7.6932E-01 -2.3354E-01
  5.0000E+00  5.6588E-02  1.1881E+00 -7.6932E-01 -2.3354E-01
  5.0000E+00  5.6588E-02  1.1881E+00 -7.6932E-01 -2.3354E-01
  6.0000E+00  9.6129E-02  1.5907E+00 -4.6473E-02  2.0736E-01
  6.0000E+00  9.6129E-02  1.5907E+00 -4.6473E-02  2.0736E-01
  6.0000E+00  9.6129E-02  1.5907E+00 -4.6473E-02  2.0736E-01
  6.0000E+00  9.6129E-02  1.5907E+00 -4.6473E-02  2.0736E-01
  7.0000E+00  3.3397E-01  1.7831E+00  5.1461E-01 -2.0697E-01
  7.0000E+00  3.3397E-01  1.7831E+00  5.1461E-01 -2.0697E-01
  7.0000E+00  3.3397E-01  1.7831E+00  5.1461E-01 -2.0697E-01
  8.0000E+00  5.3811E-02  1.0072E+00 -3.4356E-01 -3.1004E-02
  8.0000E+00  5.3811E-02  1.0072E+00 -3.4356E-01 -3.1004E-02
  8.0000E+00  5.3811E-02  1.0072E+00 -3.4356E-01 -3.1004E-02
  9.0000E+00  9.7704E-02  9.5862E-01 -4.7454E-02 -3.1239E-01
  9.0000E+00  9.7704E-02  9.5862E-01 -4.7454E-02 -3.1239E-01
  9.0000E+00  9.7704E-02  9.5862E-01 -4.7454E-02 -3.1239E-01
  9.0000E+00  9.7704E-02  9.5862E-01 -4.7454E-02 -3.1239E-01
  1.0000E+01  6.0239E-02  9.4449E-01 -1.9424E-01 -6.7074E-02
  1.0000E+01  6.0239E-02  9.4449E-01 -1.9424E-01 -6.7074E-02
  1.0000E+01  6.0239E-02  9.4449E-01 -1.9424E-01 -6.7074E-02
  1.1000E+01  2.5513E-01  1.8883E+00  1.3753E-01 -2.3294E-01
  1.1000E+01  2.5513E-01  1.8883E+00  1.3753E-01 -2.3294E-01
  1.1000E+01  2.5513E-01  1.8883E+00  1.3753E-01 -2.3294E-01
  1.1000E+01  2.5513E-01  1.8883E+00  1.3753E-01 -2.3294E-01
  1.2000E+01  1.3451E-01  2.2619E+00 -3.4616E-01  6.8381E-02
  1.2000E+01  1.3451E-01  2.2619E+00 -3.4616E-01  6.8381E-02
  1.2000E+01  1.3451E-01  2.2619E+00 -3.4616E-01  6.8381E-02
  1.2000E+01  1.3451E-01  2.2619E+00 -3.4616E-01  6.8381E-02
  1.3000E+01  1.5345E-01  1.4736E+00 -1.7498E-01 -3.2959E-01
  1.3000E+01  1.5345E-01  1.4736E+00 -1.7498E-01 -3.2959E-01
  1.3000E+01  1.5345E-01  1.4736E+00 -1.7498E-01 -3.2959E-01
  1.3000E+01  1.5345E-01  1.4736E+00 -1.7498E-01 -3.2959E-01
  1.4000E+01  1.1549E-01  1.3025E+00 -5.0920E-02 -1.3771E-01
  1.4000E+01  1.1549E-01  1.3025E+00 -5.0920E-02 -1.3771E-01
  1.4000E+01  1.1549E-01  1.3025E+00 -5.0920E-02 -1.3771E-01
  1.4000E+01  1.1549E-01  1.3025E+00 -5.0920E-02 -1.3771E-01
  1.5000E+01  1.0013E-01  1.6325E+00 -2.7125E-01  2.8173E-02
  1.5000E+01  1.0013E-01  1.6325E+00 -2.7125E-01  2.8173E-02
  1.5000E+01  1.0013E-01  1.6325E+00 -2.7125E-01  2.8173E-02
  1.5000E+01  1.0013E-01  1.6325E+00 -2.7125E-01  2.8173E-02
  1.6000E+01  3.7979E-02  9.7575E-01 -1.1276E+00 -3.9916E-01
  1.6000E+01  3.7979E-02  9.7575E-01 -1.1276E+00 -3.9916E-01
  1.6000E+01  3.7979E-02  9.7575E-01 -1.1276E+00 -3.9916E-01
  1.7000E+01  8.1565E-02  1.4573E+00 -4.8572E-01 -9.2621E-02
  1.7000E+01  8.1565E-02  1.4573E+00 -4.8572E-01 -9.2621E-02
  1.7000E+01  8.1565E-02  1.4573E+00 -4.8572E-01 -9.2621E-02
  1.7000E+01  8.1565E-02  1.4573E+00 -4.8572E-01 -9.2621E-02
  1.8000E+01  1.0132E-01  1.4474E+00 -3.3265E-01 -1.4875E-01
  1.8000E+01  1.0132E-01  1.4474E+00 -3.3265E-01 -1.4875E-01
  1.8000E+01  1.0132E-01  1.4474E+00 -3.3265E-01 -1.4875E-01
  1.8000E+01  1.0132E-01  1.4474E+00 -3.3265E-01 -1.4875E-01
  1.9000E+01  2.1673E-01  2.1961E+00  6.1956E-02 -1.4339E-02
  1.9000E+01  2.1673E-01  2.1961E+00  6.1956E-02 -1.4339E-02
  1.9000E+01  2.1673E-01  2.1961E+00  6.1956E-02 -1.4339E-02
  2.0000E+01  1.2178E-01  2.0870E+00 -2.2226E-01  1.6043E-01
  2.0000E+01  1.2178E-01  2.0870E+00 -2.2226E-01  1.6043E-01
  2.0000E+01  1.2178E-01  2.0870E+00 -2.2226E-01  1.6043E-01
  2.0000E+01  1.2178E-01  2.0870E+00 -2.2226E-01  1.6043E-01
  2.1000E+01  1.4044E-01  1.5901E+00 -1.7683E-01 -1.8652E-01
  2.1000E+01  1.4044E-01  1.5901E+00 -1.7683E-01 -1.8652E-01
  2.1000E+01  1.4044E-01  1.5901E+00 -1.7683E-01 -1.8652E-01
  2.1000E+01  1.4044E-01  1.5901E+00 -1.7683E-01 -1.8652E-01
  2.2000E+01  8.1580E-02  1.1625E+00 -1.1464E-01 -3.2134E-02
  2.2000E+01  8.1580E-02  1.1625E+00 -1.1464E-01 -3.2134E-02
  2.2000E+01  8.1580E-02  1.1625E+00 -1.1464E-01 -3.2134E-02
  2.3000E+01  4.3948E-02  1.1357E+00 -6.0233E-01  4.5639E-02
  2.3000E+01  4.3948E-02  1.1357E+00 -6.0233E-01  4.5639E-02
  2.3000E+01  4.3948E-02  1.1357E+00 -6.0233E-01  4.5639E-02
  2.3000E+01  4.3948E-02  1.1357E+00 -6.0233E-01  4.5639E-02
  2.4000E+01  1.4992E-01  2.0014E+00 -1.4232E-01  1.9723E-02
  2.4000E+01  1.4992E-01  2.0014E+00 -1.4232E-01  1.9723E-02
  2.4000E+01  1.4992E-01  2.0014E+00 -1.4232E-01  1.9723E-02
  2.5000E+01  5.6728E-02  1.4892E+00 -4.3363E-01  2.4977E-01
  2.5000E+01  5.6728E-02  1.4892E+00 -4.3363E-01  2.4977E-01
  2.5000E+01  5.6728E-02  1.4892E+00 -4.3363E-01  2.4977E-01
  2.6000E+01  1.1371E-01  1.7842E+00 -4.1257E-02  1.9648E-01
  2.6000E+01  1.1371E-01  1.7842E+00 -4.1257E-02  1.9648E-01
  2.6000E+01  1.1371E-01  1.7842E+00 -4.1257E-02  1.9648E-01
  2.6000E+01  1.1371E-01  1.7842E+00 -4.1257E-02  1.9648E-01
  2.7000E+01  2.1822E-01  1.6100E+00  1.8451E-01 -2.3540E-01
  2.7000E+01  2.1822E-01  1.6100E+00  1.8451E-01 -2.3540E-01
  2.7000E+01  2.1822E-01  1.6100E+00  1.8451E-01 -2.3540E-01
  2.7000E+01  2.1822E-01  1.6100E+00  1.8451E-01 -2.3540E-01
  2.8000E+01  1.2187E-01  2.1414E+00 -3.6841E-01  7.2715E-02
  2.8000E+01  1.2187E-01  2.1414E+00 -3.6841E-01  7.2715E-02
  2.8000E+01  1.2187E-01  2.1414E+00 -3.6841E-01  7.2715E-02
  2.9000E+01  1.6152E-01  2.4464E+00 -3.1965E-01  2.5995E-02
  2.9000E+01  1.6152E-01  2.4464E+00 -3.1965E-01  2.5995E-02
  2.9000E+01  1.6152E-01  2.4464E+00 -3.1965E-01  2.5995E-02
  2.9000E+01  1.6152E-01  2.4464E+00 -3.1965E-01  2.5995E-02
  3.0000E+01  1.0156E-01  1.0676E+00  3.6565E-01  8.4461E-02
  3.0000E+01  1.0156E-01  1.0676E+00  3.6565E-01  8.4461E-02
  3.0000E+01  1.0156E-01  1.0676E+00  3.6565E-01  8.4461E-02
  3.0000E+01  1.0156E-01  1.0676E+00  3.6565E-01  8.4461E-02
  3.1000E+01  1.2374E+00  7.0211E+00  2.9734E-01 -1.5888E-02
  3.1000E+01  1.2374E+00  7.0211E+00  2.9734E-01 -1.5888E-02
  3.1000E+01  1.2374E+00  7.0211E+00  2.9734E-01 -1.5888E-02
  3.1000E+01  1.2374E+00  7.0211E+00  2.9734E-01 -1.5888E-02
  3.1000E+01  1.2374E+00  7.0211E+00  2.9734E-01 -1.5888E-02
  3.2000E+01  9.5329E-01  7.4120E+00  1.9210E-01  1.5850E-01
  3.2000E+01  9.5329E-01  7.4120E+00  1.9210E-01  1.5850E-01
  3.2000E+01  9.5329E-01  7.4120E+00  1.9210E-01  1.5850E-01
  3.2000E+01  9.5329E-01  7.4120E+00  1.9210E-01  1.5850E-01
  3.2000E+01  9.5329E-01  7.4120E+00  1.9210E-01  1.5850E-01
  3.3000E+01  2.0543E+00  6.7369E+00  8.0947E-01 -5.3163E-02
  3.3000E+01  2.0543E+00  6.7369E+00  8.0947E-01 -5.3163E-02
  3.3000E+01  2.0543E+00  6.7369E+00  8.0947E-01 -5.3163E-02
  3.3000E+01  2.0543E+00  6.7369E+00  8.0947E-01 -5.3163E-02
  3.4000E+01  5.7359E-01  6.2335E+00  1.4620E-01  3.4226E-01
  3.4000E+01  5.7359E-01  6.2335E+00  1.4620E-01  3.4226E-01
  3.4000E+01  5.7359E-01  6.2335E+00  1.4620E-01  3.4226E-01
  3.4000E+01  5.7359E-01  6.2335E+00  1.4620E-01  3.4226E-01
  3.5000E+01  1.6693E+00  8.4469E+00  5.1254E-01  1.0399E-01
  3.5000E+01  1.6693E+00  8.4469E+00  5.1254E-01  1.0399E-01
  3.5000E+01  1.6693E+00  8.4469E+00  5.1254E-01  1.0399E-01
  3.5000E+01  1.6693E+00  8.4469E+00  5.1254E-01  1.0399E-01
  3.6000E+01  1.0456E+00  6.5798E+00  2.1430E-02 -1.6383E-01
  3.6000E+01  1.0456E+00  6.5798E+00  2.1430E-02 -1.6383E-01
  3.6000E+01  1.0456E+00  6.5798E+00  2.1430E-02 -1.6383E-01
  3.6000E+01  1.0456E+00  6.5798E+00  2.1430E-02 -1.6383E-01
  3.6000E+01  1.0456E+00  6.5798E+00  2.1430E-02 -1.6383E-01
  3.7000E+01  8.7529E-01  3.1528E+00  7.0958E-01 -2.3067E-01
  3.7000E+01  8.7529E-01  3.1528E+00  7.0958E-01 -2.3067E-01
  3.7000E+01  8.7529E-01  3.1528E+00  7.0958E-01 -2.3067E-01
  3.7000E+01  8.7529E-01  3.1528E+00  7.0958E-01 -2.3067E-01
  3.7000E+01  8.7529E-01  3.1528E+00  7.0958E-01 -2.3067E-01
  3.8000E+01  7.2853E-01  5.6455E+00  2.4622E-01  1.3575E-01
  3.8000E+01  7.2853E-01  5.6455E+00  2.4622E-01  1.3575E-01
  3.8000E+01  7.2853E-01  5.6455E+00  2.4622E-01  1.3575E-01
  3.8000E+01  7.2853E-01  5.6455E+00  2.4622E-01  1.3575E-01
  3.9000E+01  1.1158E+00  6.8686E+00  4.0010E-01  1.2143E-01
  3.9000E+01  1.1158E+00  6.8686E+00  4.0010E-01  1.2143E-01
  3.9000E+01  1.1158E+00  6.8686E+00  4.0010E-01  1.2143E-01
  3.9000E+01  1.1158E+00  6.8686E+00  4.0010E-01  1.2143E-01
  4.0000E+01  1.5297E+00  8.7192E+00  2.7789E-01  2.1906E-02
  4.0000E+01  1.5297E+00  8.7192E+00  2.7789E-01  2.1906E-02
  4.0000E+01  1.5297E+00  8.7192E+00  2.7789E-01  2.1906E-02
  4.0000E+01  1.5297E+00  8.7192E+00  2.7789E-01  2.1906E-02
  4.0000E+01  1.5297E+00  8.7192E+00  2.7789E-01  2.1906E-02
  4.1000E+01  6.7518E-01  6.2603E+00  3.8397E-01  4.0426E-01
  4.1000E+01  6.7518E-01  6.2603E+00  3.8397E-01  4.0426E-01
  4.1000E+01  6.7518E-01  6.2603E+00  3.8397E-01  4.0426E-01
  4.1000E+01  6.7518E-01  6.2603E+00  3.8397E-01  4.0426E-01
  4.1000E+01  6.7518E-01  6.2603E+00  3.8397E-01  4.0426E-01
  4.2000E+01  7.7205E-01  4.2890E+00  4.3660E-01 -3.6813E-02
  4.2000E+01  7.7205E-01  4.2890E+00  4.3660E-01 -3.6813E-02
  4.2000E+01  7.7205E-01  4.2890E+00  4.3660E-01 -3.6813E-02
  4.2000E+01  7.7205E-01  4.2890E+00  4.3660E-01 -3.6813E-02
  4.3000E+01  1.2789E+00  5.9326E+00  1.7730E-01 -3.0249E-01
  4.3000E+01  1.2789E+00  5.9326E+00  1.7730E-01 -3.0249E-01
  4.3000E+01  1.2789E+00  5.9326E+00  1.7730E-01 -3.0249E-01
  4.3000E+01  1.2789E+00  5.9326E+00  1.7730E-01 -3.0249E-01
  4.3000E+01  1.2789E+00  5.9326E+00  1.7730E-01 -3.0249E-01
  4.4000E+01  3.9842E-01  5.4022E+00 -3.9234E-03  3.6466E-01
  4.4000E+01  3.9842E-01  5.4022E+00 -3.9234E-03  3.6466E-01
  4.4000E+01  3.9842E-01  5.4022E+00 -3.9234E-03  3.6466E-01
  4.4000E+01  3.9842E-01  5.4022E+00 -3.9234E-03  3.6466E-01
  4.4000E+01  3.9842E-01  5.4022E+00 -3.9234E-03  3.6466E-01
  4.5000E+01  4.0113E-01  3.4980E+00 -7.8186E-02 -1.3257E-01
  4.5000E+01  4.0113E-01  3.4980E+00 -7.8186E-02 -1.3257E-01
  4.5000E+01  4.0113E-01  3.4980E+00 -7.8186E-02 -1.3257E-01
  4.5000E+01  4.0113E-01  3.4980E+00 -7.8186E-02 -1.3257E-01
  4.6000E+01  7.8054E-01  4.1069E+00  3.0460E-01 -1.9062E-01
  4.6000E+01  7.8054E-01  4.1069E+00  3.0460E-01 -1.9062E-01
  4.6000E+01  7.8054E-01  4.1069E+00  3.0460E-01 -1.9062E-01
  4.6000E+01  7.8054E-01  4.1069E+00  3.0460E-01 -1.9062E-01
  4.6000E+01  7.8054E-01  4.1069E+00  3.0460E-01 -1.9062E-01
  4.7000E+01  1.2487E+00  7.5332E+00  4.3628E-01  1.5485E-01
  4.7000E+01  1.2487E+00  7.5332E+00  4.3628E-01  1.5485E-01
  4.7000E+01  1.2487E+00  7.5332E+00  4.3628E-01  1.5485E-01
  4.7000E+01  1.2487E+00  7.5332E+00  4.3628E-01  1.5485E-01
  4.8000E+01  3.2817E-01  3.2390E+00 -3.7450E-01 -2.8329E-01
  4.8000E+01  3.2817E-01  3.2390E+00 -3.7450E-01 -2.8329E-01
  4.8000E+01  3.2817E-01  3.2390E+00 -3.7450E-01 -2.8329E-01
  4.8000E+01  3.2817E-01  3.2390E+00 -3.7450E-01 -2.8329E-01
  4.8000E+01  3.2817E-01  3.2390E+00 -3.7450E-01 -2.8329E-01
  4.9000E+01  8.2229E-01  7.1433E+00 -1.2357E-02  7.7829E-02
  4.9000E+01  8.2229E-01  7.1433E+00 -1.2357E-02  7.7829E-02
  4.9000E+01  8.2229E-01  7.1433E+00 -1.2357E-02  7.7829E-02
  4.9000E+01  8.2229E-01  7.1433E+00 -1.2357E-02  7.7829E-02
  4.9000E+01  8.2229E-01  7.1433E+00 -1.2357E-02  7.7829E-02
  5.0000E+01  7.5902E-01  8.4056E+00 -1.8302E-01  1.7057E-01
  5.0000E+01  7.5902E-01  8.4056E+00 -1.8302E-01  1.7057E-01
  5.0000E+01  7.5902E-01  8.4056E+00 -1.8302E-01  1.7057E-01
  5.0000E+01  7.5902E-01  8.4056E+00 -1.8302E-01  1.7057E-01
  5.1000E+01  1.6483E+00  6.4433E+00  4.5173E-01 -2.0397E-01
  5.1000E+01  1.6483E+00  6.4433E+00  4.5173E-01 -2.0397E-01
  5.1000E+01  1.6483E+00  6.4433E+00  4.5173E-01 -2.0397E-01
  5.1000E+01  1.6483E+00  6.4433E+00  4.5173E-01 -2.0397E-01
  5.1000E+01  1.6483E+00  6.4433E+00  4.5173E-01 -2.0397E-01
  5.2000E+01  6.5455E-01  6.8222E+00  1.8230E-01  3.5841E-01
  5.2000E+01  6.5455E-01  6.8222E+00  1.8230E-01  3.5841E-01
  5.2000E+01  6.5455E-01  6.8222E+00  1.8230E-01  3.5841E-01
  5.2000E+01  6.5455E-01  6.8222E+00  1.8230E-01  3.5841E-01
  5.3000E+01  5.0002E-01  3.4817E+00  1.7246E-01 -1.1385E-01
  5.3000E+01  5.0002E-01  3.4817E+00  1.7246E-01 -1.1385E-01
  5.3000E+01  5.0002E-01  3.4817E+00  1.7246E-01 -1.1385E-01
  5.3000E+01  5.0002E-01  3.4817E+00  1.7246E-01 -1.1385E-01
  5.4000E+01  1.0188E+00  8.1536E+00  5.5604E-02  9.7107E-02
  5.4000E+01  1.0188E+00  8.1536E+00  5.5604E-02  9.7107E-02
  5.4000E+01  1.0188E+00  8.1536E+00  5.5604E-02  9.7107E-02
  5.4000E+01  1.0188E+00  8.1536E+00  5.5604E-02  9.7107E-02
  5.5000E+01  1.1616E+00  6.9623E+00  3.8500E-01  9.2269E-02
  5.5000E+01  1.1616E+00  6.9623E+00  3.8500E-01  9.2269E-02
  5.5000E+01  1.1616E+00  6.9623E+00  3.8500E-01  9.2269E-02
  5.5000E+01  1.1616E+00  6.9623E+00  3.8500E-01  9.2269E-02
  5.6000E+01  1.2018E+00  6.7157E+00  3.0965E-01 -2.8305E-02
  5.6000E+01  1.2018E+00  6.7157E+00  3.0965E-01 -2.8305E-02
  5.6000E+01  1.2018E+00  6.7157E+00  3.0965E-01 -2.8305E-02
  5.6000E+01  1.2018E+00  6.7157E+00  3.0965E-01 -2.8305E-02
  5.6000E+01  1.2018E+00  6.7157E+00  3.0965E-01 -2.8305E-02
  5.7000E+01  2.1224E+00  9.6857E+00  8.0680E-01  2.8265E-01
  5.7000E+01  2.1224E+00  9.6857E+00  8.0680E-01  2.8265E-01
  5.7000E+01  2.1224E+00  9.6857E+00  8.0680E-01  2.8265E-01
  5.7000E+01  2.1224E+00  9.6857E+00  8.0680E-01  2.8265E-01
  5.7000E+01  2.1224E+00  9.6857E+00  8.0680E-01  2.8265E-01
  5.8000E+01  1.5329E+00  6.1568E+00  5.1984E-01 -1.4077E-01
  5.8000E+01  1.5329E+00  6.1568E+00  5.1984E-01 -1.4077E-01
  5.8000E+01  1.5329E+00  6.1568E+00  5.1984E-01 -1.4077E-01
  5.8000E+01  1.5329E+00  6.1568E+00  5.1984E-01 -1.4077E-01
  5.9000E+01  1.3131E+00  6.1483E+00  5.9652E-01  3.6596E-02
  5.9000E+01  1.3131E+00  6.1483E+00  5.9652E-01  3.6596E-02
  5.9000E+01  1.3131E+00  6.1483E+00  5.9652E-01  3.6596E-02
  5.9000E+01  1.3131E+00  6.1483E+00  5.9652E-01  3.6596E-02
  5.9000E+01  1.3131E+00  6.1483E+00  5.9652E-01  3.6596E-02
  6.0000E+01  2.0769E+00  1.0047E+01  4.7052E-01  7.6210E-02
  6.0000E+01  2.0769E+00  1.0047E+01  4.7052E-01  7.6210E-02
  6.0000E+01  2.0769E+00  1.0047E+01  4.7052E-01  7.6210E-02
  6.0000E+01  2.0769E+00  1.0047E+01  4.7052E-01  7.6210E-02
  6.1000E+01  4.6168E+00  2.2238E+01  4.0115E-01  2.0019E-01
  6.1000E+01  4.6168E+00  2.2238E+01  4.0115E-01  2.0019E-01
  6.1000E+01  4.6168E+00  2.2238E+01  4.0115E-01  2.0019E-01
  6.1000E+01  4.6168E+00  2.2238E+01  4.0115E-01  2.0019E-01
  6.1000E+01  4.6168E+00  2.2238E+01  4.0115E-01  2.0019E-01
  6.1000E+01  4.6168E+00  2.2238E+01  4.0115E-01  2.0019E-01
  6.1000E+01  4.6168E+00  2.2238E+01  4.0115E-01  2.0019E-01
  6.2000E+01  2.4348E+00  1.9055E+01 -8.4995E-02  1.6441E-01
  6.2000E+01  2.4348E+00  1.9055E+01 -8.4995E-02  1.6441E-01
  6.2000E+01  2.4348E+00  1.9055E+01 -8.4995E-02  1.6441E-01
  6.2000E+01  2.4348E+00  1.9055E+01 -8.4995E-02  1.6441E-01
  6.2000E+01  2.4348E+00  1.9055E+01 -8.4995E-02  1.6441E-01
  6.2000E+01  2.4348E+00  1.9055E+01 -8.4995E-02  1.6441E-01
  6.2000E+01  2.4348E+00  1.9055E+01 -8.4995E-02  1.6441E-01
  6.3000E+01  4.3594E+00  2.3397E+01  2.6033E-01  1.8654E-01
  6.3000E+01  4.3594E+00  2.3397E+01  2.6033E-01  1.8654E-01
  6.3000E+01  4.3594E+00  2.3397E+01  2.6033E-01  1.8654E-01
  6.3000E+01  4.3594E+00  2.3397E+01  2.6033E-01  1.8654E-01
  6.3000E+01  4.3594E+00  2.3397E+01  2.6033E-01  1.8654E-01
  6.3000E+01  4.3594E+00  2.3397E+01  2.6033E-01  1.8654E-01
  6.3000E+01  4.3594E+00  2.3397E+01  2.6033E-01  1.8654E-01
  6.4000E+01  3.1623E+00  1.5079E+01  4.7041E-01  1.5747E-01
  6.4000E+01  3.1623E+00  1.5079E+01  4.7041E-01  1.5747E-01
  6.4000E+01  3.1623E+00  1.5079E+01  4.7041E-01  1.5747E-01
  6.4000E+01  3.1623E+00  1.5079E+01  4.7041E-01  1.5747E-01
  6.4000E+01  3.1623E+00  1.5079E+01  4.7041E-01  1.5747E-01
  6.4000E+01  3.1623E+00  1.5079E+01  4.7041E-01  1.5747E-01
  6.4000E+01  3.1623E+00  1.5079E+01  4.7041E-01  1.5747E-01
  6.5000E+01  1.7787E+00  9.4802E+00  2.9245E-01  3.5928E-04
  6.5000E+01  1.7787E+00  9.4802E+00  2.9245E-01  3.5928E-04
  6.5000E+01  1.7787E+00  9.4802E+00  2.9245E-01  3.5928E-04
  6.5000E+01  1.7787E+00  9.4802E+00  2.9245E-01  3.5928E-04
  6.5000E+01  1.7787E+00  9.4802E+00  2.9245E-01  3.5928E-04
  6.5000E+01  1.7787E+00  9.4802E+00  2.9245E-01  3.5928E-04
  6.5000E+01  1.7787E+00  9.4802E+00  2.9245E-01  3.5928E-04
  6.6000E+01  2.7000E+00  1.7233E+01  9.1574E-03  5.6808E-02
  6.6000E+01  2.7000E+00  1.7233E+01  9.1574E-03  5.6808E-02
  6.6000E+01  2.7000E+00  1.7233E+01  9.1574E-03  5.6808E-02
  6.6000E+01  2.7000E+00  1.7233E+01  9.1574E-03  5.6808E-02
  6.6000E+01  2.7000E+00  1.7233E+01  9.1574E-03  5.6808E-02
  6.6000E+01  2.7000E+00  1.7233E+01  9.1574E-03  5.6808E-02
  6.6000E+01  2.7000E+00  1.7233E+01  9.1574E-03  5.6808E-02
  6.7000E+01  5.1844E+00  2.0274E+01  5.4826E-01  1.3178E-01
  6.7000E+01  5.1844E+00  2.0274E+01  5.4826E-01  1.3178E-01
  6.7000E+01  5.1844E+00  2.0274E+01  5.4826E-01  1.3178E-01
  6.7000E+01  5.1844E+00  2.0274E+01  5.4826E-01  1.3178E-01
  6.7000E+01  5.1844E+00  2.0274E+01  5.4826E-01  1.3178E-01
  6.7000E+01  5.1844E+00  2.0274E+01  5.4826E-01  1.3178E-01
  6.7000E+01  5.1844E+00  2.0274E+01  5.4826E-01  1.3178E-01
  6.8000E+01  2.5487E+00  1.3546E+01 -8.0670E-02 -2.0878E-01
  6.8000E+01  2.5487E+00  1.3546E+01 -8.0670E-02 -2.0878E-01
  6.8000E+01  2.5487E+00  1.3546E+01 -8.0670E-02 -2.0878E-01
  6.8000E+01  2.5487E+00  1.3546E+01 -8.0670E-02 -2.0878E-01
  6.8000E+01  2.5487E+00  1.3546E+01 -8.0670E-02 -2.0878E-01
  6.8000E+01  2.5487E+00  1.3546E+01 -8.0670E-02 -2.0878E-01
  6.8000E+01  2.5487E+00  1.3546E+01 -8.0670E-02 -2.0878E-01
  6.9000E+01  1.7118E+00  9.7211E+00  4.3487E-01  1.6509E-01
  6.9000E+01  1.7118E+00  9.7211E+00  4.3487E-01  1.6509E-01
  6.9000E+01  1.7118E+00  9.7211E+00  4.3487E-01  1.6509E-01
  6.9000E+01  1.7118E+00  9.7211E+00  4.3487E-01  1.6509E-01
  6.9000E+01  1.7118E+00  9.7211E+00  4.3487E-01  1.6509E-01
  6.9000E+01  1.7118E+00  9.7211E+00  4.3487E-01  1.6509E-01
  6.9000E+01  1.7118E+00  9.7211E+00  4.3487E-01  1.6509E-01
  7.0000E+01  2.8892E+00  1.8650E+01 -6.3881E-02  2.7113E-02
  7.0000E+01  2.8892E+00  1.8650E+01 -6.3881E-02  2.7113E-02
  7.0000E+01  2.8892E+00  1.8650E+01 -6.3881E-02  2.7113E-02
  7.0000E+01  2.8892E+00  1.8650E+01 -6.3881E-02  2.7113E-02
  7.0000E+01  2.8892E+00  1.8650E+01 -6.3881E-02  2.7113E-02
  7.0000E+01  2.8892E+00  1.8650E+01 -6.3881E-02  2.7113E-02
  7.0000E+01  2.8892E+00  1.8650E+01 -6.3881E-02  2.7113E-02
  7.1000E+01  1.7152E+00  9.5496E+00  3.2078E-01  5.7599E-02
  7.1000E+01  1.7152E+00  9.5496E+00  3.2078E-01  5.7599E-02
  7.1000E+01  1.7152E+00  9.5496E+00  3.2078E-01  5.7599E-02
  7.1000E+01  1.7152E+00  9.5496E+00  3.2078E-01  5.7599E-02
  7.1000E+01  1.7152E+00  9.5496E+00  3.2078E-01  5.7599E-02
  7.1000E+01  1.7152E+00  9.5496E+00  3.2078E-01  5.7599E-02
  7.1000E+01  1.7152E+00  9.5496E+00  3.2078E-01  5.7599E-02
  7.2000E+01  1.3178E+00  7.4091E+00  1.0020E-01 -1.6300E-01
  7.2000E+01  1.3178E+00  7.4091E+00  1.0020E-01 -1.6300E-01
  7.2000E+01  1.3178E+00  7.4091E+00  1.0020E-01 -1.6300E-01
  7.2000E+01  1.3178E+00  7.4091E+00  1.0020E-01 -1.6300E-01
  7.2000E+01  1.3178E+00  7.4091E+00  1.0020E-01 -1.6300E-01
  7.2000E+01  1.3178E+00  7.4091E+00  1.0020E-01 -1.6300E-01
  7.2000E+01  1.3178E+00  7.4091E+00  1.0020E-01 -1.6300E-01
  7.3000E+01  1.9112E+00  1.4684E+01 -1.0973E-01  7.1746E-02
  7.3000E+01  1.9112E+00  1.4684E+01 -1.0973E-01  7.1746E-02
  7.3000E+01  1.9112E+00  1.4684E+01 -1.0973E-01  7.1746E-02
  7.3000E+01  1.9112E+00  1.4684E+01 -1.0973E-01  7.1746E-02
  7.3000E+01  1.9112E+00  1.4684E+01 -1.0973E-01  7.1746E-02
  7.3000E+01  1.9112E+00  1.4684E+01 -1.0973E-01  7.1746E-02
  7.3000E+01  1.9112E+00  1.4684E+01 -1.0973E-01  7.1746E-02
  7.4000E+01  2.2019E+00  1.9370E+01 -3.7084E-01  3.7689E-02
  7.4000E+01  2.2019E+00  1.9370E+01 -3.7084E-01  3.7689E-02
  7.4000E+01  2.2019E+00  1.9370E+01 -3.7084E-01  3.7689E-02
  7.4000E+01  2.2019E+00  1.9370E+01 -3.7084E-01  3.7689E-02
  7.4000E+01  2.2019E+00  1.9370E+01 -3.7084E-01  3.7689E-02
  7.4000E+01  2.2019E+00  1.9370E+01 -3.7084E-01  3.7689E-02
  7.4000E+01  2.2019E+00  1.9370E+01 -3.7084E-01  3.7689E-02
  7.5000E+01  2.3577E+00  2.3889E+01 -2.1635E-01  3.1388E-01
  7.5000E+01  2.3577E+00  2.3889E+01 -2.1635E-01  3.1388E-01
  7.5000E+01  2.3577E+00  2.3889E+01 -2.1635E-01  3.1388E-01
  7.5000E+01  2.3577E+00  2.3889E+01 -2.1635E-01  3.1388E-01
  7.5000E+01  2.3577E+00  2.3889E+01 -2.1635E-01  3.1388E-01
  7.5000E+01  2.3577E+00  2.3889E+01 -2.1635E-01  3.1388E-01
  7.5000E+01  2.3577E+00  2.3889E+01 -2.1635E-01  3.1388E-01
  7.6000E+01  5.0538E+00  1.2529E+01  5.5814E-01 -3.2221E-01
  7.6000E+01  5.0538E+00  1.2529E+01  5.5814E-01 -3.2221E-01
  7.6000E+01  5.0538E+00  1.2529E+01  5.5814E-01 -3.2221E-01
  7.6000E+01  5.0538E+00  1.2529E+01  5.5814E-01 -3.2221E-01
  7.6000E+01  5.0538E+00  1.2529E+01  5.5814E-01 -3.2221E-01
  7.6000E+01  5.0538E+00  1.2529E+01  5.5814E-01 -3.2221E-01
  7.6000E+01  5.0538E+00  1.2529E+01  5.5814E-01 -3.2221E-01
  7.7000E+01  2.4659E+00  2.2474E+01 -1.4990E-01  2.6954E-01
  7.7000E+01  2.4659E+00  2.2474E+01 -1.4990E-01  2.6954E-01
  7.7000E+01  2.4659E+00  2.2474E+01 -1.4990E-01  2.6954E-01
  7.7000E+01  2.4659E+00  2.2474E+01 -1.4990E-01  2.6954E-01
  7.7000E+01  2.4659E+00  2.2474E+01 -1.4990E-01  2.6954E-01
  7.7000E+01  2.4659E+00  2.2474E+01 -1.4990E-01  2.6954E-01
  7.7000E+01  2.4659E+00  2.2474E+01 -1.4990E-01  2.6954E-01
  7.8000E+01  1.5694E+00  2.1321E+01 -3.5925E-01  4.0415E-01
  7.8000E+01  1.5694E+00  2.1321E+01 -3.5925E-01  4.0415E-01
  7.8000E+01  1.5694E+00  2.1321E+01 -3.5925E-01  4.0415E-01
  7.8000E+01  1.5694E+00  2.1321E+01 -3.5925E-01  4.0415E-01
  7.8000E+01  1.5694E+00  2.1321E+01 -3.5925E-01  4.0415E-01
  7.8000E+01  1.5694E+00  2.1321E+01 -3.5925E-01  4.0415E-01
  7.8000E+01  1.5694E+00  2.1321E+01 -3.5925E-01  4.0415E-01
  7.9000E+01  1.9731E+00  1.1988E+01  7.8908E-02 -9.9828E-03
  7.9000E+01  1.9731E+00  1.1988E+01  7.8908E-02 -9.9828E-03
  7.9000E+01  1.9731E+00  1.1988E+01  7.8908E-02 -9.9828E-03
  7.9000E+01  1.9731E+00  1.1988E+01  7.8908E-02 -9.9828E-03
  7.9000E+01  1.9731E+00  1.1988E+01  7.8908E-02 -9.9828E-03
  7.9000E+01  1.9731E+00  1.1988E+01  7.8908E-02 -9.9828E-03
  7.9000E+01  1.9731E+00  1.1988E+01  7.8908E-02 -9.9828E-03
  8.0000E+01  2.2606E+00  1.4238E+01  7.9652E-02  5.7531E-02
  8.0000E+01  2.2606E+00  1.4238E+01  7.9652E-02  5.7531E-02
  8.0000E+01  2.2606E+00  1.4238E+01  7.9652E-02  5.7531E-02
  8.0000E+01  2.2606E+00  1.4238E+01  7.9652E-02  5.7531E-02
  8.0000E+01  2.2606E+00  1.4238E+01  7.9652E-02  5.7531E-02
  8.0000E+01  2.2606E+00  1.4238E+01  7.9652E-02  5.7531E-02
  8.0000E+01  2.2606E+00  1.4238E+01  7.9652E-02  5.7531E-02
  8.1000E+01  4.3167E+00  1.8282E+01  3.0432E-01 -1.8572E-02
  8.1000E+01  4.3167E+00  1.8282E+01  3.0432E-01 -1.8572E-02
  8.1000E+01  4.3167E+00  1.8282E+01  3.0432E-01 -1.8572E-02
  8.1000E+01  4.3167E+00  1.8282E+01  3.0432E-01 -1.8572E-02
  8.1000E+01  4.3167E+00  1.8282E+01  3.0432E-01 -1.8572E-02
  8.1000E+01  4.3167E+00  1.8282E+01  3.0432E-01 -1.8572E-02
  8.1000E+01  4.3167E+00  1.8282E+01  3.0432E-01 -1.8572E-02
  8.2000E+01  2.0095E+00  1.2112E+01  3.1072E-01  1.6524E-01
  8.2000E+01  2.0095E+00  1.2112E+01  3.1072E-01  1.6524E-01
  8.2000E+01  2.0095E+00  1.2112E+01  3.1072E-01  1.6524E-01
  8.2000E+01  2.0095E+00  1.2112E+01  3.1072E-01  1.6524E-01
  8.2000E+01  2.0095E+00  1.2112E+01  3.1072E-01  1.6524E-01
  8.2000E+01  2.0095E+00  1.2112E+01  3.1072E-01  1.6524E-01
  8.2000E+01  2.0095E+00  1.2112E+01  3.1072E-01  1.6524E-01
  8.3000E+01  2.1156E+00  1.2635E+01  3.6395E-02 -4.4164E-02
  8.3000E+01  2.1156E+00  1.2635E+01  3.6395E-02 -4.4164E-02
  8.3000E+01  2.1156E+00  1.2635E+01  3.6395E-02 -4.4164E-02
  8.3000E+01  2.1156E+00  1.2635E+01  3.6395E-02 -4.4164E-02
  8.3000E+01  2.1156E+00  1.2635E+01  3.6395E-02 -4.4164E-02
  8.3000E+01  2.1156E+00  1.2635E+01  3.6395E-02 -4.4164E-02
  8.3000E+01  2.1156E+00  1.2635E+01  3.6395E-02 -4.4164E-02
  8.4000E+01  2.1065E+00  1.8174E+01 -3.1179E-01  5.3804E-02
  8.4000E+01  2.1065E+00  1.8174E+01 -3.1179E-01  5.3804E-02
  8.4000E+01  2.1065E+00  1.8174E+01 -3.1179E-01  5.3804E-02
  8.4000E+01  2.1065E+00  1.8174E+01 -3.1179E-01  5.3804E-02
  8.4000E+01  2.1065E+00  1.8174E+01 -3.1179E-01  5.3804E-02
  8.4000E+01  2.1065E+00  1.8174E+01 -3.1179E-01  5.3804E-02
  8.4000E+01  2.1065E+00  1.8174E+01 -3.1179E-01  5.3804E-02
  8.5000E+01  2.3848E+00  8.5124E+00  6.7547E-01 -3.7984E-02
  8.5000E+01  2.3848E+00  8.5124E+00  6.7547E-01 -3.7984E-02
  8.5000E+01  2.3848E+00  8.5124E+00  6.7547E-01 -3.7984E-02
  8.5000E+01  2.3848E+00  8.5124E+00  6.7547E-01 -3.7984E-02
  8.5000E+01  2.3848E+00  8.5124E+00  6.7547E-01 -3.7984E-02
  8.5000E+01  2.3848E+00  8.5124E+00  6.7547E-01 -3.7984E-02
  8.5000E+01  2.3848E+00  8.5124E+00  6.7547E-01 -3.7984E-02
  8.6000E+01  4.2962E+00  2.0229E+01  2.1606E-01  1.8129E-02
  8.6000E+01  4.2962E+00  2.0229E+01  2.1606E-01  1.8129E-02
  8.6000E+01  4.2962E+00  2.0229E+01  2.1606E-01  1.8129E-02
  8.6000E+01  4.2962E+00  2.0229E+01  2.1606E-01  1.8129E-02
  8.6000E+01  4.2962E+00  2.0229E+01  2.1606E-01  1.8129E-02
  8.6000E+01  4.2962E+00  2.0229E+01  2.1606E-01  1.8129E-02
  8.6000E+01  4.2962E+00  2.0229E+01  2.1606E-01  1.8129E-02
  8.7000E+01  2.1815E+00  9.2741E+00  5.1566E-01 -6.9046E-03
  8.7000E+01  2.1815E+00  9.2741E+00  5.1566E-01 -6.9046E-03
  8.7000E+01  2.1815E+00  9.2741E+00  5.1566E-01 -6.9046E-03
  8.7000E+01  2.1815E+00  9.2741E+00  5.1566E-01 -6.9046E-03
  8.7000E+01  2.1815E+00  9.2741E+00  5.1566E-01 -6.9046E-03
  8.7000E+01  2.1815E+00  9.2741E+00  5.1566E-01 -6.9046E-03
  8.7000E+01  2.1815E+00  9.2741E+00  5.1566E-01 -6.9046E-03
  8.8000E+01  2.4020E+00  7.1328E+00  4.3284E-01 -4.0773E-01
  8.8000E+01  2.4020E+00  7.1328E+00  4.3284E-01 -4.0773E-01
  8.8000E+01  2.4020E+00  7.1328E+00  4.3284E-01 -4.0773E-01
  8.8000E+01  2.4020E+00  7.1328E+00  4.3284E-01 -4.0773E-01
  8.8000E+01  2.4020E+00  7.1328E+00  4.3284E-01 -4.0773E-01
  8.8000E+01  2.4020E+00  7.1328E+00  4.3284E-01 -4.0773E-01
  8.8000E+01  2.4020E+00  7.1328E+00  4.3284E-01 -4.0773E-01
  8.9000E+01  3.7237E+00  1.4587E+01  3.0474E-01 -1.2989E-01
  8.9000E+01  3.7237E+00  1.4587E+01  3.0474E-01 -1.2989E-01
  8.9000E+01  3.7237E+00  1.4587E+01  3.0474E-01 -1.2989E-01
  8.9000E+01  3.7237E+00  1.4587E+01  3.0474E-01 -1.2989E-01
  8.9000E+01  3.7237E+00  1.4587E+01  3.0474E-01 -1.2989E-01
  8.9000E+01  3.7237E+00  1.4587E+01  3.0474E-01 -1.2989E-01
  8.9000E+01  3.7237E+00  1.4587E+01  3.0474E-01 -1.2989E-01
  9.0000E+01  2.2341E+00  1.4206E+01  3.2464E-01  2.5366E-01
  9.0000E+01  2.2341E+00  1.4206E+01  3.2464E-01  2.5366E-01
  9.0000E+01  2.2341E+00  1.4206E+01  3.2464E-01  2.5366E-01
  9.0000E+01  2.2341E+00  1.4206E+01  3.2464E-01  2.5366E-01
  9.0000E+01  2.2341E+00  1.4206E+01  3.2464E-01  2.5366E-01
  9.0000E+01  2.2341E+00  1.4206E+01  3.2464E-01  2.5366E-01
  9.0000E+01  2.2341E+00  1.4206E+01  3.2464E-01  2.5366E-01
  9.1000E+01  3.9959E+00  2.2557E+01 -2.2820E-01 -1.6011E-01
  9.1000E+01  3.9959E+00  2.2557E+01 -2.2820E-01 -1.6011E-01
  9.1000E+01  3.9959E+00  2.2557E+01 -2.2820E-01 -1.6011E-01
  9.1000E+01  3.9959E+00  2.2557E+01 -2.2820E-01 -1.6011E-01
  9.1000E+01  3.9959E+00  2.2557E+01 -2.2820E-01 -1.6011E-01
  9.1000E+01  3.9959E+00  2.2557E+01 -2.2820E-01 -1.6011E-01
  9.1000E+01  3.9959E+00  2.2557E+01 -2.2820E-01 -1.6011E-01
  9.2000E+01  3.4693E+00  2.5256E+01 -3.7741E-01 -5.3195E-02
  9.2000E+01  3.4693E+00  2.5256E+01 -3.7741E-01 -5.3195E-02
  9.2000E+01  3.4693E+00  2.5256E+01 -3.7741E-01 -5.3195E-02
  9.2000E+01  3.4693E+00  2.5256E+01 -3.7741E-01 -5.3195E-02
  9.2000E+01  3.4693E+00  2.5256E+01 -3.7741E-01 -5.3195E-02
  9.2000E+01  3.4693E+00  2.5256E+01 -3.7741E-01 -5.3195E-02
  9.2000E+01  3.4693E+00  2.5256E+01 -3.7741E-01 -5.3195E-02
  9.3000E+01  5.3800E+00  3.8814E+01 -4.2787E-01 -1.3258E-03
  9.3000E+01  5.3800E+00  3.8814E+01 -4.2787E-01 -1.3258E-03
  9.3000E+01  5.3800E+00  3.8814E+01 -4.2787E-01 -1.3258E-03
  9.3000E+01  5.3800E+00  3.8814E+01 -4.2787E-01 -1.3258E-03
  9.3000E+01  5.3800E+00  3.8814E+01 -4.2787E-01 -1.3258E-03
  9.3000E+01  5.3800E+00  3.8814E+01 -4.2787E-01 -1.3258E-03
  9.3000E+01  5.3800E+00  3.8814E+01 -4.2787E-01 -1.3258E-03
  9.4000E+01  8.5323E+00  2.8819E+01  1.1137E-01 -2.3877E-01
  9.4000E+01  8.5323E+00  2.8819E+01  1.1137E-01 -2.3877E-01
  9.4000E+01  8.5323E+00  2.8819E+01  1.1137E-01 -2.3877E-01
  9.4000E+01  8.5323E+00  2.8819E+01  1.1137E-01 -2.3877E-01
  9.4000E+01  8.5323E+00  2.8819E+01  1.1137E-01 -2.3877E-01
  9.4000E+01  8.5323E+00  2.8819E+01  1.1137E-01 -2.3877E-01
  9.4000E+01  8.5323E+00  2.8819E+01  1.1137E-01 -2.3877E-01
  9.5000E+01  5.5956E+00  3.9434E+01 -2.6098E-01  1.1308E-01
  9.5000E+01  5.5956E+00  3.9434E+01 -2.6098E-01  1.1308E-01
  9.5000E+01  5.5956E+00  3.9434E+01 -2.6098E-01  1.1308E-01
  9.5000E+01  5.5956E+00  3.9434E+01 -2.6098E-01  1.1308E-01
  9.5000E+01  5.5956E+00  3.9434E+01 -2.6098E-01  1.1308E-01
  9.5000E+01  5.5956E+00  3.9434E+01 -2.6098E-01  1.1308E-01
  9.5000E+01  5.5956E+00  3.9434E+01 -2.6098E-01  1.1308E-01
  9.6000E+01  3.9312E+00  3.3589E+01 -6.2585E-01 -5.6486E-02
  9.6000E+01  3.9312E+00  3.3589E+01 -6.2585E-01 -5.6486E-02
  9.6000E+01  3.9312E+00  3.3589E+01 -6.2585E-01 -5.6486E-02
  9.6000E+01  3.9312E+00  3.3589E+01 -6.2585E-01 -5.6486E-02
  9.6000E+01  3.9312E+00  3.3589E+01 -6.2585E-01 -5.6486E-02
  9.6000E+01  3.9312E+00  3.3589E+01 -6.2585E-01 -5.6486E-02
  9.6000E+01  3.9312E+00  3.3589E+01 -6.2585E-01 -5.6486E-02
  9.7000E+01  3.9570E+00  2.8580E+01 -4.1054E-01 -5.6748E-02
  9.7000E+01  3.9570E+00  2.8580E+01 -4.1054E-01 -5.6748E-02
  9.7000E+01  3.9570E+00  2.8580E+01 -4.1054E-01 -5.6748E-02
  9.7000E+01  3.9570E+00  2.8580E+01 -4.1054E-01 -5.6748E-02
  9.7000E+01  3.9570E+00  2.8580E+01 -4.1054E-01 -5.6748E-02
  9.7000E+01  3.9570E+00  2.8580E+01 -4.1054E-01 -5.6748E-02
  9.7000E+01  3.9570E+00  2.8580E+01 -4.1054E-01 -5.6748E-02
  9.8000E+01  5.7574E+00  3.4245E+01 -2.1280E-01 -1.2816E-02
  9.8000E+01  5.7574E+00  3.4245E+01 -2.1280E-01 -1.2816E-02
  9.8000E+01  5.7574E+00  3.4245E+01 -2.1280E-01 -1.2816E-02
  9.8000E+01  5.7574E+00  3.4245E+01 -2.1280E-01 -1.2816E-02
  9.8000E+01  5.7574E+00  3.4245E+01 -2.1280E-01 -1.2816E-02
  9.8000E+01  5.7574E+00  3.4245E+01 -2.1280E-01 -1.2816E-02
  9.8000E+01  5.7574E+00  3.4245E+01 -2.1280E-01 -1.2816E-02
  9.9000E+01  3.1102E+00  3.1883E+01 -6.9673E-01  1.7566E-02
  9.9000E+01  3.1102E+00  3.1883E+01 -6.9673E-01  1.7566E-02
  9.9000E+01  3.1102E+00  3.1883E+01 -6.9673E-01  1.7566E-02
  9.9000E+01  3.1102E+00  3.1883E+01 -6.9673E-01  1.7566E-02
  9.9000E+01  3.1102E+00  3.1883E+01 -6.9673E-01  1.7566E-02
  9.9000E+01  3.1102E+00  3.1883E+01 -6.9673E-01  1.7566E-02
  9.9000E+01  3.1102E+00  3.1883E+01 -6.9673E-01  1.7566E-02
  1.0000E+02  4.1611E+00  3.6538E+01 -4.7054E-01  1.0371E-01
  1.0000E+02  4.1611E+00  3.6538E+01 -4.7054E-01  1.0371E-01
  1.0000E+02  4.1611E+00  3.6538E+01 -4.7054E-01  1.0371E-01
  1.0000E+02  4.1611E+00  3.6538E+01 -4.7054E-01  1.0371E-01
  1.0000E+02  4.1611E+00  3.6538E+01 -4.7054E-01  1.0371E-01
  1.0000E+02  4.1611E+00  3.6538E+01 -4.7054E-01  1.0371E-01
  1.0000E+02  4.1611E+00  3.6538E+01 -4.7054E-01  1.0371E-01
  1.0100E+02  2.3317E+00  1.5704E+01 -4.2078E-01 -2.5493E-01
  1.0100E+02  2.3317E+00  1.5704E+01 -4.2078E-01 -2.5493E-01
  1.0100E+02  2.3317E+00  1.5704E+01 -4.2078E-01 -2.5493E-01
  1.0100E+02  2.3317E+00  1.5704E+01 -4.2078E-01 -2.5493E-01
  1.0100E+02  2.3317E+00  1.5704E+01 -4.2078E-01 -2.5493E-01
  1.0100E+02  2.3317E+00  1.5704E+01 -4.2078E-01 -2.5493E-01
  1.0100E+02  2.3317E+00  1.5704E+01 -4.2078E-01 -2.5493E-01
  1.0200E+02  3.9047E+00  1.9231E+01 -2.2448E-01 -2.9892E-01
  1.0200E+02  3.9047E+00  1.9231E+01 -2.2448E-01 -2.9892E-01
  1.0200E+02  3.9047E+00  1.9231E+01 -2.2448E-01 -2.9892E-01
  1.0200E+02  3.9047E+00  1.9231E+01 -2.2448E-01 -2.9892E-01
  1.0200E+02  3.9047E+00  1.9231E+01 -2.2448E-01 -2.9892E-01
  1.0200E+02  3.9047E+00  1.9231E+01 -2.2448E-01 -2.9892E-01
  1.0200E+02  3.9047E+00  1.9231E+01 -2.2448E-01 -2.9892E-01
  1.0300E+02  9.0219E+00  3.6712E+01  4.6176E-02 -9.0143E-02
  1.0300E+02  9.0219E+00  3.6712E+01  4.6176E-02 -9.0143E-02
  1.0300E+02  9.0219E+00  3.6712E+01  4.6176E-02 -9.0143E-02
  1.0300E+02  9.0219E+00  3.6712E+01  4.6176E-02 -9.0143E-02
  1.0300E+02  9.0219E+00  3.6712E+01  4.6176E-02 -9.0143E-02
  1.0300E+02  9.0219E+00  3.6712E+01  4.6176E-02 -9.0143E-02
  1.0300E+02  9.0219E+00  3.6712E+01  4.6176E-02 -9.0143E-02
  1.0400E+02  5.2820E+00  5.1850E+01 -2.4421E-01  4.4431E-01
  1.0400E+02  5.2820E+00  5.1850E+01 -2.4421E-01  4.4431E-01
  1.0400E+02  5.2820E+00  5.1850E+01 -2.4421E-01  4.4431E-01
  1.0400E+02  5.2820E+00  5.1850E+01 -2.4421E-01  4.4431E-01
  1.0400E+02  5.2820E+00  5.1850E+01 -2.4421E-01  4.4431E-01
  1.0400E+02  5.2820E+00  5.1850E+01 -2.4421E-01  4.4431E-01
  1.0400E+02  5.2820E+00  5.1850E+01 -2.4421E-01  4.4431E-01
  1.0500E+02  7.6841E+00  2.3350E+01  3.6423E-01 -1.7303E-01
  1.0500E+02  7.6841E+00  2.3350E+01  3.6423E-01 -1.7303E-01
  1.0500E+02  7.6841E+00  2.3350E+01  3.6423E-01 -1.7303E-01
  1.0500E+02  7.6841E+00  2.3350E+01  3.6423E-01 -1.7303E-01
  1.0500E+02  7.6841E+00  2.3350E+01  3.6423E-01 -1.7303E-01
  1.0500E+02  7.6841E+00  2.3350E+01  3.6423E-01 -1.7303E-01
  1.0500E+02  7.6841E+00  2.3350E+01  3.6423E-01 -1.7303E-01
  1.0600E+02  2.7603E+00  4.6460E+01 -8.2510E-01  3.8711E-01
  1.0600E+02  2.7603E+00  4.6460E+01 -8.2510E-01  3.8711E-01
  1.0600E+02  2.7603E+00  4.6460E+01 -8.2510E-01  3.8711E-01
  1.0600E+02  2.7603E+00  4.6460E+01 -8.2510E-01  3.8711E-01
  1.0600E+02  2.7603E+00  4.6460E+01 -8.2510E-01  3.8711E-01
  1.0600E+02  2.7603E+00  4.6460E+01 -8.2510E-01  3.8711E-01
  1.0600E+02  2.7603E+00  4.6460E+01 -8.2510E-01  3.8711E-01
  1.0700E+02  8.2445E+00  4.6945E+01  5.4174E-02  2.3149E-01
  1.0700E+02  8.2445E+00  4.6945E+01  5.4174E-02  2.3149E-01
  1.0700E+02  8.2445E+00  4.6945E+01  5.4174E-02  2.3149E-01
  1.0700E+02  8.2445E+00  4.6945E+01  5.4174E-02  2.3149E-01
  1.0700E+02  8.2445E+00  4.6945E+01  5.4174E-02  2.3149E-01
  1.0700E+02  8.2445E+00  4.6945E+01  5.4174E-02  2.3149E-01
  1.0700E+02  8.2445E+00  4.6945E+01  5.4174E-02  2.3149E-01
  1.0800E+02  5.6040E+00  3.8949E+01 -2.4109E-01  1.1490E-01
  1.0800E+02  5.6040E+00  3.8949E+01 -2.4109E-01  1.1490E-01
  1.0800E+02  5.6040E+00  3.8949E+01 -2.4109E-01  1.1490E-01
  1.0800E+02  5.6040E+00  3.8949E+01 -2.4109E-01  1.1490E-01
  1.0800E+02  5.6040E+00  3.8949E+01 -2.4109E-01  1.1490E-01
  1.0800E+02  5.6040E+00  3.8949E+01 -2.4109E-01  1.1490E-01
  1.0800E+02  5.6040E+00  3.8949E+01 -2.4109E-01  1.1490E-01
  1.0900E+02  4.9302E+00  2.2636E+01 -3.7416E-02 -1.7155E-01
  1.0900E+02  4.9302E+00  2.2636E+01 -3.7416E-02 -1.7155E-01
  1.0900E+02  4.9302E+00  2.2636E+01 -3.7416E-02 -1.7155E-01
  1.0900E+02  4.9302E+00  2.2636E+01 -3.7416E-02 -1.7155E-01
  1.0900E+02  4.9302E+00  2.2636E+01 -3.7416E-02 -1.7155E-01
  1.0900E+02  4.9302E+00  2.2636E+01 -3.7416E-02 -1.7155E-01
  1.0900E+02  4.9302E+00  2.2636E+01 -3.7416E-02 -1.7155E-01
  1.1000E+02  5.3331E+00  2.1251E+01 -4.1177E-01 -5.8451E-01
  1.1000E+02  5.3331E+00  2.1251E+01 -4.1177E-01 -5.8451E-01
  1.1000E+02  5.3331E+00  2.1251E+01 -4.1177E-01 -5.8451E-01
  1.1000E+02  5.3331E+00  2.1251E+01 -4.1177E-01 -5.8451E-01
  1.1000E+02  5.3331E+00  2.1251E+01 -4.1177E-01 -5.8451E-01
  1.1000E+02  5.3331E+00  2.1251E+01 -4.1177E-01 -5.8451E-01
  1.1000E+02  5.3331E+00  2.1251E+01 -4.1177E-01 -5.8451E-01
  1.1100E+02  4.9346E+00  2.2093E+01  2.7306E-02 -1.4650E-01
  1.1100E+02  4.9346E+00  2.2093E+01  2.7306E-02 -1.4650E-01
  1.1100E+02  4.9346E+00  2.2093E+01  2.7306E-02 -1.4650E-01
  1.1100E+02  4.9346E+00  2.2093E+01  2.7306E-02 -1.4650E-01
  1.1100E+02  4.9346E+00  2.2093E+01  2.7306E-02 -1.4650E-01
  1.1100E+02  4.9346E+00  2.2093E+01  2.7306E-02 -1.4650E-01
  1.1100E+02  4.9346E+00  2.2093E+01  2.7306E-02 -1.4650E-01
  1.1200E+02  6.0023E+00  2.0740E+01 -2.3440E-02 -4.0020E-01
  1.1200E+02  6.0023E+00  2.0740E+01 -2.3440E-02 -4.0020E-01
  1.1200E+02  6.0023E+00  2.0740E+01 -2.3440E-02 -4.0020E-01
  1.1200E+02  6.0023E+00  2.0740E+01 -2.3440E-02 -4.0020E-01
  1.1200E+02  6.0023E+00  2.0740E+01 -2.3440E-02 -4.0020E-01
  1.1200E+02  6.0023E+00  2.0740E+01 -2.3440E-02 -4.0020E-01
  1.1200E+02  6.0023E+00  2.0740E+01 -2.3440E-02 -4.0020E-01
  1.1300E+02  5.3648E+00  3.3799E+01 -1.2896E-01  9.3384E-02
  1.1300E+02  5.3648E+00  3.3799E+01 -1.2896E-01  9.3384E-02
  1.1300E+02  5.3648E+00  3.3799E+01 -1.2896E-01  9.3384E-02
  1.1300E+02  5.3648E+00  3.3799E+01 -1.2896E-01  9.3384E-02
  1.1300E+02  5.3648E+00  3.3799E+01 -1.2896E-01  9.3384E-02
  1.1300E+02  5.3648E+00  3.3799E+01 -1.2896E-01  9.3384E-02
  1.1300E+02  5.3648E+00  3.3799E+01 -1.2896E-01  9.3384E-02
  1.1400E+02  4.0665E+00  2.8675E+01 -2.3832E-01  5.8511E-02
  1.1400E+02  4.0665E+00  2.8675E+01 -2.3832E-01  5.8511E-02
  1.1400E+02  4.0665E+00  2.8675E+01 -2.3832E-01  5.8511E-02
  1.1400E+02  4.0665E+00  2.8675E+01 -2.3832E-01  5.8511E-02
  1.1400E+02  4.0665E+00  2.8675E+01 -2.3832E-01  5.8511E-02
  1.1400E+02  4.0665E+00  2.8675E+01 -2.3832E-01  5.8511E-02
  1.1400E+02  4.0665E+00  2.8675E+01 -2.3832E-01  5.8511E-02
  1.1500E+02  5.3729E+00  2.1039E+01  3.5912E-01 -4.8298E-03
  1.1500E+02  5.3729E+00  2.1039E+01  3.5912E-01 -4.8298E-03
  1.1500E+02  5.3729E+00  2.1039E+01  3.5912E-01 -4.8298E-03
  1.1500E+02  5.3729E+00  2.1039E+01  3.5912E-01 -4.8298E-03
  1.1500E+02  5.3729E+00  2.1039E+01  3.5912E-01 -4.8298E-03
  1.1500E+02  5.3729E+00  2.1039E+01  3.5912E-01 -4.8298E-03
  1.1500E+02  5.3729E+00  2.1039E+01  3.5912E-01 -4.8298E-03
  1.1600E+02  3.3107E+00  3.4358E+01 -8.4024E-01 -6.6751E-02
  1.1600E+02  3.3107E+00  3.4358E+01 -8.4024E-01 -6.6751E-02
  1.1600E+02  3.3107E+00  3.4358E+01 -8.4024E-01 -6.6751E-02
  1.1600E+02  3.3107E+00  3.4358E+01 -8.4024E-01 -6.6751E-02
  1.1600E+02  3.3107E+00  3.4358E+01 -8.4024E-01 -6.6751E-02
  1.1600E+02  3.3107E+00  3.4358E+01 -8.4024E-01 -6.6751E-02
  1.1600E+02  3.3107E+00  3.4358E+01 -8.4024E-01 -6.6751E-02
  1.1700E+02  6.8373E+00  3.4820E+01  3.1486E-01  2.7862E-01
  1.1700E+02  6.8373E+00  3.4820E+01  3.1486E-01  2.7862E-01
  1.1700E+02  6.8373E+00  3.4820E+01  3.1486E-01  2.7862E-01
  1.1700E+02  6.8373E+00  3.4820E+01  3.1486E-01  2.7862E-01
  1.1700E+02  6.8373E+00  3.4820E+01  3.1486E-01  2.7862E-01
  1.1700E+02  6.8373E+00  3.4820E+01  3.1486E-01  2.7862E-01
  1.1700E+02  6.8373E+00  3.4820E+01  3.1486E-01  2.7862E-01
  1.1800E+02  3.0317E+00  2.9477E+01 -7.6569E-01 -9.4405E-02
  1.1800E+02  3.0317E+00  2.9477E+01 -7.6569E-01 -9.4405E-02
  1.1800E+02  3.0317E+00  2.9477E+01 -7.6569E-01 -9.4405E-02
  1.1800E+02  3.0317E+00  2.9477E+01 -7.6569E-01 -9.4405E-02
  1.1800E+02  3.0317E+00  2.9477E+01 -7.6569E-01 -9.4405E-02
  1.1800E+02  3.0317E+00  2.9477E+01 -7.6569E-01 -9.4405E-02
  1.1800E+02  3.0317E+00  2.9477E+01 -7.6569E-01 -9.4405E-02
  1.1900E+02  2.9462E+00  1.9636E+01 -3.6791E-01 -1.7130E-01
  1.1900E+02  2.9462E+00  1.9636E+01 -3.6791E-01 -1.7130E-01
  1.1900E+02  2.9462E+00  1.9636E+01 -3.6791E-01 -1.7130E-01
  1.1900E+02  2.9462E+00  1.9636E+01 -3.6791E-01 -1.7130E-01
  1.1900E+02  2.9462E+00  1.9636E+01 -3.6791E-01 -1.7130E-01
  1.1900E+02  2.9462E+00  1.9636E+01 -3.6791E-01 -1.7130E-01
  1.1900E+02  2.9462E+00  1.9636E+01 -3.6791E-01 -1.7130E-01
  1.2000E+02  5.7576E+00  3.4914E+01 -4.1776E-01 -1.5180E-01
  1.2000E+02  5.7576E+00  3.4914E+01 -4.1776E-01 -1.5180E-01
  1.2000E+02  5.7576E+00  3.4914E+01 -4.1776E-01 -1.5180E-01
  1.2000E+02  5.7576E+00  3.4914E+01 -4.1776E-01 -1.5180E-01
  1.2000E+02  5.7576E+00  3.4914E+01 -4.1776E-01 -1.5180E-01
  1.2000E+02  5.7576E+00  3.4914E+01 -4.1776E-01 -1.5180E-01
  1.2000E+02  5.7576E+00  3.4914E+01 -4.1776E-01 -1.5180E-01
