TABLE NO.  2
 ID          ALPH        BETA        ETA1        ETA2
  1.0000E+00  8.0577E-01  9.2575E-02  7.5572E-02  1.2795E-01
  1.0000E+00  8.0577E-01  9.2575E-02  7.5572E-02  1.2795E-01
  1.0000E+00  8.0577E-01  9.2575E-02  7.5572E-02  1.2795E-01
  1.0000E+00  8.0577E-01  9.2575E-02  7.5572E-02  1.2795E-01
  1.0000E+00  8.0577E-01  9.2575E-02  7.5572E-02  1.2795E-01
  1.0000E+00  8.0577E-01  9.2575E-02  7.5572E-02  1.2795E-01
  1.0000E+00  8.0577E-01  9.2575E-02  7.5572E-02  1.2795E-01
  1.0000E+00  8.0577E-01  9.2575E-02  7.5572E-02  1.2795E-01
  2.0000E+00  8.6274E-01  1.0235E-01  1.4390E-01  2.2830E-01
  2.0000E+00  8.6274E-01  1.0235E-01  1.4390E-01  2.2830E-01
  2.0000E+00  8.6274E-01  1.0235E-01  1.4390E-01  2.2830E-01
  2.0000E+00  8.6274E-01  1.0235E-01  1.4390E-01  2.2830E-01
  2.0000E+00  8.6274E-01  1.0235E-01  1.4390E-01  2.2830E-01
  2.0000E+00  8.6274E-01  1.0235E-01  1.4390E-01  2.2830E-01
  2.0000E+00  8.6274E-01  1.0235E-01  1.4390E-01  2.2830E-01
  2.0000E+00  8.6274E-01  1.0235E-01  1.4390E-01  2.2830E-01
  2.0000E+00  8.6274E-01  1.0235E-01  1.4390E-01  2.2830E-01
  2.0000E+00  8.6274E-01  1.0235E-01  1.4390E-01  2.2830E-01
  2.0000E+00  8.6274E-01  1.0235E-01  1.4390E-01  2.2830E-01
  3.0000E+00  7.8772E-01  8.6633E-02  5.2922E-02  6.1616E-02
  3.0000E+00  7.8772E-01  8.6633E-02  5.2922E-02  6.1616E-02
  3.0000E+00  7.8772E-01  8.6633E-02  5.2922E-02  6.1616E-02
  3.0000E+00  7.8772E-01  8.6633E-02  5.2922E-02  6.1616E-02
  3.0000E+00  7.8772E-01  8.6633E-02  5.2922E-02  6.1616E-02
  3.0000E+00  7.8772E-01  8.6633E-02  5.2922E-02  6.1616E-02
  3.0000E+00  7.8772E-01  8.6633E-02  5.2922E-02  6.1616E-02
  3.0000E+00  7.8772E-01  8.6633E-02  5.2922E-02  6.1616E-02
  4.0000E+00  5.7876E-01  5.8617E-02 -2.5534E-01 -3.2904E-01
  4.0000E+00  5.7876E-01  5.8617E-02 -2.5534E-01 -3.2904E-01
  4.0000E+00  5.7876E-01  5.8617E-02 -2.5534E-01 -3.2904E-01
  4.0000E+00  5.7876E-01  5.8617E-02 -2.5534E-01 -3.2904E-01
  4.0000E+00  5.7876E-01  5.8617E-02 -2.5534E-01 -3.2904E-01
  4.0000E+00  5.7876E-01  5.8617E-02 -2.5534E-01 -3.2904E-01
  4.0000E+00  5.7876E-01  5.8617E-02 -2.5534E-01 -3.2904E-01
  4.0000E+00  5.7876E-01  5.8617E-02 -2.5534E-01 -3.2904E-01
  4.0000E+00  5.7876E-01  5.8617E-02 -2.5534E-01 -3.2904E-01
  4.0000E+00  5.7876E-01  5.8617E-02 -2.5534E-01 -3.2904E-01
  4.0000E+00  5.7876E-01  5.8617E-02 -2.5534E-01 -3.2904E-01
  4.0000E+00  5.7876E-01  5.8617E-02 -2.5534E-01 -3.2904E-01
  5.0000E+00  7.5423E-01  8.5023E-02  9.4816E-03  4.2858E-02
  5.0000E+00  7.5423E-01  8.5023E-02  9.4816E-03  4.2858E-02
  5.0000E+00  7.5423E-01  8.5023E-02  9.4816E-03  4.2858E-02
  5.0000E+00  7.5423E-01  8.5023E-02  9.4816E-03  4.2858E-02
  5.0000E+00  7.5423E-01  8.5023E-02  9.4816E-03  4.2858E-02
  5.0000E+00  7.5423E-01  8.5023E-02  9.4816E-03  4.2858E-02
  5.0000E+00  7.5423E-01  8.5023E-02  9.4816E-03  4.2858E-02
  5.0000E+00  7.5423E-01  8.5023E-02  9.4816E-03  4.2858E-02
  5.0000E+00  7.5423E-01  8.5023E-02  9.4816E-03  4.2858E-02
  5.0000E+00  7.5423E-01  8.5023E-02  9.4816E-03  4.2858E-02
  5.0000E+00  7.5423E-01  8.5023E-02  9.4816E-03  4.2858E-02
  6.0000E+00  8.3504E-01  9.4888E-02  1.1126E-01  1.5263E-01
  6.0000E+00  8.3504E-01  9.4888E-02  1.1126E-01  1.5263E-01
  6.0000E+00  8.3504E-01  9.4888E-02  1.1126E-01  1.5263E-01
  6.0000E+00  8.3504E-01  9.4888E-02  1.1126E-01  1.5263E-01
  6.0000E+00  8.3504E-01  9.4888E-02  1.1126E-01  1.5263E-01
  6.0000E+00  8.3504E-01  9.4888E-02  1.1126E-01  1.5263E-01
  6.0000E+00  8.3504E-01  9.4888E-02  1.1126E-01  1.5263E-01
  6.0000E+00  8.3504E-01  9.4888E-02  1.1126E-01  1.5263E-01
  7.0000E+00  9.3548E-01  1.1082E-01  2.2484E-01  3.0780E-01
  7.0000E+00  9.3548E-01  1.1082E-01  2.2484E-01  3.0780E-01
  7.0000E+00  9.3548E-01  1.1082E-01  2.2484E-01  3.0780E-01
  7.0000E+00  9.3548E-01  1.1082E-01  2.2484E-01  3.0780E-01
  7.0000E+00  9.3548E-01  1.1082E-01  2.2484E-01  3.0780E-01
  7.0000E+00  9.3548E-01  1.1082E-01  2.2484E-01  3.0780E-01
  7.0000E+00  9.3548E-01  1.1082E-01  2.2484E-01  3.0780E-01
  8.0000E+00  7.1890E-01  7.8525E-02 -3.8500E-02 -3.6656E-02
  8.0000E+00  7.1890E-01  7.8525E-02 -3.8500E-02 -3.6656E-02
  8.0000E+00  7.1890E-01  7.8525E-02 -3.8500E-02 -3.6656E-02
  8.0000E+00  7.1890E-01  7.8525E-02 -3.8500E-02 -3.6656E-02
  8.0000E+00  7.1890E-01  7.8525E-02 -3.8500E-02 -3.6656E-02
  8.0000E+00  7.1890E-01  7.8525E-02 -3.8500E-02 -3.6656E-02
  8.0000E+00  7.1890E-01  7.8525E-02 -3.8500E-02 -3.6656E-02
  9.0000E+00  6.2318E-01  6.2918E-02 -1.8139E-01 -2.5823E-01
  9.0000E+00  6.2318E-01  6.2918E-02 -1.8139E-01 -2.5823E-01
  9.0000E+00  6.2318E-01  6.2918E-02 -1.8139E-01 -2.5823E-01
  9.0000E+00  6.2318E-01  6.2918E-02 -1.8139E-01 -2.5823E-01
  9.0000E+00  6.2318E-01  6.2918E-02 -1.8139E-01 -2.5823E-01
  9.0000E+00  6.2318E-01  6.2918E-02 -1.8139E-01 -2.5823E-01
  9.0000E+00  6.2318E-01  6.2918E-02 -1.8139E-01 -2.5823E-01
  9.0000E+00  6.2318E-01  6.2918E-02 -1.8139E-01 -2.5823E-01
  9.0000E+00  6.2318E-01  6.2918E-02 -1.8139E-01 -2.5823E-01
  9.0000E+00  6.2318E-01  6.2918E-02 -1.8139E-01 -2.5823E-01
  1.0000E+01  6.2600E-01  6.4778E-02 -1.7688E-01 -2.2910E-01
  1.0000E+01  6.2600E-01  6.4778E-02 -1.7688E-01 -2.2910E-01
  1.0000E+01  6.2600E-01  6.4778E-02 -1.7688E-01 -2.2910E-01
  1.0000E+01  6.2600E-01  6.4778E-02 -1.7688E-01 -2.2910E-01
  1.0000E+01  6.2600E-01  6.4778E-02 -1.7688E-01 -2.2910E-01
  1.0000E+01  6.2600E-01  6.4778E-02 -1.7688E-01 -2.2910E-01
  1.0000E+01  6.2600E-01  6.4778E-02 -1.7688E-01 -2.2910E-01
  1.0000E+01  6.2600E-01  6.4778E-02 -1.7688E-01 -2.2910E-01
  1.0000E+01  6.2600E-01  6.4778E-02 -1.7688E-01 -2.2910E-01
  1.0000E+01  6.2600E-01  6.4778E-02 -1.7688E-01 -2.2910E-01
  1.1000E+01  6.1682E-01  6.4431E-02 -1.9165E-01 -2.3448E-01
  1.1000E+01  6.1682E-01  6.4431E-02 -1.9165E-01 -2.3448E-01
  1.1000E+01  6.1682E-01  6.4431E-02 -1.9165E-01 -2.3448E-01
  1.1000E+01  6.1682E-01  6.4431E-02 -1.9165E-01 -2.3448E-01
  1.1000E+01  6.1682E-01  6.4431E-02 -1.9165E-01 -2.3448E-01
  1.1000E+01  6.1682E-01  6.4431E-02 -1.9165E-01 -2.3448E-01
  1.1000E+01  6.1682E-01  6.4431E-02 -1.9165E-01 -2.3448E-01
  1.1000E+01  6.1682E-01  6.4431E-02 -1.9165E-01 -2.3448E-01
  1.1000E+01  6.1682E-01  6.4431E-02 -1.9165E-01 -2.3448E-01
  1.2000E+01  6.2369E-01  6.5160E-02 -1.8057E-01 -2.2323E-01
  1.2000E+01  6.2369E-01  6.5160E-02 -1.8057E-01 -2.2323E-01
  1.2000E+01  6.2369E-01  6.5160E-02 -1.8057E-01 -2.2323E-01
  1.2000E+01  6.2369E-01  6.5160E-02 -1.8057E-01 -2.2323E-01
  1.2000E+01  6.2369E-01  6.5160E-02 -1.8057E-01 -2.2323E-01
  1.2000E+01  6.2369E-01  6.5160E-02 -1.8057E-01 -2.2323E-01
  1.2000E+01  6.2369E-01  6.5160E-02 -1.8057E-01 -2.2323E-01
  1.2000E+01  6.2369E-01  6.5160E-02 -1.8057E-01 -2.2323E-01
  1.3000E+01  7.5209E-01  7.5689E-02  6.6382E-03 -7.3434E-02
  1.3000E+01  7.5209E-01  7.5689E-02  6.6382E-03 -7.3434E-02
  1.3000E+01  7.5209E-01  7.5689E-02  6.6382E-03 -7.3434E-02
  1.3000E+01  7.5209E-01  7.5689E-02  6.6382E-03 -7.3434E-02
  1.3000E+01  7.5209E-01  7.5689E-02  6.6382E-03 -7.3434E-02
  1.3000E+01  7.5209E-01  7.5689E-02  6.6382E-03 -7.3434E-02
  1.3000E+01  7.5209E-01  7.5689E-02  6.6382E-03 -7.3434E-02
  1.3000E+01  7.5209E-01  7.5689E-02  6.6382E-03 -7.3434E-02
  1.3000E+01  7.5209E-01  7.5689E-02  6.6382E-03 -7.3434E-02
  1.4000E+01  5.7364E-01  5.6891E-02 -2.6422E-01 -3.5892E-01
  1.4000E+01  5.7364E-01  5.6891E-02 -2.6422E-01 -3.5892E-01
  1.4000E+01  5.7364E-01  5.6891E-02 -2.6422E-01 -3.5892E-01
  1.4000E+01  5.7364E-01  5.6891E-02 -2.6422E-01 -3.5892E-01
  1.4000E+01  5.7364E-01  5.6891E-02 -2.6422E-01 -3.5892E-01
  1.4000E+01  5.7364E-01  5.6891E-02 -2.6422E-01 -3.5892E-01
  1.4000E+01  5.7364E-01  5.6891E-02 -2.6422E-01 -3.5892E-01
  1.5000E+01  1.0885E+00  1.3690E-01  3.7637E-01  5.1917E-01
  1.5000E+01  1.0885E+00  1.3690E-01  3.7637E-01  5.1917E-01
  1.5000E+01  1.0885E+00  1.3690E-01  3.7637E-01  5.1917E-01
  1.5000E+01  1.0885E+00  1.3690E-01  3.7637E-01  5.1917E-01
  1.5000E+01  1.0885E+00  1.3690E-01  3.7637E-01  5.1917E-01
  1.5000E+01  1.0885E+00  1.3690E-01  3.7637E-01  5.1917E-01
  1.6000E+01  7.7531E-01  8.0884E-02  3.7042E-02 -7.0547E-03
  1.6000E+01  7.7531E-01  8.0884E-02  3.7042E-02 -7.0547E-03
  1.6000E+01  7.7531E-01  8.0884E-02  3.7042E-02 -7.0547E-03
  1.6000E+01  7.7531E-01  8.0884E-02  3.7042E-02 -7.0547E-03
  1.6000E+01  7.7531E-01  8.0884E-02  3.7042E-02 -7.0547E-03
  1.6000E+01  7.7531E-01  8.0884E-02  3.7042E-02 -7.0547E-03
  1.6000E+01  7.7531E-01  8.0884E-02  3.7042E-02 -7.0547E-03
  1.6000E+01  7.7531E-01  8.0884E-02  3.7042E-02 -7.0547E-03
  1.6000E+01  7.7531E-01  8.0884E-02  3.7042E-02 -7.0547E-03
  1.7000E+01  8.5489E-01  9.7517E-02  1.3475E-01  1.7996E-01
  1.7000E+01  8.5489E-01  9.7517E-02  1.3475E-01  1.7996E-01
  1.7000E+01  8.5489E-01  9.7517E-02  1.3475E-01  1.7996E-01
  1.7000E+01  8.5489E-01  9.7517E-02  1.3475E-01  1.7996E-01
  1.7000E+01  8.5489E-01  9.7517E-02  1.3475E-01  1.7996E-01
  1.7000E+01  8.5489E-01  9.7517E-02  1.3475E-01  1.7996E-01
  1.7000E+01  8.5489E-01  9.7517E-02  1.3475E-01  1.7996E-01
  1.8000E+01  6.4074E-01  6.2910E-02 -1.5360E-01 -2.5836E-01
  1.8000E+01  6.4074E-01  6.2910E-02 -1.5360E-01 -2.5836E-01
  1.8000E+01  6.4074E-01  6.2910E-02 -1.5360E-01 -2.5836E-01
  1.8000E+01  6.4074E-01  6.2910E-02 -1.5360E-01 -2.5836E-01
  1.8000E+01  6.4074E-01  6.2910E-02 -1.5360E-01 -2.5836E-01
  1.8000E+01  6.4074E-01  6.2910E-02 -1.5360E-01 -2.5836E-01
  1.8000E+01  6.4074E-01  6.2910E-02 -1.5360E-01 -2.5836E-01
  1.8000E+01  6.4074E-01  6.2910E-02 -1.5360E-01 -2.5836E-01
  1.9000E+01  7.8497E-01  8.7344E-02  4.9424E-02  6.9786E-02
  1.9000E+01  7.8497E-01  8.7344E-02  4.9424E-02  6.9786E-02
  1.9000E+01  7.8497E-01  8.7344E-02  4.9424E-02  6.9786E-02
  1.9000E+01  7.8497E-01  8.7344E-02  4.9424E-02  6.9786E-02
  1.9000E+01  7.8497E-01  8.7344E-02  4.9424E-02  6.9786E-02
  1.9000E+01  7.8497E-01  8.7344E-02  4.9424E-02  6.9786E-02
  1.9000E+01  7.8497E-01  8.7344E-02  4.9424E-02  6.9786E-02
  1.9000E+01  7.8497E-01  8.7344E-02  4.9424E-02  6.9786E-02
  2.0000E+01  9.2279E-01  1.0908E-01  2.1118E-01  2.9201E-01
  2.0000E+01  9.2279E-01  1.0908E-01  2.1118E-01  2.9201E-01
  2.0000E+01  9.2279E-01  1.0908E-01  2.1118E-01  2.9201E-01
  2.0000E+01  9.2279E-01  1.0908E-01  2.1118E-01  2.9201E-01
  2.0000E+01  9.2279E-01  1.0908E-01  2.1118E-01  2.9201E-01
  2.0000E+01  9.2279E-01  1.0908E-01  2.1118E-01  2.9201E-01
  2.0000E+01  9.2279E-01  1.0908E-01  2.1118E-01  2.9201E-01
  2.0000E+01  9.2279E-01  1.0908E-01  2.1118E-01  2.9201E-01
  2.0000E+01  9.2279E-01  1.0908E-01  2.1118E-01  2.9201E-01
  2.0000E+01  9.2279E-01  1.0908E-01  2.1118E-01  2.9201E-01
