TABLE NO.  1
 ID          TIME        DV          MDV         IPRE        IWRE        CWRES       DV          PRED        RES         WRES
  1.0000E+00  7.0000E+00  5.0022E+01  0.0000E+00  6.3503E+01 -3.5503E-01 -3.0107E-01  5.0022E+01  5.3839E+01 -3.8173E+00 -2.7192E-01
  1.0000E+00  1.1000E+01  3.0952E+02  0.0000E+00  2.5984E+02  1.1244E+00  1.2722E+00  3.0952E+02  2.2771E+02  8.1812E+01  1.3782E+00
  1.0000E+00  1.2000E+01  3.2490E+02  0.0000E+00  3.4311E+02 -3.7519E-01 -2.1550E-01  3.2490E+02  3.0519E+02  1.9706E+01 -1.5342E-01
  1.0000E+00  1.3000E+01  4.5084E+02  0.0000E+00  4.4206E+02  1.6096E-01  3.1928E-01  4.5084E+02  3.9977E+02  5.1068E+01  3.9180E-01
  1.0000E+00  1.4000E+01  5.7245E+02  0.0000E+00  5.5692E+02  2.4858E-01  3.8843E-01  5.7245E+02  5.1273E+02  5.9723E+01  4.5085E-01
  1.0000E+00  1.5000E+01  6.6434E+02  0.0000E+00  6.8745E+02 -3.2035E-01 -2.1856E-01  6.6434E+02  6.4492E+02  1.9418E+01 -1.7655E-01
  1.0000E+00  1.8000E+01  1.1517E+03  0.0000E+00  1.1638E+03 -1.0904E-01 -2.4157E-01  1.1517E+03  1.1588E+03 -7.0708E+00 -2.1382E-01
  1.0000E+00  1.9000E+01  1.3384E+03  0.0000E+00  1.3459E+03 -5.9648E-02 -3.0517E-01  1.3384E+03  1.3674E+03 -2.9070E+01 -2.7831E-01
  2.0000E+00  5.0000E+00  5.4886E+01  0.0000E+00  2.9266E+01  6.8075E-01  7.0453E-01  5.4886E+01  2.1508E+01  3.3378E+01  7.4647E-01
  2.0000E+00  6.0000E+00  5.9408E+01  0.0000E+00  4.7848E+01  3.0592E-01  3.4560E-01  5.9408E+01  3.4670E+01  2.4738E+01  4.1618E-01
  2.0000E+00  7.0000E+00  8.5662E+01  0.0000E+00  7.4574E+01  2.9076E-01  3.5162E-01  8.5662E+01  5.3839E+01  3.1823E+01  4.6079E-01
  2.0000E+00  1.1000E+01  2.6157E+02  0.0000E+00  2.9742E+02 -7.7850E-01 -6.0680E-01  2.6157E+02  2.2771E+02  3.3866E+01 -4.1153E-01
  2.0000E+00  1.2000E+01  4.1227E+02  0.0000E+00  3.8806E+02  4.7285E-01  6.6331E-01  4.1227E+02  3.0519E+02  1.0708E+02  9.5374E-01
  2.0000E+00  1.3000E+01  4.8845E+02  0.0000E+00  4.9339E+02 -8.5216E-02  1.1119E-01  4.8845E+02  3.9977E+02  8.8677E+01  3.2844E-01
  2.0000E+00  1.4000E+01  6.1886E+02  0.0000E+00  6.1283E+02  9.0538E-02  2.7508E-01  6.1886E+02  5.1273E+02  1.0613E+02  4.7255E-01
  2.0000E+00  1.5000E+01  7.9900E+02  0.0000E+00  7.4529E+02  7.0074E-01  8.5155E-01  7.9900E+02  6.4492E+02  1.5408E+02  1.0521E+00
  2.0000E+00  1.8000E+01  1.2187E+03  0.0000E+00  1.2045E+03  1.2406E-01  2.6226E-02  1.2187E+03  1.1588E+03  5.9959E+01  8.4059E-02
  2.0000E+00  1.9000E+01  1.4155E+03  0.0000E+00  1.3717E+03  3.4050E-01  1.1333E-01  1.4155E+03  1.3674E+03  4.8020E+01  1.4493E-01
  2.0000E+00  2.0000E+01  1.4102E+03  0.0000E+00  1.5424E+03 -9.2317E-01 -1.2986E+00  1.4102E+03  1.5930E+03 -1.8280E+02 -1.2097E+00
  3.0000E+00  6.0000E+00  8.9231E+01  0.0000E+00  3.9876E+01  1.3087E+00  1.3097E+00  8.9231E+01  3.4670E+01  5.4561E+01  1.3095E+00
  3.0000E+00  7.0000E+00  1.5735E+02  0.0000E+00  6.2456E+01  2.5000E+00  2.5014E+00  1.5735E+02  5.3839E+01  1.0351E+02  2.5066E+00
  3.0000E+00  1.1000E+01  2.2170E+02  0.0000E+00  2.6681E+02 -1.0133E+00 -1.0048E+00  2.2170E+02  2.2771E+02 -6.0076E+00 -1.0443E+00
  3.0000E+00  1.2000E+01  3.2749E+02  0.0000E+00  3.5691E+02 -5.9631E-01 -5.8165E-01  3.2749E+02  3.0519E+02  2.2302E+01 -6.1571E-01
  3.0000E+00  1.3000E+01  4.6144E+02  0.0000E+00  4.6605E+02 -8.2041E-02 -5.6983E-02  4.6144E+02  3.9977E+02  6.1664E+01 -6.8701E-02
  3.0000E+00  1.4000E+01  6.4145E+02  0.0000E+00  5.9523E+02  7.0829E-01  7.4886E-01  6.4145E+02  5.1273E+02  1.2872E+02  7.8773E-01
  3.0000E+00  1.5000E+01  7.4687E+02  0.0000E+00  7.4495E+02  2.5026E-02  8.6430E-02  7.4687E+02  6.4492E+02  1.0195E+02  7.7275E-02
  3.0000E+00  1.8000E+01  1.3595E+03  0.0000E+00  1.3139E+03  3.6861E-01  5.1523E-01  1.3595E+03  1.1588E+03  2.0070E+02  5.3133E-01
  4.0000E+00  6.0000E+00  5.5349E+01  0.0000E+00  1.8683E+01  9.7565E-01  9.6870E-01  5.5349E+01  3.4670E+01  2.0678E+01  9.5289E-01
  4.0000E+00  7.0000E+00  5.6176E+01  0.0000E+00  2.7745E+01  7.5563E-01  7.4400E-01  5.6176E+01  5.3839E+01  2.3367E+00  7.2857E-01
  4.0000E+00  1.1000E+01  1.0333E+02  0.0000E+00  1.0909E+02 -1.4837E-01 -2.1104E-01  1.0333E+02  2.2771E+02 -1.2438E+02 -1.7064E-01
  4.0000E+00  1.2000E+01  1.5532E+02  0.0000E+00  1.4652E+02  2.2135E-01  1.3255E-01  1.5532E+02  3.0519E+02 -1.4987E+02  1.2908E-01
  4.0000E+00  1.3000E+01  1.6796E+02  0.0000E+00  1.9351E+02 -6.1779E-01 -7.4059E-01  1.6796E+02  3.9977E+02 -2.3181E+02 -5.7742E-01
  4.0000E+00  1.4000E+01  2.1938E+02  0.0000E+00  2.5156E+02 -7.3478E-01 -9.0068E-01  2.1938E+02  5.1273E+02 -2.9335E+02 -6.7542E-01
  4.0000E+00  1.5000E+01  4.1238E+02  0.0000E+00  3.2217E+02  1.9043E+00  1.6853E+00  4.1238E+02  6.4492E+02 -2.3254E+02  1.0444E+00
  4.0000E+00  1.8000E+01  5.8419E+02  0.0000E+00  6.2390E+02 -5.8947E-01 -1.0292E+00  5.8419E+02  1.1588E+03 -5.7457E+02 -8.3153E-01
  4.0000E+00  1.9000E+01  7.6207E+02  0.0000E+00  7.5877E+02  4.2572E-02 -4.8813E-01  7.6207E+02  1.3674E+03 -6.0538E+02 -5.5516E-01
  4.0000E+00  2.0000E+01  8.8033E+02  0.0000E+00  9.1256E+02 -3.5814E-01 -9.8539E-01  8.8033E+02  1.5930E+03 -7.1263E+02 -8.8153E-01
  4.0000E+00  2.1000E+01  1.0401E+03  0.0000E+00  1.0861E+03 -4.4072E-01 -1.1675E+00  1.0401E+03  1.8336E+03 -7.9355E+02 -1.0162E+00
  4.0000E+00  2.2000E+01  1.3351E+03  0.0000E+00  1.2798E+03  4.5847E-01 -3.6790E-01  1.3351E+03  2.0875E+03 -7.5240E+02 -5.3722E-01
  5.0000E+00  5.0000E+00  6.8809E+01  0.0000E+00  2.1586E+01  1.2561E+00  1.2753E+00  6.8809E+01  2.1508E+01  4.7301E+01  1.2756E+00
  5.0000E+00  6.0000E+00  5.9853E+01  0.0000E+00  3.4630E+01  6.6957E-01  7.0125E-01  5.9853E+01  3.4670E+01  2.5183E+01  7.0173E-01
  5.0000E+00  7.0000E+00  5.8989E+01  0.0000E+00  5.3455E+01  1.4620E-01  1.9481E-01  5.8989E+01  5.3839E+01  5.1494E+00  1.9556E-01
  5.0000E+00  1.1000E+01  1.7966E+02  0.0000E+00  2.1903E+02 -9.2910E-01 -7.9284E-01  1.7966E+02  2.2771E+02 -4.8042E+01 -7.7729E-01
  5.0000E+00  1.2000E+01  3.0979E+02  0.0000E+00  2.9090E+02  4.1310E-01  5.5964E-01  3.0979E+02  3.0519E+02  4.5983E+00  5.5101E-01
  5.0000E+00  1.3000E+01  4.7057E+02  0.0000E+00  3.7753E+02  1.8407E+00  1.9835E+00  4.7057E+02  3.9977E+02  7.0797E+01  1.9020E+00
  5.0000E+00  1.4000E+01  4.8093E+02  0.0000E+00  4.7965E+02  2.2351E-02  1.4385E-01  4.8093E+02  5.1273E+02 -3.1798E+01  1.4649E-01
  5.0000E+00  1.5000E+01  4.8878E+02  0.0000E+00  5.9763E+02 -1.6638E+00 -1.5831E+00  4.8878E+02  6.4492E+02 -1.5614E+02 -1.4362E+00
  5.0000E+00  1.8000E+01  1.0217E+03  0.0000E+00  1.0440E+03 -2.2121E-01 -3.7315E-01  1.0217E+03  1.1588E+03 -1.3704E+02 -3.2398E-01
  5.0000E+00  1.9000E+01  1.2785E+03  0.0000E+00  1.2209E+03  4.9807E-01  2.3921E-01  1.2785E+03  1.3674E+03 -8.8920E+01  2.0497E-01
  5.0000E+00  2.0000E+01  1.3774E+03  0.0000E+00  1.4096E+03 -2.4471E-01 -6.2037E-01  1.3774E+03  1.5930E+03 -2.1557E+02 -5.4961E-01
  6.0000E+00  6.0000E+00  4.6502E+01  0.0000E+00  4.5611E+01  2.3602E-02  4.0870E-02  4.6502E+01  3.4670E+01  1.1832E+01  6.3932E-02
  6.0000E+00  7.0000E+00  5.5155E+01  0.0000E+00  7.1592E+01 -4.3153E-01 -4.0098E-01  5.5155E+01  5.3839E+01  1.3161E+00 -3.6716E-01
  6.0000E+00  1.1000E+01  2.5122E+02  0.0000E+00  2.9931E+02 -1.0421E+00 -8.7698E-01  2.5122E+02  2.2771E+02  2.3515E+01 -8.6745E-01
  6.0000E+00  1.2000E+01  3.4118E+02  0.0000E+00  3.9623E+02 -1.0652E+00 -8.4528E-01  3.4118E+02  3.0519E+02  3.5985E+01 -8.6766E-01
  6.0000E+00  1.3000E+01  4.3833E+02  0.0000E+00  5.1138E+02 -1.2328E+00 -9.5403E-01  4.3833E+02  3.9977E+02  3.8561E+01 -1.0284E+00
  6.0000E+00  1.4000E+01  8.5995E+02  0.0000E+00  6.4494E+02  3.1191E+00  3.4560E+00  8.5995E+02  5.1273E+02  3.4723E+02  3.9086E+00
  6.0000E+00  1.5000E+01  8.5473E+02  0.0000E+00  7.9646E+02  7.2233E-01  1.1113E+00  8.5473E+02  6.4492E+02  2.0981E+02  1.2368E+00
  6.0000E+00  1.8000E+01  1.1433E+03  0.0000E+00  1.3467E+03 -1.6088E+00 -1.1425E+00  1.1433E+03  1.1588E+03 -1.5481E+01 -1.3263E+00
  7.0000E+00  6.0000E+00  9.4728E+01  0.0000E+00  6.0336E+01  9.0670E-01  1.0174E+00  9.4728E+01  3.4670E+01  6.0058E+01  1.1068E+00
  7.0000E+00  7.0000E+00  1.2609E+02  0.0000E+00  9.5141E+01  8.0396E-01  9.7372E-01  1.2609E+02  5.3839E+01  7.2255E+01  1.1194E+00
  7.0000E+00  1.1000E+01  3.3314E+02  0.0000E+00  3.8258E+02 -9.7224E-01 -5.3609E-01  3.3314E+02  2.2771E+02  1.0543E+02 -4.4791E-01
  7.0000E+00  1.2000E+01  5.3868E+02  0.0000E+00  4.9702E+02  7.1510E-01  1.1785E+00  5.3868E+02  3.0519E+02  2.3349E+02  1.5648E+00
  7.0000E+00  1.3000E+01  6.6993E+02  0.0000E+00  6.2821E+02  6.1646E-01  1.0750E+00  6.6993E+02  3.9977E+02  2.7016E+02  1.3713E+00
  7.0000E+00  1.4000E+01  7.6253E+02  0.0000E+00  7.7475E+02 -1.5483E-01  2.6333E-01  7.6253E+02  5.1273E+02  2.4980E+02  2.3684E-01
  7.0000E+00  1.5000E+01  9.2372E+02  0.0000E+00  9.3470E+02 -1.1957E-01  2.2244E-01  9.2372E+02  6.4492E+02  2.7880E+02  1.0710E-01
  8.0000E+00  1.1000E+01  2.0116E+02  0.0000E+00  1.9945E+02  4.1184E-02  3.1504E-02  2.0116E+02  2.2771E+02 -2.6542E+01  1.9015E-02
  8.0000E+00  1.2000E+01  3.1638E+02  0.0000E+00  2.6695E+02  1.1104E+00  1.0881E+00  3.1638E+02  3.0519E+02  1.1193E+01  1.0180E+00
  8.0000E+00  1.3000E+01  3.3824E+02  0.0000E+00  3.4950E+02 -2.3030E-01 -2.7117E-01  3.3824E+02  3.9977E+02 -6.1534E+01 -2.6382E-01
  8.0000E+00  1.4000E+01  4.1196E+02  0.0000E+00  4.4837E+02 -6.6200E-01 -7.2838E-01  4.1196E+02  5.1273E+02 -1.0077E+02 -6.7056E-01
  8.0000E+00  1.5000E+01  5.8667E+02  0.0000E+00  5.6449E+02  3.5203E-01  2.5289E-01  5.8667E+02  6.4492E+02 -5.8252E+01  2.0571E-01
  8.0000E+00  1.8000E+01  9.9188E+02  0.0000E+00  1.0201E+03 -2.8497E-01 -5.2077E-01  9.9188E+02  1.1588E+03 -1.6688E+02 -4.7597E-01
  8.0000E+00  1.9000E+01  1.2199E+03  0.0000E+00  1.2069E+03  1.1333E-01 -1.7671E-01  1.2199E+03  1.3674E+03 -1.4755E+02 -1.8274E-01
  9.0000E+00  6.0000E+00  1.8567E+01  0.0000E+00  2.2518E+01 -1.0509E-01 -1.2723E-01  1.8567E+01  3.4670E+01 -1.6103E+01 -1.0706E-01
  9.0000E+00  7.0000E+00  7.3294E+01  0.0000E+00  3.4070E+01  1.0413E+00  1.0057E+00  7.3294E+01  5.3839E+01  1.9455E+01  1.0359E+00
  9.0000E+00  1.1000E+01  1.2682E+02  0.0000E+00  1.4077E+02 -3.5213E-01 -5.0742E-01  1.2682E+02  2.2771E+02 -1.0089E+02 -3.5799E-01
  9.0000E+00  1.2000E+01  2.2266E+02  0.0000E+00  1.9046E+02  7.8086E-01  5.7647E-01  2.2266E+02  3.0519E+02 -8.2529E+01  6.1208E-01
  9.0000E+00  1.3000E+01  2.4473E+02  0.0000E+00  2.5298E+02 -1.8805E-01 -4.4785E-01  2.4473E+02  3.9977E+02 -1.5505E+02 -2.8607E-01
  9.0000E+00  1.4000E+01  3.3363E+02  0.0000E+00  3.3025E+02  7.0676E-02 -2.4839E-01  3.3363E+02  5.1273E+02 -1.7910E+02 -1.4680E-01
  9.0000E+00  1.5000E+01  3.6748E+02  0.0000E+00  4.2418E+02 -1.0612E+00 -1.4401E+00  3.6748E+02  6.4492E+02 -2.7744E+02 -1.0754E+00
  9.0000E+00  1.8000E+01  8.0578E+02  0.0000E+00  8.2317E+02 -2.1005E-01 -7.3916E-01  8.0578E+02  1.1588E+03 -3.5298E+02 -6.5240E-01
  9.0000E+00  1.9000E+01  1.0300E+03  0.0000E+00  1.0000E+03  3.0876E-01 -2.5159E-01  1.0300E+03  1.3674E+03 -3.3742E+02 -3.2240E-01
  9.0000E+00  2.0000E+01  1.2728E+03  0.0000E+00  1.2005E+03  6.3418E-01  5.5030E-02  1.2728E+03  1.5930E+03 -3.2013E+02 -1.0241E-01
  1.0000E+01  6.0000E+00  2.6880E+01  0.0000E+00  2.2468E+01  1.1734E-01  1.0661E-01  2.6880E+01  3.4670E+01 -7.7904E+00  1.0138E-01
  1.0000E+01  1.1000E+01  1.4415E+02  0.0000E+00  1.3765E+02  1.6442E-01  7.8423E-02  1.4415E+02  2.2771E+02 -8.3556E+01  8.3976E-02
  1.0000E+01  1.2000E+01  1.9340E+02  0.0000E+00  1.8530E+02  1.9730E-01  8.0025E-02  1.9340E+02  3.0519E+02 -1.1179E+02  7.6316E-02
  1.0000E+01  1.3000E+01  2.8117E+02  0.0000E+00  2.4484E+02  8.3549E-01  6.8032E-01  2.8117E+02  3.9977E+02 -1.1860E+02  5.5089E-01
  1.0000E+01  1.4000E+01  2.9489E+02  0.0000E+00  3.1789E+02 -4.8815E-01 -6.8761E-01  2.9489E+02  5.1273E+02 -2.1784E+02 -5.6026E-01
  1.0000E+01  1.5000E+01  3.9188E+02  0.0000E+00  4.0605E+02 -2.7084E-01 -5.2037E-01  3.9188E+02  6.4492E+02 -2.5303E+02 -4.3918E-01
  1.0000E+01  1.8000E+01  7.4496E+02  0.0000E+00  7.7464E+02 -3.7603E-01 -7.9948E-01  7.4496E+02  1.1588E+03 -4.1381E+02 -6.9384E-01
  1.0000E+01  1.9000E+01  9.9033E+02  0.0000E+00  9.3569E+02  5.9464E-01  1.1019E-01  9.9033E+02  1.3674E+03 -3.7712E+02 -8.4874E-02
  1.0000E+01  2.0000E+01  1.0853E+03  0.0000E+00  1.1169E+03 -2.9544E-01 -8.3942E-01  1.0853E+03  1.5930E+03 -5.0764E+02 -7.5799E-01
  1.0000E+01  2.1000E+01  1.3312E+03  0.0000E+00  1.3185E+03  1.0239E-01 -4.9770E-01  1.3312E+03  1.8336E+03 -5.0243E+02 -5.2208E-01
  1.1000E+01  9.0000E+00  1.3992E+01  0.0000E+00  6.7530E+01 -1.4078E+00 -1.4469E+00  1.3992E+01  1.1741E+02 -1.0341E+02 -1.3273E+00
  1.1000E+01  1.0000E+01  2.3745E+01  0.0000E+00  9.4356E+01 -1.8348E+00 -1.8888E+00  2.3745E+01  1.6572E+02 -1.4198E+02 -1.6898E+00
  1.1000E+01  1.1000E+01  4.2285E+01  0.0000E+00  1.2912E+02 -2.2102E+00 -2.2821E+00  4.2285E+01  2.2771E+02 -1.8542E+02 -1.9670E+00
  1.1000E+01  1.4000E+01  3.0702E+02  0.0000E+00  2.9560E+02  2.4866E-01  1.0653E-01  3.0702E+02  5.1273E+02 -2.0570E+02  1.0760E-01
  1.1000E+01  1.5000E+01  4.3996E+02  0.0000E+00  3.7667E+02  1.2534E+00  1.0820E+00  4.3996E+02  6.4492E+02 -2.0496E+02  7.2722E-01
  1.1000E+01  1.6000E+01  5.4535E+02  0.0000E+00  4.7278E+02  1.2816E+00  1.0764E+00  5.4535E+02  7.9677E+02 -2.5142E+02  6.2038E-01
  1.1000E+01  1.7000E+01  6.0547E+02  0.0000E+00  5.8505E+02  3.1652E-01  7.0976E-02  6.0547E+02  9.6822E+02 -3.6275E+02 -1.2439E-01
  1.1000E+01  1.8000E+01  7.4313E+02  0.0000E+00  7.1443E+02  3.8664E-01  9.2900E-02  7.4313E+02  1.1588E+03 -4.1563E+02 -1.6776E-01
  1.1000E+01  2.1000E+01  9.6310E+02  0.0000E+00  1.2109E+03 -2.1571E+00 -2.6458E+00  9.6310E+02  1.8336E+03 -8.7052E+02 -2.0738E+00
  1.2000E+01  1.1000E+01  1.0937E+02  0.0000E+00  1.3396E+02 -6.2383E-01 -6.5522E-01  1.0937E+02  2.2771E+02 -1.1834E+02 -6.1410E-01
  1.2000E+01  1.4000E+01  3.9051E+02  0.0000E+00  3.0719E+02  1.7894E+00  1.6776E+00  3.9051E+02  5.1273E+02 -1.2222E+02  1.2201E+00
  1.2000E+01  1.5000E+01  4.3064E+02  0.0000E+00  3.9150E+02  7.6163E-01  6.0328E-01  4.3064E+02  6.4492E+02 -2.1428E+02  3.4740E-01
  1.2000E+01  1.6000E+01  4.1365E+02  0.0000E+00  4.9136E+02 -1.3428E+00 -1.5587E+00  4.1365E+02  7.9677E+02 -3.8312E+02 -1.1929E+00
  1.2000E+01  1.7000E+01  5.4487E+02  0.0000E+00  6.0793E+02 -9.5290E-01 -1.2367E+00  5.4487E+02  9.6822E+02 -4.2335E+02 -9.8047E-01
  1.2000E+01  1.8000E+01  7.4950E+02  0.0000E+00  7.4211E+02  9.6668E-02 -2.6371E-01  7.4950E+02  1.1588E+03 -4.0927E+02 -3.5088E-01
  1.2000E+01  2.1000E+01  1.3128E+03  0.0000E+00  1.2557E+03  4.8122E-01 -1.3564E-01  1.3128E+03  1.8336E+03 -5.2079E+02 -2.9864E-01
  1.2000E+01  2.2000E+01  1.4148E+03  0.0000E+00  1.4643E+03 -3.6306E-01 -1.0651E+00  1.4148E+03  2.0875E+03 -6.7278E+02 -9.3670E-01
  1.3000E+01  7.0000E+00  4.9278E+01  0.0000E+00  5.9551E+01 -2.7091E-01 -3.8815E-01  4.9278E+01  5.3839E+01 -4.5611E+00 -4.2408E-01
  1.3000E+01  8.0000E+00  7.6058E+01  0.0000E+00  9.1218E+01 -3.9455E-01 -5.6661E-01  7.6058E+01  8.0776E+01 -4.7181E+00 -6.1731E-01
  1.3000E+01  9.0000E+00  1.4878E+02  0.0000E+00  1.3545E+02  3.3788E-01  1.0201E-01  1.4878E+02  1.1741E+02  3.1376E+01  4.3956E-02
  1.3000E+01  1.0000E+01  1.1859E+02  0.0000E+00  1.9541E+02 -1.8543E+00 -2.1553E+00  1.1859E+02  1.6572E+02 -4.7134E+01 -2.2713E+00
  1.3000E+01  1.1000E+01  2.0243E+02  0.0000E+00  2.7449E+02 -1.6053E+00 -1.9596E+00  2.0243E+02  2.2771E+02 -2.5279E+01 -2.1045E+00
  1.3000E+01  1.4000E+01  5.6855E+02  0.0000E+00  6.6036E+02 -1.3098E+00 -1.5730E+00  5.6855E+02  5.1273E+02  5.5820E+01 -1.7650E+00
  1.3000E+01  1.5000E+01  1.0068E+03  0.0000E+00  8.4880E+02  1.8615E+00  1.7579E+00  1.0068E+03  6.4492E+02  3.6183E+02  2.1583E+00
  1.3000E+01  1.6000E+01  1.0851E+03  0.0000E+00  1.0712E+03  1.3438E-01  2.5950E-01  1.0851E+03  7.9677E+02  2.8832E+02  4.0181E-01
  1.3000E+01  1.7000E+01  1.4921E+03  0.0000E+00  1.3292E+03  1.3035E+00  1.7185E+00  1.4921E+03  9.6822E+02  5.2384E+02  2.2504E+00
  1.4000E+01  1.1000E+01  6.9900E+01  0.0000E+00  1.0889E+02 -1.0051E+00 -1.1488E+00  6.9900E+01  2.2771E+02 -1.5781E+02 -8.3030E-01
  1.4000E+01  1.4000E+01  2.4218E+02  0.0000E+00  2.5378E+02 -2.6425E-01 -5.8913E-01  2.4218E+02  5.1273E+02 -2.7054E+02 -3.1809E-01
  1.4000E+01  1.5000E+01  3.7053E+02  0.0000E+00  3.2634E+02  9.2860E-01  5.2434E-01  3.7053E+02  6.4492E+02 -2.7439E+02  3.6342E-01
  1.4000E+01  1.6000E+01  4.0819E+02  0.0000E+00  4.1383E+02 -1.0699E-01 -5.9784E-01  4.0819E+02  7.9677E+02 -3.8858E+02 -4.6384E-01
  1.4000E+01  1.7000E+01  5.2224E+02  0.0000E+00  5.1794E+02  7.1903E-02 -5.1072E-01  5.2224E+02  9.6822E+02 -4.4598E+02 -4.9926E-01
  1.4000E+01  1.8000E+01  6.1625E+02  0.0000E+00  6.4025E+02 -3.4986E-01 -1.0272E+00  6.1625E+02  1.1588E+03 -5.4251E+02 -8.9520E-01
  1.4000E+01  2.1000E+01  1.1427E+03  0.0000E+00  1.1301E+03  1.1679E-01 -8.3927E-01  1.1427E+03  1.8336E+03 -6.9093E+02 -9.5926E-01
  1.5000E+01  4.0000E+00  3.4157E+01  0.0000E+00  2.8582E+01  1.4814E-01  2.6327E-01  3.4157E+01  1.2813E+01  2.1344E+01  3.2452E-01
  1.5000E+01  7.0000E+00  1.5356E+02  0.0000E+00  1.3451E+02  4.8313E-01  9.8593E-01  1.5356E+02  5.3839E+01  9.9724E+01  1.3366E+00
  1.5000E+01  8.0000E+00  2.4071E+02  0.0000E+00  1.9871E+02  1.0108E+00  1.6729E+00  2.4071E+02  8.0776E+01  1.5994E+02  2.2100E+00
  1.5000E+01  9.0000E+00  2.7921E+02  0.0000E+00  2.7925E+02 -7.9640E-04  7.9248E-01  2.7921E+02  1.1741E+02  1.6181E+02  1.3298E+00
  1.5000E+01  1.0000E+01  4.2300E+02  0.0000E+00  3.7572E+02  9.3745E-01  1.8030E+00  4.2300E+02  1.6572E+02  2.5728E+02  2.5840E+00
  1.5000E+01  1.1000E+01  4.2466E+02  0.0000E+00  4.8668E+02 -1.0775E+00 -2.2112E-01  4.2466E+02  2.2771E+02  1.9696E+02 -1.3501E-01
  1.6000E+01  7.0000E+00  6.7362E+01  0.0000E+00  6.3050E+01  1.1355E-01  1.5684E-02  6.7362E+01  5.3839E+01  1.3523E+01 -2.1870E-02
  1.6000E+01  8.0000E+00  7.3277E+01  0.0000E+00  9.6230E+01 -5.9583E-01 -7.3766E-01  7.3277E+01  8.0776E+01 -7.4992E+00 -7.9294E-01
  1.6000E+01  9.0000E+00  8.1923E+01  0.0000E+00  1.4212E+02 -1.5184E+00 -1.7093E+00  8.1923E+01  1.1741E+02 -3.5483E+01 -1.7973E+00
  1.6000E+01  1.0000E+01  1.4119E+02  0.0000E+00  2.0364E+02 -1.4958E+00 -1.7330E+00  1.4119E+02  1.6572E+02 -2.4532E+01 -1.8533E+00
  1.6000E+01  1.1000E+01  2.9142E+02  0.0000E+00  2.8374E+02  1.6932E-01 -9.9062E-02  2.9142E+02  2.2771E+02  6.3709E+01 -1.6485E-01
  1.6000E+01  1.4000E+01  7.1939E+02  0.0000E+00  6.6274E+02  8.0601E-01  6.7412E-01  7.1939E+02  5.1273E+02  2.0666E+02  7.7094E-01
  1.6000E+01  1.5000E+01  8.9126E+02  0.0000E+00  8.4253E+02  5.7773E-01  5.9291E-01  8.9126E+02  6.4492E+02  2.4634E+02  7.0547E-01
  1.6000E+01  1.6000E+01  1.0261E+03  0.0000E+00  1.0513E+03 -2.4816E-01 -3.8640E-02  1.0261E+03  7.9677E+02  2.2935E+02 -4.6414E-02
  1.6000E+01  1.7000E+01  1.3878E+03  0.0000E+00  1.2894E+03  8.0923E-01  1.2516E+00  1.3878E+03  9.6822E+02  4.1955E+02  1.5240E+00
  1.7000E+01  9.0000E+00  9.5995E+01  0.0000E+00  1.6763E+02 -1.7715E+00 -1.6268E+00  9.5995E+01  1.1741E+02 -2.1410E+01 -1.6163E+00
  1.7000E+01  1.0000E+01  2.6843E+02  0.0000E+00  2.3520E+02  7.7187E-01  9.6092E-01  2.6843E+02  1.6572E+02  1.0271E+02  1.1014E+00
  1.7000E+01  1.1000E+01  3.7577E+02  0.0000E+00  3.1977E+02  1.1857E+00  1.4191E+00  3.7577E+02  2.2771E+02  1.4807E+02  1.6347E+00
  1.7000E+01  1.4000E+01  6.3909E+02  0.0000E+00  6.8420E+02 -6.2729E-01 -3.0496E-01  6.3909E+02  5.1273E+02  1.2636E+02 -3.6780E-01
  1.7000E+01  1.5000E+01  9.2436E+02  0.0000E+00  8.4236E+02  9.7225E-01  1.2981E+00  9.2436E+02  6.4492E+02  2.7944E+02  1.4932E+00
  1.7000E+01  1.6000E+01  8.8997E+02  0.0000E+00  1.0172E+03 -1.2906E+00 -9.7732E-01  8.8997E+02  7.9677E+02  9.3208E+01 -1.2084E+00
  1.7000E+01  1.7000E+01  1.2785E+03  0.0000E+00  1.2071E+03  6.2382E-01  9.0822E-01  1.2785E+03  9.6822E+02  3.1032E+02  9.8770E-01
  1.8000E+01  9.0000E+00  7.0744E+01  0.0000E+00  8.1705E+01 -2.8656E-01 -4.3375E-01  7.0744E+01  1.1741E+02 -4.6661E+01 -1.9865E-01
  1.8000E+01  1.0000E+01  9.4620E+01  0.0000E+00  1.1624E+02 -5.5486E-01 -7.5689E-01  9.4620E+01  1.6572E+02 -7.1104E+01 -4.5204E-01
  1.8000E+01  1.1000E+01  1.1829E+02  0.0000E+00  1.6185E+02 -1.0823E+00 -1.3473E+00  1.1829E+02  2.2771E+02 -1.0942E+02 -9.5599E-01
  1.8000E+01  1.4000E+01  3.2642E+02  0.0000E+00  3.8898E+02 -1.2211E+00 -1.6698E+00  3.2642E+02  5.1273E+02 -1.8631E+02 -1.2029E+00
  1.8000E+01  1.5000E+01  4.7725E+02  0.0000E+00  5.0317E+02 -4.4167E-01 -9.2367E-01  4.7725E+02  6.4492E+02 -1.6767E+02 -6.3310E-01
  1.8000E+01  1.6000E+01  6.1731E+02  0.0000E+00  6.4074E+02 -3.4146E-01 -8.3063E-01  6.1731E+02  7.9677E+02 -1.7946E+02 -6.1769E-01
  1.8000E+01  1.7000E+01  8.4731E+02  0.0000E+00  8.0398E+02  5.3319E-01  6.6940E-02  8.4731E+02  9.6822E+02 -1.2091E+02  6.8683E-02
  1.8000E+01  1.8000E+01  1.1687E+03  0.0000E+00  9.9495E+02  1.7949E+00  1.3829E+00  1.1687E+03  1.1588E+03  9.8892E+00  1.1506E+00
  1.9000E+01  9.0000E+00  1.0573E+02  0.0000E+00  1.3327E+02 -6.9919E-01 -6.7569E-01  1.0573E+02  1.1741E+02 -1.1679E+01 -6.7079E-01
  1.9000E+01  1.0000E+01  1.9345E+02  0.0000E+00  1.8771E+02  1.3958E-01  1.7055E-01  1.9345E+02  1.6572E+02  2.7723E+01  1.8713E-01
  1.9000E+01  1.1000E+01  2.4754E+02  0.0000E+00  2.5690E+02 -2.1268E-01 -1.7349E-01  2.4754E+02  2.2771E+02  1.9830E+01 -1.6345E-01
  1.9000E+01  1.4000E+01  6.6064E+02  0.0000E+00  5.6753E+02  1.4726E+00  1.5359E+00  6.6064E+02  5.1273E+02  1.4792E+02  1.5952E+00
  1.9000E+01  1.5000E+01  6.7733E+02  0.0000E+00  7.0811E+02 -4.1729E-01 -3.4963E-01  6.7733E+02  6.4492E+02  3.2411E+01 -3.5897E-01
  1.9000E+01  1.6000E+01  8.4411E+02  0.0000E+00  8.6729E+02 -2.6851E-01 -2.0054E-01  8.4411E+02  7.9677E+02  4.7342E+01 -2.0823E-01
  1.9000E+01  1.7000E+01  1.0202E+03  0.0000E+00  1.0444E+03 -2.3940E-01 -1.7624E-01  1.0202E+03  9.6822E+02  5.2033E+01 -1.8548E-01
  1.9000E+01  1.8000E+01  1.2579E+03  0.0000E+00  1.2383E+03  1.6771E-01  2.2035E-01  1.2579E+03  1.1588E+03  9.9169E+01  2.1858E-01
  2.0000E+01  7.0000E+00  6.8877E+01  0.0000E+00  9.1604E+01 -5.9136E-01 -5.2917E-01  6.8877E+01  5.3839E+01  1.5038E+01 -3.9672E-01
  2.0000E+01  8.0000E+00  1.1392E+02  0.0000E+00  1.3767E+02 -6.0108E-01 -5.0604E-01  1.1392E+02  8.0776E+01  3.3142E+01 -3.2519E-01
  2.0000E+01  9.0000E+00  1.3339E+02  0.0000E+00  1.9838E+02 -1.5645E+00 -1.4274E+00  1.3339E+02  1.1741E+02  1.5981E+01 -1.2707E+00
  2.0000E+01  1.0000E+01  2.1320E+02  0.0000E+00  2.7526E+02 -1.3814E+00 -1.1937E+00  2.1320E+02  1.6572E+02  4.7476E+01 -1.0469E+00
  2.0000E+01  1.1000E+01  4.5050E+02  0.0000E+00  3.6923E+02  1.6237E+00  1.8681E+00  4.5050E+02  2.2771E+02  2.2279E+02  2.4480E+00
  2.0000E+01  1.4000E+01  8.4285E+02  0.0000E+00  7.5193E+02  1.1784E+00  1.5694E+00  8.4285E+02  5.1273E+02  3.3012E+02  2.0531E+00
  2.0000E+01  1.5000E+01  1.0696E+03  0.0000E+00  9.0914E+02  1.7886E+00  2.1941E+00  1.0696E+03  6.4492E+02  4.2471E+02  2.7582E+00
  2.0000E+01  1.6000E+01  1.0833E+03  0.0000E+00  1.0779E+03  5.3029E-02  4.4510E-01  1.0833E+03  7.9677E+02  2.8658E+02  5.0488E-01
  2.0000E+01  1.7000E+01  1.1068E+03  0.0000E+00  1.2556E+03 -1.2544E+00 -9.0622E-01  1.1068E+03  9.6822E+02  1.3854E+02 -1.1620E+00
  2.0000E+01  1.8000E+01  1.2896E+03  0.0000E+00  1.4398E+03 -1.1171E+00 -8.4325E-01  1.2896E+03  1.1588E+03  1.3084E+02 -1.0603E+00
