TABLE NO.  1
 ID          TIME        AMT         ADDL        II          SS          DV          MDV         EVID        IPRE        IWRE        CWRES       DV          PRED        RES         WRES
  1.0000E+00  0.0000E+00  1.0000E+02  1.3000E+01  1.2000E+01  0.0000E+00  0.0000E+00  1.0000E+00  1.0000E+00  0.0000E+00  0.0000E+00  0.0000E+00  0.0000E+00  0.0000E+00  0.0000E+00  0.0000E+00
  1.0000E+00  2.4000E+01  0.0000E+00  0.0000E+00  0.0000E+00  0.0000E+00  1.2950E+00  0.0000E+00  0.0000E+00  1.0900E+00  1.4731E+00  1.6382E+00  1.2950E+00  1.1766E+00  1.1837E-01  1.4300E+00
  1.0000E+00  7.2000E+01  0.0000E+00  0.0000E+00  0.0000E+00  0.0000E+00  8.5600E-01  0.0000E+00  0.0000E+00  1.2775E+00 -2.5912E+00 -2.3025E+00  8.5600E-01  1.3841E+00 -5.2807E-01 -1.9740E+00
  1.0000E+00  1.2000E+02  0.0000E+00  0.0000E+00  0.0000E+00  0.0000E+00  1.4970E+00  0.0000E+00  0.0000E+00  1.2817E+00  1.3191E+00  1.6149E+00  1.4970E+00  1.3889E+00  1.0808E-01  1.3186E+00
  1.0000E+00  1.5650E+02  0.0000E+00  0.0000E+00  0.0000E+00  0.0000E+00  1.5790E+00  0.0000E+00  0.0000E+00  1.8170E+00 -1.0328E+00 -1.2479E+00  1.5790E+00  2.1522E+00 -5.7323E-01 -1.0510E+00
  1.0000E+00  1.5700E+02  0.0000E+00  0.0000E+00  0.0000E+00  0.0000E+00  1.9970E+00  0.0000E+00  0.0000E+00  2.1404E+00 -5.2881E-01 -8.8525E-01  1.9970E+00  2.5466E+00 -5.4962E-01 -7.5906E-01
  1.0000E+00  1.5800E+02  0.0000E+00  0.0000E+00  0.0000E+00  0.0000E+00  2.5820E+00  0.0000E+00  0.0000E+00  2.4110E+00  5.5993E-01  2.3369E-01  2.5820E+00  2.7857E+00 -2.0367E-01  1.8396E-01
  1.0000E+00  1.6000E+02  0.0000E+00  0.0000E+00  0.0000E+00  0.0000E+00  2.3710E+00  0.0000E+00  0.0000E+00  2.3288E+00  1.4320E-01  5.3294E-02  2.3710E+00  2.5682E+00 -1.9722E-01  5.6214E-02
  1.0000E+00  1.6400E+02  0.0000E+00  0.0000E+00  0.0000E+00  0.0000E+00  1.5390E+00  0.0000E+00  0.0000E+00  1.7558E+00 -9.7308E-01 -8.0812E-01  1.5390E+00  1.8991E+00 -3.6010E-01 -7.1700E-01
  1.0000E+00  1.6800E+02  0.0000E+00  0.0000E+00  0.0000E+00  0.0000E+00  1.4040E+00  0.0000E+00  0.0000E+00  1.2818E+00  7.4859E-01  1.0447E+00  1.4040E+00  1.3890E+00  1.4970E-02  8.3987E-01
  2.0000E+00  0.0000E+00  1.0000E+02  1.3000E+01  1.2000E+01  0.0000E+00  0.0000E+00  1.0000E+00  1.0000E+00  0.0000E+00  0.0000E+00  0.0000E+00  0.0000E+00  0.0000E+00  0.0000E+00  0.0000E+00
  2.0000E+00  2.4000E+01  0.0000E+00  0.0000E+00  0.0000E+00  0.0000E+00  1.1690E+00  0.0000E+00  0.0000E+00  1.0274E+00  1.0775E+00  1.0344E+00  1.1690E+00  1.1766E+00 -7.6312E-03  8.5392E-01
  2.0000E+00  7.2000E+01  0.0000E+00  0.0000E+00  0.0000E+00  0.0000E+00  1.0060E+00  0.0000E+00  0.0000E+00  1.1669E+00 -1.0814E+00 -1.1893E+00  1.0060E+00  1.3841E+00 -3.7807E-01 -9.2401E-01
  2.0000E+00  1.2000E+02  0.0000E+00  0.0000E+00  0.0000E+00  0.0000E+00  1.2960E+00  0.0000E+00  0.0000E+00  1.1690E+00  8.5207E-01  7.4171E-01  1.2960E+00  1.3889E+00 -9.2917E-02  5.6177E-01
  2.0000E+00  1.5650E+02  0.0000E+00  0.0000E+00  0.0000E+00  0.0000E+00  1.9660E+00  0.0000E+00  0.0000E+00  1.7907E+00  7.7192E-01  5.3089E-01  1.9660E+00  2.1522E+00 -1.8623E-01  3.6135E-01
  2.0000E+00  1.5700E+02  0.0000E+00  0.0000E+00  0.0000E+00  0.0000E+00  1.9840E+00  0.0000E+00  0.0000E+00  2.1505E+00 -6.1113E-01 -8.6597E-01  1.9840E+00  2.5466E+00 -5.6262E-01 -7.6820E-01
  2.0000E+00  1.5800E+02  0.0000E+00  0.0000E+00  0.0000E+00  0.0000E+00  1.9850E+00  0.0000E+00  0.0000E+00  2.4260E+00 -1.4356E+00 -1.6222E+00  1.9850E+00  2.7857E+00 -8.0067E-01 -1.4042E+00
  2.0000E+00  1.6000E+02  0.0000E+00  0.0000E+00  0.0000E+00  0.0000E+00  2.5290E+00  0.0000E+00  0.0000E+00  2.2931E+00  8.1229E-01  7.4410E-01  2.5290E+00  2.5682E+00 -3.9223E-02  6.4576E-01
  2.0000E+00  1.6400E+02  0.0000E+00  0.0000E+00  0.0000E+00  0.0000E+00  1.7520E+00  0.0000E+00  0.0000E+00  1.6599E+00  4.3721E-01  3.7868E-01  1.7520E+00  1.8991E+00 -1.4710E-01  3.1780E-01
  2.0000E+00  1.6800E+02  0.0000E+00  0.0000E+00  0.0000E+00  0.0000E+00  1.0390E+00  0.0000E+00  0.0000E+00  1.1690E+00 -8.7210E-01 -9.8252E-01  1.0390E+00  1.3890E+00 -3.5003E-01 -7.5995E-01
  3.0000E+00  0.0000E+00  1.0000E+02  1.3000E+01  1.2000E+01  0.0000E+00  0.0000E+00  1.0000E+00  1.0000E+00  0.0000E+00  0.0000E+00  0.0000E+00  0.0000E+00  0.0000E+00  0.0000E+00  0.0000E+00
  3.0000E+00  2.4000E+01  0.0000E+00  0.0000E+00  0.0000E+00  0.0000E+00  2.2520E+00  0.0000E+00  0.0000E+00  2.1359E+00  4.2894E-01  7.3661E-01  2.2520E+00  1.1766E+00  1.0754E+00 -5.9424E-02
  3.0000E+00  7.2000E+01  0.0000E+00  0.0000E+00  0.0000E+00  0.0000E+00  3.0310E+00  0.0000E+00  0.0000E+00  3.0554E+00 -6.3034E-02  4.1307E-01  3.0310E+00  1.3841E+00  1.6469E+00  3.6955E-01
  3.0000E+00  1.2000E+02  0.0000E+00  0.0000E+00  0.0000E+00  0.0000E+00  3.6260E+00  0.0000E+00  0.0000E+00  3.1524E+00  1.1873E+00  1.6893E+00  3.6260E+00  1.3889E+00  2.2371E+00  3.2777E+00
  3.0000E+00  1.5650E+02  0.0000E+00  0.0000E+00  0.0000E+00  0.0000E+00  3.8430E+00  0.0000E+00  0.0000E+00  4.0220E+00 -3.5189E-01  2.2604E-01  3.8430E+00  2.1522E+00  1.6908E+00  2.2500E-01
  3.0000E+00  1.5700E+02  0.0000E+00  0.0000E+00  0.0000E+00  0.0000E+00  4.3690E+00  0.0000E+00  0.0000E+00  4.4756E+00 -1.8843E-01  4.3070E-01  4.3690E+00  2.5466E+00  1.8224E+00  5.5926E-01
  3.0000E+00  1.5800E+02  0.0000E+00  0.0000E+00  0.0000E+00  0.0000E+00  5.6270E+00  0.0000E+00  0.0000E+00  4.7713E+00  1.4185E+00  2.0739E+00  5.6270E+00  2.7857E+00  2.8413E+00  3.2723E+00
  3.0000E+00  1.6000E+02  0.0000E+00  0.0000E+00  0.0000E+00  0.0000E+00  4.5560E+00  0.0000E+00  0.0000E+00  4.5674E+00 -1.9716E-02  6.3452E-01  4.5560E+00  2.5682E+00  1.9878E+00  8.5517E-01
  3.0000E+00  1.6400E+02  0.0000E+00  0.0000E+00  0.0000E+00  0.0000E+00  3.7740E+00  0.0000E+00  0.0000E+00  3.8140E+00 -8.2857E-02  5.0305E-01  3.7740E+00  1.8991E+00  1.8749E+00  6.4851E-01
  3.0000E+00  1.6800E+02  0.0000E+00  0.0000E+00  0.0000E+00  0.0000E+00  2.9060E+00  0.0000E+00  0.0000E+00  3.1627E+00 -6.4147E-01 -1.3594E-01  2.9060E+00  1.3890E+00  1.5170E+00 -4.3024E-01
  4.0000E+00  0.0000E+00  1.0000E+02  1.3000E+01  1.2000E+01  0.0000E+00  0.0000E+00  1.0000E+00  1.0000E+00  0.0000E+00  0.0000E+00  0.0000E+00  0.0000E+00  0.0000E+00  0.0000E+00  0.0000E+00
  4.0000E+00  2.4000E+01  0.0000E+00  0.0000E+00  0.0000E+00  0.0000E+00  1.5980E+00  0.0000E+00  0.0000E+00  1.3554E+00  1.4070E+00  1.5714E+00  1.5980E+00  1.1766E+00  4.2137E-01  1.4809E+00
  4.0000E+00  7.2000E+01  0.0000E+00  0.0000E+00  0.0000E+00  0.0000E+00  1.7690E+00  0.0000E+00  0.0000E+00  1.7772E+00 -3.6196E-02  3.2701E-01  1.7690E+00  1.3841E+00  3.8493E-01  1.3177E-01
  4.0000E+00  1.2000E+02  0.0000E+00  0.0000E+00  0.0000E+00  0.0000E+00  2.1670E+00  0.0000E+00  0.0000E+00  1.8033E+00  1.5898E+00  1.9829E+00  2.1670E+00  1.3889E+00  7.7808E-01  2.1026E+00
  4.0000E+00  1.5650E+02  0.0000E+00  0.0000E+00  0.0000E+00  0.0000E+00  2.3700E+00  0.0000E+00  0.0000E+00  2.2961E+00  2.5417E-01  3.2410E-01  2.3700E+00  2.1522E+00  2.1777E-01  3.4456E-01
  4.0000E+00  1.5700E+02  0.0000E+00  0.0000E+00  0.0000E+00  0.0000E+00  2.1720E+00  0.0000E+00  0.0000E+00  2.5952E+00 -1.2881E+00 -1.3287E+00  2.1720E+00  2.5466E+00 -3.7462E-01 -1.2402E+00
  4.0000E+00  1.5800E+02  0.0000E+00  0.0000E+00  0.0000E+00  0.0000E+00  2.9110E+00  0.0000E+00  0.0000E+00  2.8518E+00  1.6390E-01  1.3283E-01  2.9110E+00  2.7857E+00  1.2533E-01  2.4909E-01
  4.0000E+00  1.6000E+02  0.0000E+00  0.0000E+00  0.0000E+00  0.0000E+00  2.3680E+00  0.0000E+00  0.0000E+00  2.7936E+00 -1.2036E+00 -1.0578E+00  2.3680E+00  2.5682E+00 -2.0022E-01 -1.0064E+00
  4.0000E+00  1.6400E+02  0.0000E+00  0.0000E+00  0.0000E+00  0.0000E+00  2.1800E+00  0.0000E+00  0.0000E+00  2.2725E+00 -3.2133E-01  1.1983E-02  2.1800E+00  1.8991E+00  2.8090E-01 -4.5535E-02
  4.0000E+00  1.6800E+02  0.0000E+00  0.0000E+00  0.0000E+00  0.0000E+00  1.6750E+00  0.0000E+00  0.0000E+00  1.8050E+00 -5.6761E-01 -1.7156E-01  1.6750E+00  1.3890E+00  2.8597E-01 -4.3018E-01
  5.0000E+00  0.0000E+00  1.0000E+02  1.3000E+01  1.2000E+01  0.0000E+00  0.0000E+00  1.0000E+00  1.0000E+00  0.0000E+00  0.0000E+00  0.0000E+00  0.0000E+00  0.0000E+00  0.0000E+00  0.0000E+00
  5.0000E+00  2.4000E+01  0.0000E+00  0.0000E+00  0.0000E+00  0.0000E+00  6.4800E-01  0.0000E+00  0.0000E+00  6.0602E-01  5.3027E-01  4.4691E-02  6.4800E-01  1.1766E+00 -5.2863E-01 -4.2993E-01
  5.0000E+00  7.2000E+01  0.0000E+00  0.0000E+00  0.0000E+00  0.0000E+00  6.8100E-01  0.0000E+00  0.0000E+00  6.4030E-01  4.8818E-01 -7.2760E-02  6.8100E-01  1.3841E+00 -7.0307E-01 -1.8920E-01
  5.0000E+00  1.2000E+02  0.0000E+00  0.0000E+00  0.0000E+00  0.0000E+00  5.0600E-01  0.0000E+00  0.0000E+00  6.4040E-01 -1.6120E+00 -2.1734E+00  5.0600E-01  1.3889E+00 -8.8292E-01 -1.0607E+00
  5.0000E+00  1.5650E+02  0.0000E+00  0.0000E+00  0.0000E+00  0.0000E+00  1.8810E+00  0.0000E+00  0.0000E+00  1.5201E+00  1.8690E+00  1.9507E+00  1.8810E+00  2.1522E+00 -2.7123E-01  1.3676E+00
  5.0000E+00  1.5700E+02  0.0000E+00  0.0000E+00  0.0000E+00  0.0000E+00  1.3720E+00  0.0000E+00  0.0000E+00  1.8970E+00 -2.1827E+00 -2.1829E+00  1.3720E+00  2.5466E+00 -1.1746E+00 -1.5378E+00
  5.0000E+00  1.5800E+02  0.0000E+00  0.0000E+00  0.0000E+00  0.0000E+00  1.8070E+00  0.0000E+00  0.0000E+00  2.0237E+00 -8.4497E-01 -1.1321E+00  1.8070E+00  2.7857E+00 -9.7867E-01 -8.2172E-01
  5.0000E+00  1.6000E+02  0.0000E+00  0.0000E+00  0.0000E+00  0.0000E+00  1.6420E+00  0.0000E+00  0.0000E+00  1.6880E+00 -2.1482E-01 -7.6587E-01  1.6420E+00  2.5682E+00 -9.2622E-01 -6.2896E-01
  5.0000E+00  1.6400E+02  0.0000E+00  0.0000E+00  0.0000E+00  0.0000E+00  1.1540E+00  0.0000E+00  0.0000E+00  1.0426E+00  8.3585E-01  2.2535E-01  1.1540E+00  1.8991E+00 -7.4510E-01 -8.6855E-02
  5.0000E+00  1.6800E+02  0.0000E+00  0.0000E+00  0.0000E+00  0.0000E+00  6.3400E-01  0.0000E+00  0.0000E+00  6.4040E-01 -7.6778E-02 -6.3822E-01  6.3400E-01  1.3890E+00 -7.5503E-01 -4.0106E-01
  6.0000E+00  0.0000E+00  1.0000E+02  1.3000E+01  1.2000E+01  0.0000E+00  0.0000E+00  1.0000E+00  1.0000E+00  0.0000E+00  0.0000E+00  0.0000E+00  0.0000E+00  0.0000E+00  0.0000E+00  0.0000E+00
  6.0000E+00  2.4000E+01  0.0000E+00  0.0000E+00  0.0000E+00  0.0000E+00  8.3500E-01  0.0000E+00  0.0000E+00  8.3983E-01 -4.4720E-02 -4.8203E-01  8.3500E-01  1.1766E+00 -3.4163E-01 -8.1813E-01
  6.0000E+00  7.2000E+01  0.0000E+00  0.0000E+00  0.0000E+00  0.0000E+00  7.3300E-01  0.0000E+00  0.0000E+00  8.8188E-01 -1.3149E+00 -1.8689E+00  7.3300E-01  1.3841E+00 -6.5107E-01 -1.3774E+00
  6.0000E+00  1.2000E+02  0.0000E+00  0.0000E+00  0.0000E+00  0.0000E+00  8.7100E-01  0.0000E+00  0.0000E+00  8.8198E-01 -9.6956E-02 -6.5170E-01  8.7100E-01  1.3889E+00 -5.1792E-01 -6.3449E-01
  6.0000E+00  1.5650E+02  0.0000E+00  0.0000E+00  0.0000E+00  0.0000E+00  2.3500E+00  0.0000E+00  0.0000E+00  2.1305E+00  8.1323E-01  1.0665E+00  2.3500E+00  2.1522E+00  1.9777E-01  1.1086E+00
  6.0000E+00  1.5700E+02  0.0000E+00  0.0000E+00  0.0000E+00  0.0000E+00  2.2470E+00  0.0000E+00  0.0000E+00  2.6841E+00 -1.2865E+00 -8.5772E-01  2.2470E+00  2.5466E+00 -2.9962E-01 -7.7894E-01
  6.0000E+00  1.5800E+02  0.0000E+00  0.0000E+00  0.0000E+00  0.0000E+00  3.5290E+00  0.0000E+00  0.0000E+00  2.8911E+00  1.7434E+00  2.1069E+00  3.5290E+00  2.7857E+00  7.4333E-01  2.2107E+00
  6.0000E+00  1.6000E+02  0.0000E+00  0.0000E+00  0.0000E+00  0.0000E+00  1.8920E+00  0.0000E+00  0.0000E+00  2.4121E+00 -1.7027E+00 -1.6556E+00  1.8920E+00  2.5682E+00 -6.7622E-01 -1.4659E+00
  6.0000E+00  1.6400E+02  0.0000E+00  0.0000E+00  0.0000E+00  0.0000E+00  1.6780E+00  0.0000E+00  0.0000E+00  1.4640E+00  1.1501E+00  7.8426E-01  1.6780E+00  1.8991E+00 -2.2110E-01  4.3109E-01
  6.0000E+00  1.6800E+02  0.0000E+00  0.0000E+00  0.0000E+00  0.0000E+00  9.6700E-01  0.0000E+00  0.0000E+00  8.8198E-01  7.5077E-01  1.9603E-01  9.6700E-01  1.3890E+00 -4.2203E-01 -1.3947E-01
  7.0000E+00  0.0000E+00  1.0000E+02  1.3000E+01  1.2000E+01  0.0000E+00  0.0000E+00  1.0000E+00  1.0000E+00  0.0000E+00  0.0000E+00  0.0000E+00  0.0000E+00  0.0000E+00  0.0000E+00  0.0000E+00
  7.0000E+00  2.4000E+01  0.0000E+00  0.0000E+00  0.0000E+00  0.0000E+00  1.2340E+00  0.0000E+00  0.0000E+00  1.1872E+00  3.0925E-01  3.2116E-01  1.2340E+00  1.1766E+00  5.7369E-02  2.9415E-01
  7.0000E+00  7.2000E+01  0.0000E+00  0.0000E+00  0.0000E+00  0.0000E+00  1.5980E+00  0.0000E+00  0.0000E+00  1.4577E+00  7.5717E-01  9.3240E-01  1.5980E+00  1.3841E+00  2.1393E-01  8.7447E-01
  7.0000E+00  1.2000E+02  0.0000E+00  0.0000E+00  0.0000E+00  0.0000E+00  1.7210E+00  0.0000E+00  0.0000E+00  1.4676E+00  1.3585E+00  1.5490E+00  1.7210E+00  1.3889E+00  3.3208E-01  1.4659E+00
  7.0000E+00  1.5650E+02  0.0000E+00  0.0000E+00  0.0000E+00  0.0000E+00  2.0130E+00  0.0000E+00  0.0000E+00  2.0727E+00 -2.2742E-01 -3.2136E-01  2.0130E+00  2.1522E+00 -1.3923E-01 -2.9671E-01
  7.0000E+00  1.5700E+02  0.0000E+00  0.0000E+00  0.0000E+00  0.0000E+00  2.1870E+00  0.0000E+00  0.0000E+00  2.4081E+00 -7.2489E-01 -9.0588E-01  2.1870E+00  2.5466E+00 -3.5962E-01 -8.2820E-01
  7.0000E+00  1.5800E+02  0.0000E+00  0.0000E+00  0.0000E+00  0.0000E+00  2.9950E+00  0.0000E+00  0.0000E+00  2.6461E+00  1.0417E+00  8.5723E-01  2.9950E+00  2.7857E+00  2.0933E-01  7.9565E-01
  7.0000E+00  1.6000E+02  0.0000E+00  0.0000E+00  0.0000E+00  0.0000E+00  2.2980E+00  0.0000E+00  0.0000E+00  2.5068E+00 -6.5794E-01 -7.3757E-01  2.2980E+00  2.5682E+00 -2.7022E-01 -6.9025E-01
  7.0000E+00  1.6400E+02  0.0000E+00  0.0000E+00  0.0000E+00  0.0000E+00  1.8800E+00  0.0000E+00  0.0000E+00  1.9331E+00 -2.1651E-01 -1.3635E-01  1.8800E+00  1.8991E+00 -1.9103E-02 -1.3593E-01
  7.0000E+00  1.6800E+02  0.0000E+00  0.0000E+00  0.0000E+00  0.0000E+00  1.1560E+00  0.0000E+00  0.0000E+00  1.4680E+00 -1.6720E+00 -1.4806E+00  1.1560E+00  1.3890E+00 -2.3303E-01 -1.4406E+00
  8.0000E+00  0.0000E+00  1.0000E+02  1.3000E+01  1.2000E+01  0.0000E+00  0.0000E+00  1.0000E+00  1.0000E+00  0.0000E+00  0.0000E+00  0.0000E+00  0.0000E+00  0.0000E+00  0.0000E+00  0.0000E+00
  8.0000E+00  2.4000E+01  0.0000E+00  0.0000E+00  0.0000E+00  0.0000E+00  1.2250E+00  0.0000E+00  0.0000E+00  1.2789E+00 -3.3119E-01 -4.1977E-01  1.2250E+00  1.1766E+00  4.8369E-02 -5.7679E-01
  8.0000E+00  7.2000E+01  0.0000E+00  0.0000E+00  0.0000E+00  0.0000E+00  1.6630E+00  0.0000E+00  0.0000E+00  1.6805E+00 -8.2265E-02  1.4733E-01  1.6630E+00  1.3841E+00  2.7893E-01  1.0878E-01
  8.0000E+00  1.2000E+02  0.0000E+00  0.0000E+00  0.0000E+00  0.0000E+00  2.0700E+00  0.0000E+00  0.0000E+00  1.7059E+00  1.6821E+00  1.9621E+00  2.0700E+00  1.3889E+00  6.8108E-01  2.1424E+00
  8.0000E+00  1.5650E+02  0.0000E+00  0.0000E+00  0.0000E+00  0.0000E+00  2.0780E+00  0.0000E+00  0.0000E+00  2.2260E+00 -5.2497E-01 -5.9053E-01  2.0780E+00  2.1522E+00 -7.4226E-02 -5.4135E-01
  8.0000E+00  1.5700E+02  0.0000E+00  0.0000E+00  0.0000E+00  0.0000E+00  2.3900E+00  0.0000E+00  0.0000E+00  2.5248E+00 -4.2163E-01 -6.1444E-01  2.3900E+00  2.5466E+00 -1.5662E-01 -5.5206E-01
  8.0000E+00  1.5800E+02  0.0000E+00  0.0000E+00  0.0000E+00  0.0000E+00  2.8650E+00  0.0000E+00  0.0000E+00  2.7553E+00  3.1468E-01  9.3862E-02  2.8650E+00  2.7857E+00  7.9325E-02  1.1268E-01
  8.0000E+00  1.6000E+02  0.0000E+00  0.0000E+00  0.0000E+00  0.0000E+00  2.6760E+00  0.0000E+00  0.0000E+00  2.6601E+00  4.7348E-02 -4.6081E-02  2.6760E+00  2.5682E+00  1.0778E-01 -3.9754E-02
  8.0000E+00  1.6400E+02  0.0000E+00  0.0000E+00  0.0000E+00  0.0000E+00  2.2850E+00  0.0000E+00  0.0000E+00  2.1486E+00  5.0117E-01  6.2958E-01  2.2850E+00  1.8991E+00  3.8590E-01  6.4642E-01
  8.0000E+00  1.6800E+02  0.0000E+00  0.0000E+00  0.0000E+00  0.0000E+00  1.5120E+00  0.0000E+00  0.0000E+00  1.7074E+00 -9.0197E-01 -6.1671E-01  1.5120E+00  1.3890E+00  1.2297E-01 -7.2910E-01
  9.0000E+00  0.0000E+00  1.0000E+02  1.3000E+01  1.2000E+01  0.0000E+00  0.0000E+00  1.0000E+00  1.0000E+00  0.0000E+00  0.0000E+00  0.0000E+00  0.0000E+00  0.0000E+00  0.0000E+00  0.0000E+00
  9.0000E+00  2.4000E+01  0.0000E+00  0.0000E+00  0.0000E+00  0.0000E+00  1.0300E+00  0.0000E+00  0.0000E+00  1.0982E+00 -4.8611E-01 -5.8476E-01  1.0300E+00  1.1766E+00 -1.4663E-01 -5.3707E-01
  9.0000E+00  7.2000E+01  0.0000E+00  0.0000E+00  0.0000E+00  0.0000E+00  1.3590E+00  0.0000E+00  0.0000E+00  1.3532E+00  3.3735E-02  7.1825E-02  1.3590E+00  1.3841E+00 -2.5066E-02  7.3647E-02
  9.0000E+00  1.2000E+02  0.0000E+00  0.0000E+00  0.0000E+00  0.0000E+00  1.5570E+00  0.0000E+00  0.0000E+00  1.3628E+00  1.1199E+00  1.1724E+00  1.5570E+00  1.3889E+00  1.6808E-01  1.0574E+00
  9.0000E+00  1.5650E+02  0.0000E+00  0.0000E+00  0.0000E+00  0.0000E+00  1.8710E+00  0.0000E+00  0.0000E+00  1.9580E+00 -3.5054E-01 -4.9793E-01  1.8710E+00  2.1522E+00 -2.8123E-01 -4.4482E-01
  9.0000E+00  1.5700E+02  0.0000E+00  0.0000E+00  0.0000E+00  0.0000E+00  2.5590E+00  0.0000E+00  0.0000E+00  2.2740E+00  9.8939E-01  7.5335E-01  2.5590E+00  2.5466E+00  1.2375E-02  6.3044E-01
  9.0000E+00  1.5800E+02  0.0000E+00  0.0000E+00  0.0000E+00  0.0000E+00  2.1020E+00  0.0000E+00  0.0000E+00  2.4793E+00 -1.2019E+00 -1.4812E+00  2.1020E+00  2.7857E+00 -6.8367E-01 -1.3066E+00
  9.0000E+00  1.6000E+02  0.0000E+00  0.0000E+00  0.0000E+00  0.0000E+00  2.2360E+00  0.0000E+00  0.0000E+00  2.3256E+00 -3.0428E-01 -5.2544E-01  2.2360E+00  2.5682E+00 -3.3222E-01 -4.7705E-01
  9.0000E+00  1.6400E+02  0.0000E+00  0.0000E+00  0.0000E+00  0.0000E+00  2.0140E+00  0.0000E+00  0.0000E+00  1.7906E+00  9.8359E-01  9.2120E-01  2.0140E+00  1.8991E+00  1.1490E-01  8.1819E-01
  9.0000E+00  1.6800E+02  0.0000E+00  0.0000E+00  0.0000E+00  0.0000E+00  1.2160E+00  0.0000E+00  0.0000E+00  1.3632E+00 -8.4879E-01 -7.9542E-01  1.2160E+00  1.3890E+00 -1.7303E-01 -6.9719E-01
  1.0000E+01  0.0000E+00  1.0000E+02  1.3000E+01  1.2000E+01  0.0000E+00  0.0000E+00  1.0000E+00  1.0000E+00  0.0000E+00  0.0000E+00  0.0000E+00  0.0000E+00  0.0000E+00  0.0000E+00  0.0000E+00
  1.0000E+01  2.4000E+01  0.0000E+00  0.0000E+00  0.0000E+00  0.0000E+00  1.2030E+00  0.0000E+00  0.0000E+00  1.1256E+00  5.3895E-01  4.4658E-01  1.2030E+00  1.1766E+00  2.6369E-02  3.9161E-01
  1.0000E+01  7.2000E+01  0.0000E+00  0.0000E+00  0.0000E+00  0.0000E+00  1.2610E+00  0.0000E+00  0.0000E+00  1.3500E+00 -5.1788E-01 -5.5906E-01  1.2610E+00  1.3841E+00 -1.2307E-01 -5.0564E-01
  1.0000E+01  1.2000E+02  0.0000E+00  0.0000E+00  0.0000E+00  0.0000E+00  1.4810E+00  0.0000E+00  0.0000E+00  1.3565E+00  7.2166E-01  6.8468E-01  1.4810E+00  1.3889E+00  9.2083E-02  5.9952E-01
  1.0000E+01  1.5650E+02  0.0000E+00  0.0000E+00  0.0000E+00  0.0000E+00  2.3660E+00  0.0000E+00  0.0000E+00  2.1118E+00  9.4983E-01  9.4157E-01  2.3660E+00  2.1522E+00  2.1377E-01  8.9785E-01
  1.0000E+01  1.5700E+02  0.0000E+00  0.0000E+00  0.0000E+00  0.0000E+00  2.4960E+00  0.0000E+00  0.0000E+00  2.4755E+00  6.5508E-02  1.7081E-02  2.4960E+00  2.5466E+00 -5.0625E-02  2.7244E-02
  1.0000E+01  1.5800E+02  0.0000E+00  0.0000E+00  0.0000E+00  0.0000E+00  2.3660E+00  0.0000E+00  0.0000E+00  2.6633E+00 -8.8195E-01 -1.0036E+00  2.3660E+00  2.7857E+00 -4.1967E-01 -9.3061E-01
  1.0000E+01  1.6000E+02  0.0000E+00  0.0000E+00  0.0000E+00  0.0000E+00  2.4550E+00  0.0000E+00  0.0000E+00  2.4319E+00  7.4972E-02 -7.6375E-02  2.4550E+00  2.5682E+00 -1.1322E-01 -7.9282E-02
  1.0000E+01  1.6400E+02  0.0000E+00  0.0000E+00  0.0000E+00  0.0000E+00  1.6820E+00  0.0000E+00  0.0000E+00  1.8220E+00 -6.0597E-01 -6.9424E-01  1.6820E+00  1.8991E+00 -2.1710E-01 -6.3877E-01
  1.0000E+01  1.6800E+02  0.0000E+00  0.0000E+00  0.0000E+00  0.0000E+00  1.3860E+00  0.0000E+00  0.0000E+00  1.3566E+00  1.7006E-01  1.3329E-01  1.3860E+00  1.3890E+00 -3.0301E-03  1.1014E-01
  1.1000E+01  0.0000E+00  1.0000E+02  1.3000E+01  1.2000E+01  0.0000E+00  0.0000E+00  1.0000E+00  1.0000E+00  0.0000E+00  0.0000E+00  0.0000E+00  0.0000E+00  0.0000E+00  0.0000E+00  0.0000E+00
  1.1000E+01  2.4000E+01  0.0000E+00  0.0000E+00  0.0000E+00  0.0000E+00  4.6900E-01  0.0000E+00  0.0000E+00  4.6302E-01  9.6655E-02 -5.3561E-01  4.6900E-01  1.1766E+00 -7.0763E-01 -1.0552E+00
  1.1000E+01  7.2000E+01  0.0000E+00  0.0000E+00  0.0000E+00  0.0000E+00  4.5200E-01  0.0000E+00  0.0000E+00  4.7468E-01 -3.5851E-01 -1.0340E+00  4.5200E-01  1.3841E+00 -9.3207E-01 -5.8901E-01
  1.1000E+01  1.2000E+02  0.0000E+00  0.0000E+00  0.0000E+00  0.0000E+00  5.2500E-01  0.0000E+00  0.0000E+00  4.7468E-01  7.9541E-01  1.1988E-01  5.2500E-01  1.3889E+00 -8.6392E-01 -1.6170E-01
  1.1000E+01  1.5650E+02  0.0000E+00  0.0000E+00  0.0000E+00  0.0000E+00  1.3200E+00  0.0000E+00  0.0000E+00  1.3576E+00 -2.1781E-01 -6.7783E-01  1.3200E+00  2.1522E+00 -8.3223E-01 -4.0931E-01
  1.1000E+01  1.5700E+02  0.0000E+00  0.0000E+00  0.0000E+00  0.0000E+00  1.7820E+00  0.0000E+00  0.0000E+00  1.7765E+00  2.4195E-02 -4.0028E-01  1.7820E+00  2.5466E+00 -7.6462E-01 -2.4390E-01
  1.1000E+01  1.5800E+02  0.0000E+00  0.0000E+00  0.0000E+00  0.0000E+00  2.1990E+00  0.0000E+00  0.0000E+00  1.9613E+00  9.5585E-01  4.4426E-01  2.1990E+00  2.7857E+00 -5.8667E-01  3.1151E-01
  1.1000E+01  1.6000E+02  0.0000E+00  0.0000E+00  0.0000E+00  0.0000E+00  1.4500E+00  0.0000E+00  0.0000E+00  1.6058E+00 -7.6427E-01 -1.4769E+00  1.4500E+00  2.5682E+00 -1.1182E+00 -1.0139E+00
  1.1000E+01  1.6400E+02  0.0000E+00  0.0000E+00  0.0000E+00  0.0000E+00  8.3800E-01  0.0000E+00  0.0000E+00  8.8009E-01 -3.7245E-01 -1.1684E+00  8.3800E-01  1.8991E+00 -1.0611E+00 -8.2907E-01
  1.1000E+01  1.6800E+02  0.0000E+00  0.0000E+00  0.0000E+00  0.0000E+00  4.7500E-01  0.0000E+00  0.0000E+00  4.7469E-01  4.9797E-03 -6.7056E-01  4.7500E-01  1.3890E+00 -9.1403E-01 -4.1670E-01
  1.2000E+01  0.0000E+00  1.0000E+02  1.3000E+01  1.2000E+01  0.0000E+00  0.0000E+00  1.0000E+00  1.0000E+00  0.0000E+00  0.0000E+00  0.0000E+00  0.0000E+00  0.0000E+00  0.0000E+00  0.0000E+00
  1.2000E+01  2.4000E+01  0.0000E+00  0.0000E+00  0.0000E+00  0.0000E+00  1.4060E+00  0.0000E+00  0.0000E+00  1.5828E+00 -8.7940E-01 -1.5004E+00  1.4060E+00  1.1766E+00  2.2937E-01 -4.5403E+00
  1.2000E+01  7.2000E+01  0.0000E+00  0.0000E+00  0.0000E+00  0.0000E+00  2.7330E+00  0.0000E+00  0.0000E+00  2.8553E+00 -3.3836E-01 -2.3124E-01  2.7330E+00  1.3841E+00  1.3489E+00 -1.0371E+00
  1.2000E+01  1.2000E+02  0.0000E+00  0.0000E+00  0.0000E+00  0.0000E+00  3.7310E+00  0.0000E+00  0.0000E+00  3.2082E+00  1.2881E+00  1.9288E+00  3.7310E+00  1.3889E+00  2.3421E+00  3.9129E+00
  1.2000E+01  1.5650E+02  0.0000E+00  0.0000E+00  0.0000E+00  0.0000E+00  4.0650E+00  0.0000E+00  0.0000E+00  3.7283E+00  7.1408E-01  1.2577E+00  4.0650E+00  2.1522E+00  1.9128E+00  2.2229E+00
  1.2000E+01  1.5700E+02  0.0000E+00  0.0000E+00  0.0000E+00  0.0000E+00  3.4170E+00  0.0000E+00  0.0000E+00  3.9702E+00 -1.1018E+00 -6.9626E-01  3.4170E+00  2.5466E+00  8.7038E-01 -8.5255E-01
  1.2000E+01  1.5800E+02  0.0000E+00  0.0000E+00  0.0000E+00  0.0000E+00  4.0170E+00  0.0000E+00  0.0000E+00  4.1473E+00 -2.4838E-01  8.1054E-02  4.0170E+00  2.7857E+00  1.2313E+00  3.1744E-01
  1.2000E+01  1.6000E+02  0.0000E+00  0.0000E+00  0.0000E+00  0.0000E+00  4.1890E+00  0.0000E+00  0.0000E+00  4.0707E+00  2.2980E-01  6.3713E-01  4.1890E+00  2.5682E+00  1.6208E+00  1.0719E+00
  1.2000E+01  1.6400E+02  0.0000E+00  0.0000E+00  0.0000E+00  0.0000E+00  3.7150E+00  0.0000E+00  0.0000E+00  3.6786E+00  7.8341E-02  7.3499E-01  3.7150E+00  1.8991E+00  1.8159E+00  1.1838E+00
  1.2000E+01  1.6800E+02  0.0000E+00  0.0000E+00  0.0000E+00  0.0000E+00  3.6240E+00  0.0000E+00  0.0000E+00  3.3061E+00  7.6019E-01  1.6415E+00  3.6240E+00  1.3890E+00  2.2350E+00  3.3554E+00
  1.3000E+01  0.0000E+00  1.0000E+02  1.3000E+01  1.2000E+01  0.0000E+00  0.0000E+00  1.0000E+00  1.0000E+00  0.0000E+00  0.0000E+00  0.0000E+00  0.0000E+00  0.0000E+00  0.0000E+00  0.0000E+00
  1.3000E+01  2.4000E+01  0.0000E+00  0.0000E+00  0.0000E+00  0.0000E+00  1.1770E+00  0.0000E+00  0.0000E+00  1.2130E+00 -2.3292E-01 -5.7114E-01  1.1770E+00  1.1766E+00  3.6875E-04 -8.5266E-01
  1.3000E+01  7.2000E+01  0.0000E+00  0.0000E+00  0.0000E+00  0.0000E+00  1.1550E+00  0.0000E+00  0.0000E+00  1.3018E+00 -8.8577E-01 -1.3714E+00  1.1550E+00  1.3841E+00 -2.2907E-01 -1.4651E+00
  1.3000E+01  1.2000E+02  0.0000E+00  0.0000E+00  0.0000E+00  0.0000E+00  1.3870E+00  0.0000E+00  0.0000E+00  1.3022E+00  5.1154E-01  2.4044E-02  1.3870E+00  1.3889E+00 -1.9167E-03 -2.5679E-01
  1.3000E+01  1.5650E+02  0.0000E+00  0.0000E+00  0.0000E+00  0.0000E+00  2.8400E+00  0.0000E+00  0.0000E+00  2.8232E+00  4.7091E-02  4.7697E-01  2.8400E+00  2.1522E+00  6.8777E-01  5.7106E-01
  1.3000E+01  1.5700E+02  0.0000E+00  0.0000E+00  0.0000E+00  0.0000E+00  3.6810E+00  0.0000E+00  0.0000E+00  3.4853E+00  4.4379E-01  1.1112E+00  3.6810E+00  2.5466E+00  1.1344E+00  1.4038E+00
  1.3000E+01  1.5800E+02  0.0000E+00  0.0000E+00  0.0000E+00  0.0000E+00  4.3940E+00  0.0000E+00  0.0000E+00  3.7262E+00  1.4170E+00  2.0496E+00  4.3940E+00  2.7857E+00  1.6083E+00  2.6260E+00
  1.3000E+01  1.6000E+02  0.0000E+00  0.0000E+00  0.0000E+00  0.0000E+00  2.9510E+00  0.0000E+00  0.0000E+00  3.1652E+00 -5.3486E-01 -2.4837E-01  2.9510E+00  2.5682E+00  3.8278E-01 -2.6610E-01
  1.3000E+01  1.6400E+02  0.0000E+00  0.0000E+00  0.0000E+00  0.0000E+00  2.2220E+00  0.0000E+00  0.0000E+00  2.0357E+00  7.2202E-01  4.9765E-01  2.2220E+00  1.8991E+00  3.2290E-01  4.2035E-01
  1.3000E+01  1.6800E+02  0.0000E+00  0.0000E+00  0.0000E+00  0.0000E+00  1.3320E+00  0.0000E+00  0.0000E+00  1.3022E+00  1.7974E-01 -3.0777E-01  1.3320E+00  1.3890E+00 -5.7030E-02 -5.3890E-01
  1.4000E+01  0.0000E+00  1.0000E+02  1.3000E+01  1.2000E+01  0.0000E+00  0.0000E+00  1.0000E+00  1.0000E+00  0.0000E+00  0.0000E+00  0.0000E+00  0.0000E+00  0.0000E+00  0.0000E+00  0.0000E+00
  1.4000E+01  2.4000E+01  0.0000E+00  0.0000E+00  0.0000E+00  0.0000E+00  1.0230E+00  0.0000E+00  0.0000E+00  9.8493E-01  3.0198E-01  2.1129E-01  1.0230E+00  1.1766E+00 -1.5363E-01 -3.8629E-01
  1.4000E+01  7.2000E+01  0.0000E+00  0.0000E+00  0.0000E+00  0.0000E+00  7.5300E-01  0.0000E+00  0.0000E+00  1.0460E+00 -2.1915E+00 -2.3227E+00  7.5300E-01  1.3841E+00 -6.3107E-01 -1.9286E+00
  1.4000E+01  1.2000E+02  0.0000E+00  0.0000E+00  0.0000E+00  0.0000E+00  8.1000E-01  0.0000E+00  0.0000E+00  1.0462E+00 -1.7663E+00 -1.8978E+00  8.1000E-01  1.3889E+00 -5.7892E-01 -1.5973E+00
  1.4000E+01  1.5650E+02  0.0000E+00  0.0000E+00  0.0000E+00  0.0000E+00  2.3880E+00  0.0000E+00  0.0000E+00  2.4893E+00 -3.2147E-01  1.0704E-01  2.3880E+00  2.1522E+00  2.3577E-01  2.0746E-01
  1.4000E+01  1.5700E+02  0.0000E+00  0.0000E+00  0.0000E+00  0.0000E+00  3.6910E+00  0.0000E+00  0.0000E+00  3.0739E+00  1.5866E+00  2.0976E+00  3.6910E+00  2.5466E+00  1.1444E+00  2.5279E+00
  1.4000E+01  1.5800E+02  0.0000E+00  0.0000E+00  0.0000E+00  0.0000E+00  3.1930E+00  0.0000E+00  0.0000E+00  3.2333E+00 -9.8583E-02  2.4148E-01  3.1930E+00  2.7857E+00  4.0733E-01  3.5946E-01
  1.4000E+01  1.6000E+02  0.0000E+00  0.0000E+00  0.0000E+00  0.0000E+00  2.7910E+00  0.0000E+00  0.0000E+00  2.6844E+00  3.1367E-01  3.4794E-01  2.7910E+00  2.5682E+00  2.2278E-01  3.9799E-01
  1.4000E+01  1.6400E+02  0.0000E+00  0.0000E+00  0.0000E+00  0.0000E+00  1.5070E+00  0.0000E+00  0.0000E+00  1.6789E+00 -8.0655E-01 -9.8082E-01  1.5070E+00  1.8991E+00 -3.9210E-01 -9.7474E-01
  1.4000E+01  1.6800E+02  0.0000E+00  0.0000E+00  0.0000E+00  0.0000E+00  1.3850E+00  0.0000E+00  0.0000E+00  1.0462E+00  2.5339E+00  2.4024E+00  1.3850E+00  1.3890E+00 -4.0301E-03  1.3611E+00
  1.5000E+01  0.0000E+00  1.0000E+02  1.3000E+01  1.2000E+01  0.0000E+00  0.0000E+00  1.0000E+00  1.0000E+00  0.0000E+00  0.0000E+00  0.0000E+00  0.0000E+00  0.0000E+00  0.0000E+00  0.0000E+00
  1.5000E+01  2.4000E+01  0.0000E+00  0.0000E+00  0.0000E+00  0.0000E+00  1.1090E+00  0.0000E+00  0.0000E+00  1.3091E+00 -1.2007E+00 -1.4915E+00  1.1090E+00  1.1766E+00 -6.7631E-02 -1.9471E+00
  1.5000E+01  7.2000E+01  0.0000E+00  0.0000E+00  0.0000E+00  0.0000E+00  1.9090E+00  0.0000E+00  0.0000E+00  1.8715E+00  1.5797E-01  3.8590E-01  1.9090E+00  1.3841E+00  5.2493E-01  5.0528E-01
  1.5000E+01  1.2000E+02  0.0000E+00  0.0000E+00  0.0000E+00  0.0000E+00  1.8550E+00  0.0000E+00  0.0000E+00  1.9307E+00 -3.0922E-01  5.9677E-02  1.8550E+00  1.3889E+00  4.6608E-01  1.4688E-01
  1.5000E+01  1.5650E+02  0.0000E+00  0.0000E+00  0.0000E+00  0.0000E+00  2.1980E+00  0.0000E+00  0.0000E+00  2.4402E+00 -7.8378E-01 -7.4366E-01  2.1980E+00  2.1522E+00  4.5774E-02 -7.3614E-01
  1.5000E+01  1.5700E+02  0.0000E+00  0.0000E+00  0.0000E+00  0.0000E+00  2.8050E+00  0.0000E+00  0.0000E+00  2.7140E+00  2.6488E-01  1.5486E-01  2.8050E+00  2.5466E+00  2.5838E-01  1.9726E-01
  1.5000E+01  1.5800E+02  0.0000E+00  0.0000E+00  0.0000E+00  0.0000E+00  3.0290E+00  0.0000E+00  0.0000E+00  2.9037E+00  3.4089E-01  1.5606E-01  3.0290E+00  2.7857E+00  2.4333E-01  1.5786E-01
  1.5000E+01  1.6000E+02  0.0000E+00  0.0000E+00  0.0000E+00  0.0000E+00  2.8910E+00  0.0000E+00  0.0000E+00  2.7937E+00  2.7532E-01  1.8149E-01  2.8910E+00  2.5682E+00  3.2278E-01  1.7499E-01
  1.5000E+01  1.6400E+02  0.0000E+00  0.0000E+00  0.0000E+00  0.0000E+00  2.2760E+00  0.0000E+00  0.0000E+00  2.3363E+00 -2.0362E-01 -3.1787E-02  2.2760E+00  1.8991E+00  3.7690E-01 -3.2286E-02
  1.5000E+01  1.6800E+02  0.0000E+00  0.0000E+00  0.0000E+00  0.0000E+00  2.3240E+00  0.0000E+00  0.0000E+00  1.9369E+00  1.5762E+00  1.9696E+00  2.3240E+00  1.3890E+00  9.3497E-01  2.5560E+00
  1.6000E+01  0.0000E+00  1.0000E+02  1.3000E+01  1.2000E+01  0.0000E+00  0.0000E+00  1.0000E+00  1.0000E+00  0.0000E+00  0.0000E+00  0.0000E+00  0.0000E+00  0.0000E+00  0.0000E+00  0.0000E+00
  1.6000E+01  2.4000E+01  0.0000E+00  0.0000E+00  0.0000E+00  0.0000E+00  1.5630E+00  0.0000E+00  0.0000E+00  1.4559E+00  5.7884E-01  7.1742E-01  1.5630E+00  1.1766E+00  3.8637E-01  7.9756E-01
  1.6000E+01  7.2000E+01  0.0000E+00  0.0000E+00  0.0000E+00  0.0000E+00  2.0120E+00  0.0000E+00  0.0000E+00  1.7566E+00  1.1462E+00  1.2790E+00  2.0120E+00  1.3841E+00  6.2793E-01  1.4663E+00
  1.6000E+01  1.2000E+02  0.0000E+00  0.0000E+00  0.0000E+00  0.0000E+00  1.5250E+00  0.0000E+00  0.0000E+00  1.7658E+00 -1.0750E+00 -9.4400E-01  1.5250E+00  1.3889E+00  1.3608E-01 -1.0915E+00
  1.6000E+01  1.5650E+02  0.0000E+00  0.0000E+00  0.0000E+00  0.0000E+00  2.1980E+00  0.0000E+00  0.0000E+00  2.6097E+00 -1.2461E+00 -1.0694E+00  2.1980E+00  2.1522E+00  4.5774E-02 -1.2461E+00
  1.6000E+01  1.5700E+02  0.0000E+00  0.0000E+00  0.0000E+00  0.0000E+00  3.1160E+00  0.0000E+00  0.0000E+00  3.0553E+00  1.5692E-01  3.7534E-01  3.1160E+00  2.5466E+00  5.6938E-01  4.2613E-01
  1.6000E+01  1.5800E+02  0.0000E+00  0.0000E+00  0.0000E+00  0.0000E+00  4.0330E+00  0.0000E+00  0.0000E+00  3.3404E+00  1.6391E+00  1.9068E+00  4.0330E+00  2.7857E+00  1.2473E+00  2.2024E+00
  1.6000E+01  1.6000E+02  0.0000E+00  0.0000E+00  0.0000E+00  0.0000E+00  3.0010E+00  0.0000E+00  0.0000E+00  3.1155E+00 -2.9050E-01 -1.3797E-02  3.0010E+00  2.5682E+00  4.3278E-01 -4.2974E-02
  1.6000E+01  1.6400E+02  0.0000E+00  0.0000E+00  0.0000E+00  0.0000E+00  2.1000E+00  0.0000E+00  0.0000E+00  2.3594E+00 -8.6808E-01 -6.6519E-01  2.1000E+00  1.8991E+00  2.0090E-01 -7.9772E-01
  1.6000E+01  1.6800E+02  0.0000E+00  0.0000E+00  0.0000E+00  0.0000E+00  1.8880E+00  0.0000E+00  0.0000E+00  1.7661E+00  5.4391E-01  6.7481E-01  1.8880E+00  1.3890E+00  4.9897E-01  7.7398E-01
  1.7000E+01  0.0000E+00  1.0000E+02  1.3000E+01  1.2000E+01  0.0000E+00  0.0000E+00  1.0000E+00  1.0000E+00  0.0000E+00  0.0000E+00  0.0000E+00  0.0000E+00  0.0000E+00  0.0000E+00  0.0000E+00
  1.7000E+01  2.4000E+01  0.0000E+00  0.0000E+00  0.0000E+00  0.0000E+00  1.3890E+00  0.0000E+00  0.0000E+00  1.2489E+00  8.8045E-01  7.8279E-01  1.3890E+00  1.1766E+00  2.1237E-01  7.1443E-01
  1.7000E+01  7.2000E+01  0.0000E+00  0.0000E+00  0.0000E+00  0.0000E+00  1.5800E+00  0.0000E+00  0.0000E+00  1.3943E+00  1.0475E+00  8.3407E-01  1.5800E+00  1.3841E+00  1.9593E-01  6.9126E-01
  1.7000E+01  1.2000E+02  0.0000E+00  0.0000E+00  0.0000E+00  0.0000E+00  1.2520E+00  0.0000E+00  0.0000E+00  1.3959E+00 -8.1045E-01 -1.0273E+00  1.2520E+00  1.3889E+00 -1.3692E-01 -1.0097E+00
  1.7000E+01  1.5650E+02  0.0000E+00  0.0000E+00  0.0000E+00  0.0000E+00  2.4460E+00  0.0000E+00  0.0000E+00  2.5815E+00 -4.1452E-01 -9.2468E-02  2.4460E+00  2.1522E+00  2.9377E-01 -1.1278E-01
  1.7000E+01  1.5700E+02  0.0000E+00  0.0000E+00  0.0000E+00  0.0000E+00  3.7450E+00  0.0000E+00  0.0000E+00  3.1182E+00  1.5886E+00  2.0349E+00  3.7450E+00  2.5466E+00  1.1984E+00  2.3822E+00
  1.7000E+01  1.5800E+02  0.0000E+00  0.0000E+00  0.0000E+00  0.0000E+00  3.0060E+00  0.0000E+00  0.0000E+00  3.3467E+00 -8.0478E-01 -3.9964E-01  3.0060E+00  2.7857E+00  2.2033E-01 -4.9115E-01
  1.7000E+01  1.6000E+02  0.0000E+00  0.0000E+00  0.0000E+00  0.0000E+00  3.2040E+00  0.0000E+00  0.0000E+00  2.9396E+00  7.1068E-01  9.1624E-01  3.2040E+00  2.5682E+00  6.3578E-01  1.0078E+00
  1.7000E+01  1.6400E+02  0.0000E+00  0.0000E+00  0.0000E+00  0.0000E+00  1.8620E+00  0.0000E+00  0.0000E+00  2.0313E+00 -6.5756E-01 -7.2053E-01  1.8620E+00  1.8991E+00 -3.7103E-02 -7.5170E-01
  1.7000E+01  1.6800E+02  0.0000E+00  0.0000E+00  0.0000E+00  0.0000E+00  1.2740E+00  0.0000E+00  0.0000E+00  1.3959E+00 -6.8661E-01 -9.0354E-01  1.2740E+00  1.3890E+00 -1.1503E-01 -8.9633E-01
  1.8000E+01  0.0000E+00  1.0000E+02  1.3000E+01  1.2000E+01  0.0000E+00  0.0000E+00  1.0000E+00  1.0000E+00  0.0000E+00  0.0000E+00  0.0000E+00  0.0000E+00  0.0000E+00  0.0000E+00  0.0000E+00
  1.8000E+01  2.4000E+01  0.0000E+00  0.0000E+00  0.0000E+00  0.0000E+00  2.2500E-01  0.0000E+00  0.0000E+00  2.6949E-01 -1.1254E+00 -2.1472E+00  2.2500E-01  1.1766E+00 -9.5163E-01 -1.8378E+00
  1.8000E+01  7.2000E+01  0.0000E+00  0.0000E+00  0.0000E+00  0.0000E+00  2.7000E-01  0.0000E+00  0.0000E+00  2.7110E-01 -2.7701E-02 -1.0716E+00  2.7000E-01  1.3841E+00 -1.1141E+00 -6.0834E-01
  1.8000E+01  1.2000E+02  0.0000E+00  0.0000E+00  0.0000E+00  0.0000E+00  3.0600E-01  0.0000E+00  0.0000E+00  2.7110E-01  8.7880E-01 -1.6507E-01  3.0600E-01  1.3889E+00 -1.0829E+00 -3.5604E-01
  1.8000E+01  1.5650E+02  0.0000E+00  0.0000E+00  0.0000E+00  0.0000E+00  1.1880E+00  0.0000E+00  0.0000E+00  1.1585E+00  1.9961E-01 -4.1858E-01  1.1880E+00  2.1522E+00 -9.6423E-01 -2.6012E-01
  1.8000E+01  1.5700E+02  0.0000E+00  0.0000E+00  0.0000E+00  0.0000E+00  1.5200E+00  0.0000E+00  0.0000E+00  1.6059E+00 -4.2121E-01 -8.7427E-01  1.5200E+00  2.5466E+00 -1.0266E+00 -5.1559E-01
  1.8000E+01  1.5800E+02  0.0000E+00  0.0000E+00  0.0000E+00  0.0000E+00  1.9010E+00  0.0000E+00  0.0000E+00  1.8255E+00  3.2620E-01 -1.4017E-01  1.9010E+00  2.7857E+00 -8.8467E-01 -3.8048E-02
  1.8000E+01  1.6000E+02  0.0000E+00  0.0000E+00  0.0000E+00  0.0000E+00  1.3280E+00  0.0000E+00  0.0000E+00  1.4300E+00 -5.6109E-01 -1.3946E+00  1.3280E+00  2.5682E+00 -1.2402E+00 -8.4545E-01
  1.8000E+01  1.6400E+02  0.0000E+00  0.0000E+00  0.0000E+00  0.0000E+00  7.3000E-01  0.0000E+00  0.0000E+00  6.3599E-01  1.1349E+00 -9.9314E-02  7.3000E-01  1.8991E+00 -1.1691E+00 -5.1779E-01
  1.8000E+01  1.6800E+02  0.0000E+00  0.0000E+00  0.0000E+00  0.0000E+00  2.4600E-01  0.0000E+00  0.0000E+00  2.7110E-01 -6.3204E-01 -1.6759E+00  2.4600E-01  1.3890E+00 -1.1430E+00 -6.6188E-01
  1.9000E+01  0.0000E+00  1.0000E+02  1.3000E+01  1.2000E+01  0.0000E+00  0.0000E+00  1.0000E+00  1.0000E+00  0.0000E+00  0.0000E+00  0.0000E+00  0.0000E+00  0.0000E+00  0.0000E+00  0.0000E+00
  1.9000E+01  2.4000E+01  0.0000E+00  0.0000E+00  0.0000E+00  0.0000E+00  1.7300E+00  0.0000E+00  0.0000E+00  1.5021E+00  1.1938E+00  1.3626E+00  1.7300E+00  1.1766E+00  5.5337E-01  1.4276E+00
  1.9000E+01  7.2000E+01  0.0000E+00  0.0000E+00  0.0000E+00  0.0000E+00  1.6170E+00  0.0000E+00  0.0000E+00  1.9283E+00 -1.2734E+00 -1.0599E+00  1.6170E+00  1.3841E+00  2.3293E-01 -1.4657E+00
  1.9000E+01  1.2000E+02  0.0000E+00  0.0000E+00  0.0000E+00  0.0000E+00  1.9590E+00  0.0000E+00  0.0000E+00  1.9510E+00  3.2390E-02  2.4986E-01  1.9590E+00  1.3889E+00  5.7008E-01  2.2629E-01
  1.9000E+01  1.5650E+02  0.0000E+00  0.0000E+00  0.0000E+00  0.0000E+00  3.4910E+00  0.0000E+00  0.0000E+00  2.8689E+00  1.7134E+00  2.1747E+00  3.4910E+00  2.1522E+00  1.3388E+00  2.7219E+00
  1.9000E+01  1.5700E+02  0.0000E+00  0.0000E+00  0.0000E+00  0.0000E+00  3.1260E+00  0.0000E+00  0.0000E+00  3.2784E+00 -3.6752E-01  9.6626E-02  3.1260E+00  2.5466E+00  5.7938E-01  1.0520E-01
  1.9000E+01  1.5800E+02  0.0000E+00  0.0000E+00  0.0000E+00  0.0000E+00  3.1790E+00  0.0000E+00  0.0000E+00  3.4566E+00 -6.3492E-01 -2.5643E-01  3.1790E+00  2.7857E+00  3.9333E-01 -2.8047E-01
  1.9000E+01  1.6000E+02  0.0000E+00  0.0000E+00  0.0000E+00  0.0000E+00  2.5500E+00  0.0000E+00  0.0000E+00  3.1742E+00 -1.5544E+00 -1.2574E+00  2.5500E+00  2.5682E+00 -1.8223E-02 -1.4683E+00
  1.9000E+01  1.6400E+02  0.0000E+00  0.0000E+00  0.0000E+00  0.0000E+00  2.7000E+00  0.0000E+00  0.0000E+00  2.4930E+00  6.5588E-01  9.1570E-01  2.7000E+00  1.8991E+00  8.0090E-01  1.0985E+00
  1.9000E+01  1.6800E+02  0.0000E+00  0.0000E+00  0.0000E+00  0.0000E+00  2.0790E+00  0.0000E+00  0.0000E+00  1.9522E+00  5.1236E-01  7.3010E-01  2.0790E+00  1.3890E+00  6.8997E-01  8.4085E-01
  2.0000E+01  0.0000E+00  1.0000E+02  1.3000E+01  1.2000E+01  0.0000E+00  0.0000E+00  1.0000E+00  1.0000E+00  0.0000E+00  0.0000E+00  0.0000E+00  0.0000E+00  0.0000E+00  0.0000E+00  0.0000E+00
  2.0000E+01  2.4000E+01  0.0000E+00  0.0000E+00  0.0000E+00  0.0000E+00  1.1680E+00  0.0000E+00  0.0000E+00  1.1953E+00 -1.7908E-01 -2.9294E-01  1.1680E+00  1.1766E+00 -8.6312E-03 -3.9899E-01
  2.0000E+01  7.2000E+01  0.0000E+00  0.0000E+00  0.0000E+00  0.0000E+00  1.9790E+00  0.0000E+00  0.0000E+00  1.5796E+00  1.9908E+00  2.2462E+00  1.9790E+00  1.3841E+00  5.9493E-01  2.2442E+00
  2.0000E+01  1.2000E+02  0.0000E+00  0.0000E+00  0.0000E+00  0.0000E+00  1.4740E+00  0.0000E+00  0.0000E+00  1.6048E+00 -6.4194E-01 -3.2394E-01  1.4740E+00  1.3889E+00  8.5083E-02 -4.2460E-01
  2.0000E+01  1.5650E+02  0.0000E+00  0.0000E+00  0.0000E+00  0.0000E+00  2.0220E+00  0.0000E+00  0.0000E+00  2.0869E+00 -2.4555E-01 -3.2717E-01  2.0220E+00  2.1522E+00 -1.3023E-01 -2.9746E-01
  2.0000E+01  1.5700E+02  0.0000E+00  0.0000E+00  0.0000E+00  0.0000E+00  2.4020E+00  0.0000E+00  0.0000E+00  2.3633E+00  1.2927E-01 -1.0758E-01  2.4020E+00  2.5466E+00 -1.4462E-01 -8.1465E-02
  2.0000E+01  1.5800E+02  0.0000E+00  0.0000E+00  0.0000E+00  0.0000E+00  2.2850E+00  0.0000E+00  0.0000E+00  2.5760E+00 -8.9230E-01 -1.1768E+00  2.2850E+00  2.7857E+00 -5.0067E-01 -1.0318E+00
  2.0000E+01  1.6000E+02  0.0000E+00  0.0000E+00  0.0000E+00  0.0000E+00  2.5550E+00  0.0000E+00  0.0000E+00  2.4875E+00  2.1418E-01  6.7419E-02  2.5550E+00  2.5682E+00 -1.3223E-02  9.6506E-02
  2.0000E+01  1.6400E+02  0.0000E+00  0.0000E+00  0.0000E+00  0.0000E+00  1.8490E+00  0.0000E+00  0.0000E+00  2.0149E+00 -6.4965E-01 -5.2395E-01  1.8490E+00  1.8991E+00 -5.0103E-02 -5.4205E-01
  2.0000E+01  1.6800E+02  0.0000E+00  0.0000E+00  0.0000E+00  0.0000E+00  1.6450E+00  0.0000E+00  0.0000E+00  1.6065E+00  1.8892E-01  5.1368E-01  1.6450E+00  1.3890E+00  2.5597E-01  4.5294E-01
  2.1000E+01  0.0000E+00  1.0000E+02  1.3000E+01  1.2000E+01  0.0000E+00  0.0000E+00  1.0000E+00  1.0000E+00  0.0000E+00  0.0000E+00  0.0000E+00  0.0000E+00  0.0000E+00  0.0000E+00  0.0000E+00
  2.1000E+01  2.4000E+01  0.0000E+00  0.0000E+00  0.0000E+00  0.0000E+00  4.5300E-01  0.0000E+00  0.0000E+00  5.5788E-01 -1.4308E+00 -1.9015E+00  4.5300E-01  1.1766E+00 -7.2363E-01 -1.7139E+00
  2.1000E+01  7.2000E+01  0.0000E+00  0.0000E+00  0.0000E+00  0.0000E+00  6.1300E-01  0.0000E+00  0.0000E+00  5.7669E-01  4.8034E-01 -2.8379E-02  6.1300E-01  1.3841E+00 -7.7107E-01 -3.7711E-01
  2.1000E+01  1.2000E+02  0.0000E+00  0.0000E+00  0.0000E+00  0.0000E+00  7.0100E-01  0.0000E+00  0.0000E+00  5.7671E-01  1.6442E+00  1.1354E+00  7.0100E-01  1.3889E+00 -6.8792E-01  1.1878E-01
  2.1000E+01  1.5650E+02  0.0000E+00  0.0000E+00  0.0000E+00  0.0000E+00  1.7540E+00  0.0000E+00  0.0000E+00  1.7086E+00  2.0959E-01  1.7748E-01  1.7540E+00  2.1522E+00 -3.9823E-01  2.9641E-01
  2.1000E+01  1.5700E+02  0.0000E+00  0.0000E+00  0.0000E+00  0.0000E+00  2.3340E+00  0.0000E+00  0.0000E+00  2.1570E+00  6.4767E-01  5.8268E-01  2.3340E+00  2.5466E+00 -2.1262E-01  6.5525E-01
  2.1000E+01  1.5800E+02  0.0000E+00  0.0000E+00  0.0000E+00  0.0000E+00  2.3800E+00  0.0000E+00  0.0000E+00  2.2571E+00  4.2974E-01  9.1038E-02  2.3800E+00  2.7857E+00 -4.0567E-01  1.8499E-01
  2.1000E+01  1.6000E+02  0.0000E+00  0.0000E+00  0.0000E+00  0.0000E+00  1.5930E+00  0.0000E+00  0.0000E+00  1.7965E+00 -8.9296E-01 -1.5226E+00  1.5930E+00  2.5682E+00 -9.7522E-01 -1.1144E+00
  2.1000E+01  1.6400E+02  0.0000E+00  0.0000E+00  0.0000E+00  0.0000E+00  9.7500E-01  0.0000E+00  0.0000E+00  1.0200E+00 -3.4530E-01 -1.0113E+00  9.7500E-01  1.8991E+00 -9.2410E-01 -8.5586E-01
  2.1000E+01  1.6800E+02  0.0000E+00  0.0000E+00  0.0000E+00  0.0000E+00  5.1200E-01  0.0000E+00  0.0000E+00  5.7671E-01 -8.5606E-01 -1.3649E+00  5.1200E-01  1.3890E+00 -8.7703E-01 -8.5127E-01
  2.2000E+01  0.0000E+00  1.0000E+02  1.3000E+01  1.2000E+01  0.0000E+00  0.0000E+00  1.0000E+00  1.0000E+00  0.0000E+00  0.0000E+00  0.0000E+00  0.0000E+00  0.0000E+00  0.0000E+00  0.0000E+00
  2.2000E+01  2.4000E+01  0.0000E+00  0.0000E+00  0.0000E+00  0.0000E+00  8.5200E-01  0.0000E+00  0.0000E+00  9.1191E-01 -5.1218E-01 -7.9556E-01  8.5200E-01  1.1766E+00 -3.2463E-01 -7.3658E-01
  2.2000E+01  7.2000E+01  0.0000E+00  0.0000E+00  0.0000E+00  0.0000E+00  9.8500E-01  0.0000E+00  0.0000E+00  1.0025E+00 -1.3656E-01 -5.0444E-01  9.8500E-01  1.3841E+00 -3.9907E-01 -4.3290E-01
  2.2000E+01  1.2000E+02  0.0000E+00  0.0000E+00  0.0000E+00  0.0000E+00  8.7600E-01  0.0000E+00  0.0000E+00  1.0033E+00 -9.9152E-01 -1.3611E+00  8.7600E-01  1.3889E+00 -5.1292E-01 -9.8741E-01
  2.2000E+01  1.5650E+02  0.0000E+00  0.0000E+00  0.0000E+00  0.0000E+00  2.2490E+00  0.0000E+00  0.0000E+00  1.8944E+00  1.4763E+00  1.5339E+00  2.2490E+00  2.1522E+00  9.6774E-02  1.3070E+00
  2.2000E+01  1.5700E+02  0.0000E+00  0.0000E+00  0.0000E+00  0.0000E+00  1.7480E+00  0.0000E+00  0.0000E+00  2.3157E+00 -1.9356E+00 -1.8579E+00  1.7480E+00  2.5466E+00 -7.9862E-01 -1.6085E+00
  2.2000E+01  1.5800E+02  0.0000E+00  0.0000E+00  0.0000E+00  0.0000E+00  2.6290E+00  0.0000E+00  0.0000E+00  2.5159E+00  3.5491E-01  3.1759E-01  2.6290E+00  2.7857E+00 -1.5667E-01  3.0698E-01
  2.2000E+01  1.6000E+02  0.0000E+00  0.0000E+00  0.0000E+00  0.0000E+00  2.2030E+00  0.0000E+00  0.0000E+00  2.2115E+00 -3.0483E-02 -2.4373E-01  2.2030E+00  2.5682E+00 -3.6522E-01 -2.0393E-01
  2.2000E+01  1.6400E+02  0.0000E+00  0.0000E+00  0.0000E+00  0.0000E+00  1.6260E+00  0.0000E+00  0.0000E+00  1.4956E+00  6.8609E-01  3.5190E-01  1.6260E+00  1.8991E+00 -2.7310E-01  2.0481E-01
  2.2000E+01  1.6800E+02  0.0000E+00  0.0000E+00  0.0000E+00  0.0000E+00  1.1270E+00  0.0000E+00  0.0000E+00  1.0033E+00  9.6394E-01  5.9434E-01  1.1270E+00  1.3890E+00 -2.6203E-01  3.0388E-01
  2.3000E+01  0.0000E+00  1.0000E+02  1.3000E+01  1.2000E+01  0.0000E+00  0.0000E+00  1.0000E+00  1.0000E+00  0.0000E+00  0.0000E+00  0.0000E+00  0.0000E+00  0.0000E+00  0.0000E+00  0.0000E+00
  2.3000E+01  2.4000E+01  0.0000E+00  0.0000E+00  0.0000E+00  0.0000E+00  1.4830E+00  0.0000E+00  0.0000E+00  1.3391E+00  8.4461E-01  9.0168E-01  1.4830E+00  1.1766E+00  3.0637E-01  7.1250E-01
  2.3000E+01  7.2000E+01  0.0000E+00  0.0000E+00  0.0000E+00  0.0000E+00  1.9720E+00  0.0000E+00  0.0000E+00  1.7738E+00  8.8074E-01  1.1599E+00  1.9720E+00  1.3841E+00  5.8793E-01  1.1248E+00
  2.3000E+01  1.2000E+02  0.0000E+00  0.0000E+00  0.0000E+00  0.0000E+00  1.7710E+00  0.0000E+00  0.0000E+00  1.8027E+00 -1.3882E-01  1.7712E-01  1.7710E+00  1.3889E+00  3.8208E-01  7.7237E-03
  2.3000E+01  1.5650E+02  0.0000E+00  0.0000E+00  0.0000E+00  0.0000E+00  2.1910E+00  0.0000E+00  0.0000E+00  2.2991E+00 -3.7121E-01 -3.6498E-01  2.1910E+00  2.1522E+00  3.8774E-02 -3.4705E-01
  2.3000E+01  1.5700E+02  0.0000E+00  0.0000E+00  0.0000E+00  0.0000E+00  2.4950E+00  0.0000E+00  0.0000E+00  2.5950E+00 -3.0436E-01 -4.0615E-01  2.4950E+00  2.5466E+00 -5.1625E-02 -3.2639E-01
  2.3000E+01  1.5800E+02  0.0000E+00  0.0000E+00  0.0000E+00  0.0000E+00  2.8310E+00  0.0000E+00  0.0000E+00  2.8407E+00 -2.6991E-02 -1.2644E-01  2.8310E+00  2.7857E+00  4.5325E-02 -1.6805E-02
  2.3000E+01  1.6000E+02  0.0000E+00  0.0000E+00  0.0000E+00  0.0000E+00  2.3300E+00  0.0000E+00  0.0000E+00  2.7714E+00 -1.2585E+00 -1.1999E+00  2.3300E+00  2.5682E+00 -2.3822E-01 -1.1594E+00
  2.3000E+01  1.6400E+02  0.0000E+00  0.0000E+00  0.0000E+00  0.0000E+00  2.3630E+00  0.0000E+00  0.0000E+00  2.2596E+00  3.6127E-01  6.0376E-01  2.3630E+00  1.8991E+00  4.6390E-01  6.2293E-01
  2.3000E+01  1.6800E+02  0.0000E+00  0.0000E+00  0.0000E+00  0.0000E+00  1.9210E+00  0.0000E+00  0.0000E+00  1.8047E+00  5.0815E-01  8.2804E-01  1.9210E+00  1.3890E+00  5.3197E-01  7.7652E-01
  2.4000E+01  0.0000E+00  1.0000E+02  1.3000E+01  1.2000E+01  0.0000E+00  0.0000E+00  1.0000E+00  1.0000E+00  0.0000E+00  0.0000E+00  0.0000E+00  0.0000E+00  0.0000E+00  0.0000E+00  0.0000E+00
  2.4000E+01  2.4000E+01  0.0000E+00  0.0000E+00  0.0000E+00  0.0000E+00  1.0200E+00  0.0000E+00  0.0000E+00  1.1569E+00 -9.2778E-01 -1.0421E+00  1.0200E+00  1.1766E+00 -1.5663E-01 -9.7611E-01
  2.4000E+01  7.2000E+01  0.0000E+00  0.0000E+00  0.0000E+00  0.0000E+00  1.5650E+00  0.0000E+00  0.0000E+00  1.3432E+00  1.2981E+00  1.1774E+00  1.5650E+00  1.3841E+00  1.8093E-01  1.0296E+00
  2.4000E+01  1.2000E+02  0.0000E+00  0.0000E+00  0.0000E+00  0.0000E+00  1.2470E+00  0.0000E+00  0.0000E+00  1.3469E+00 -5.8272E-01 -7.0359E-01  1.2470E+00  1.3889E+00 -1.4192E-01 -6.3178E-01
  2.4000E+01  1.5650E+02  0.0000E+00  0.0000E+00  0.0000E+00  0.0000E+00  2.0610E+00  0.0000E+00  0.0000E+00  2.1799E+00 -4.3064E-01 -4.8661E-01  2.0610E+00  2.1522E+00 -9.1226E-02 -4.7269E-01
  2.4000E+01  1.5700E+02  0.0000E+00  0.0000E+00  0.0000E+00  0.0000E+00  2.8210E+00  0.0000E+00  0.0000E+00  2.5929E+00  6.9484E-01  6.4810E-01  2.8210E+00  2.5466E+00  2.7438E-01  6.4081E-01
  2.4000E+01  1.5800E+02  0.0000E+00  0.0000E+00  0.0000E+00  0.0000E+00  2.9620E+00  0.0000E+00  0.0000E+00  2.8196E+00  3.9919E-01  3.2823E-01  2.9620E+00  2.7857E+00  1.7633E-01  3.2814E-01
  2.4000E+01  1.6000E+02  0.0000E+00  0.0000E+00  0.0000E+00  0.0000E+00  2.6340E+00  0.0000E+00  0.0000E+00  2.5644E+00  2.1426E-01  1.0163E-01  2.6340E+00  2.5682E+00  6.5777E-02  1.0338E-01
  2.4000E+01  1.6400E+02  0.0000E+00  0.0000E+00  0.0000E+00  0.0000E+00  1.8510E+00  0.0000E+00  0.0000E+00  1.8666E+00 -6.5806E-02 -1.9541E-01  1.8510E+00  1.8991E+00 -4.8103E-02 -1.8374E-01
  2.4000E+01  1.6800E+02  0.0000E+00  0.0000E+00  0.0000E+00  0.0000E+00  1.3650E+00  0.0000E+00  0.0000E+00  1.3469E+00  1.0541E-01 -1.5472E-02  1.3650E+00  1.3890E+00 -2.4030E-02 -2.5277E-02
  2.5000E+01  0.0000E+00  1.0000E+02  1.3000E+01  1.2000E+01  0.0000E+00  0.0000E+00  1.0000E+00  1.0000E+00  0.0000E+00  0.0000E+00  0.0000E+00  0.0000E+00  0.0000E+00  0.0000E+00  0.0000E+00
  2.5000E+01  2.4000E+01  0.0000E+00  0.0000E+00  0.0000E+00  0.0000E+00  1.5500E+00  0.0000E+00  0.0000E+00  1.5824E+00 -1.6100E-01 -9.3621E-02  1.5500E+00  1.1766E+00  3.7337E-01 -1.2368E-01
  2.5000E+01  7.2000E+01  0.0000E+00  0.0000E+00  0.0000E+00  0.0000E+00  1.9700E+00  0.0000E+00  0.0000E+00  1.8835E+00  3.6228E-01  3.8007E-01  1.9700E+00  1.3841E+00  5.8593E-01  4.4282E-01
  2.5000E+01  1.2000E+02  0.0000E+00  0.0000E+00  0.0000E+00  0.0000E+00  1.6500E+00  0.0000E+00  0.0000E+00  1.8915E+00 -1.0070E+00 -9.9376E-01  1.6500E+00  1.3889E+00  2.6108E-01 -1.2526E+00
  2.5000E+01  1.5650E+02  0.0000E+00  0.0000E+00  0.0000E+00  0.0000E+00  3.1290E+00  0.0000E+00  0.0000E+00  3.1442E+00 -3.8127E-02  4.7095E-01  3.1290E+00  2.1522E+00  9.7677E-01  4.7436E-01
  2.5000E+01  1.5700E+02  0.0000E+00  0.0000E+00  0.0000E+00  0.0000E+00  4.2580E+00  0.0000E+00  0.0000E+00  3.6735E+00  1.2579E+00  1.8322E+00  4.2580E+00  2.5466E+00  1.7114E+00  2.3570E+00
  2.5000E+01  1.5800E+02  0.0000E+00  0.0000E+00  0.0000E+00  0.0000E+00  4.2830E+00  0.0000E+00  0.0000E+00  3.8642E+00  8.5693E-01  1.3280E+00  4.2830E+00  2.7857E+00  1.4973E+00  1.6615E+00
  2.5000E+01  1.6000E+02  0.0000E+00  0.0000E+00  0.0000E+00  0.0000E+00  3.4010E+00  0.0000E+00  0.0000E+00  3.4502E+00 -1.1278E-01  1.8125E-01  3.4010E+00  2.5682E+00  8.3278E-01  1.9630E-01
  2.5000E+01  1.6400E+02  0.0000E+00  0.0000E+00  0.0000E+00  0.0000E+00  2.1610E+00  0.0000E+00  0.0000E+00  2.5581E+00 -1.2261E+00 -1.1060E+00  2.1610E+00  1.8991E+00  2.6190E-01 -1.4127E+00
  2.5000E+01  1.6800E+02  0.0000E+00  0.0000E+00  0.0000E+00  0.0000E+00  2.1900E+00  0.0000E+00  0.0000E+00  1.8917E+00  1.2433E+00  1.2563E+00  2.1900E+00  1.3890E+00  8.0097E-01  1.5230E+00
  2.6000E+01  0.0000E+00  1.0000E+02  1.3000E+01  1.2000E+01  0.0000E+00  0.0000E+00  1.0000E+00  1.0000E+00  0.0000E+00  0.0000E+00  0.0000E+00  0.0000E+00  0.0000E+00  0.0000E+00  0.0000E+00
  2.6000E+01  2.4000E+01  0.0000E+00  0.0000E+00  0.0000E+00  0.0000E+00  1.6330E+00  0.0000E+00  0.0000E+00  1.3619E+00  1.5645E+00  1.7851E+00  1.6330E+00  1.1766E+00  4.5637E-01  1.8627E+00
  2.6000E+01  7.2000E+01  0.0000E+00  0.0000E+00  0.0000E+00  0.0000E+00  1.7730E+00  0.0000E+00  0.0000E+00  1.6616E+00  5.2808E-01  7.4291E-01  1.7730E+00  1.3841E+00  3.8893E-01  6.6071E-01
  2.6000E+01  1.2000E+02  0.0000E+00  0.0000E+00  0.0000E+00  0.0000E+00  1.7390E+00  0.0000E+00  0.0000E+00  1.6719E+00  3.1602E-01  5.2862E-01  1.7390E+00  1.3889E+00  3.5008E-01  4.2908E-01
  2.6000E+01  1.5650E+02  0.0000E+00  0.0000E+00  0.0000E+00  0.0000E+00  2.0250E+00  0.0000E+00  0.0000E+00  2.2131E+00 -6.7074E-01 -7.5141E-01  2.0250E+00  2.1522E+00 -1.2723E-01 -7.2869E-01
  2.6000E+01  1.5700E+02  0.0000E+00  0.0000E+00  0.0000E+00  0.0000E+00  2.3380E+00  0.0000E+00  0.0000E+00  2.5525E+00 -6.6388E-01 -8.1503E-01  2.3380E+00  2.5466E+00 -2.0862E-01 -7.4781E-01
  2.6000E+01  1.5800E+02  0.0000E+00  0.0000E+00  0.0000E+00  0.0000E+00  2.9230E+00  0.0000E+00  0.0000E+00  2.8592E+00  1.7626E-01  9.9224E-02  2.9230E+00  2.7857E+00  1.3733E-01  1.7099E-01
  2.6000E+01  1.6000E+02  0.0000E+00  0.0000E+00  0.0000E+00  0.0000E+00  2.6690E+00  0.0000E+00  0.0000E+00  2.8125E+00 -4.0301E-01 -2.4814E-01  2.6690E+00  2.5682E+00  1.0078E-01 -2.0667E-01
  2.6000E+01  1.6400E+02  0.0000E+00  0.0000E+00  0.0000E+00  0.0000E+00  2.4240E+00  0.0000E+00  0.0000E+00  2.2082E+00  7.7133E-01  1.0450E+00  2.4240E+00  1.8991E+00  5.2490E-01  1.0897E+00
  2.6000E+01  1.6800E+02  0.0000E+00  0.0000E+00  0.0000E+00  0.0000E+00  1.4500E+00  0.0000E+00  0.0000E+00  1.6723E+00 -1.0472E+00 -8.3479E-01  1.4500E+00  1.3890E+00  6.0970E-02 -1.0587E+00
  2.7000E+01  0.0000E+00  1.0000E+02  1.3000E+01  1.2000E+01  0.0000E+00  0.0000E+00  1.0000E+00  1.0000E+00  0.0000E+00  0.0000E+00  0.0000E+00  0.0000E+00  0.0000E+00  0.0000E+00  0.0000E+00
  2.7000E+01  2.4000E+01  0.0000E+00  0.0000E+00  0.0000E+00  0.0000E+00  9.3000E-01  0.0000E+00  0.0000E+00  7.9939E-01  1.2682E+00  1.0067E+00  9.3000E-01  1.1766E+00 -2.4663E-01  4.0066E-01
  2.7000E+01  7.2000E+01  0.0000E+00  0.0000E+00  0.0000E+00  0.0000E+00  8.1900E-01  0.0000E+00  0.0000E+00  8.6666E-01 -4.2802E-01 -7.4403E-01  8.1900E-01  1.3841E+00 -5.6507E-01 -5.0295E-01
  2.7000E+01  1.2000E+02  0.0000E+00  0.0000E+00  0.0000E+00  0.0000E+00  8.8000E-01  0.0000E+00  0.0000E+00  8.6706E-01  1.1613E-01 -2.0063E-01  8.8000E-01  1.3889E+00 -5.0892E-01 -1.6972E-01
  2.7000E+01  1.5650E+02  0.0000E+00  0.0000E+00  0.0000E+00  0.0000E+00  1.7970E+00  0.0000E+00  0.0000E+00  1.7069E+00  4.1603E-01  2.1456E-01  1.7970E+00  2.1522E+00 -3.5523E-01  1.8901E-01
  2.7000E+01  1.5700E+02  0.0000E+00  0.0000E+00  0.0000E+00  0.0000E+00  2.2260E+00  0.0000E+00  0.0000E+00  2.1075E+00  4.4366E-01  2.4941E-01  2.2260E+00  2.5466E+00 -3.2062E-01  2.1615E-01
  2.7000E+01  1.5800E+02  0.0000E+00  0.0000E+00  0.0000E+00  0.0000E+00  2.0260E+00  0.0000E+00  0.0000E+00  2.3007E+00 -9.4256E-01 -1.1948E+00  2.0260E+00  2.7857E+00 -7.5967E-01 -9.7586E-01
  2.7000E+01  1.6000E+02  0.0000E+00  0.0000E+00  0.0000E+00  0.0000E+00  2.1500E+00  0.0000E+00  0.0000E+00  2.0094E+00  5.5189E-01  2.1897E-01  2.1500E+00  2.5682E+00 -4.1822E-01  9.9394E-02
  2.7000E+01  1.6400E+02  0.0000E+00  0.0000E+00  0.0000E+00  0.0000E+00  1.0950E+00  0.0000E+00  0.0000E+00  1.3262E+00 -1.3697E+00 -1.7192E+00  1.0950E+00  1.8991E+00 -8.0410E-01 -1.2347E+00
  2.7000E+01  1.6800E+02  0.0000E+00  0.0000E+00  0.0000E+00  0.0000E+00  8.7300E-01  0.0000E+00  0.0000E+00  8.6707E-01  5.3261E-02 -2.6350E-01  8.7300E-01  1.3890E+00 -5.1603E-01 -2.0476E-01
  2.8000E+01  0.0000E+00  1.0000E+02  1.3000E+01  1.2000E+01  0.0000E+00  0.0000E+00  1.0000E+00  1.0000E+00  0.0000E+00  0.0000E+00  0.0000E+00  0.0000E+00  0.0000E+00  0.0000E+00  0.0000E+00
  2.8000E+01  2.4000E+01  0.0000E+00  0.0000E+00  0.0000E+00  0.0000E+00  1.6350E+00  0.0000E+00  0.0000E+00  1.5093E+00  6.5572E-01  9.2604E-01  1.6350E+00  1.1766E+00  4.5837E-01  9.8879E-01
  2.8000E+01  7.2000E+01  0.0000E+00  0.0000E+00  0.0000E+00  0.0000E+00  1.8640E+00  0.0000E+00  0.0000E+00  1.8154E+00  2.1103E-01  3.5629E-01  1.8640E+00  1.3841E+00  4.7993E-01  2.6777E-01
  2.8000E+01  1.2000E+02  0.0000E+00  0.0000E+00  0.0000E+00  0.0000E+00  1.6990E+00  0.0000E+00  0.0000E+00  1.8246E+00 -5.4254E-01 -4.0899E-01  1.6990E+00  1.3889E+00  3.1008E-01 -6.3937E-01
  2.8000E+01  1.5650E+02  0.0000E+00  0.0000E+00  0.0000E+00  0.0000E+00  1.9660E+00  0.0000E+00  0.0000E+00  2.4528E+00 -1.5674E+00 -1.5371E+00  1.9660E+00  2.1522E+00 -1.8623E-01 -1.6105E+00
  2.8000E+01  1.5700E+02  0.0000E+00  0.0000E+00  0.0000E+00  0.0000E+00  2.9720E+00  0.0000E+00  0.0000E+00  2.8458E+00  3.5034E-01  3.9051E-01  2.9720E+00  2.5466E+00  4.2538E-01  5.0454E-01
  2.8000E+01  1.5800E+02  0.0000E+00  0.0000E+00  0.0000E+00  0.0000E+00  2.6690E+00  0.0000E+00  0.0000E+00  3.1984E+00 -1.3083E+00 -1.1457E+00  2.6690E+00  2.7857E+00 -1.1667E-01 -1.2203E+00
  2.8000E+01  1.6000E+02  0.0000E+00  0.0000E+00  0.0000E+00  0.0000E+00  3.7000E+00  0.0000E+00  0.0000E+00  3.1388E+00  1.4132E+00  1.7696E+00  3.7000E+00  2.5682E+00  1.1318E+00  2.0757E+00
  2.8000E+01  1.6400E+02  0.0000E+00  0.0000E+00  0.0000E+00  0.0000E+00  2.8950E+00  0.0000E+00  0.0000E+00  2.4380E+00  1.4802E+00  1.8027E+00  2.8950E+00  1.8991E+00  9.9590E-01  2.0731E+00
  2.8000E+01  1.6800E+02  0.0000E+00  0.0000E+00  0.0000E+00  0.0000E+00  1.7740E+00  0.0000E+00  0.0000E+00  1.8248E+00 -2.1962E-01 -8.6663E-02  1.7740E+00  1.3890E+00  3.8497E-01 -2.5532E-01
  2.9000E+01  0.0000E+00  1.0000E+02  1.3000E+01  1.2000E+01  0.0000E+00  0.0000E+00  1.0000E+00  1.0000E+00  0.0000E+00  0.0000E+00  0.0000E+00  0.0000E+00  0.0000E+00  0.0000E+00  0.0000E+00
  2.9000E+01  2.4000E+01  0.0000E+00  0.0000E+00  0.0000E+00  0.0000E+00  1.5920E+00  0.0000E+00  0.0000E+00  1.5729E+00  9.5598E-02  2.1156E-01  1.5920E+00  1.1766E+00  4.1537E-01  1.8096E-01
  2.9000E+01  7.2000E+01  0.0000E+00  0.0000E+00  0.0000E+00  0.0000E+00  1.4420E+00  0.0000E+00  0.0000E+00  1.9477E+00 -2.0478E+00 -1.9082E+00  1.4420E+00  1.3841E+00  5.7934E-02 -2.4341E+00
  2.9000E+01  1.2000E+02  0.0000E+00  0.0000E+00  0.0000E+00  0.0000E+00  2.2060E+00  0.0000E+00  0.0000E+00  1.9625E+00  9.7887E-01  1.1186E+00  2.2060E+00  1.3889E+00  8.1708E-01  1.4516E+00
  2.9000E+01  1.5650E+02  0.0000E+00  0.0000E+00  0.0000E+00  0.0000E+00  3.1840E+00  0.0000E+00  0.0000E+00  2.9604E+00  5.9701E-01  9.4430E-01  3.1840E+00  2.1522E+00  1.0318E+00  1.1592E+00
  2.9000E+01  1.5700E+02  0.0000E+00  0.0000E+00  0.0000E+00  0.0000E+00  3.4890E+00  0.0000E+00  0.0000E+00  3.4271E+00  1.4290E-01  5.3710E-01  3.4890E+00  2.5466E+00  9.4238E-01  6.0013E-01
  2.9000E+01  1.5800E+02  0.0000E+00  0.0000E+00  0.0000E+00  0.0000E+00  4.0080E+00  0.0000E+00  0.0000E+00  3.6537E+00  7.6661E-01  1.1293E+00  4.0080E+00  2.7857E+00  1.2223E+00  1.3599E+00
  2.9000E+01  1.6000E+02  0.0000E+00  0.0000E+00  0.0000E+00  0.0000E+00  3.0380E+00  0.0000E+00  0.0000E+00  3.3482E+00 -7.3238E-01 -4.5303E-01  3.0380E+00  2.5682E+00  4.6978E-01 -6.1645E-01
  2.9000E+01  1.6400E+02  0.0000E+00  0.0000E+00  0.0000E+00  0.0000E+00  2.8940E+00  0.0000E+00  0.0000E+00  2.5696E+00  9.9726E-01  1.1905E+00  2.8940E+00  1.8991E+00  9.9490E-01  1.5005E+00
  2.9000E+01  1.6800E+02  0.0000E+00  0.0000E+00  0.0000E+00  0.0000E+00  1.9620E+00  0.0000E+00  0.0000E+00  1.9631E+00 -4.2264E-03  1.3554E-01  1.9620E+00  1.3890E+00  5.7297E-01  1.9490E-01
  3.0000E+01  0.0000E+00  1.0000E+02  1.3000E+01  1.2000E+01  0.0000E+00  0.0000E+00  1.0000E+00  1.0000E+00  0.0000E+00  0.0000E+00  0.0000E+00  0.0000E+00  0.0000E+00  0.0000E+00  0.0000E+00
  3.0000E+01  2.4000E+01  0.0000E+00  0.0000E+00  0.0000E+00  0.0000E+00  1.2460E+00  0.0000E+00  0.0000E+00  1.1379E+00  7.4482E-01  7.1677E-01  1.2460E+00  1.1766E+00  6.9369E-02  6.5619E-01
  3.0000E+01  7.2000E+01  0.0000E+00  0.0000E+00  0.0000E+00  0.0000E+00  1.4660E+00  0.0000E+00  0.0000E+00  1.3523E+00  6.6082E-01  6.7585E-01  1.4660E+00  1.3841E+00  8.1934E-02  6.0306E-01
  3.0000E+01  1.2000E+02  0.0000E+00  0.0000E+00  0.0000E+00  0.0000E+00  1.3660E+00  0.0000E+00  0.0000E+00  1.3579E+00  4.6640E-02  6.4690E-02  1.3660E+00  1.3889E+00 -2.2917E-02  5.8953E-02
  3.0000E+01  1.5650E+02  0.0000E+00  0.0000E+00  0.0000E+00  0.0000E+00  1.8940E+00  0.0000E+00  0.0000E+00  2.0299E+00 -5.2819E-01 -6.5760E-01  1.8940E+00  2.1522E+00 -2.5823E-01 -6.0218E-01
  3.0000E+01  1.5700E+02  0.0000E+00  0.0000E+00  0.0000E+00  0.0000E+00  2.6060E+00  0.0000E+00  0.0000E+00  2.3909E+00  7.1054E-01  5.4375E-01  2.6060E+00  2.5466E+00  5.9375E-02  4.8572E-01
  3.0000E+01  1.5800E+02  0.0000E+00  0.0000E+00  0.0000E+00  0.0000E+00  2.4630E+00  0.0000E+00  0.0000E+00  2.6296E+00 -5.0054E-01 -6.5484E-01  2.4630E+00  2.7857E+00 -3.2267E-01 -6.0673E-01
  3.0000E+01  1.6000E+02  0.0000E+00  0.0000E+00  0.0000E+00  0.0000E+00  2.5950E+00  0.0000E+00  0.0000E+00  2.4547E+00  4.5138E-01  3.6145E-01  2.5950E+00  2.5682E+00  2.6777E-02  3.3192E-01
  3.0000E+01  1.6400E+02  0.0000E+00  0.0000E+00  0.0000E+00  0.0000E+00  1.5410E+00  0.0000E+00  0.0000E+00  1.8385E+00 -1.2758E+00 -1.2934E+00  1.5410E+00  1.8991E+00 -3.5810E-01 -1.1818E+00
  3.0000E+01  1.6800E+02  0.0000E+00  0.0000E+00  0.0000E+00  0.0000E+00  1.3860E+00  0.0000E+00  0.0000E+00  1.3581E+00  1.6153E-01  1.7971E-01  1.3860E+00  1.3890E+00 -3.0301E-03  1.6114E-01
