TABLE NO.  2
 ID          LAM0        ETA1
  1.0000E+00  6.9827E+00  2.1980E-01
  1.0000E+00  6.9827E+00  2.1980E-01
  1.0000E+00  6.9827E+00  2.1980E-01
  1.0000E+00  6.9827E+00  2.1980E-01
  1.0000E+00  6.9827E+00  2.1980E-01
  1.0000E+00  6.9827E+00  2.1980E-01
  2.0000E+00  1.2059E+01  7.6617E-01
  2.0000E+00  1.2059E+01  7.6617E-01
  2.0000E+00  1.2059E+01  7.6617E-01
  2.0000E+00  1.2059E+01  7.6617E-01
  2.0000E+00  1.2059E+01  7.6617E-01
  2.0000E+00  1.2059E+01  7.6617E-01
  3.0000E+00  2.4199E+01  1.4627E+00
  3.0000E+00  2.4199E+01  1.4627E+00
  3.0000E+00  2.4199E+01  1.4627E+00
  3.0000E+00  2.4199E+01  1.4627E+00
  3.0000E+00  2.4199E+01  1.4627E+00
  3.0000E+00  2.4199E+01  1.4627E+00
  4.0000E+00  6.6893E+00  1.7688E-01
  4.0000E+00  6.6893E+00  1.7688E-01
  4.0000E+00  6.6893E+00  1.7688E-01
  4.0000E+00  6.6893E+00  1.7688E-01
  4.0000E+00  6.6893E+00  1.7688E-01
  4.0000E+00  6.6893E+00  1.7688E-01
  5.0000E+00  1.0067E+01  5.8562E-01
  5.0000E+00  1.0067E+01  5.8562E-01
  5.0000E+00  1.0067E+01  5.8562E-01
  5.0000E+00  1.0067E+01  5.8562E-01
  5.0000E+00  1.0067E+01  5.8562E-01
  5.0000E+00  1.0067E+01  5.8562E-01
  6.0000E+00  2.4131E+00 -8.4273E-01
  6.0000E+00  2.4131E+00 -8.4273E-01
  6.0000E+00  2.4131E+00 -8.4273E-01
  6.0000E+00  2.4131E+00 -8.4273E-01
  6.0000E+00  2.4131E+00 -8.4273E-01
  6.0000E+00  2.4131E+00 -8.4273E-01
  7.0000E+00  2.3598E+01  1.4375E+00
  7.0000E+00  2.3598E+01  1.4375E+00
  7.0000E+00  2.3598E+01  1.4375E+00
  7.0000E+00  2.3598E+01  1.4375E+00
  7.0000E+00  2.3598E+01  1.4375E+00
  7.0000E+00  2.3598E+01  1.4375E+00
  8.0000E+00  8.3871E+00  4.0307E-01
  8.0000E+00  8.3871E+00  4.0307E-01
  8.0000E+00  8.3871E+00  4.0307E-01
  8.0000E+00  8.3871E+00  4.0307E-01
  8.0000E+00  8.3871E+00  4.0307E-01
  8.0000E+00  8.3871E+00  4.0307E-01
  9.0000E+00  3.5295E+00 -4.6247E-01
  9.0000E+00  3.5295E+00 -4.6247E-01
  9.0000E+00  3.5295E+00 -4.6247E-01
  9.0000E+00  3.5295E+00 -4.6247E-01
  9.0000E+00  3.5295E+00 -4.6247E-01
  9.0000E+00  3.5295E+00 -4.6247E-01
  1.0000E+01  6.5425E+00  1.5469E-01
  1.0000E+01  6.5425E+00  1.5469E-01
  1.0000E+01  6.5425E+00  1.5469E-01
  1.0000E+01  6.5425E+00  1.5469E-01
  1.0000E+01  6.5425E+00  1.5469E-01
  1.0000E+01  6.5425E+00  1.5469E-01
  1.1000E+01  2.3740E+00 -8.5905E-01
  1.1000E+01  2.3740E+00 -8.5905E-01
  1.1000E+01  2.3740E+00 -8.5905E-01
  1.1000E+01  2.3740E+00 -8.5905E-01
  1.1000E+01  2.3740E+00 -8.5905E-01
  1.1000E+01  2.3740E+00 -8.5905E-01
  1.2000E+01  6.2437E+00  1.0795E-01
  1.2000E+01  6.2437E+00  1.0795E-01
  1.2000E+01  6.2437E+00  1.0795E-01
  1.2000E+01  6.2437E+00  1.0795E-01
  1.2000E+01  6.2437E+00  1.0795E-01
  1.2000E+01  6.2437E+00  1.0795E-01
  1.3000E+01  4.1812E+00 -2.9304E-01
  1.3000E+01  4.1812E+00 -2.9304E-01
  1.3000E+01  4.1812E+00 -2.9304E-01
  1.3000E+01  4.1812E+00 -2.9304E-01
  1.3000E+01  4.1812E+00 -2.9304E-01
  1.3000E+01  4.1812E+00 -2.9304E-01
  1.4000E+01  2.3997E+00 -8.4829E-01
  1.4000E+01  2.3997E+00 -8.4829E-01
  1.4000E+01  2.3997E+00 -8.4829E-01
  1.4000E+01  2.3997E+00 -8.4829E-01
  1.4000E+01  2.3997E+00 -8.4829E-01
  1.4000E+01  2.3997E+00 -8.4829E-01
  1.5000E+01  4.5273E+00 -2.1351E-01
  1.5000E+01  4.5273E+00 -2.1351E-01
  1.5000E+01  4.5273E+00 -2.1351E-01
  1.5000E+01  4.5273E+00 -2.1351E-01
  1.5000E+01  4.5273E+00 -2.1351E-01
  1.5000E+01  4.5273E+00 -2.1351E-01
  1.6000E+01  1.4625E+01  9.5908E-01
  1.6000E+01  1.4625E+01  9.5908E-01
  1.6000E+01  1.4625E+01  9.5908E-01
  1.6000E+01  1.4625E+01  9.5908E-01
  1.6000E+01  1.4625E+01  9.5908E-01
  1.6000E+01  1.4625E+01  9.5908E-01
  1.7000E+01  5.3296E+00 -5.0361E-02
  1.7000E+01  5.3296E+00 -5.0361E-02
  1.7000E+01  5.3296E+00 -5.0361E-02
  1.7000E+01  5.3296E+00 -5.0361E-02
  1.7000E+01  5.3296E+00 -5.0361E-02
  1.7000E+01  5.3296E+00 -5.0361E-02
  1.8000E+01  3.2398E+01  1.7545E+00
  1.8000E+01  3.2398E+01  1.7545E+00
  1.8000E+01  3.2398E+01  1.7545E+00
  1.8000E+01  3.2398E+01  1.7545E+00
  1.8000E+01  3.2398E+01  1.7545E+00
  1.8000E+01  3.2398E+01  1.7545E+00
  1.9000E+01  2.4056E+00 -8.4582E-01
  1.9000E+01  2.4056E+00 -8.4582E-01
  1.9000E+01  2.4056E+00 -8.4582E-01
  1.9000E+01  2.4056E+00 -8.4582E-01
  1.9000E+01  2.4056E+00 -8.4582E-01
  1.9000E+01  2.4056E+00 -8.4582E-01
  2.0000E+01  2.3542E+00 -8.6742E-01
  2.0000E+01  2.3542E+00 -8.6742E-01
  2.0000E+01  2.3542E+00 -8.6742E-01
  2.0000E+01  2.3542E+00 -8.6742E-01
  2.0000E+01  2.3542E+00 -8.6742E-01
  2.0000E+01  2.3542E+00 -8.6742E-01
  2.1000E+01  4.0572E+00 -3.2314E-01
  2.1000E+01  4.0572E+00 -3.2314E-01
  2.1000E+01  4.0572E+00 -3.2314E-01
  2.1000E+01  4.0572E+00 -3.2314E-01
  2.1000E+01  4.0572E+00 -3.2314E-01
  2.1000E+01  4.0572E+00 -3.2314E-01
  2.2000E+01  2.4056E+00 -8.4582E-01
  2.2000E+01  2.4056E+00 -8.4582E-01
  2.2000E+01  2.4056E+00 -8.4582E-01
  2.2000E+01  2.4056E+00 -8.4582E-01
  2.2000E+01  2.4056E+00 -8.4582E-01
  2.2000E+01  2.4056E+00 -8.4582E-01
  2.3000E+01  2.5617E+00 -7.8294E-01
  2.3000E+01  2.5617E+00 -7.8294E-01
  2.3000E+01  2.5617E+00 -7.8294E-01
  2.3000E+01  2.5617E+00 -7.8294E-01
  2.3000E+01  2.5617E+00 -7.8294E-01
  2.3000E+01  2.5617E+00 -7.8294E-01
  2.4000E+01  6.4831E+00  1.4557E-01
  2.4000E+01  6.4831E+00  1.4557E-01
  2.4000E+01  6.4831E+00  1.4557E-01
  2.4000E+01  6.4831E+00  1.4557E-01
  2.4000E+01  6.4831E+00  1.4557E-01
  2.4000E+01  6.4831E+00  1.4557E-01
  2.5000E+01  1.9664E+00 -1.0474E+00
  2.5000E+01  1.9664E+00 -1.0474E+00
  2.5000E+01  1.9664E+00 -1.0474E+00
  2.5000E+01  1.9664E+00 -1.0474E+00
  2.5000E+01  1.9664E+00 -1.0474E+00
  2.5000E+01  1.9664E+00 -1.0474E+00
  2.6000E+01  1.8952E+00 -1.0843E+00
  2.6000E+01  1.8952E+00 -1.0843E+00
  2.6000E+01  1.8952E+00 -1.0843E+00
  2.6000E+01  1.8952E+00 -1.0843E+00
  2.6000E+01  1.8952E+00 -1.0843E+00
  2.6000E+01  1.8952E+00 -1.0843E+00
  2.7000E+01  5.9174E+00  5.4266E-02
  2.7000E+01  5.9174E+00  5.4266E-02
  2.7000E+01  5.9174E+00  5.4266E-02
  2.7000E+01  5.9174E+00  5.4266E-02
  2.7000E+01  5.9174E+00  5.4266E-02
  2.7000E+01  5.9174E+00  5.4266E-02
  2.8000E+01  2.9959E+00 -6.2637E-01
  2.8000E+01  2.9959E+00 -6.2637E-01
  2.8000E+01  2.9959E+00 -6.2637E-01
  2.8000E+01  2.9959E+00 -6.2637E-01
  2.8000E+01  2.9959E+00 -6.2637E-01
  2.8000E+01  2.9959E+00 -6.2637E-01
  2.9000E+01  5.6789E+00  1.3121E-02
  2.9000E+01  5.6789E+00  1.3121E-02
  2.9000E+01  5.6789E+00  1.3121E-02
  2.9000E+01  5.6789E+00  1.3121E-02
  2.9000E+01  5.6789E+00  1.3121E-02
  2.9000E+01  5.6789E+00  1.3121E-02
  3.0000E+01  1.1236E+01  6.9549E-01
  3.0000E+01  1.1236E+01  6.9549E-01
  3.0000E+01  1.1236E+01  6.9549E-01
  3.0000E+01  1.1236E+01  6.9549E-01
  3.0000E+01  1.1236E+01  6.9549E-01
  3.0000E+01  1.1236E+01  6.9549E-01
  3.1000E+01  3.8848E+00 -3.6655E-01
  3.1000E+01  3.8848E+00 -3.6655E-01
  3.1000E+01  3.8848E+00 -3.6655E-01
  3.1000E+01  3.8848E+00 -3.6655E-01
  3.1000E+01  3.8848E+00 -3.6655E-01
  3.1000E+01  3.8848E+00 -3.6655E-01
  3.2000E+01  6.1198E+00  8.7902E-02
  3.2000E+01  6.1198E+00  8.7902E-02
  3.2000E+01  6.1198E+00  8.7902E-02
  3.2000E+01  6.1198E+00  8.7902E-02
  3.2000E+01  6.1198E+00  8.7902E-02
  3.2000E+01  6.1198E+00  8.7902E-02
  3.3000E+01  1.1030E+01  6.7702E-01
  3.3000E+01  1.1030E+01  6.7702E-01
  3.3000E+01  1.1030E+01  6.7702E-01
  3.3000E+01  1.1030E+01  6.7702E-01
  3.3000E+01  1.1030E+01  6.7702E-01
  3.3000E+01  1.1030E+01  6.7702E-01
  3.4000E+01  4.4774E+00 -2.2459E-01
  3.4000E+01  4.4774E+00 -2.2459E-01
  3.4000E+01  4.4774E+00 -2.2459E-01
  3.4000E+01  4.4774E+00 -2.2459E-01
  3.4000E+01  4.4774E+00 -2.2459E-01
  3.4000E+01  4.4774E+00 -2.2459E-01
  3.5000E+01  4.5624E+00 -2.0577E-01
  3.5000E+01  4.5624E+00 -2.0577E-01
  3.5000E+01  4.5624E+00 -2.0577E-01
  3.5000E+01  4.5624E+00 -2.0577E-01
  3.5000E+01  4.5624E+00 -2.0577E-01
  3.5000E+01  4.5624E+00 -2.0577E-01
  3.6000E+01  2.4233E+00 -8.3852E-01
  3.6000E+01  2.4233E+00 -8.3852E-01
  3.6000E+01  2.4233E+00 -8.3852E-01
  3.6000E+01  2.4233E+00 -8.3852E-01
  3.6000E+01  2.4233E+00 -8.3852E-01
  3.6000E+01  2.4233E+00 -8.3852E-01
  3.7000E+01  1.6607E+01  1.0862E+00
  3.7000E+01  1.6607E+01  1.0862E+00
  3.7000E+01  1.6607E+01  1.0862E+00
  3.7000E+01  1.6607E+01  1.0862E+00
  3.7000E+01  1.6607E+01  1.0862E+00
  3.7000E+01  1.6607E+01  1.0862E+00
  3.8000E+01  4.8003E+00 -1.5496E-01
  3.8000E+01  4.8003E+00 -1.5496E-01
  3.8000E+01  4.8003E+00 -1.5496E-01
  3.8000E+01  4.8003E+00 -1.5496E-01
  3.8000E+01  4.8003E+00 -1.5496E-01
  3.8000E+01  4.8003E+00 -1.5496E-01
  3.9000E+01  4.9463E+00 -1.2499E-01
  3.9000E+01  4.9463E+00 -1.2499E-01
  3.9000E+01  4.9463E+00 -1.2499E-01
  3.9000E+01  4.9463E+00 -1.2499E-01
  3.9000E+01  4.9463E+00 -1.2499E-01
  3.9000E+01  4.9463E+00 -1.2499E-01
  4.0000E+01  3.1439E+00 -5.7815E-01
  4.0000E+01  3.1439E+00 -5.7815E-01
  4.0000E+01  3.1439E+00 -5.7815E-01
  4.0000E+01  3.1439E+00 -5.7815E-01
  4.0000E+01  3.1439E+00 -5.7815E-01
  4.0000E+01  3.1439E+00 -5.7815E-01
  4.1000E+01  5.3266E+00 -5.0922E-02
  4.1000E+01  5.3266E+00 -5.0922E-02
  4.1000E+01  5.3266E+00 -5.0922E-02
  4.1000E+01  5.3266E+00 -5.0922E-02
  4.1000E+01  5.3266E+00 -5.0922E-02
  4.1000E+01  5.3266E+00 -5.0922E-02
  4.2000E+01  2.1167E+01  1.3288E+00
  4.2000E+01  2.1167E+01  1.3288E+00
  4.2000E+01  2.1167E+01  1.3288E+00
  4.2000E+01  2.1167E+01  1.3288E+00
  4.2000E+01  2.1167E+01  1.3288E+00
  4.2000E+01  2.1167E+01  1.3288E+00
  4.3000E+01  1.2914E+01  8.3472E-01
  4.3000E+01  1.2914E+01  8.3472E-01
  4.3000E+01  1.2914E+01  8.3472E-01
  4.3000E+01  1.2914E+01  8.3472E-01
  4.3000E+01  1.2914E+01  8.3472E-01
  4.3000E+01  1.2914E+01  8.3472E-01
  4.4000E+01  1.9585E+00 -1.0514E+00
  4.4000E+01  1.9585E+00 -1.0514E+00
  4.4000E+01  1.9585E+00 -1.0514E+00
  4.4000E+01  1.9585E+00 -1.0514E+00
  4.4000E+01  1.9585E+00 -1.0514E+00
  4.4000E+01  1.9585E+00 -1.0514E+00
  4.5000E+01  7.0300E+00  2.2655E-01
  4.5000E+01  7.0300E+00  2.2655E-01
  4.5000E+01  7.0300E+00  2.2655E-01
  4.5000E+01  7.0300E+00  2.2655E-01
  4.5000E+01  7.0300E+00  2.2655E-01
  4.5000E+01  7.0300E+00  2.2655E-01
  4.6000E+01  6.1014E+00  8.4897E-02
  4.6000E+01  6.1014E+00  8.4897E-02
  4.6000E+01  6.1014E+00  8.4897E-02
  4.6000E+01  6.1014E+00  8.4897E-02
  4.6000E+01  6.1014E+00  8.4897E-02
  4.6000E+01  6.1014E+00  8.4897E-02
  4.7000E+01  6.2239E+00  1.0476E-01
  4.7000E+01  6.2239E+00  1.0476E-01
  4.7000E+01  6.2239E+00  1.0476E-01
  4.7000E+01  6.2239E+00  1.0476E-01
  4.7000E+01  6.2239E+00  1.0476E-01
  4.7000E+01  6.2239E+00  1.0476E-01
  4.8000E+01  1.0448E+01  6.2281E-01
  4.8000E+01  1.0448E+01  6.2281E-01
  4.8000E+01  1.0448E+01  6.2281E-01
  4.8000E+01  1.0448E+01  6.2281E-01
  4.8000E+01  1.0448E+01  6.2281E-01
  4.8000E+01  1.0448E+01  6.2281E-01
  4.9000E+01  8.1522E+00  3.7465E-01
  4.9000E+01  8.1522E+00  3.7465E-01
  4.9000E+01  8.1522E+00  3.7465E-01
  4.9000E+01  8.1522E+00  3.7465E-01
  4.9000E+01  8.1522E+00  3.7465E-01
  4.9000E+01  8.1522E+00  3.7465E-01
  5.0000E+01  3.5014E+00 -4.7046E-01
  5.0000E+01  3.5014E+00 -4.7046E-01
  5.0000E+01  3.5014E+00 -4.7046E-01
  5.0000E+01  3.5014E+00 -4.7046E-01
  5.0000E+01  3.5014E+00 -4.7046E-01
  5.0000E+01  3.5014E+00 -4.7046E-01
  5.1000E+01  7.9607E+00  3.5089E-01
  5.1000E+01  7.9607E+00  3.5089E-01
  5.1000E+01  7.9607E+00  3.5089E-01
  5.1000E+01  7.9607E+00  3.5089E-01
  5.1000E+01  7.9607E+00  3.5089E-01
  5.1000E+01  7.9607E+00  3.5089E-01
  5.2000E+01  3.1439E+00 -5.7815E-01
  5.2000E+01  3.1439E+00 -5.7815E-01
  5.2000E+01  3.1439E+00 -5.7815E-01
  5.2000E+01  3.1439E+00 -5.7815E-01
  5.2000E+01  3.1439E+00 -5.7815E-01
  5.2000E+01  3.1439E+00 -5.7815E-01
  5.3000E+01  1.4566E+01  9.5508E-01
  5.3000E+01  1.4566E+01  9.5508E-01
  5.3000E+01  1.4566E+01  9.5508E-01
  5.3000E+01  1.4566E+01  9.5508E-01
  5.3000E+01  1.4566E+01  9.5508E-01
  5.3000E+01  1.4566E+01  9.5508E-01
  5.4000E+01  6.3795E+00  1.2947E-01
  5.4000E+01  6.3795E+00  1.2947E-01
  5.4000E+01  6.3795E+00  1.2947E-01
  5.4000E+01  6.3795E+00  1.2947E-01
  5.4000E+01  6.3795E+00  1.2947E-01
  5.4000E+01  6.3795E+00  1.2947E-01
  5.5000E+01  5.0691E+00 -1.0047E-01
  5.5000E+01  5.0691E+00 -1.0047E-01
  5.5000E+01  5.0691E+00 -1.0047E-01
  5.5000E+01  5.0691E+00 -1.0047E-01
  5.5000E+01  5.0691E+00 -1.0047E-01
  5.5000E+01  5.0691E+00 -1.0047E-01
  5.6000E+01  4.2959E+00 -2.6598E-01
  5.6000E+01  4.2959E+00 -2.6598E-01
  5.6000E+01  4.2959E+00 -2.6598E-01
  5.6000E+01  4.2959E+00 -2.6598E-01
  5.6000E+01  4.2959E+00 -2.6598E-01
  5.6000E+01  4.2959E+00 -2.6598E-01
  5.7000E+01  3.3561E+00 -5.1284E-01
  5.7000E+01  3.3561E+00 -5.1284E-01
  5.7000E+01  3.3561E+00 -5.1284E-01
  5.7000E+01  3.3561E+00 -5.1284E-01
  5.7000E+01  3.3561E+00 -5.1284E-01
  5.7000E+01  3.3561E+00 -5.1284E-01
  5.8000E+01  5.2168E+00 -7.1740E-02
  5.8000E+01  5.2168E+00 -7.1740E-02
  5.8000E+01  5.2168E+00 -7.1740E-02
  5.8000E+01  5.2168E+00 -7.1740E-02
  5.8000E+01  5.2168E+00 -7.1740E-02
  5.8000E+01  5.2168E+00 -7.1740E-02
  5.9000E+01  2.7015E+00 -7.2981E-01
  5.9000E+01  2.7015E+00 -7.2981E-01
  5.9000E+01  2.7015E+00 -7.2981E-01
  5.9000E+01  2.7015E+00 -7.2981E-01
  5.9000E+01  2.7015E+00 -7.2981E-01
  5.9000E+01  2.7015E+00 -7.2981E-01
  6.0000E+01  3.8681E+00 -3.7087E-01
  6.0000E+01  3.8681E+00 -3.7087E-01
  6.0000E+01  3.8681E+00 -3.7087E-01
  6.0000E+01  3.8681E+00 -3.7087E-01
  6.0000E+01  3.8681E+00 -3.7087E-01
  6.0000E+01  3.8681E+00 -3.7087E-01
  6.1000E+01  1.0040E+01  5.8290E-01
  6.1000E+01  1.0040E+01  5.8290E-01
  6.1000E+01  1.0040E+01  5.8290E-01
  6.1000E+01  1.0040E+01  5.8290E-01
  6.1000E+01  1.0040E+01  5.8290E-01
  6.1000E+01  1.0040E+01  5.8290E-01
  6.2000E+01  5.6114E+00  1.1769E-03
  6.2000E+01  5.6114E+00  1.1769E-03
  6.2000E+01  5.6114E+00  1.1769E-03
  6.2000E+01  5.6114E+00  1.1769E-03
  6.2000E+01  5.6114E+00  1.1769E-03
  6.2000E+01  5.6114E+00  1.1769E-03
  6.3000E+01  2.9308E+00 -6.4835E-01
  6.3000E+01  2.9308E+00 -6.4835E-01
  6.3000E+01  2.9308E+00 -6.4835E-01
  6.3000E+01  2.9308E+00 -6.4835E-01
  6.3000E+01  2.9308E+00 -6.4835E-01
  6.3000E+01  2.9308E+00 -6.4835E-01
  6.4000E+01  4.9213E+00 -1.3006E-01
  6.4000E+01  4.9213E+00 -1.3006E-01
  6.4000E+01  4.9213E+00 -1.3006E-01
  6.4000E+01  4.9213E+00 -1.3006E-01
  6.4000E+01  4.9213E+00 -1.3006E-01
  6.4000E+01  4.9213E+00 -1.3006E-01
  6.5000E+01  5.9681E+00  6.2793E-02
  6.5000E+01  5.9681E+00  6.2793E-02
  6.5000E+01  5.9681E+00  6.2793E-02
  6.5000E+01  5.9681E+00  6.2793E-02
  6.5000E+01  5.9681E+00  6.2793E-02
  6.5000E+01  5.9681E+00  6.2793E-02
  6.6000E+01  2.9381E+00 -6.4586E-01
  6.6000E+01  2.9381E+00 -6.4586E-01
  6.6000E+01  2.9381E+00 -6.4586E-01
  6.6000E+01  2.9381E+00 -6.4586E-01
  6.6000E+01  2.9381E+00 -6.4586E-01
  6.6000E+01  2.9381E+00 -6.4586E-01
  6.7000E+01  1.2771E+01  8.2359E-01
  6.7000E+01  1.2771E+01  8.2359E-01
  6.7000E+01  1.2771E+01  8.2359E-01
  6.7000E+01  1.2771E+01  8.2359E-01
  6.7000E+01  1.2771E+01  8.2359E-01
  6.7000E+01  1.2771E+01  8.2359E-01
  6.8000E+01  4.4773E+00 -2.2461E-01
  6.8000E+01  4.4773E+00 -2.2461E-01
  6.8000E+01  4.4773E+00 -2.2461E-01
  6.8000E+01  4.4773E+00 -2.2461E-01
  6.8000E+01  4.4773E+00 -2.2461E-01
  6.8000E+01  4.4773E+00 -2.2461E-01
  6.9000E+01  2.6152E+00 -7.6227E-01
  6.9000E+01  2.6152E+00 -7.6227E-01
  6.9000E+01  2.6152E+00 -7.6227E-01
  6.9000E+01  2.6152E+00 -7.6227E-01
  6.9000E+01  2.6152E+00 -7.6227E-01
  6.9000E+01  2.6152E+00 -7.6227E-01
  7.0000E+01  2.9959E+00 -6.2637E-01
  7.0000E+01  2.9959E+00 -6.2637E-01
  7.0000E+01  2.9959E+00 -6.2637E-01
  7.0000E+01  2.9959E+00 -6.2637E-01
  7.0000E+01  2.9959E+00 -6.2637E-01
  7.0000E+01  2.9959E+00 -6.2637E-01
  7.1000E+01  6.2818E+00  1.1403E-01
  7.1000E+01  6.2818E+00  1.1403E-01
  7.1000E+01  6.2818E+00  1.1403E-01
  7.1000E+01  6.2818E+00  1.1403E-01
  7.1000E+01  6.2818E+00  1.1403E-01
  7.1000E+01  6.2818E+00  1.1403E-01
  7.2000E+01  1.2927E+01  8.3566E-01
  7.2000E+01  1.2927E+01  8.3566E-01
  7.2000E+01  1.2927E+01  8.3566E-01
  7.2000E+01  1.2927E+01  8.3566E-01
  7.2000E+01  1.2927E+01  8.3566E-01
  7.2000E+01  1.2927E+01  8.3566E-01
  7.3000E+01  2.9959E+00 -6.2637E-01
  7.3000E+01  2.9959E+00 -6.2637E-01
  7.3000E+01  2.9959E+00 -6.2637E-01
  7.3000E+01  2.9959E+00 -6.2637E-01
  7.3000E+01  2.9959E+00 -6.2637E-01
  7.3000E+01  2.9959E+00 -6.2637E-01
  7.4000E+01  6.5595E+00  1.5728E-01
  7.4000E+01  6.5595E+00  1.5728E-01
  7.4000E+01  6.5595E+00  1.5728E-01
  7.4000E+01  6.5595E+00  1.5728E-01
  7.4000E+01  6.5595E+00  1.5728E-01
  7.4000E+01  6.5595E+00  1.5728E-01
  7.5000E+01  1.6841E+01  1.1002E+00
  7.5000E+01  1.6841E+01  1.1002E+00
  7.5000E+01  1.6841E+01  1.1002E+00
  7.5000E+01  1.6841E+01  1.1002E+00
  7.5000E+01  1.6841E+01  1.1002E+00
  7.5000E+01  1.6841E+01  1.1002E+00
  7.6000E+01  2.8481E+00 -6.7699E-01
  7.6000E+01  2.8481E+00 -6.7699E-01
  7.6000E+01  2.8481E+00 -6.7699E-01
  7.6000E+01  2.8481E+00 -6.7699E-01
  7.6000E+01  2.8481E+00 -6.7699E-01
  7.6000E+01  2.8481E+00 -6.7699E-01
  7.7000E+01  5.0168E+00 -1.1084E-01
  7.7000E+01  5.0168E+00 -1.1084E-01
  7.7000E+01  5.0168E+00 -1.1084E-01
  7.7000E+01  5.0168E+00 -1.1084E-01
  7.7000E+01  5.0168E+00 -1.1084E-01
  7.7000E+01  5.0168E+00 -1.1084E-01
  7.8000E+01  1.3915E+01  9.0937E-01
  7.8000E+01  1.3915E+01  9.0937E-01
  7.8000E+01  1.3915E+01  9.0937E-01
  7.8000E+01  1.3915E+01  9.0937E-01
  7.8000E+01  1.3915E+01  9.0937E-01
  7.8000E+01  1.3915E+01  9.0937E-01
  7.9000E+01  5.3645E+00 -4.3829E-02
  7.9000E+01  5.3645E+00 -4.3829E-02
  7.9000E+01  5.3645E+00 -4.3829E-02
  7.9000E+01  5.3645E+00 -4.3829E-02
  7.9000E+01  5.3645E+00 -4.3829E-02
  7.9000E+01  5.3645E+00 -4.3829E-02
  8.0000E+01  2.1771E+01  1.3569E+00
  8.0000E+01  2.1771E+01  1.3569E+00
  8.0000E+01  2.1771E+01  1.3569E+00
  8.0000E+01  2.1771E+01  1.3569E+00
  8.0000E+01  2.1771E+01  1.3569E+00
  8.0000E+01  2.1771E+01  1.3569E+00
  8.1000E+01  3.1415E+00 -5.7892E-01
  8.1000E+01  3.1415E+00 -5.7892E-01
  8.1000E+01  3.1415E+00 -5.7892E-01
  8.1000E+01  3.1415E+00 -5.7892E-01
  8.1000E+01  3.1415E+00 -5.7892E-01
  8.1000E+01  3.1415E+00 -5.7892E-01
  8.2000E+01  3.4402E+00 -4.8810E-01
  8.2000E+01  3.4402E+00 -4.8810E-01
  8.2000E+01  3.4402E+00 -4.8810E-01
  8.2000E+01  3.4402E+00 -4.8810E-01
  8.2000E+01  3.4402E+00 -4.8810E-01
  8.2000E+01  3.4402E+00 -4.8810E-01
  8.3000E+01  2.9400E+00 -6.4521E-01
  8.3000E+01  2.9400E+00 -6.4521E-01
  8.3000E+01  2.9400E+00 -6.4521E-01
  8.3000E+01  2.9400E+00 -6.4521E-01
  8.3000E+01  2.9400E+00 -6.4521E-01
  8.3000E+01  2.9400E+00 -6.4521E-01
  8.4000E+01  5.5748E+00 -5.3679E-03
  8.4000E+01  5.5748E+00 -5.3679E-03
  8.4000E+01  5.5748E+00 -5.3679E-03
  8.4000E+01  5.5748E+00 -5.3679E-03
  8.4000E+01  5.5748E+00 -5.3679E-03
  8.4000E+01  5.5748E+00 -5.3679E-03
  8.5000E+01  7.1292E+00  2.4057E-01
  8.5000E+01  7.1292E+00  2.4057E-01
  8.5000E+01  7.1292E+00  2.4057E-01
  8.5000E+01  7.1292E+00  2.4057E-01
  8.5000E+01  7.1292E+00  2.4057E-01
  8.5000E+01  7.1292E+00  2.4057E-01
  8.6000E+01  2.1749E+00 -9.4666E-01
  8.6000E+01  2.1749E+00 -9.4666E-01
  8.6000E+01  2.1749E+00 -9.4666E-01
  8.6000E+01  2.1749E+00 -9.4666E-01
  8.6000E+01  2.1749E+00 -9.4666E-01
  8.6000E+01  2.1749E+00 -9.4666E-01
  8.7000E+01  5.5111E+00 -1.6872E-02
  8.7000E+01  5.5111E+00 -1.6872E-02
  8.7000E+01  5.5111E+00 -1.6872E-02
  8.7000E+01  5.5111E+00 -1.6872E-02
  8.7000E+01  5.5111E+00 -1.6872E-02
  8.7000E+01  5.5111E+00 -1.6872E-02
  8.8000E+01  3.5884E+00 -4.4593E-01
  8.8000E+01  3.5884E+00 -4.4593E-01
  8.8000E+01  3.5884E+00 -4.4593E-01
  8.8000E+01  3.5884E+00 -4.4593E-01
  8.8000E+01  3.5884E+00 -4.4593E-01
  8.8000E+01  3.5884E+00 -4.4593E-01
  8.9000E+01  3.3984E+01  1.8023E+00
  8.9000E+01  3.3984E+01  1.8023E+00
  8.9000E+01  3.3984E+01  1.8023E+00
  8.9000E+01  3.3984E+01  1.8023E+00
  8.9000E+01  3.3984E+01  1.8023E+00
  8.9000E+01  3.3984E+01  1.8023E+00
  9.0000E+01  3.0962E+00 -5.9345E-01
  9.0000E+01  3.0962E+00 -5.9345E-01
  9.0000E+01  3.0962E+00 -5.9345E-01
  9.0000E+01  3.0962E+00 -5.9345E-01
  9.0000E+01  3.0962E+00 -5.9345E-01
  9.0000E+01  3.0962E+00 -5.9345E-01
  9.1000E+01  1.8211E+00 -1.1242E+00
  9.1000E+01  1.8211E+00 -1.1242E+00
  9.1000E+01  1.8211E+00 -1.1242E+00
  9.1000E+01  1.8211E+00 -1.1242E+00
  9.1000E+01  1.8211E+00 -1.1242E+00
  9.1000E+01  1.8211E+00 -1.1242E+00
  9.2000E+01  7.3784E+00  2.7493E-01
  9.2000E+01  7.3784E+00  2.7493E-01
  9.2000E+01  7.3784E+00  2.7493E-01
  9.2000E+01  7.3784E+00  2.7493E-01
  9.2000E+01  7.3784E+00  2.7493E-01
  9.2000E+01  7.3784E+00  2.7493E-01
  9.3000E+01  7.5192E+00  2.9384E-01
  9.3000E+01  7.5192E+00  2.9384E-01
  9.3000E+01  7.5192E+00  2.9384E-01
  9.3000E+01  7.5192E+00  2.9384E-01
  9.3000E+01  7.5192E+00  2.9384E-01
  9.3000E+01  7.5192E+00  2.9384E-01
  9.4000E+01  5.0691E+00 -1.0047E-01
  9.4000E+01  5.0691E+00 -1.0047E-01
  9.4000E+01  5.0691E+00 -1.0047E-01
  9.4000E+01  5.0691E+00 -1.0047E-01
  9.4000E+01  5.0691E+00 -1.0047E-01
  9.4000E+01  5.0691E+00 -1.0047E-01
  9.5000E+01  8.0825E+00  3.6608E-01
  9.5000E+01  8.0825E+00  3.6608E-01
  9.5000E+01  8.0825E+00  3.6608E-01
  9.5000E+01  8.0825E+00  3.6608E-01
  9.5000E+01  8.0825E+00  3.6608E-01
  9.5000E+01  8.0825E+00  3.6608E-01
  9.6000E+01  6.1086E+00  8.6063E-02
  9.6000E+01  6.1086E+00  8.6063E-02
  9.6000E+01  6.1086E+00  8.6063E-02
  9.6000E+01  6.1086E+00  8.6063E-02
  9.6000E+01  6.1086E+00  8.6063E-02
  9.6000E+01  6.1086E+00  8.6063E-02
  9.7000E+01  1.3343E+01  8.6736E-01
  9.7000E+01  1.3343E+01  8.6736E-01
  9.7000E+01  1.3343E+01  8.6736E-01
  9.7000E+01  1.3343E+01  8.6736E-01
  9.7000E+01  1.3343E+01  8.6736E-01
  9.7000E+01  1.3343E+01  8.6736E-01
  9.8000E+01  7.0023E+00  2.2261E-01
  9.8000E+01  7.0023E+00  2.2261E-01
  9.8000E+01  7.0023E+00  2.2261E-01
  9.8000E+01  7.0023E+00  2.2261E-01
  9.8000E+01  7.0023E+00  2.2261E-01
  9.8000E+01  7.0023E+00  2.2261E-01
  9.9000E+01  8.1682E+00  3.7662E-01
  9.9000E+01  8.1682E+00  3.7662E-01
  9.9000E+01  8.1682E+00  3.7662E-01
  9.9000E+01  8.1682E+00  3.7662E-01
  9.9000E+01  8.1682E+00  3.7662E-01
  9.9000E+01  8.1682E+00  3.7662E-01
  1.0000E+02  6.8360E+00  1.9858E-01
  1.0000E+02  6.8360E+00  1.9858E-01
  1.0000E+02  6.8360E+00  1.9858E-01
  1.0000E+02  6.8360E+00  1.9858E-01
  1.0000E+02  6.8360E+00  1.9858E-01
  1.0000E+02  6.8360E+00  1.9858E-01
  1.0100E+02  6.5274E+00  1.5239E-01
  1.0100E+02  6.5274E+00  1.5239E-01
  1.0100E+02  6.5274E+00  1.5239E-01
  1.0100E+02  6.5274E+00  1.5239E-01
  1.0100E+02  6.5274E+00  1.5239E-01
  1.0100E+02  6.5274E+00  1.5239E-01
  1.0200E+02  7.9146E+00  3.4508E-01
  1.0200E+02  7.9146E+00  3.4508E-01
  1.0200E+02  7.9146E+00  3.4508E-01
  1.0200E+02  7.9146E+00  3.4508E-01
  1.0200E+02  7.9146E+00  3.4508E-01
  1.0200E+02  7.9146E+00  3.4508E-01
  1.0300E+02  2.5119E+01  1.5000E+00
  1.0300E+02  2.5119E+01  1.5000E+00
  1.0300E+02  2.5119E+01  1.5000E+00
  1.0300E+02  2.5119E+01  1.5000E+00
  1.0300E+02  2.5119E+01  1.5000E+00
  1.0300E+02  2.5119E+01  1.5000E+00
  1.0400E+02  1.5054E+00 -1.3146E+00
  1.0400E+02  1.5054E+00 -1.3146E+00
  1.0400E+02  1.5054E+00 -1.3146E+00
  1.0400E+02  1.5054E+00 -1.3146E+00
  1.0400E+02  1.5054E+00 -1.3146E+00
  1.0400E+02  1.5054E+00 -1.3146E+00
  1.0500E+02  7.6027E+00  3.0487E-01
  1.0500E+02  7.6027E+00  3.0487E-01
  1.0500E+02  7.6027E+00  3.0487E-01
  1.0500E+02  7.6027E+00  3.0487E-01
  1.0500E+02  7.6027E+00  3.0487E-01
  1.0500E+02  7.6027E+00  3.0487E-01
  1.0600E+02  5.2168E+00 -7.1740E-02
  1.0600E+02  5.2168E+00 -7.1740E-02
  1.0600E+02  5.2168E+00 -7.1740E-02
  1.0600E+02  5.2168E+00 -7.1740E-02
  1.0600E+02  5.2168E+00 -7.1740E-02
  1.0600E+02  5.2168E+00 -7.1740E-02
  1.0700E+02  3.7750E+00 -3.9522E-01
  1.0700E+02  3.7750E+00 -3.9522E-01
  1.0700E+02  3.7750E+00 -3.9522E-01
  1.0700E+02  3.7750E+00 -3.9522E-01
  1.0700E+02  3.7750E+00 -3.9522E-01
  1.0700E+02  3.7750E+00 -3.9522E-01
  1.0800E+02  9.5751E+00  5.3554E-01
  1.0800E+02  9.5751E+00  5.3554E-01
  1.0800E+02  9.5751E+00  5.3554E-01
  1.0800E+02  9.5751E+00  5.3554E-01
  1.0800E+02  9.5751E+00  5.3554E-01
  1.0800E+02  9.5751E+00  5.3554E-01
  1.0900E+02  1.9664E+00 -1.0474E+00
  1.0900E+02  1.9664E+00 -1.0474E+00
  1.0900E+02  1.9664E+00 -1.0474E+00
  1.0900E+02  1.9664E+00 -1.0474E+00
  1.0900E+02  1.9664E+00 -1.0474E+00
  1.0900E+02  1.9664E+00 -1.0474E+00
  1.1000E+02  6.6407E+00  1.6960E-01
  1.1000E+02  6.6407E+00  1.6960E-01
  1.1000E+02  6.6407E+00  1.6960E-01
  1.1000E+02  6.6407E+00  1.6960E-01
  1.1000E+02  6.6407E+00  1.6960E-01
  1.1000E+02  6.6407E+00  1.6960E-01
  1.1100E+02  7.2815E+00  2.6170E-01
  1.1100E+02  7.2815E+00  2.6170E-01
  1.1100E+02  7.2815E+00  2.6170E-01
  1.1100E+02  7.2815E+00  2.6170E-01
  1.1100E+02  7.2815E+00  2.6170E-01
  1.1100E+02  7.2815E+00  2.6170E-01
  1.1200E+02  9.6054E+00  5.3869E-01
  1.1200E+02  9.6054E+00  5.3869E-01
  1.1200E+02  9.6054E+00  5.3869E-01
  1.1200E+02  9.6054E+00  5.3869E-01
  1.1200E+02  9.6054E+00  5.3869E-01
  1.1200E+02  9.6054E+00  5.3869E-01
  1.1300E+02  9.3374E+00  5.1040E-01
  1.1300E+02  9.3374E+00  5.1040E-01
  1.1300E+02  9.3374E+00  5.1040E-01
  1.1300E+02  9.3374E+00  5.1040E-01
  1.1300E+02  9.3374E+00  5.1040E-01
  1.1300E+02  9.3374E+00  5.1040E-01
  1.1400E+02  4.3063E+00 -2.6354E-01
  1.1400E+02  4.3063E+00 -2.6354E-01
  1.1400E+02  4.3063E+00 -2.6354E-01
  1.1400E+02  4.3063E+00 -2.6354E-01
  1.1400E+02  4.3063E+00 -2.6354E-01
  1.1400E+02  4.3063E+00 -2.6354E-01
  1.1500E+02  5.6595E+00  9.7138E-03
  1.1500E+02  5.6595E+00  9.7138E-03
  1.1500E+02  5.6595E+00  9.7138E-03
  1.1500E+02  5.6595E+00  9.7138E-03
  1.1500E+02  5.6595E+00  9.7138E-03
  1.1500E+02  5.6595E+00  9.7138E-03
  1.1600E+02  2.8186E+00 -6.8738E-01
  1.1600E+02  2.8186E+00 -6.8738E-01
  1.1600E+02  2.8186E+00 -6.8738E-01
  1.1600E+02  2.8186E+00 -6.8738E-01
  1.1600E+02  2.8186E+00 -6.8738E-01
  1.1600E+02  2.8186E+00 -6.8738E-01
  1.1700E+02  6.5408E+00  1.5443E-01
  1.1700E+02  6.5408E+00  1.5443E-01
  1.1700E+02  6.5408E+00  1.5443E-01
  1.1700E+02  6.5408E+00  1.5443E-01
  1.1700E+02  6.5408E+00  1.5443E-01
  1.1700E+02  6.5408E+00  1.5443E-01
  1.1800E+02  7.2756E+00  2.6090E-01
  1.1800E+02  7.2756E+00  2.6090E-01
  1.1800E+02  7.2756E+00  2.6090E-01
  1.1800E+02  7.2756E+00  2.6090E-01
  1.1800E+02  7.2756E+00  2.6090E-01
  1.1800E+02  7.2756E+00  2.6090E-01
  1.1900E+02  1.5893E+01  1.0423E+00
  1.1900E+02  1.5893E+01  1.0423E+00
  1.1900E+02  1.5893E+01  1.0423E+00
  1.1900E+02  1.5893E+01  1.0423E+00
  1.1900E+02  1.5893E+01  1.0423E+00
  1.1900E+02  1.5893E+01  1.0423E+00
  1.2000E+02  4.5980E+00 -1.9801E-01
  1.2000E+02  4.5980E+00 -1.9801E-01
  1.2000E+02  4.5980E+00 -1.9801E-01
  1.2000E+02  4.5980E+00 -1.9801E-01
  1.2000E+02  4.5980E+00 -1.9801E-01
  1.2000E+02  4.5980E+00 -1.9801E-01
  1.2100E+02  5.8069E+00  3.5424E-02
  1.2100E+02  5.8069E+00  3.5424E-02
  1.2100E+02  5.8069E+00  3.5424E-02
  1.2100E+02  5.8069E+00  3.5424E-02
  1.2100E+02  5.8069E+00  3.5424E-02
  1.2100E+02  5.8069E+00  3.5424E-02
  1.2200E+02  9.2403E+00  4.9995E-01
  1.2200E+02  9.2403E+00  4.9995E-01
  1.2200E+02  9.2403E+00  4.9995E-01
  1.2200E+02  9.2403E+00  4.9995E-01
  1.2200E+02  9.2403E+00  4.9995E-01
  1.2200E+02  9.2403E+00  4.9995E-01
  1.2300E+02  8.0431E+00  3.6118E-01
  1.2300E+02  8.0431E+00  3.6118E-01
  1.2300E+02  8.0431E+00  3.6118E-01
  1.2300E+02  8.0431E+00  3.6118E-01
  1.2300E+02  8.0431E+00  3.6118E-01
  1.2300E+02  8.0431E+00  3.6118E-01
  1.2400E+02  4.0365E+01  1.9743E+00
  1.2400E+02  4.0365E+01  1.9743E+00
  1.2400E+02  4.0365E+01  1.9743E+00
  1.2400E+02  4.0365E+01  1.9743E+00
  1.2400E+02  4.0365E+01  1.9743E+00
  1.2400E+02  4.0365E+01  1.9743E+00
  1.2500E+02  5.6765E+00  1.2698E-02
  1.2500E+02  5.6765E+00  1.2698E-02
  1.2500E+02  5.6765E+00  1.2698E-02
  1.2500E+02  5.6765E+00  1.2698E-02
  1.2500E+02  5.6765E+00  1.2698E-02
  1.2500E+02  5.6765E+00  1.2698E-02
  1.2600E+02  3.9863E+00 -3.4075E-01
  1.2600E+02  3.9863E+00 -3.4075E-01
  1.2600E+02  3.9863E+00 -3.4075E-01
  1.2600E+02  3.9863E+00 -3.4075E-01
  1.2600E+02  3.9863E+00 -3.4075E-01
  1.2600E+02  3.9863E+00 -3.4075E-01
  1.2700E+02  9.7502E+00  5.5366E-01
  1.2700E+02  9.7502E+00  5.5366E-01
  1.2700E+02  9.7502E+00  5.5366E-01
  1.2700E+02  9.7502E+00  5.5366E-01
  1.2700E+02  9.7502E+00  5.5366E-01
  1.2700E+02  9.7502E+00  5.5366E-01
  1.2800E+02  7.9030E+00  3.4362E-01
  1.2800E+02  7.9030E+00  3.4362E-01
  1.2800E+02  7.9030E+00  3.4362E-01
  1.2800E+02  7.9030E+00  3.4362E-01
  1.2800E+02  7.9030E+00  3.4362E-01
  1.2800E+02  7.9030E+00  3.4362E-01
  1.2900E+02  5.4323E+00 -3.1265E-02
  1.2900E+02  5.4323E+00 -3.1265E-02
  1.2900E+02  5.4323E+00 -3.1265E-02
  1.2900E+02  5.4323E+00 -3.1265E-02
  1.2900E+02  5.4323E+00 -3.1265E-02
  1.2900E+02  5.4323E+00 -3.1265E-02
  1.3000E+02  3.7366E+00 -4.0545E-01
  1.3000E+02  3.7366E+00 -4.0545E-01
  1.3000E+02  3.7366E+00 -4.0545E-01
  1.3000E+02  3.7366E+00 -4.0545E-01
  1.3000E+02  3.7366E+00 -4.0545E-01
  1.3000E+02  3.7366E+00 -4.0545E-01
  1.3100E+02  3.9247E+00 -3.5634E-01
  1.3100E+02  3.9247E+00 -3.5634E-01
  1.3100E+02  3.9247E+00 -3.5634E-01
  1.3100E+02  3.9247E+00 -3.5634E-01
  1.3100E+02  3.9247E+00 -3.5634E-01
  1.3100E+02  3.9247E+00 -3.5634E-01
  1.3200E+02  4.2302E+00 -2.8137E-01
  1.3200E+02  4.2302E+00 -2.8137E-01
  1.3200E+02  4.2302E+00 -2.8137E-01
  1.3200E+02  4.2302E+00 -2.8137E-01
  1.3200E+02  4.2302E+00 -2.8137E-01
  1.3200E+02  4.2302E+00 -2.8137E-01
  1.3300E+02  2.4056E+00 -8.4582E-01
  1.3300E+02  2.4056E+00 -8.4582E-01
  1.3300E+02  2.4056E+00 -8.4582E-01
  1.3300E+02  2.4056E+00 -8.4582E-01
  1.3300E+02  2.4056E+00 -8.4582E-01
  1.3300E+02  2.4056E+00 -8.4582E-01
  1.3400E+02  4.8891E+00 -1.3663E-01
  1.3400E+02  4.8891E+00 -1.3663E-01
  1.3400E+02  4.8891E+00 -1.3663E-01
  1.3400E+02  4.8891E+00 -1.3663E-01
  1.3400E+02  4.8891E+00 -1.3663E-01
  1.3400E+02  4.8891E+00 -1.3663E-01
  1.3500E+02  1.0478E+01  6.2567E-01
  1.3500E+02  1.0478E+01  6.2567E-01
  1.3500E+02  1.0478E+01  6.2567E-01
  1.3500E+02  1.0478E+01  6.2567E-01
  1.3500E+02  1.0478E+01  6.2567E-01
  1.3500E+02  1.0478E+01  6.2567E-01
  1.3600E+02  1.5051E+01  9.8779E-01
  1.3600E+02  1.5051E+01  9.8779E-01
  1.3600E+02  1.5051E+01  9.8779E-01
  1.3600E+02  1.5051E+01  9.8779E-01
  1.3600E+02  1.5051E+01  9.8779E-01
  1.3600E+02  1.5051E+01  9.8779E-01
  1.3700E+02  3.7162E+00 -4.1094E-01
  1.3700E+02  3.7162E+00 -4.1094E-01
  1.3700E+02  3.7162E+00 -4.1094E-01
  1.3700E+02  3.7162E+00 -4.1094E-01
  1.3700E+02  3.7162E+00 -4.1094E-01
  1.3700E+02  3.7162E+00 -4.1094E-01
  1.3800E+02  3.1221E+00 -5.8512E-01
  1.3800E+02  3.1221E+00 -5.8512E-01
  1.3800E+02  3.1221E+00 -5.8512E-01
  1.3800E+02  3.1221E+00 -5.8512E-01
  1.3800E+02  3.1221E+00 -5.8512E-01
  1.3800E+02  3.1221E+00 -5.8512E-01
  1.3900E+02  1.2507E+00 -1.4999E+00
  1.3900E+02  1.2507E+00 -1.4999E+00
  1.3900E+02  1.2507E+00 -1.4999E+00
  1.3900E+02  1.2507E+00 -1.4999E+00
  1.3900E+02  1.2507E+00 -1.4999E+00
  1.3900E+02  1.2507E+00 -1.4999E+00
  1.4000E+02  6.9744E+00  2.1861E-01
  1.4000E+02  6.9744E+00  2.1861E-01
  1.4000E+02  6.9744E+00  2.1861E-01
  1.4000E+02  6.9744E+00  2.1861E-01
  1.4000E+02  6.9744E+00  2.1861E-01
  1.4000E+02  6.9744E+00  2.1861E-01
  1.4100E+02  3.6020E+00 -4.4215E-01
  1.4100E+02  3.6020E+00 -4.4215E-01
  1.4100E+02  3.6020E+00 -4.4215E-01
  1.4100E+02  3.6020E+00 -4.4215E-01
  1.4100E+02  3.6020E+00 -4.4215E-01
  1.4100E+02  3.6020E+00 -4.4215E-01
  1.4200E+02  6.9827E+00  2.1980E-01
  1.4200E+02  6.9827E+00  2.1980E-01
  1.4200E+02  6.9827E+00  2.1980E-01
  1.4200E+02  6.9827E+00  2.1980E-01
  1.4200E+02  6.9827E+00  2.1980E-01
  1.4200E+02  6.9827E+00  2.1980E-01
  1.4300E+02  2.9946E+00 -6.2680E-01
  1.4300E+02  2.9946E+00 -6.2680E-01
  1.4300E+02  2.9946E+00 -6.2680E-01
  1.4300E+02  2.9946E+00 -6.2680E-01
  1.4300E+02  2.9946E+00 -6.2680E-01
  1.4300E+02  2.9946E+00 -6.2680E-01
  1.4400E+02  5.8094E+00  3.5849E-02
  1.4400E+02  5.8094E+00  3.5849E-02
  1.4400E+02  5.8094E+00  3.5849E-02
  1.4400E+02  5.8094E+00  3.5849E-02
  1.4400E+02  5.8094E+00  3.5849E-02
  1.4400E+02  5.8094E+00  3.5849E-02
  1.4500E+02  3.8848E+00 -3.6655E-01
  1.4500E+02  3.8848E+00 -3.6655E-01
  1.4500E+02  3.8848E+00 -3.6655E-01
  1.4500E+02  3.8848E+00 -3.6655E-01
  1.4500E+02  3.8848E+00 -3.6655E-01
  1.4500E+02  3.8848E+00 -3.6655E-01
  1.4600E+02  1.4786E+01  9.7004E-01
  1.4600E+02  1.4786E+01  9.7004E-01
  1.4600E+02  1.4786E+01  9.7004E-01
  1.4600E+02  1.4786E+01  9.7004E-01
  1.4600E+02  1.4786E+01  9.7004E-01
  1.4600E+02  1.4786E+01  9.7004E-01
  1.4700E+02  5.4223E+00 -3.3115E-02
  1.4700E+02  5.4223E+00 -3.3115E-02
  1.4700E+02  5.4223E+00 -3.3115E-02
  1.4700E+02  5.4223E+00 -3.3115E-02
  1.4700E+02  5.4223E+00 -3.3115E-02
  1.4700E+02  5.4223E+00 -3.3115E-02
  1.4800E+02  1.4767E+01  9.6874E-01
  1.4800E+02  1.4767E+01  9.6874E-01
  1.4800E+02  1.4767E+01  9.6874E-01
  1.4800E+02  1.4767E+01  9.6874E-01
  1.4800E+02  1.4767E+01  9.6874E-01
  1.4800E+02  1.4767E+01  9.6874E-01
  1.4900E+02  1.0027E+01  5.8166E-01
  1.4900E+02  1.0027E+01  5.8166E-01
  1.4900E+02  1.0027E+01  5.8166E-01
  1.4900E+02  1.0027E+01  5.8166E-01
  1.4900E+02  1.0027E+01  5.8166E-01
  1.4900E+02  1.0027E+01  5.8166E-01
  1.5000E+02  1.0146E+01  5.9341E-01
  1.5000E+02  1.0146E+01  5.9341E-01
  1.5000E+02  1.0146E+01  5.9341E-01
  1.5000E+02  1.0146E+01  5.9341E-01
  1.5000E+02  1.0146E+01  5.9341E-01
  1.5000E+02  1.0146E+01  5.9341E-01
  1.5100E+02  4.3293E+00 -2.5822E-01
  1.5100E+02  4.3293E+00 -2.5822E-01
  1.5100E+02  4.3293E+00 -2.5822E-01
  1.5100E+02  4.3293E+00 -2.5822E-01
  1.5100E+02  4.3293E+00 -2.5822E-01
  1.5100E+02  4.3293E+00 -2.5822E-01
  1.5200E+02  2.8109E+00 -6.9013E-01
  1.5200E+02  2.8109E+00 -6.9013E-01
  1.5200E+02  2.8109E+00 -6.9013E-01
  1.5200E+02  2.8109E+00 -6.9013E-01
  1.5200E+02  2.8109E+00 -6.9013E-01
  1.5200E+02  2.8109E+00 -6.9013E-01
  1.5300E+02  1.2252E+01  7.8206E-01
  1.5300E+02  1.2252E+01  7.8206E-01
  1.5300E+02  1.2252E+01  7.8206E-01
  1.5300E+02  1.2252E+01  7.8206E-01
  1.5300E+02  1.2252E+01  7.8206E-01
  1.5300E+02  1.2252E+01  7.8206E-01
  1.5400E+02  9.4605E+00  5.2349E-01
  1.5400E+02  9.4605E+00  5.2349E-01
  1.5400E+02  9.4605E+00  5.2349E-01
  1.5400E+02  9.4605E+00  5.2349E-01
  1.5400E+02  9.4605E+00  5.2349E-01
  1.5400E+02  9.4605E+00  5.2349E-01
  1.5500E+02  1.4981E+01  9.8317E-01
  1.5500E+02  1.4981E+01  9.8317E-01
  1.5500E+02  1.4981E+01  9.8317E-01
  1.5500E+02  1.4981E+01  9.8317E-01
  1.5500E+02  1.4981E+01  9.8317E-01
  1.5500E+02  1.4981E+01  9.8317E-01
  1.5600E+02  9.7626E+00  5.5493E-01
  1.5600E+02  9.7626E+00  5.5493E-01
  1.5600E+02  9.7626E+00  5.5493E-01
  1.5600E+02  9.7626E+00  5.5493E-01
  1.5600E+02  9.7626E+00  5.5493E-01
  1.5600E+02  9.7626E+00  5.5493E-01
  1.5700E+02  4.0231E+01  1.9710E+00
  1.5700E+02  4.0231E+01  1.9710E+00
  1.5700E+02  4.0231E+01  1.9710E+00
  1.5700E+02  4.0231E+01  1.9710E+00
  1.5700E+02  4.0231E+01  1.9710E+00
  1.5700E+02  4.0231E+01  1.9710E+00
  1.5800E+02  9.7699E+00  5.5568E-01
  1.5800E+02  9.7699E+00  5.5568E-01
  1.5800E+02  9.7699E+00  5.5568E-01
  1.5800E+02  9.7699E+00  5.5568E-01
  1.5800E+02  9.7699E+00  5.5568E-01
  1.5800E+02  9.7699E+00  5.5568E-01
  1.5900E+02  4.2598E+00 -2.7441E-01
  1.5900E+02  4.2598E+00 -2.7441E-01
  1.5900E+02  4.2598E+00 -2.7441E-01
  1.5900E+02  4.2598E+00 -2.7441E-01
  1.5900E+02  4.2598E+00 -2.7441E-01
  1.5900E+02  4.2598E+00 -2.7441E-01
  1.6000E+02  2.7003E+00 -7.3025E-01
  1.6000E+02  2.7003E+00 -7.3025E-01
  1.6000E+02  2.7003E+00 -7.3025E-01
  1.6000E+02  2.7003E+00 -7.3025E-01
  1.6000E+02  2.7003E+00 -7.3025E-01
  1.6000E+02  2.7003E+00 -7.3025E-01
  1.6100E+02  2.7804E+00 -7.0104E-01
  1.6100E+02  2.7804E+00 -7.0104E-01
  1.6100E+02  2.7804E+00 -7.0104E-01
  1.6100E+02  2.7804E+00 -7.0104E-01
  1.6100E+02  2.7804E+00 -7.0104E-01
  1.6100E+02  2.7804E+00 -7.0104E-01
  1.6200E+02  2.6969E+00 -7.3153E-01
  1.6200E+02  2.6969E+00 -7.3153E-01
  1.6200E+02  2.6969E+00 -7.3153E-01
  1.6200E+02  2.6969E+00 -7.3153E-01
  1.6200E+02  2.6969E+00 -7.3153E-01
  1.6200E+02  2.6969E+00 -7.3153E-01
  1.6300E+02  2.7003E+00 -7.3025E-01
  1.6300E+02  2.7003E+00 -7.3025E-01
  1.6300E+02  2.7003E+00 -7.3025E-01
  1.6300E+02  2.7003E+00 -7.3025E-01
  1.6300E+02  2.7003E+00 -7.3025E-01
  1.6300E+02  2.7003E+00 -7.3025E-01
  1.6400E+02  1.2213E+01  7.7886E-01
  1.6400E+02  1.2213E+01  7.7886E-01
  1.6400E+02  1.2213E+01  7.7886E-01
  1.6400E+02  1.2213E+01  7.7886E-01
  1.6400E+02  1.2213E+01  7.7886E-01
  1.6400E+02  1.2213E+01  7.7886E-01
  1.6500E+02  1.7940E+00 -1.1392E+00
  1.6500E+02  1.7940E+00 -1.1392E+00
  1.6500E+02  1.7940E+00 -1.1392E+00
  1.6500E+02  1.7940E+00 -1.1392E+00
  1.6500E+02  1.7940E+00 -1.1392E+00
  1.6500E+02  1.7940E+00 -1.1392E+00
  1.6600E+02  6.1014E+00  8.4897E-02
  1.6600E+02  6.1014E+00  8.4897E-02
  1.6600E+02  6.1014E+00  8.4897E-02
  1.6600E+02  6.1014E+00  8.4897E-02
  1.6600E+02  6.1014E+00  8.4897E-02
  1.6600E+02  6.1014E+00  8.4897E-02
  1.6700E+02  6.6758E+00  1.7486E-01
  1.6700E+02  6.6758E+00  1.7486E-01
  1.6700E+02  6.6758E+00  1.7486E-01
  1.6700E+02  6.6758E+00  1.7486E-01
  1.6700E+02  6.6758E+00  1.7486E-01
  1.6700E+02  6.6758E+00  1.7486E-01
  1.6800E+02  6.6912E+00  1.7717E-01
  1.6800E+02  6.6912E+00  1.7717E-01
  1.6800E+02  6.6912E+00  1.7717E-01
  1.6800E+02  6.6912E+00  1.7717E-01
  1.6800E+02  6.6912E+00  1.7717E-01
  1.6800E+02  6.6912E+00  1.7717E-01
  1.6900E+02  6.1014E+00  8.4897E-02
  1.6900E+02  6.1014E+00  8.4897E-02
  1.6900E+02  6.1014E+00  8.4897E-02
  1.6900E+02  6.1014E+00  8.4897E-02
  1.6900E+02  6.1014E+00  8.4897E-02
  1.6900E+02  6.1014E+00  8.4897E-02
  1.7000E+02  1.9405E+00 -1.0607E+00
  1.7000E+02  1.9405E+00 -1.0607E+00
  1.7000E+02  1.9405E+00 -1.0607E+00
  1.7000E+02  1.9405E+00 -1.0607E+00
  1.7000E+02  1.9405E+00 -1.0607E+00
  1.7000E+02  1.9405E+00 -1.0607E+00
  1.7100E+02  2.6551E+00 -7.4714E-01
  1.7100E+02  2.6551E+00 -7.4714E-01
  1.7100E+02  2.6551E+00 -7.4714E-01
  1.7100E+02  2.6551E+00 -7.4714E-01
  1.7100E+02  2.6551E+00 -7.4714E-01
  1.7100E+02  2.6551E+00 -7.4714E-01
  1.7200E+02  9.4605E+00  5.2349E-01
  1.7200E+02  9.4605E+00  5.2349E-01
  1.7200E+02  9.4605E+00  5.2349E-01
  1.7200E+02  9.4605E+00  5.2349E-01
  1.7200E+02  9.4605E+00  5.2349E-01
  1.7200E+02  9.4605E+00  5.2349E-01
  1.7300E+02  3.8641E+00 -3.7190E-01
  1.7300E+02  3.8641E+00 -3.7190E-01
  1.7300E+02  3.8641E+00 -3.7190E-01
  1.7300E+02  3.8641E+00 -3.7190E-01
  1.7300E+02  3.8641E+00 -3.7190E-01
  1.7300E+02  3.8641E+00 -3.7190E-01
  1.7400E+02  2.8317E+00 -6.8275E-01
  1.7400E+02  2.8317E+00 -6.8275E-01
  1.7400E+02  2.8317E+00 -6.8275E-01
  1.7400E+02  2.8317E+00 -6.8275E-01
  1.7400E+02  2.8317E+00 -6.8275E-01
  1.7400E+02  2.8317E+00 -6.8275E-01
  1.7500E+02  4.4774E+00 -2.2459E-01
  1.7500E+02  4.4774E+00 -2.2459E-01
  1.7500E+02  4.4774E+00 -2.2459E-01
  1.7500E+02  4.4774E+00 -2.2459E-01
  1.7500E+02  4.4774E+00 -2.2459E-01
  1.7500E+02  4.4774E+00 -2.2459E-01
  1.7600E+02  1.0328E+01  6.1124E-01
  1.7600E+02  1.0328E+01  6.1124E-01
  1.7600E+02  1.0328E+01  6.1124E-01
  1.7600E+02  1.0328E+01  6.1124E-01
  1.7600E+02  1.0328E+01  6.1124E-01
  1.7600E+02  1.0328E+01  6.1124E-01
  1.7700E+02  3.0659E+00 -6.0328E-01
  1.7700E+02  3.0659E+00 -6.0328E-01
  1.7700E+02  3.0659E+00 -6.0328E-01
  1.7700E+02  3.0659E+00 -6.0328E-01
  1.7700E+02  3.0659E+00 -6.0328E-01
  1.7700E+02  3.0659E+00 -6.0328E-01
  1.7800E+02  2.4056E+00 -8.4582E-01
  1.7800E+02  2.4056E+00 -8.4582E-01
  1.7800E+02  2.4056E+00 -8.4582E-01
  1.7800E+02  2.4056E+00 -8.4582E-01
  1.7800E+02  2.4056E+00 -8.4582E-01
  1.7800E+02  2.4056E+00 -8.4582E-01
  1.7900E+02  2.1085E+00 -9.7764E-01
  1.7900E+02  2.1085E+00 -9.7764E-01
  1.7900E+02  2.1085E+00 -9.7764E-01
  1.7900E+02  2.1085E+00 -9.7764E-01
  1.7900E+02  2.1085E+00 -9.7764E-01
  1.7900E+02  2.1085E+00 -9.7764E-01
  1.8000E+02  7.0893E+00  2.3496E-01
  1.8000E+02  7.0893E+00  2.3496E-01
  1.8000E+02  7.0893E+00  2.3496E-01
  1.8000E+02  7.0893E+00  2.3496E-01
  1.8000E+02  7.0893E+00  2.3496E-01
  1.8000E+02  7.0893E+00  2.3496E-01
  1.8100E+02  2.8481E+00 -6.7699E-01
  1.8100E+02  2.8481E+00 -6.7699E-01
  1.8100E+02  2.8481E+00 -6.7699E-01
  1.8100E+02  2.8481E+00 -6.7699E-01
  1.8100E+02  2.8481E+00 -6.7699E-01
  1.8100E+02  2.8481E+00 -6.7699E-01
  1.8200E+02  1.7343E+00 -1.1730E+00
  1.8200E+02  1.7343E+00 -1.1730E+00
  1.8200E+02  1.7343E+00 -1.1730E+00
  1.8200E+02  1.7343E+00 -1.1730E+00
  1.8200E+02  1.7343E+00 -1.1730E+00
  1.8200E+02  1.7343E+00 -1.1730E+00
  1.8300E+02  6.1810E+00  9.7846E-02
  1.8300E+02  6.1810E+00  9.7846E-02
  1.8300E+02  6.1810E+00  9.7846E-02
  1.8300E+02  6.1810E+00  9.7846E-02
  1.8300E+02  6.1810E+00  9.7846E-02
  1.8300E+02  6.1810E+00  9.7846E-02
  1.8400E+02  2.8481E+00 -6.7699E-01
  1.8400E+02  2.8481E+00 -6.7699E-01
  1.8400E+02  2.8481E+00 -6.7699E-01
  1.8400E+02  2.8481E+00 -6.7699E-01
  1.8400E+02  2.8481E+00 -6.7699E-01
  1.8400E+02  2.8481E+00 -6.7699E-01
  1.8500E+02  4.8355E+00 -1.4764E-01
  1.8500E+02  4.8355E+00 -1.4764E-01
  1.8500E+02  4.8355E+00 -1.4764E-01
  1.8500E+02  4.8355E+00 -1.4764E-01
  1.8500E+02  4.8355E+00 -1.4764E-01
  1.8500E+02  4.8355E+00 -1.4764E-01
  1.8600E+02  1.1601E+00 -1.5751E+00
  1.8600E+02  1.1601E+00 -1.5751E+00
  1.8600E+02  1.1601E+00 -1.5751E+00
  1.8600E+02  1.1601E+00 -1.5751E+00
  1.8600E+02  1.1601E+00 -1.5751E+00
  1.8600E+02  1.1601E+00 -1.5751E+00
  1.8700E+02  2.9959E+00 -6.2637E-01
  1.8700E+02  2.9959E+00 -6.2637E-01
  1.8700E+02  2.9959E+00 -6.2637E-01
  1.8700E+02  2.9959E+00 -6.2637E-01
  1.8700E+02  2.9959E+00 -6.2637E-01
  1.8700E+02  2.9959E+00 -6.2637E-01
  1.8800E+02  7.9542E+00  3.5007E-01
  1.8800E+02  7.9542E+00  3.5007E-01
  1.8800E+02  7.9542E+00  3.5007E-01
  1.8800E+02  7.9542E+00  3.5007E-01
  1.8800E+02  7.9542E+00  3.5007E-01
  1.8800E+02  7.9542E+00  3.5007E-01
  1.8900E+02  3.3877E+00 -5.0349E-01
  1.8900E+02  3.3877E+00 -5.0349E-01
  1.8900E+02  3.3877E+00 -5.0349E-01
  1.8900E+02  3.3877E+00 -5.0349E-01
  1.8900E+02  3.3877E+00 -5.0349E-01
  1.8900E+02  3.3877E+00 -5.0349E-01
  1.9000E+02  4.3293E+00 -2.5822E-01
  1.9000E+02  4.3293E+00 -2.5822E-01
  1.9000E+02  4.3293E+00 -2.5822E-01
  1.9000E+02  4.3293E+00 -2.5822E-01
  1.9000E+02  4.3293E+00 -2.5822E-01
  1.9000E+02  4.3293E+00 -2.5822E-01
  1.9100E+02  4.5800E+01  2.1007E+00
  1.9100E+02  4.5800E+01  2.1007E+00
  1.9100E+02  4.5800E+01  2.1007E+00
  1.9100E+02  4.5800E+01  2.1007E+00
  1.9100E+02  4.5800E+01  2.1007E+00
  1.9100E+02  4.5800E+01  2.1007E+00
  1.9200E+02  2.6479E+00 -7.4985E-01
  1.9200E+02  2.6479E+00 -7.4985E-01
  1.9200E+02  2.6479E+00 -7.4985E-01
  1.9200E+02  2.6479E+00 -7.4985E-01
  1.9200E+02  2.6479E+00 -7.4985E-01
  1.9200E+02  2.6479E+00 -7.4985E-01
  1.9300E+02  8.8799E+00  4.6016E-01
  1.9300E+02  8.8799E+00  4.6016E-01
  1.9300E+02  8.8799E+00  4.6016E-01
  1.9300E+02  8.8799E+00  4.6016E-01
  1.9300E+02  8.8799E+00  4.6016E-01
  1.9300E+02  8.8799E+00  4.6016E-01
  1.9400E+02  5.1909E+00 -7.6718E-02
  1.9400E+02  5.1909E+00 -7.6718E-02
  1.9400E+02  5.1909E+00 -7.6718E-02
  1.9400E+02  5.1909E+00 -7.6718E-02
  1.9400E+02  5.1909E+00 -7.6718E-02
  1.9400E+02  5.1909E+00 -7.6718E-02
  1.9500E+02  1.8185E+01  1.1770E+00
  1.9500E+02  1.8185E+01  1.1770E+00
  1.9500E+02  1.8185E+01  1.1770E+00
  1.9500E+02  1.8185E+01  1.1770E+00
  1.9500E+02  1.8185E+01  1.1770E+00
  1.9500E+02  1.8185E+01  1.1770E+00
  1.9600E+02  8.1522E+00  3.7465E-01
  1.9600E+02  8.1522E+00  3.7465E-01
  1.9600E+02  8.1522E+00  3.7465E-01
  1.9600E+02  8.1522E+00  3.7465E-01
  1.9600E+02  8.1522E+00  3.7465E-01
  1.9600E+02  8.1522E+00  3.7465E-01
  1.9700E+02  1.1044E+01  6.7829E-01
  1.9700E+02  1.1044E+01  6.7829E-01
  1.9700E+02  1.1044E+01  6.7829E-01
  1.9700E+02  1.1044E+01  6.7829E-01
  1.9700E+02  1.1044E+01  6.7829E-01
  1.9700E+02  1.1044E+01  6.7829E-01
  1.9800E+02  6.4800E+00  1.4509E-01
  1.9800E+02  6.4800E+00  1.4509E-01
  1.9800E+02  6.4800E+00  1.4509E-01
  1.9800E+02  6.4800E+00  1.4509E-01
  1.9800E+02  6.4800E+00  1.4509E-01
  1.9800E+02  6.4800E+00  1.4509E-01
  1.9900E+02  4.1812E+00 -2.9304E-01
  1.9900E+02  4.1812E+00 -2.9304E-01
  1.9900E+02  4.1812E+00 -2.9304E-01
  1.9900E+02  4.1812E+00 -2.9304E-01
  1.9900E+02  4.1812E+00 -2.9304E-01
  1.9900E+02  4.1812E+00 -2.9304E-01
  2.0000E+02  3.8219E+00 -3.8288E-01
  2.0000E+02  3.8219E+00 -3.8288E-01
  2.0000E+02  3.8219E+00 -3.8288E-01
  2.0000E+02  3.8219E+00 -3.8288E-01
  2.0000E+02  3.8219E+00 -3.8288E-01
  2.0000E+02  3.8219E+00 -3.8288E-01
