TABLE NO.  2
 ID          CL          V           ETA1        ETA2
  1.0000E+00  6.2534E-03  1.3493E+00 -6.3941E-02 -3.8491E-02
  1.0000E+00  6.2534E-03  1.3493E+00 -6.3941E-02 -3.8491E-02
  1.0000E+00  6.2534E-03  1.3493E+00 -6.3941E-02 -3.8491E-02
  1.0000E+00  6.2534E-03  1.3493E+00 -6.3941E-02 -3.8491E-02
  1.0000E+00  6.2534E-03  1.3493E+00 -6.3941E-02 -3.8491E-02
  1.0000E+00  6.2534E-03  1.3493E+00 -6.3941E-02 -3.8491E-02
  1.0000E+00  6.2534E-03  1.3493E+00 -6.3941E-02 -3.8491E-02
  1.0000E+00  6.2534E-03  1.3493E+00 -6.3941E-02 -3.8491E-02
  1.0000E+00  6.3260E-03  1.3493E+00 -6.3941E-02 -3.8491E-02
  1.0000E+00  6.3260E-03  1.3493E+00 -6.3941E-02 -3.8491E-02
  1.0000E+00  6.3260E-03  1.3493E+00 -6.3941E-02 -3.8491E-02
  1.0000E+00  6.3260E-03  1.3493E+00 -6.3941E-02 -3.8491E-02
  1.0000E+00  6.3260E-03  1.3493E+00 -6.3941E-02 -3.8491E-02
  2.0000E+00  5.4926E-03  1.2461E+00 -2.7206E-01 -1.8113E-01
  2.0000E+00  5.4926E-03  1.2461E+00 -2.7206E-01 -1.8113E-01
  2.0000E+00  5.4926E-03  1.2461E+00 -2.7206E-01 -1.8113E-01
  2.0000E+00  5.4926E-03  1.2461E+00 -2.7206E-01 -1.8113E-01
  2.0000E+00  5.4926E-03  1.2461E+00 -2.7206E-01 -1.8113E-01
  2.0000E+00  5.4926E-03  1.2461E+00 -2.7206E-01 -1.8113E-01
  2.0000E+00  5.4926E-03  1.2461E+00 -2.7206E-01 -1.8113E-01
  2.0000E+00  5.4926E-03  1.2461E+00 -2.7206E-01 -1.8113E-01
  2.0000E+00  5.4926E-03  1.2461E+00 -2.7206E-01 -1.8113E-01
  2.0000E+00  5.4926E-03  1.2461E+00 -2.7206E-01 -1.8113E-01
  2.0000E+00  5.5522E-03  1.2461E+00 -2.7206E-01 -1.8113E-01
  2.0000E+00  5.5522E-03  1.2461E+00 -2.7206E-01 -1.8113E-01
  2.0000E+00  5.5522E-03  1.2461E+00 -2.7206E-01 -1.8113E-01
  2.0000E+00  5.5522E-03  1.2461E+00 -2.7206E-01 -1.8113E-01
  2.0000E+00  5.5522E-03  1.2461E+00 -2.7206E-01 -1.8113E-01
  2.0000E+00  5.5522E-03  1.2461E+00 -2.7206E-01 -1.8113E-01
  3.0000E+00  8.5620E-03  1.6715E+00  1.7187E-01  1.1258E-01
  3.0000E+00  8.5620E-03  1.6715E+00  1.7187E-01  1.1258E-01
  3.0000E+00  8.5620E-03  1.6715E+00  1.7187E-01  1.1258E-01
  3.0000E+00  8.5620E-03  1.6715E+00  1.7187E-01  1.1258E-01
  3.0000E+00  8.5620E-03  1.6715E+00  1.7187E-01  1.1258E-01
  3.0000E+00  8.5620E-03  1.6715E+00  1.7187E-01  1.1258E-01
  3.0000E+00  8.5620E-03  1.6715E+00  1.7187E-01  1.1258E-01
  3.0000E+00  8.5620E-03  1.6715E+00  1.7187E-01  1.1258E-01
  3.0000E+00  8.6548E-03  1.6715E+00  1.7187E-01  1.1258E-01
  3.0000E+00  8.6548E-03  1.6715E+00  1.7187E-01  1.1258E-01
  3.0000E+00  8.6548E-03  1.6715E+00  1.7187E-01  1.1258E-01
  3.0000E+00  8.6548E-03  1.6715E+00  1.7187E-01  1.1258E-01
  3.0000E+00  8.6548E-03  1.6715E+00  1.7187E-01  1.1258E-01
  3.0000E+00  8.6548E-03  1.6715E+00  1.7187E-01  1.1258E-01
  3.0000E+00  8.6548E-03  1.6715E+00  1.7187E-01  1.1258E-01
  3.0000E+00  8.6548E-03  1.6715E+00  1.7187E-01  1.1258E-01
  4.0000E+00  3.9007E-03  9.1481E-01 -3.3881E-02 -2.3294E-02
  4.0000E+00  3.9007E-03  9.1481E-01 -3.3881E-02 -2.3294E-02
  4.0000E+00  3.9007E-03  9.1481E-01 -3.3881E-02 -2.3294E-02
  4.0000E+00  3.9007E-03  9.1481E-01 -3.3881E-02 -2.3294E-02
  4.0000E+00  3.9007E-03  9.1481E-01 -3.3881E-02 -2.3294E-02
  4.0000E+00  3.9007E-03  9.1481E-01 -3.3881E-02 -2.3294E-02
  4.0000E+00  3.9007E-03  9.1481E-01 -3.3881E-02 -2.3294E-02
  4.0000E+00  3.9007E-03  9.1481E-01 -3.3881E-02 -2.3294E-02
  4.0000E+00  3.9007E-03  9.1481E-01 -3.3881E-02 -2.3294E-02
  4.0000E+00  3.9007E-03  9.1481E-01 -3.3881E-02 -2.3294E-02
  4.0000E+00  3.9359E-03  9.1481E-01 -3.3881E-02 -2.3294E-02
  4.0000E+00  3.9359E-03  9.1481E-01 -3.3881E-02 -2.3294E-02
  4.0000E+00  3.9359E-03  9.1481E-01 -3.3881E-02 -2.3294E-02
  4.0000E+00  3.9359E-03  9.1481E-01 -3.3881E-02 -2.3294E-02
  4.0000E+00  3.9359E-03  9.1481E-01 -3.3881E-02 -2.3294E-02
  5.0000E+00  9.0384E-03  1.7283E+00  3.0441E-01  2.0909E-01
  5.0000E+00  9.0384E-03  1.7283E+00  3.0441E-01  2.0909E-01
  5.0000E+00  9.0384E-03  1.7283E+00  3.0441E-01  2.0909E-01
  5.0000E+00  9.0384E-03  1.7283E+00  3.0441E-01  2.0909E-01
  5.0000E+00  9.0384E-03  1.7283E+00  3.0441E-01  2.0909E-01
  5.0000E+00  9.0384E-03  1.7283E+00  3.0441E-01  2.0909E-01
  5.0000E+00  9.0384E-03  1.7283E+00  3.0441E-01  2.0909E-01
  5.0000E+00  9.0384E-03  1.7283E+00  3.0441E-01  2.0909E-01
  5.0000E+00  9.0384E-03  1.7283E+00  3.0441E-01  2.0909E-01
  5.0000E+00  9.1434E-03  1.7283E+00  3.0441E-01  2.0909E-01
  5.0000E+00  9.1434E-03  1.7283E+00  3.0441E-01  2.0909E-01
  5.0000E+00  9.1434E-03  1.7283E+00  3.0441E-01  2.0909E-01
  5.0000E+00  9.1434E-03  1.7283E+00  3.0441E-01  2.0909E-01
  5.0000E+00  9.1434E-03  1.7283E+00  3.0441E-01  2.0909E-01
  5.0000E+00  9.1434E-03  1.7283E+00  3.0441E-01  2.0909E-01
  6.0000E+00  5.8500E-03  1.2707E+00  4.4529E-02  4.2402E-02
  6.0000E+00  5.8500E-03  1.2707E+00  4.4529E-02  4.2402E-02
  6.0000E+00  5.8500E-03  1.2707E+00  4.4529E-02  4.2402E-02
  6.0000E+00  5.8500E-03  1.2707E+00  4.4529E-02  4.2402E-02
  6.0000E+00  5.8500E-03  1.2707E+00  4.4529E-02  4.2402E-02
  6.0000E+00  5.8500E-03  1.2707E+00  4.4529E-02  4.2402E-02
  6.0000E+00  5.8500E-03  1.2707E+00  4.4529E-02  4.2402E-02
  6.0000E+00  5.8500E-03  1.2707E+00  4.4529E-02  4.2402E-02
  6.0000E+00  5.8500E-03  1.2707E+00  4.4529E-02  4.2402E-02
  6.0000E+00  5.8500E-03  1.2707E+00  4.4529E-02  4.2402E-02
  6.0000E+00  5.8897E-03  1.2707E+00  4.4529E-02  4.2402E-02
  6.0000E+00  5.8897E-03  1.2707E+00  4.4529E-02  4.2402E-02
  6.0000E+00  5.8897E-03  1.2707E+00  4.4529E-02  4.2402E-02
  6.0000E+00  5.8897E-03  1.2707E+00  4.4529E-02  4.2402E-02
  6.0000E+00  5.8897E-03  1.2707E+00  4.4529E-02  4.2402E-02
  6.0000E+00  5.8897E-03  1.2707E+00  4.4529E-02  4.2402E-02
  7.0000E+00  4.7904E-03  1.0634E+00  5.1865E-02  3.0884E-02
  7.0000E+00  4.7904E-03  1.0634E+00  5.1865E-02  3.0884E-02
  7.0000E+00  4.7904E-03  1.0634E+00  5.1865E-02  3.0884E-02
  7.0000E+00  4.7904E-03  1.0634E+00  5.1865E-02  3.0884E-02
  7.0000E+00  4.7904E-03  1.0634E+00  5.1865E-02  3.0884E-02
  7.0000E+00  4.7904E-03  1.0634E+00  5.1865E-02  3.0884E-02
  7.0000E+00  4.7904E-03  1.0634E+00  5.1865E-02  3.0884E-02
  7.0000E+00  4.7904E-03  1.0634E+00  5.1865E-02  3.0884E-02
  7.0000E+00  4.8294E-03  1.0634E+00  5.1865E-02  3.0884E-02
  7.0000E+00  4.8294E-03  1.0634E+00  5.1865E-02  3.0884E-02
  7.0000E+00  4.8294E-03  1.0634E+00  5.1865E-02  3.0884E-02
  7.0000E+00  4.8294E-03  1.0634E+00  5.1865E-02  3.0884E-02
  7.0000E+00  4.8294E-03  1.0634E+00  5.1865E-02  3.0884E-02
  7.0000E+00  4.8294E-03  1.0634E+00  5.1865E-02  3.0884E-02
  7.0000E+00  4.8294E-03  1.0634E+00  5.1865E-02  3.0884E-02
  7.0000E+00  4.8682E-03  1.0634E+00  5.1865E-02  3.0884E-02
  7.0000E+00  4.8682E-03  1.0634E+00  5.1865E-02  3.0884E-02
  8.0000E+00  4.5167E-03  1.0344E+00 -2.1413E-01 -1.6337E-01
  8.0000E+00  4.5167E-03  1.0344E+00 -2.1413E-01 -1.6337E-01
  8.0000E+00  4.5167E-03  1.0344E+00 -2.1413E-01 -1.6337E-01
  8.0000E+00  4.5167E-03  1.0344E+00 -2.1413E-01 -1.6337E-01
  8.0000E+00  4.5167E-03  1.0344E+00 -2.1413E-01 -1.6337E-01
  8.0000E+00  4.5167E-03  1.0344E+00 -2.1413E-01 -1.6337E-01
  8.0000E+00  4.5167E-03  1.0344E+00 -2.1413E-01 -1.6337E-01
  8.0000E+00  4.5167E-03  1.0344E+00 -2.1413E-01 -1.6337E-01
  8.0000E+00  4.5167E-03  1.0344E+00 -2.1413E-01 -1.6337E-01
  8.0000E+00  4.5473E-03  1.0344E+00 -2.1413E-01 -1.6337E-01
  8.0000E+00  4.5473E-03  1.0344E+00 -2.1413E-01 -1.6337E-01
  8.0000E+00  4.5473E-03  1.0344E+00 -2.1413E-01 -1.6337E-01
  8.0000E+00  4.5473E-03  1.0344E+00 -2.1413E-01 -1.6337E-01
  8.0000E+00  4.5473E-03  1.0344E+00 -2.1413E-01 -1.6337E-01
  8.0000E+00  4.5473E-03  1.0344E+00 -2.1413E-01 -1.6337E-01
  8.0000E+00  4.5473E-03  1.0344E+00 -2.1413E-01 -1.6337E-01
  8.0000E+00  4.6084E-03  1.0344E+00 -2.1413E-01 -1.6337E-01
  9.0000E+00  5.1133E-03  1.2015E+00 -2.6523E-01 -1.5447E-01
  9.0000E+00  5.1133E-03  1.2015E+00 -2.6523E-01 -1.5447E-01
  9.0000E+00  5.1133E-03  1.2015E+00 -2.6523E-01 -1.5447E-01
  9.0000E+00  5.1133E-03  1.2015E+00 -2.6523E-01 -1.5447E-01
  9.0000E+00  5.1133E-03  1.2015E+00 -2.6523E-01 -1.5447E-01
  9.0000E+00  5.1133E-03  1.2015E+00 -2.6523E-01 -1.5447E-01
  9.0000E+00  5.1133E-03  1.2015E+00 -2.6523E-01 -1.5447E-01
  9.0000E+00  5.1133E-03  1.2015E+00 -2.6523E-01 -1.5447E-01
  9.0000E+00  5.1133E-03  1.2015E+00 -2.6523E-01 -1.5447E-01
  9.0000E+00  5.1726E-03  1.2015E+00 -2.6523E-01 -1.5447E-01
  9.0000E+00  5.1726E-03  1.2015E+00 -2.6523E-01 -1.5447E-01
  9.0000E+00  5.1726E-03  1.2015E+00 -2.6523E-01 -1.5447E-01
  9.0000E+00  5.1726E-03  1.2015E+00 -2.6523E-01 -1.5447E-01
  9.0000E+00  5.1726E-03  1.2015E+00 -2.6523E-01 -1.5447E-01
  9.0000E+00  5.1726E-03  1.2015E+00 -2.6523E-01 -1.5447E-01
  9.0000E+00  5.1726E-03  1.2015E+00 -2.6523E-01 -1.5447E-01
  9.0000E+00  5.1726E-03  1.2015E+00 -2.6523E-01 -1.5447E-01
  9.0000E+00  5.3204E-03  1.2015E+00 -2.6523E-01 -1.5447E-01
  1.0000E+01  6.5866E-03  1.3912E+00 -1.2034E-02 -7.8559E-03
  1.0000E+01  6.5866E-03  1.3912E+00 -1.2034E-02 -7.8559E-03
  1.0000E+01  6.5866E-03  1.3912E+00 -1.2034E-02 -7.8559E-03
  1.0000E+01  6.5866E-03  1.3912E+00 -1.2034E-02 -7.8559E-03
  1.0000E+01  6.5866E-03  1.3912E+00 -1.2034E-02 -7.8559E-03
  1.0000E+01  6.5866E-03  1.3912E+00 -1.2034E-02 -7.8559E-03
  1.0000E+01  6.5866E-03  1.3912E+00 -1.2034E-02 -7.8559E-03
  1.0000E+01  6.5866E-03  1.3912E+00 -1.2034E-02 -7.8559E-03
  1.0000E+01  6.5866E-03  1.3912E+00 -1.2034E-02 -7.8559E-03
  1.0000E+01  6.5866E-03  1.3912E+00 -1.2034E-02 -7.8559E-03
  1.0000E+01  6.6631E-03  1.3912E+00 -1.2034E-02 -7.8559E-03
  1.0000E+01  6.6631E-03  1.3912E+00 -1.2034E-02 -7.8559E-03
  1.0000E+01  6.6631E-03  1.3912E+00 -1.2034E-02 -7.8559E-03
  1.0000E+01  6.6631E-03  1.3912E+00 -1.2034E-02 -7.8559E-03
  1.0000E+01  6.6631E-03  1.3912E+00 -1.2034E-02 -7.8559E-03
  1.0000E+01  6.6631E-03  1.3912E+00 -1.2034E-02 -7.8559E-03
  1.1000E+01  8.2748E-03  1.5965E+00  3.9130E-01  2.7065E-01
  1.1000E+01  8.2748E-03  1.5965E+00  3.9130E-01  2.7065E-01
  1.1000E+01  8.2748E-03  1.5965E+00  3.9130E-01  2.7065E-01
  1.1000E+01  8.2748E-03  1.5965E+00  3.9130E-01  2.7065E-01
  1.1000E+01  8.2748E-03  1.5965E+00  3.9130E-01  2.7065E-01
  1.1000E+01  8.2748E-03  1.5965E+00  3.9130E-01  2.7065E-01
  1.1000E+01  8.2748E-03  1.5965E+00  3.9130E-01  2.7065E-01
  1.2000E+01  5.9094E-03  1.3023E+00 -3.6326E-02 -6.2296E-03
  1.2000E+01  5.9094E-03  1.3023E+00 -3.6326E-02 -6.2296E-03
  1.2000E+01  5.9094E-03  1.3023E+00 -3.6326E-02 -6.2296E-03
  1.2000E+01  5.9094E-03  1.3023E+00 -3.6326E-02 -6.2296E-03
  1.2000E+01  5.9094E-03  1.3023E+00 -3.6326E-02 -6.2296E-03
  1.2000E+01  5.9094E-03  1.3023E+00 -3.6326E-02 -6.2296E-03
  1.2000E+01  5.9094E-03  1.3023E+00 -3.6326E-02 -6.2296E-03
  1.2000E+01  5.9094E-03  1.3023E+00 -3.6326E-02 -6.2296E-03
  1.2000E+01  5.9094E-03  1.3023E+00 -3.6326E-02 -6.2296E-03
  1.2000E+01  5.9833E-03  1.3023E+00 -3.6326E-02 -6.2296E-03
  1.2000E+01  5.9833E-03  1.3023E+00 -3.6326E-02 -6.2296E-03
  1.2000E+01  5.9833E-03  1.3023E+00 -3.6326E-02 -6.2296E-03
  1.2000E+01  5.9833E-03  1.3023E+00 -3.6326E-02 -6.2296E-03
  1.2000E+01  5.9833E-03  1.3023E+00 -3.6326E-02 -6.2296E-03
  1.2000E+01  5.9833E-03  1.3023E+00 -3.6326E-02 -6.2296E-03
  1.2000E+01  5.9833E-03  1.3023E+00 -3.6326E-02 -6.2296E-03
  1.2000E+01  6.1304E-03  1.3023E+00 -3.6326E-02 -6.2296E-03
  1.3000E+01  4.0363E-03  9.6177E-01 -2.2772E-01 -1.5664E-01
  1.3000E+01  4.0363E-03  9.6177E-01 -2.2772E-01 -1.5664E-01
  1.3000E+01  4.0363E-03  9.6177E-01 -2.2772E-01 -1.5664E-01
  1.3000E+01  4.0363E-03  9.6177E-01 -2.2772E-01 -1.5664E-01
  1.3000E+01  4.0363E-03  9.6177E-01 -2.2772E-01 -1.5664E-01
  1.3000E+01  4.0363E-03  9.6177E-01 -2.2772E-01 -1.5664E-01
  1.3000E+01  4.0363E-03  9.6177E-01 -2.2772E-01 -1.5664E-01
  1.3000E+01  4.0363E-03  9.6177E-01 -2.2772E-01 -1.5664E-01
  1.3000E+01  4.0661E-03  9.6177E-01 -2.2772E-01 -1.5664E-01
  1.3000E+01  4.0661E-03  9.6177E-01 -2.2772E-01 -1.5664E-01
  1.3000E+01  4.0661E-03  9.6177E-01 -2.2772E-01 -1.5664E-01
  1.3000E+01  4.0661E-03  9.6177E-01 -2.2772E-01 -1.5664E-01
  1.3000E+01  4.0661E-03  9.6177E-01 -2.2772E-01 -1.5664E-01
  1.3000E+01  4.0661E-03  9.6177E-01 -2.2772E-01 -1.5664E-01
  1.3000E+01  4.1256E-03  9.6177E-01 -2.2772E-01 -1.5664E-01
  1.3000E+01  4.1256E-03  9.6177E-01 -2.2772E-01 -1.5664E-01
  1.3000E+01  4.1256E-03  9.6177E-01 -2.2772E-01 -1.5664E-01
  1.4000E+01  5.1075E-03  1.0826E+00  7.6656E-03 -3.8323E-02
  1.4000E+01  5.1075E-03  1.0826E+00  7.6656E-03 -3.8323E-02
  1.4000E+01  5.1075E-03  1.0826E+00  7.6656E-03 -3.8323E-02
  1.4000E+01  5.1075E-03  1.0826E+00  7.6656E-03 -3.8323E-02
  1.4000E+01  5.1075E-03  1.0826E+00  7.6656E-03 -3.8323E-02
  1.4000E+01  5.1075E-03  1.0826E+00  7.6656E-03 -3.8323E-02
  1.4000E+01  5.1075E-03  1.0826E+00  7.6656E-03 -3.8323E-02
  1.4000E+01  5.1075E-03  1.0826E+00  7.6656E-03 -3.8323E-02
  1.4000E+01  5.1075E-03  1.0826E+00  7.6656E-03 -3.8323E-02
  1.4000E+01  5.1075E-03  1.0826E+00  7.6656E-03 -3.8323E-02
  1.4000E+01  5.1453E-03  1.0826E+00  7.6656E-03 -3.8323E-02
  1.4000E+01  5.1453E-03  1.0826E+00  7.6656E-03 -3.8323E-02
  1.4000E+01  5.1453E-03  1.0826E+00  7.6656E-03 -3.8323E-02
  1.4000E+01  5.1453E-03  1.0826E+00  7.6656E-03 -3.8323E-02
  1.4000E+01  5.1453E-03  1.0826E+00  7.6656E-03 -3.8323E-02
  1.4000E+01  5.1453E-03  1.0826E+00  7.6656E-03 -3.8323E-02
  1.4000E+01  5.1453E-03  1.0826E+00  7.6656E-03 -3.8323E-02
  1.4000E+01  5.2956E-03  1.0826E+00  7.6656E-03 -3.8323E-02
  1.5000E+01  6.4051E-03  1.3522E+00  4.4233E-02  3.1377E-02
  1.5000E+01  6.4051E-03  1.3522E+00  4.4233E-02  3.1377E-02
  1.5000E+01  6.4051E-03  1.3522E+00  4.4233E-02  3.1377E-02
  1.5000E+01  6.4051E-03  1.3522E+00  4.4233E-02  3.1377E-02
  1.5000E+01  6.4051E-03  1.3522E+00  4.4233E-02  3.1377E-02
  1.5000E+01  6.4051E-03  1.3522E+00  4.4233E-02  3.1377E-02
  1.5000E+01  6.4051E-03  1.3522E+00  4.4233E-02  3.1377E-02
  1.5000E+01  6.4051E-03  1.3522E+00  4.4233E-02  3.1377E-02
  1.5000E+01  6.4852E-03  1.3522E+00  4.4233E-02  3.1377E-02
  1.5000E+01  6.4852E-03  1.3522E+00  4.4233E-02  3.1377E-02
  1.5000E+01  6.4852E-03  1.3522E+00  4.4233E-02  3.1377E-02
  1.5000E+01  6.4852E-03  1.3522E+00  4.4233E-02  3.1377E-02
  1.5000E+01  6.4852E-03  1.3522E+00  4.4233E-02  3.1377E-02
  1.5000E+01  6.4852E-03  1.3522E+00  4.4233E-02  3.1377E-02
  1.5000E+01  6.5251E-03  1.3522E+00  4.4233E-02  3.1377E-02
  1.6000E+01  5.1422E-03  1.1644E+00 -8.4439E-02 -4.4952E-02
  1.6000E+01  5.1422E-03  1.1644E+00 -8.4439E-02 -4.4952E-02
  1.6000E+01  5.1422E-03  1.1644E+00 -8.4439E-02 -4.4952E-02
  1.6000E+01  5.1422E-03  1.1644E+00 -8.4439E-02 -4.4952E-02
  1.6000E+01  5.1422E-03  1.1644E+00 -8.4439E-02 -4.4952E-02
  1.6000E+01  5.1422E-03  1.1644E+00 -8.4439E-02 -4.4952E-02
  1.6000E+01  5.1422E-03  1.1644E+00 -8.4439E-02 -4.4952E-02
  1.6000E+01  5.1422E-03  1.1644E+00 -8.4439E-02 -4.4952E-02
  1.6000E+01  5.1422E-03  1.1644E+00 -8.4439E-02 -4.4952E-02
  1.6000E+01  5.1422E-03  1.1644E+00 -8.4439E-02 -4.4952E-02
  1.6000E+01  5.1422E-03  1.1644E+00 -8.4439E-02 -4.4952E-02
  1.6000E+01  5.1770E-03  1.1644E+00 -8.4439E-02 -4.4952E-02
  1.6000E+01  5.1770E-03  1.1644E+00 -8.4439E-02 -4.4952E-02
  1.6000E+01  5.1770E-03  1.1644E+00 -8.4439E-02 -4.4952E-02
  1.6000E+01  5.1770E-03  1.1644E+00 -8.4439E-02 -4.4952E-02
  1.6000E+01  5.1770E-03  1.1644E+00 -8.4439E-02 -4.4952E-02
  1.6000E+01  5.1770E-03  1.1644E+00 -8.4439E-02 -4.4952E-02
  1.6000E+01  5.2465E-03  1.1644E+00 -8.4439E-02 -4.4952E-02
  1.6000E+01  5.2465E-03  1.1644E+00 -8.4439E-02 -4.4952E-02
  1.7000E+01  4.5439E-03  1.0494E+00 -1.0926E-01 -6.9455E-02
  1.7000E+01  4.5439E-03  1.0494E+00 -1.0926E-01 -6.9455E-02
  1.7000E+01  4.5439E-03  1.0494E+00 -1.0926E-01 -6.9455E-02
  1.7000E+01  4.5439E-03  1.0494E+00 -1.0926E-01 -6.9455E-02
  1.7000E+01  4.5439E-03  1.0494E+00 -1.0926E-01 -6.9455E-02
  1.7000E+01  4.5439E-03  1.0494E+00 -1.0926E-01 -6.9455E-02
  1.7000E+01  4.5439E-03  1.0494E+00 -1.0926E-01 -6.9455E-02
  1.7000E+01  4.5439E-03  1.0494E+00 -1.0926E-01 -6.9455E-02
  1.7000E+01  4.5775E-03  1.0494E+00 -1.0926E-01 -6.9455E-02
  1.7000E+01  4.5775E-03  1.0494E+00 -1.0926E-01 -6.9455E-02
  1.7000E+01  4.5775E-03  1.0494E+00 -1.0926E-01 -6.9455E-02
  1.7000E+01  4.5775E-03  1.0494E+00 -1.0926E-01 -6.9455E-02
  1.7000E+01  4.5775E-03  1.0494E+00 -1.0926E-01 -6.9455E-02
  1.7000E+01  4.5775E-03  1.0494E+00 -1.0926E-01 -6.9455E-02
  1.7000E+01  4.5775E-03  1.0494E+00 -1.0926E-01 -6.9455E-02
  1.7000E+01  4.6445E-03  1.0494E+00 -1.0926E-01 -6.9455E-02
  1.7000E+01  4.6445E-03  1.0494E+00 -1.0926E-01 -6.9455E-02
  1.8000E+01  6.3247E-03  1.2338E+00  3.2970E-01  1.7952E-01
  1.8000E+01  6.3247E-03  1.2338E+00  3.2970E-01  1.7952E-01
  1.8000E+01  6.3247E-03  1.2338E+00  3.2970E-01  1.7952E-01
  1.8000E+01  6.3247E-03  1.2338E+00  3.2970E-01  1.7952E-01
  1.8000E+01  6.3247E-03  1.2338E+00  3.2970E-01  1.7952E-01
  1.8000E+01  6.3247E-03  1.2338E+00  3.2970E-01  1.7952E-01
  1.8000E+01  6.3247E-03  1.2338E+00  3.2970E-01  1.7952E-01
  1.8000E+01  6.3247E-03  1.2338E+00  3.2970E-01  1.7952E-01
  1.8000E+01  6.3247E-03  1.2338E+00  3.2970E-01  1.7952E-01
  1.8000E+01  6.3247E-03  1.2338E+00  3.2970E-01  1.7952E-01
  1.8000E+01  6.3761E-03  1.2338E+00  3.2970E-01  1.7952E-01
  1.8000E+01  6.3761E-03  1.2338E+00  3.2970E-01  1.7952E-01
  1.8000E+01  6.3761E-03  1.2338E+00  3.2970E-01  1.7952E-01
  1.8000E+01  6.3761E-03  1.2338E+00  3.2970E-01  1.7952E-01
  1.8000E+01  6.3761E-03  1.2338E+00  3.2970E-01  1.7952E-01
  1.8000E+01  6.3761E-03  1.2338E+00  3.2970E-01  1.7952E-01
  1.8000E+01  6.6317E-03  1.2338E+00  3.2970E-01  1.7952E-01
  1.9000E+01  4.9361E-03  1.0893E+00  8.1832E-02  5.4982E-02
  1.9000E+01  4.9361E-03  1.0893E+00  8.1832E-02  5.4982E-02
  1.9000E+01  4.9361E-03  1.0893E+00  8.1832E-02  5.4982E-02
  1.9000E+01  4.9361E-03  1.0893E+00  8.1832E-02  5.4982E-02
  1.9000E+01  4.9361E-03  1.0893E+00  8.1832E-02  5.4982E-02
  1.9000E+01  4.9361E-03  1.0893E+00  8.1832E-02  5.4982E-02
  1.9000E+01  4.9361E-03  1.0893E+00  8.1832E-02  5.4982E-02
  1.9000E+01  4.9361E-03  1.0893E+00  8.1832E-02  5.4982E-02
  1.9000E+01  4.9361E-03  1.0893E+00  8.1832E-02  5.4982E-02
  1.9000E+01  4.9763E-03  1.0893E+00  8.1832E-02  5.4982E-02
  1.9000E+01  4.9763E-03  1.0893E+00  8.1832E-02  5.4982E-02
  1.9000E+01  4.9763E-03  1.0893E+00  8.1832E-02  5.4982E-02
  1.9000E+01  4.9763E-03  1.0893E+00  8.1832E-02  5.4982E-02
  1.9000E+01  4.9763E-03  1.0893E+00  8.1832E-02  5.4982E-02
  1.9000E+01  4.9763E-03  1.0893E+00  8.1832E-02  5.4982E-02
  1.9000E+01  4.9763E-03  1.0893E+00  8.1832E-02  5.4982E-02
  1.9000E+01  5.0163E-03  1.0893E+00  8.1832E-02  5.4982E-02
  1.9000E+01  5.0163E-03  1.0893E+00  8.1832E-02  5.4982E-02
  2.0000E+01  5.0481E-03  1.1263E+00 -1.0290E-01 -7.8247E-02
  2.0000E+01  5.0481E-03  1.1263E+00 -1.0290E-01 -7.8247E-02
  2.0000E+01  5.0481E-03  1.1263E+00 -1.0290E-01 -7.8247E-02
  2.0000E+01  5.0481E-03  1.1263E+00 -1.0290E-01 -7.8247E-02
  2.0000E+01  5.0481E-03  1.1263E+00 -1.0290E-01 -7.8247E-02
  2.0000E+01  5.0481E-03  1.1263E+00 -1.0290E-01 -7.8247E-02
  2.0000E+01  5.0481E-03  1.1263E+00 -1.0290E-01 -7.8247E-02
  2.0000E+01  5.0481E-03  1.1263E+00 -1.0290E-01 -7.8247E-02
  2.0000E+01  5.0481E-03  1.1263E+00 -1.0290E-01 -7.8247E-02
  2.0000E+01  5.0823E-03  1.1263E+00 -1.0290E-01 -7.8247E-02
  2.0000E+01  5.0823E-03  1.1263E+00 -1.0290E-01 -7.8247E-02
  2.0000E+01  5.0823E-03  1.1263E+00 -1.0290E-01 -7.8247E-02
  2.0000E+01  5.0823E-03  1.1263E+00 -1.0290E-01 -7.8247E-02
  2.0000E+01  5.0823E-03  1.1263E+00 -1.0290E-01 -7.8247E-02
  2.0000E+01  5.0823E-03  1.1263E+00 -1.0290E-01 -7.8247E-02
  2.0000E+01  5.0823E-03  1.1263E+00 -1.0290E-01 -7.8247E-02
  2.1000E+01  7.9143E-03  1.6449E+00 -1.1397E-01 -7.0066E-02
  2.1000E+01  7.9143E-03  1.6449E+00 -1.1397E-01 -7.0066E-02
  2.1000E+01  7.9143E-03  1.6449E+00 -1.1397E-01 -7.0066E-02
  2.1000E+01  7.9143E-03  1.6449E+00 -1.1397E-01 -7.0066E-02
  2.1000E+01  7.9143E-03  1.6449E+00 -1.1397E-01 -7.0066E-02
  2.1000E+01  7.9143E-03  1.6449E+00 -1.1397E-01 -7.0066E-02
  2.1000E+01  7.9143E-03  1.6449E+00 -1.1397E-01 -7.0066E-02
  2.1000E+01  7.9143E-03  1.6449E+00 -1.1397E-01 -7.0066E-02
  2.1000E+01  7.9143E-03  1.6449E+00 -1.1397E-01 -7.0066E-02
  2.1000E+01  7.9858E-03  1.6449E+00 -1.1397E-01 -7.0066E-02
  2.1000E+01  7.9858E-03  1.6449E+00 -1.1397E-01 -7.0066E-02
  2.1000E+01  7.9858E-03  1.6449E+00 -1.1397E-01 -7.0066E-02
  2.1000E+01  7.9858E-03  1.6449E+00 -1.1397E-01 -7.0066E-02
  2.1000E+01  7.9858E-03  1.6449E+00 -1.1397E-01 -7.0066E-02
  2.1000E+01  7.9858E-03  1.6449E+00 -1.1397E-01 -7.0066E-02
  2.1000E+01  7.9858E-03  1.6449E+00 -1.1397E-01 -7.0066E-02
  2.1000E+01  8.0571E-03  1.6449E+00 -1.1397E-01 -7.0066E-02
  2.1000E+01  8.1283E-03  1.6449E+00 -1.1397E-01 -7.0066E-02
  2.2000E+01  6.6111E-03  1.4030E+00 -8.6719E-02 -6.2474E-02
  2.2000E+01  6.6111E-03  1.4030E+00 -8.6719E-02 -6.2474E-02
  2.2000E+01  6.6111E-03  1.4030E+00 -8.6719E-02 -6.2474E-02
  2.2000E+01  6.6111E-03  1.4030E+00 -8.6719E-02 -6.2474E-02
  2.2000E+01  6.6111E-03  1.4030E+00 -8.6719E-02 -6.2474E-02
  2.2000E+01  6.6111E-03  1.4030E+00 -8.6719E-02 -6.2474E-02
  2.2000E+01  6.6111E-03  1.4030E+00 -8.6719E-02 -6.2474E-02
  2.2000E+01  6.6111E-03  1.4030E+00 -8.6719E-02 -6.2474E-02
  2.3000E+01  1.5951E-02  2.8004E+00 -3.0773E-02 -3.4810E-02
  2.3000E+01  1.5951E-02  2.8004E+00 -3.0773E-02 -3.4810E-02
  2.3000E+01  1.5951E-02  2.8004E+00 -3.0773E-02 -3.4810E-02
  2.3000E+01  1.5951E-02  2.8004E+00 -3.0773E-02 -3.4810E-02
  2.3000E+01  1.5951E-02  2.8004E+00 -3.0773E-02 -3.4810E-02
  2.3000E+01  1.5951E-02  2.8004E+00 -3.0773E-02 -3.4810E-02
  2.3000E+01  1.5951E-02  2.8004E+00 -3.0773E-02 -3.4810E-02
  2.3000E+01  1.5951E-02  2.8004E+00 -3.0773E-02 -3.4810E-02
  2.3000E+01  1.5951E-02  2.8004E+00 -3.0773E-02 -3.4810E-02
  2.3000E+01  1.5951E-02  2.8004E+00 -3.0773E-02 -3.4810E-02
  2.3000E+01  1.6119E-02  2.8004E+00 -3.0773E-02 -3.4810E-02
  2.3000E+01  1.6119E-02  2.8004E+00 -3.0773E-02 -3.4810E-02
  2.3000E+01  1.6119E-02  2.8004E+00 -3.0773E-02 -3.4810E-02
  2.3000E+01  1.6119E-02  2.8004E+00 -3.0773E-02 -3.4810E-02
  2.3000E+01  1.6119E-02  2.8004E+00 -3.0773E-02 -3.4810E-02
  2.3000E+01  1.6119E-02  2.8004E+00 -3.0773E-02 -3.4810E-02
  2.4000E+01  2.0213E-02  3.3621E+00  1.6994E-01  1.1898E-01
  2.4000E+01  2.0213E-02  3.3621E+00  1.6994E-01  1.1898E-01
  2.4000E+01  2.0213E-02  3.3621E+00  1.6994E-01  1.1898E-01
  2.4000E+01  2.0213E-02  3.3621E+00  1.6994E-01  1.1898E-01
  2.4000E+01  2.0213E-02  3.3621E+00  1.6994E-01  1.1898E-01
  2.4000E+01  2.0213E-02  3.3621E+00  1.6994E-01  1.1898E-01
  2.4000E+01  2.0213E-02  3.3621E+00  1.6994E-01  1.1898E-01
  2.4000E+01  2.0213E-02  3.3621E+00  1.6994E-01  1.1898E-01
  2.4000E+01  2.0213E-02  3.3621E+00  1.6994E-01  1.1898E-01
  2.4000E+01  2.0213E-02  3.3621E+00  1.6994E-01  1.1898E-01
  2.4000E+01  2.0419E-02  3.3621E+00  1.6994E-01  1.1898E-01
  2.4000E+01  2.0419E-02  3.3621E+00  1.6994E-01  1.1898E-01
  2.4000E+01  2.0419E-02  3.3621E+00  1.6994E-01  1.1898E-01
  2.4000E+01  2.0419E-02  3.3621E+00  1.6994E-01  1.1898E-01
  2.4000E+01  2.0419E-02  3.3621E+00  1.6994E-01  1.1898E-01
  2.4000E+01  2.0419E-02  3.3621E+00  1.6994E-01  1.1898E-01
  2.4000E+01  2.0419E-02  3.3621E+00  1.6994E-01  1.1898E-01
  2.4000E+01  2.0623E-02  3.3621E+00  1.6994E-01  1.1898E-01
  2.4000E+01  2.0623E-02  3.3621E+00  1.6994E-01  1.1898E-01
  2.5000E+01  4.4419E-03  9.8890E-01  3.8161E-01  2.8426E-01
  2.5000E+01  4.4419E-03  9.8890E-01  3.8161E-01  2.8426E-01
  2.5000E+01  4.4419E-03  9.8890E-01  3.8161E-01  2.8426E-01
  2.5000E+01  4.4419E-03  9.8890E-01  3.8161E-01  2.8426E-01
  2.5000E+01  4.4419E-03  9.8890E-01  3.8161E-01  2.8426E-01
  2.5000E+01  4.4419E-03  9.8890E-01  3.8161E-01  2.8426E-01
  2.5000E+01  4.4419E-03  9.8890E-01  3.8161E-01  2.8426E-01
  2.5000E+01  4.4419E-03  9.8890E-01  3.8161E-01  2.8426E-01
  2.5000E+01  4.4419E-03  9.8890E-01  3.8161E-01  2.8426E-01
  2.5000E+01  4.4419E-03  9.8890E-01  3.8161E-01  2.8426E-01
  2.5000E+01  4.4419E-03  9.8890E-01  3.8161E-01  2.8426E-01
  2.5000E+01  4.4419E-03  9.8890E-01  3.8161E-01  2.8426E-01
  2.5000E+01  4.4935E-03  9.8890E-01  3.8161E-01  2.8426E-01
  2.5000E+01  4.4935E-03  9.8890E-01  3.8161E-01  2.8426E-01
  2.5000E+01  4.4935E-03  9.8890E-01  3.8161E-01  2.8426E-01
  2.5000E+01  4.4935E-03  9.8890E-01  3.8161E-01  2.8426E-01
  2.5000E+01  4.4935E-03  9.8890E-01  3.8161E-01  2.8426E-01
  2.5000E+01  4.4935E-03  9.8890E-01  3.8161E-01  2.8426E-01
  2.5000E+01  4.4935E-03  9.8890E-01  3.8161E-01  2.8426E-01
  2.5000E+01  4.4935E-03  9.8890E-01  3.8161E-01  2.8426E-01
  2.5000E+01  4.4935E-03  9.8890E-01  3.8161E-01  2.8426E-01
  2.6000E+01  1.6313E-02  2.9316E+00 -1.4624E-01 -9.9931E-02
  2.6000E+01  1.6313E-02  2.9316E+00 -1.4624E-01 -9.9931E-02
  2.6000E+01  1.6313E-02  2.9316E+00 -1.4624E-01 -9.9931E-02
  2.6000E+01  1.6313E-02  2.9316E+00 -1.4624E-01 -9.9931E-02
  2.6000E+01  1.6313E-02  2.9316E+00 -1.4624E-01 -9.9931E-02
  2.6000E+01  1.6313E-02  2.9316E+00 -1.4624E-01 -9.9931E-02
  2.6000E+01  1.6313E-02  2.9316E+00 -1.4624E-01 -9.9931E-02
  2.6000E+01  1.6313E-02  2.9316E+00 -1.4624E-01 -9.9931E-02
  2.6000E+01  1.6313E-02  2.9316E+00 -1.4624E-01 -9.9931E-02
  2.6000E+01  1.6465E-02  2.9316E+00 -1.4624E-01 -9.9931E-02
  2.6000E+01  1.6465E-02  2.9316E+00 -1.4624E-01 -9.9931E-02
  2.6000E+01  1.6465E-02  2.9316E+00 -1.4624E-01 -9.9931E-02
  2.6000E+01  1.6465E-02  2.9316E+00 -1.4624E-01 -9.9931E-02
  2.7000E+01  6.9165E-03  1.4806E+00 -3.1016E-01 -2.2471E-01
  2.7000E+01  6.9165E-03  1.4806E+00 -3.1016E-01 -2.2471E-01
  2.7000E+01  6.9165E-03  1.4806E+00 -3.1016E-01 -2.2471E-01
  2.7000E+01  6.9165E-03  1.4806E+00 -3.1016E-01 -2.2471E-01
  2.7000E+01  6.9165E-03  1.4806E+00 -3.1016E-01 -2.2471E-01
  2.7000E+01  6.9165E-03  1.4806E+00 -3.1016E-01 -2.2471E-01
  2.7000E+01  6.9165E-03  1.4806E+00 -3.1016E-01 -2.2471E-01
  2.7000E+01  6.9165E-03  1.4806E+00 -3.1016E-01 -2.2471E-01
  2.7000E+01  6.9165E-03  1.4806E+00 -3.1016E-01 -2.2471E-01
  2.7000E+01  6.9756E-03  1.4806E+00 -3.1016E-01 -2.2471E-01
  2.8000E+01  1.9183E-02  3.2524E+00  1.1764E-01  8.5797E-02
  2.8000E+01  1.9183E-02  3.2524E+00  1.1764E-01  8.5797E-02
  2.8000E+01  1.9183E-02  3.2524E+00  1.1764E-01  8.5797E-02
  2.9000E+01  4.4662E-03  1.0179E+00 -1.8218E-02 -1.2772E-02
  2.9000E+01  4.4662E-03  1.0179E+00 -1.8218E-02 -1.2772E-02
  2.9000E+01  4.4662E-03  1.0179E+00 -1.8218E-02 -1.2772E-02
  2.9000E+01  4.4662E-03  1.0179E+00 -1.8218E-02 -1.2772E-02
  2.9000E+01  4.4662E-03  1.0179E+00 -1.8218E-02 -1.2772E-02
  2.9000E+01  4.4662E-03  1.0179E+00 -1.8218E-02 -1.2772E-02
  3.0000E+01  9.3071E-03  1.8387E+00  4.8141E-02  4.1295E-02
  3.0000E+01  9.3071E-03  1.8387E+00  4.8141E-02  4.1295E-02
  3.0000E+01  9.3071E-03  1.8387E+00  4.8141E-02  4.1295E-02
  3.0000E+01  9.3071E-03  1.8387E+00  4.8141E-02  4.1295E-02
  3.0000E+01  9.3071E-03  1.8387E+00  4.8141E-02  4.1295E-02
  3.0000E+01  9.3071E-03  1.8387E+00  4.8141E-02  4.1295E-02
  3.0000E+01  9.3071E-03  1.8387E+00  4.8141E-02  4.1295E-02
  3.0000E+01  9.3071E-03  1.8387E+00  4.8141E-02  4.1295E-02
  3.0000E+01  9.3071E-03  1.8387E+00  4.8141E-02  4.1295E-02
  3.0000E+01  9.3911E-03  1.8387E+00  4.8141E-02  4.1295E-02
  3.0000E+01  9.3911E-03  1.8387E+00  4.8141E-02  4.1295E-02
  3.0000E+01  9.3911E-03  1.8387E+00  4.8141E-02  4.1295E-02
  3.0000E+01  9.3911E-03  1.8387E+00  4.8141E-02  4.1295E-02
  3.0000E+01  9.3911E-03  1.8387E+00  4.8141E-02  4.1295E-02
  3.0000E+01  9.3911E-03  1.8387E+00  4.8141E-02  4.1295E-02
  3.0000E+01  9.5587E-03  1.8387E+00  4.8141E-02  4.1295E-02
  3.1000E+01  5.7747E-03  1.2626E+00 -1.4359E-01 -1.0492E-01
  3.1000E+01  5.7747E-03  1.2626E+00 -1.4359E-01 -1.0492E-01
  3.1000E+01  5.7747E-03  1.2626E+00 -1.4359E-01 -1.0492E-01
  3.2000E+01  2.9181E-02  4.4163E+00  4.0329E-01  2.8408E-01
  3.2000E+01  2.9181E-02  4.4163E+00  4.0329E-01  2.8408E-01
  3.2000E+01  2.9181E-02  4.4163E+00  4.0329E-01  2.8408E-01
  3.2000E+01  2.9181E-02  4.4163E+00  4.0329E-01  2.8408E-01
  3.2000E+01  2.9181E-02  4.4163E+00  4.0329E-01  2.8408E-01
  3.2000E+01  2.9181E-02  4.4163E+00  4.0329E-01  2.8408E-01
  3.2000E+01  2.9181E-02  4.4163E+00  4.0329E-01  2.8408E-01
  3.2000E+01  2.9181E-02  4.4163E+00  4.0329E-01  2.8408E-01
  3.2000E+01  2.9181E-02  4.4163E+00  4.0329E-01  2.8408E-01
  3.2000E+01  2.9181E-02  4.4163E+00  4.0329E-01  2.8408E-01
  3.2000E+01  2.9445E-02  4.4163E+00  4.0329E-01  2.8408E-01
  3.2000E+01  2.9445E-02  4.4163E+00  4.0329E-01  2.8408E-01
  3.3000E+01  7.4125E-03  1.5496E+00 -1.1452E-01 -7.7520E-02
  3.3000E+01  7.4125E-03  1.5496E+00 -1.1452E-01 -7.7520E-02
  3.3000E+01  7.4125E-03  1.5496E+00 -1.1452E-01 -7.7520E-02
  3.3000E+01  7.4125E-03  1.5496E+00 -1.1452E-01 -7.7520E-02
  3.3000E+01  7.4125E-03  1.5496E+00 -1.1452E-01 -7.7520E-02
  3.3000E+01  7.4125E-03  1.5496E+00 -1.1452E-01 -7.7520E-02
  3.3000E+01  7.4125E-03  1.5496E+00 -1.1452E-01 -7.7520E-02
  3.3000E+01  7.4125E-03  1.5496E+00 -1.1452E-01 -7.7520E-02
  3.3000E+01  7.4125E-03  1.5496E+00 -1.1452E-01 -7.7520E-02
  3.4000E+01  7.4691E-03  1.5545E+00 -1.0691E-01 -7.4362E-02
  3.4000E+01  7.4691E-03  1.5545E+00 -1.0691E-01 -7.4362E-02
  3.4000E+01  7.4691E-03  1.5545E+00 -1.0691E-01 -7.4362E-02
  3.4000E+01  7.4691E-03  1.5545E+00 -1.0691E-01 -7.4362E-02
  3.4000E+01  7.4691E-03  1.5545E+00 -1.0691E-01 -7.4362E-02
  3.4000E+01  7.4691E-03  1.5545E+00 -1.0691E-01 -7.4362E-02
  3.4000E+01  7.4691E-03  1.5545E+00 -1.0691E-01 -7.4362E-02
  3.4000E+01  7.4691E-03  1.5545E+00 -1.0691E-01 -7.4362E-02
  3.4000E+01  7.5405E-03  1.5545E+00 -1.0691E-01 -7.4362E-02
  3.4000E+01  7.5405E-03  1.5545E+00 -1.0691E-01 -7.4362E-02
  3.5000E+01  9.2945E-03  1.9232E+00 -3.2648E-01 -2.1397E-01
  3.5000E+01  9.2945E-03  1.9232E+00 -3.2648E-01 -2.1397E-01
  3.5000E+01  9.2945E-03  1.9232E+00 -3.2648E-01 -2.1397E-01
  3.5000E+01  9.2945E-03  1.9232E+00 -3.2648E-01 -2.1397E-01
  3.5000E+01  9.2945E-03  1.9232E+00 -3.2648E-01 -2.1397E-01
  3.5000E+01  9.2945E-03  1.9232E+00 -3.2648E-01 -2.1397E-01
  3.5000E+01  9.2945E-03  1.9232E+00 -3.2648E-01 -2.1397E-01
  3.5000E+01  9.2945E-03  1.9232E+00 -3.2648E-01 -2.1397E-01
  3.5000E+01  9.2945E-03  1.9232E+00 -3.2648E-01 -2.1397E-01
  3.5000E+01  9.3851E-03  1.9232E+00 -3.2648E-01 -2.1397E-01
  3.5000E+01  9.3851E-03  1.9232E+00 -3.2648E-01 -2.1397E-01
  3.5000E+01  9.3851E-03  1.9232E+00 -3.2648E-01 -2.1397E-01
  3.6000E+01  7.6212E-03  1.5149E+00  5.5461E-02  1.4222E-02
  3.6000E+01  7.6212E-03  1.5149E+00  5.5461E-02  1.4222E-02
  3.6000E+01  7.6212E-03  1.5149E+00  5.5461E-02  1.4222E-02
  3.6000E+01  7.6212E-03  1.5149E+00  5.5461E-02  1.4222E-02
  3.6000E+01  7.6212E-03  1.5149E+00  5.5461E-02  1.4222E-02
  3.6000E+01  7.6212E-03  1.5149E+00  5.5461E-02  1.4222E-02
  3.6000E+01  7.6212E-03  1.5149E+00  5.5461E-02  1.4222E-02
  3.6000E+01  7.6212E-03  1.5149E+00  5.5461E-02  1.4222E-02
  3.6000E+01  7.7037E-03  1.5149E+00  5.5461E-02  1.4222E-02
  3.6000E+01  7.7037E-03  1.5149E+00  5.5461E-02  1.4222E-02
  3.6000E+01  7.7037E-03  1.5149E+00  5.5461E-02  1.4222E-02
  3.6000E+01  7.7037E-03  1.5149E+00  5.5461E-02  1.4222E-02
  3.6000E+01  7.7037E-03  1.5149E+00  5.5461E-02  1.4222E-02
  3.6000E+01  7.7037E-03  1.5149E+00  5.5461E-02  1.4222E-02
  3.6000E+01  7.7037E-03  1.5149E+00  5.5461E-02  1.4222E-02
  3.6000E+01  7.9093E-03  1.5149E+00  5.5461E-02  1.4222E-02
  3.7000E+01  5.5001E-03  1.2060E+00 -1.7145E-02 -9.8313E-03
  3.7000E+01  5.5001E-03  1.2060E+00 -1.7145E-02 -9.8313E-03
  3.7000E+01  5.5001E-03  1.2060E+00 -1.7145E-02 -9.8313E-03
  3.7000E+01  5.5001E-03  1.2060E+00 -1.7145E-02 -9.8313E-03
  3.7000E+01  5.5001E-03  1.2060E+00 -1.7145E-02 -9.8313E-03
  3.7000E+01  5.5001E-03  1.2060E+00 -1.7145E-02 -9.8313E-03
  3.7000E+01  5.5001E-03  1.2060E+00 -1.7145E-02 -9.8313E-03
  3.7000E+01  5.5001E-03  1.2060E+00 -1.7145E-02 -9.8313E-03
  3.7000E+01  5.5374E-03  1.2060E+00 -1.7145E-02 -9.8313E-03
  3.7000E+01  5.5374E-03  1.2060E+00 -1.7145E-02 -9.8313E-03
  3.7000E+01  5.5374E-03  1.2060E+00 -1.7145E-02 -9.8313E-03
  3.7000E+01  5.5374E-03  1.2060E+00 -1.7145E-02 -9.8313E-03
  3.7000E+01  5.5374E-03  1.2060E+00 -1.7145E-02 -9.8313E-03
  3.7000E+01  5.5374E-03  1.2060E+00 -1.7145E-02 -9.8313E-03
  3.7000E+01  5.6118E-03  1.2060E+00 -1.7145E-02 -9.8313E-03
  3.7000E+01  5.6118E-03  1.2060E+00 -1.7145E-02 -9.8313E-03
  3.7000E+01  5.6118E-03  1.2060E+00 -1.7145E-02 -9.8313E-03
  3.8000E+01  6.8230E-03  1.4074E+00  1.0743E-01  7.1385E-02
  3.8000E+01  6.8230E-03  1.4074E+00  1.0743E-01  7.1385E-02
  3.8000E+01  6.8230E-03  1.4074E+00  1.0743E-01  7.1385E-02
  3.8000E+01  6.8230E-03  1.4074E+00  1.0743E-01  7.1385E-02
  3.8000E+01  6.8230E-03  1.4074E+00  1.0743E-01  7.1385E-02
  3.8000E+01  6.8230E-03  1.4074E+00  1.0743E-01  7.1385E-02
  3.8000E+01  6.8230E-03  1.4074E+00  1.0743E-01  7.1385E-02
  3.8000E+01  6.8230E-03  1.4074E+00  1.0743E-01  7.1385E-02
  3.8000E+01  6.8230E-03  1.4074E+00  1.0743E-01  7.1385E-02
  3.8000E+01  6.9083E-03  1.4074E+00  1.0743E-01  7.1385E-02
  3.8000E+01  6.9083E-03  1.4074E+00  1.0743E-01  7.1385E-02
  3.8000E+01  6.9083E-03  1.4074E+00  1.0743E-01  7.1385E-02
  3.8000E+01  6.9083E-03  1.4074E+00  1.0743E-01  7.1385E-02
  3.8000E+01  6.9083E-03  1.4074E+00  1.0743E-01  7.1385E-02
  3.8000E+01  6.9083E-03  1.4074E+00  1.0743E-01  7.1385E-02
  3.8000E+01  6.9083E-03  1.4074E+00  1.0743E-01  7.1385E-02
  3.8000E+01  6.9508E-03  1.4074E+00  1.0743E-01  7.1385E-02
  3.8000E+01  6.9508E-03  1.4074E+00  1.0743E-01  7.1385E-02
  3.8000E+01  6.9508E-03  1.4074E+00  1.0743E-01  7.1385E-02
  3.8000E+01  7.0781E-03  1.4074E+00  1.0743E-01  7.1385E-02
  3.9000E+01  9.4604E-03  1.8456E+00  3.0416E-03 -4.3606E-03
  3.9000E+01  9.4604E-03  1.8456E+00  3.0416E-03 -4.3606E-03
  3.9000E+01  9.4604E-03  1.8456E+00  3.0416E-03 -4.3606E-03
  3.9000E+01  9.4604E-03  1.8456E+00  3.0416E-03 -4.3606E-03
  3.9000E+01  9.4604E-03  1.8456E+00  3.0416E-03 -4.3606E-03
  3.9000E+01  9.4604E-03  1.8456E+00  3.0416E-03 -4.3606E-03
  3.9000E+01  9.4604E-03  1.8456E+00  3.0416E-03 -4.3606E-03
  3.9000E+01  9.4604E-03  1.8456E+00  3.0416E-03 -4.3606E-03
  3.9000E+01  9.5413E-03  1.8456E+00  3.0416E-03 -4.3606E-03
  3.9000E+01  9.5413E-03  1.8456E+00  3.0416E-03 -4.3606E-03
  3.9000E+01  9.5413E-03  1.8456E+00  3.0416E-03 -4.3606E-03
  3.9000E+01  9.5413E-03  1.8456E+00  3.0416E-03 -4.3606E-03
  3.9000E+01  9.5413E-03  1.8456E+00  3.0416E-03 -4.3606E-03
  3.9000E+01  9.5413E-03  1.8456E+00  3.0416E-03 -4.3606E-03
  3.9000E+01  9.5413E-03  1.8456E+00  3.0416E-03 -4.3606E-03
  3.9000E+01  9.7430E-03  1.8456E+00  3.0416E-03 -4.3606E-03
  4.0000E+01  6.1102E-03  1.2893E+00  1.8690E-01  1.3642E-01
  4.0000E+01  6.1102E-03  1.2893E+00  1.8690E-01  1.3642E-01
  4.0000E+01  6.1102E-03  1.2893E+00  1.8690E-01  1.3642E-01
  4.0000E+01  6.1102E-03  1.2893E+00  1.8690E-01  1.3642E-01
  4.0000E+01  6.1102E-03  1.2893E+00  1.8690E-01  1.3642E-01
  4.0000E+01  6.1102E-03  1.2893E+00  1.8690E-01  1.3642E-01
  4.1000E+01  9.3950E-03  1.8279E+00  1.2249E-01  8.7645E-02
  4.1000E+01  9.3950E-03  1.8279E+00  1.2249E-01  8.7645E-02
  4.1000E+01  9.3950E-03  1.8279E+00  1.2249E-01  8.7645E-02
  4.1000E+01  9.3950E-03  1.8279E+00  1.2249E-01  8.7645E-02
  4.1000E+01  9.3950E-03  1.8279E+00  1.2249E-01  8.7645E-02
  4.1000E+01  9.3950E-03  1.8279E+00  1.2249E-01  8.7645E-02
  4.1000E+01  9.3950E-03  1.8279E+00  1.2249E-01  8.7645E-02
  4.1000E+01  9.3950E-03  1.8279E+00  1.2249E-01  8.7645E-02
  4.1000E+01  9.3950E-03  1.8279E+00  1.2249E-01  8.7645E-02
  4.1000E+01  9.3950E-03  1.8279E+00  1.2249E-01  8.7645E-02
  4.1000E+01  9.3950E-03  1.8279E+00  1.2249E-01  8.7645E-02
  4.2000E+01  2.3444E-02  3.6382E+00  4.6992E-01  3.1994E-01
  4.2000E+01  2.3444E-02  3.6382E+00  4.6992E-01  3.1994E-01
  4.2000E+01  2.3444E-02  3.6382E+00  4.6992E-01  3.1994E-01
  4.2000E+01  2.3444E-02  3.6382E+00  4.6992E-01  3.1994E-01
  4.2000E+01  2.3444E-02  3.6382E+00  4.6992E-01  3.1994E-01
  4.2000E+01  2.3444E-02  3.6382E+00  4.6992E-01  3.1994E-01
  4.2000E+01  2.3444E-02  3.6382E+00  4.6992E-01  3.1994E-01
  4.2000E+01  2.3444E-02  3.6382E+00  4.6992E-01  3.1994E-01
  4.2000E+01  2.3648E-02  3.6382E+00  4.6992E-01  3.1994E-01
  4.2000E+01  2.3648E-02  3.6382E+00  4.6992E-01  3.1994E-01
  4.2000E+01  2.3648E-02  3.6382E+00  4.6992E-01  3.1994E-01
  4.3000E+01  3.5705E-03  8.5637E-01 -1.2234E-01 -8.9306E-02
  4.3000E+01  3.5705E-03  8.5637E-01 -1.2234E-01 -8.9306E-02
  4.3000E+01  3.5705E-03  8.5637E-01 -1.2234E-01 -8.9306E-02
  4.4000E+01  6.8594E-03  1.4404E+00  2.8545E-02  2.6828E-02
  4.4000E+01  6.8594E-03  1.4404E+00  2.8545E-02  2.6828E-02
  4.4000E+01  6.8594E-03  1.4404E+00  2.8545E-02  2.6828E-02
  4.4000E+01  6.8594E-03  1.4404E+00  2.8545E-02  2.6828E-02
  4.4000E+01  6.8594E-03  1.4404E+00  2.8545E-02  2.6828E-02
  4.4000E+01  6.8594E-03  1.4404E+00  2.8545E-02  2.6828E-02
  4.4000E+01  6.8594E-03  1.4404E+00  2.8545E-02  2.6828E-02
  4.4000E+01  6.8594E-03  1.4404E+00  2.8545E-02  2.6828E-02
  4.4000E+01  6.8594E-03  1.4404E+00  2.8545E-02  2.6828E-02
  4.4000E+01  6.9390E-03  1.4404E+00  2.8545E-02  2.6828E-02
  4.4000E+01  6.9390E-03  1.4404E+00  2.8545E-02  2.6828E-02
  4.4000E+01  6.9390E-03  1.4404E+00  2.8545E-02  2.6828E-02
  4.4000E+01  6.9390E-03  1.4404E+00  2.8545E-02  2.6828E-02
  4.4000E+01  6.9390E-03  1.4404E+00  2.8545E-02  2.6828E-02
  4.4000E+01  6.9390E-03  1.4404E+00  2.8545E-02  2.6828E-02
  4.4000E+01  7.1372E-03  1.4404E+00  2.8545E-02  2.6828E-02
  4.5000E+01  3.9821E-03  9.1493E-01  1.2061E-01  8.4481E-02
  4.5000E+01  3.9821E-03  9.1493E-01  1.2061E-01  8.4481E-02
  4.5000E+01  3.9821E-03  9.1493E-01  1.2061E-01  8.4481E-02
  4.5000E+01  3.9821E-03  9.1493E-01  1.2061E-01  8.4481E-02
  4.5000E+01  3.9821E-03  9.1493E-01  1.2061E-01  8.4481E-02
  4.5000E+01  3.9821E-03  9.1493E-01  1.2061E-01  8.4481E-02
  4.5000E+01  3.9821E-03  9.1493E-01  1.2061E-01  8.4481E-02
  4.5000E+01  3.9821E-03  9.1493E-01  1.2061E-01  8.4481E-02
  4.5000E+01  3.9821E-03  9.1493E-01  1.2061E-01  8.4481E-02
  4.5000E+01  4.0226E-03  9.1493E-01  1.2061E-01  8.4481E-02
  4.5000E+01  4.0226E-03  9.1493E-01  1.2061E-01  8.4481E-02
  4.5000E+01  4.0226E-03  9.1493E-01  1.2061E-01  8.4481E-02
  4.5000E+01  4.0226E-03  9.1493E-01  1.2061E-01  8.4481E-02
  4.6000E+01  4.9529E-03  1.1061E+00 -2.3071E-02 -1.6844E-02
  4.6000E+01  4.9529E-03  1.1061E+00 -2.3071E-02 -1.6844E-02
  4.6000E+01  4.9529E-03  1.1061E+00 -2.3071E-02 -1.6844E-02
  4.6000E+01  4.9529E-03  1.1061E+00 -2.3071E-02 -1.6844E-02
  4.7000E+01  1.2648E-02  2.3617E+00 -6.2952E-02 -4.4432E-02
  4.7000E+01  1.2648E-02  2.3617E+00 -6.2952E-02 -4.4432E-02
  4.7000E+01  1.2648E-02  2.3617E+00 -6.2952E-02 -4.4432E-02
  4.7000E+01  1.2648E-02  2.3617E+00 -6.2952E-02 -4.4432E-02
  4.7000E+01  1.2648E-02  2.3617E+00 -6.2952E-02 -4.4432E-02
  4.7000E+01  1.2648E-02  2.3617E+00 -6.2952E-02 -4.4432E-02
  4.7000E+01  1.2648E-02  2.3617E+00 -6.2952E-02 -4.4432E-02
  4.8000E+01  2.5633E-03  6.8501E-01 -1.6819E-01 -8.2896E-02
  4.8000E+01  2.5633E-03  6.8501E-01 -1.6819E-01 -8.2896E-02
  4.8000E+01  2.5633E-03  6.8501E-01 -1.6819E-01 -8.2896E-02
  4.8000E+01  2.5633E-03  6.8501E-01 -1.6819E-01 -8.2896E-02
  4.8000E+01  2.5633E-03  6.8501E-01 -1.6819E-01 -8.2896E-02
  4.8000E+01  2.5633E-03  6.8501E-01 -1.6819E-01 -8.2896E-02
  4.8000E+01  2.5633E-03  6.8501E-01 -1.6819E-01 -8.2896E-02
  4.8000E+01  2.5633E-03  6.8501E-01 -1.6819E-01 -8.2896E-02
  4.8000E+01  2.5633E-03  6.8501E-01 -1.6819E-01 -8.2896E-02
  4.8000E+01  2.5633E-03  6.8501E-01 -1.6819E-01 -8.2896E-02
  4.8000E+01  2.5633E-03  6.8501E-01 -1.6819E-01 -8.2896E-02
  4.8000E+01  2.5930E-03  6.8501E-01 -1.6819E-01 -8.2896E-02
  4.8000E+01  2.5930E-03  6.8501E-01 -1.6819E-01 -8.2896E-02
  4.8000E+01  2.5930E-03  6.8501E-01 -1.6819E-01 -8.2896E-02
  4.9000E+01  6.4863E-03  1.3727E+00  5.6824E-02  4.6486E-02
  4.9000E+01  6.4863E-03  1.3727E+00  5.6824E-02  4.6486E-02
  4.9000E+01  6.4863E-03  1.3727E+00  5.6824E-02  4.6486E-02
  4.9000E+01  6.4863E-03  1.3727E+00  5.6824E-02  4.6486E-02
  4.9000E+01  6.4863E-03  1.3727E+00  5.6824E-02  4.6486E-02
  4.9000E+01  6.4863E-03  1.3727E+00  5.6824E-02  4.6486E-02
  4.9000E+01  6.4863E-03  1.3727E+00  5.6824E-02  4.6486E-02
  4.9000E+01  6.4863E-03  1.3727E+00  5.6824E-02  4.6486E-02
  4.9000E+01  6.5674E-03  1.3727E+00  5.6824E-02  4.6486E-02
  4.9000E+01  6.5674E-03  1.3727E+00  5.6824E-02  4.6486E-02
  4.9000E+01  6.5674E-03  1.3727E+00  5.6824E-02  4.6486E-02
  4.9000E+01  6.5674E-03  1.3727E+00  5.6824E-02  4.6486E-02
  4.9000E+01  6.5674E-03  1.3727E+00  5.6824E-02  4.6486E-02
  4.9000E+01  6.5674E-03  1.3727E+00  5.6824E-02  4.6486E-02
  4.9000E+01  6.5674E-03  1.3727E+00  5.6824E-02  4.6486E-02
  4.9000E+01  6.6078E-03  1.3727E+00  5.6824E-02  4.6486E-02
  4.9000E+01  6.6078E-03  1.3727E+00  5.6824E-02  4.6486E-02
  5.0000E+01  3.9592E-03  9.3268E-01 -2.4701E-01 -1.8735E-01
  5.0000E+01  3.9592E-03  9.3268E-01 -2.4701E-01 -1.8735E-01
  5.0000E+01  3.9592E-03  9.3268E-01 -2.4701E-01 -1.8735E-01
  5.0000E+01  3.9592E-03  9.3268E-01 -2.4701E-01 -1.8735E-01
  5.0000E+01  3.9592E-03  9.3268E-01 -2.4701E-01 -1.8735E-01
  5.0000E+01  3.9592E-03  9.3268E-01 -2.4701E-01 -1.8735E-01
  5.0000E+01  3.9592E-03  9.3268E-01 -2.4701E-01 -1.8735E-01
  5.0000E+01  3.9592E-03  9.3268E-01 -2.4701E-01 -1.8735E-01
  5.0000E+01  3.9885E-03  9.3268E-01 -2.4701E-01 -1.8735E-01
  5.0000E+01  3.9885E-03  9.3268E-01 -2.4701E-01 -1.8735E-01
  5.0000E+01  3.9885E-03  9.3268E-01 -2.4701E-01 -1.8735E-01
  5.0000E+01  3.9885E-03  9.3268E-01 -2.4701E-01 -1.8735E-01
  5.0000E+01  3.9885E-03  9.3268E-01 -2.4701E-01 -1.8735E-01
  5.0000E+01  3.9885E-03  9.3268E-01 -2.4701E-01 -1.8735E-01
  5.0000E+01  3.9885E-03  9.3268E-01 -2.4701E-01 -1.8735E-01
  5.0000E+01  3.9885E-03  9.3268E-01 -2.4701E-01 -1.8735E-01
  5.0000E+01  3.9885E-03  9.3268E-01 -2.4701E-01 -1.8735E-01
  5.0000E+01  4.0468E-03  9.3268E-01 -2.4701E-01 -1.8735E-01
  5.0000E+01  4.0468E-03  9.3268E-01 -2.4701E-01 -1.8735E-01
  5.0000E+01  4.0468E-03  9.3268E-01 -2.4701E-01 -1.8735E-01
  5.1000E+01  4.7292E-03  1.0529E+00  1.5872E-01  1.1730E-01
  5.1000E+01  4.7292E-03  1.0529E+00  1.5872E-01  1.1730E-01
  5.1000E+01  4.7292E-03  1.0529E+00  1.5872E-01  1.1730E-01
  5.1000E+01  4.7292E-03  1.0529E+00  1.5872E-01  1.1730E-01
  5.1000E+01  4.7292E-03  1.0529E+00  1.5872E-01  1.1730E-01
  5.1000E+01  4.7292E-03  1.0529E+00  1.5872E-01  1.1730E-01
  5.1000E+01  4.7292E-03  1.0529E+00  1.5872E-01  1.1730E-01
  5.1000E+01  4.7292E-03  1.0529E+00  1.5872E-01  1.1730E-01
  5.1000E+01  4.7292E-03  1.0529E+00  1.5872E-01  1.1730E-01
  5.1000E+01  4.7292E-03  1.0529E+00  1.5872E-01  1.1730E-01
  5.1000E+01  4.7719E-03  1.0529E+00  1.5872E-01  1.1730E-01
  5.1000E+01  4.7719E-03  1.0529E+00  1.5872E-01  1.1730E-01
  5.1000E+01  4.7719E-03  1.0529E+00  1.5872E-01  1.1730E-01
  5.1000E+01  4.7719E-03  1.0529E+00  1.5872E-01  1.1730E-01
  5.1000E+01  4.7719E-03  1.0529E+00  1.5872E-01  1.1730E-01
  5.1000E+01  4.7719E-03  1.0529E+00  1.5872E-01  1.1730E-01
  5.2000E+01  3.7802E-03  8.7342E-01 -6.5262E-02 -6.9592E-02
  5.2000E+01  3.7802E-03  8.7342E-01 -6.5262E-02 -6.9592E-02
  5.2000E+01  3.7802E-03  8.7342E-01 -6.5262E-02 -6.9592E-02
  5.2000E+01  3.7802E-03  8.7342E-01 -6.5262E-02 -6.9592E-02
  5.2000E+01  3.7802E-03  8.7342E-01 -6.5262E-02 -6.9592E-02
  5.2000E+01  3.7802E-03  8.7342E-01 -6.5262E-02 -6.9592E-02
  5.2000E+01  3.7802E-03  8.7342E-01 -6.5262E-02 -6.9592E-02
  5.2000E+01  3.7802E-03  8.7342E-01 -6.5262E-02 -6.9592E-02
  5.2000E+01  3.7802E-03  8.7342E-01 -6.5262E-02 -6.9592E-02
  5.2000E+01  3.8143E-03  8.7342E-01 -6.5262E-02 -6.9592E-02
  5.2000E+01  3.8143E-03  8.7342E-01 -6.5262E-02 -6.9592E-02
  5.2000E+01  3.8143E-03  8.7342E-01 -6.5262E-02 -6.9592E-02
  5.2000E+01  3.8143E-03  8.7342E-01 -6.5262E-02 -6.9592E-02
  5.2000E+01  3.8143E-03  8.7342E-01 -6.5262E-02 -6.9592E-02
  5.2000E+01  3.8143E-03  8.7342E-01 -6.5262E-02 -6.9592E-02
  5.2000E+01  3.8143E-03  8.7342E-01 -6.5262E-02 -6.9592E-02
  5.2000E+01  3.8484E-03  8.7342E-01 -6.5262E-02 -6.9592E-02
  5.3000E+01  7.2483E-03  1.5299E+00 -1.3692E-01 -9.0287E-02
  5.3000E+01  7.2483E-03  1.5299E+00 -1.3692E-01 -9.0287E-02
  5.3000E+01  7.2483E-03  1.5299E+00 -1.3692E-01 -9.0287E-02
  5.3000E+01  7.2483E-03  1.5299E+00 -1.3692E-01 -9.0287E-02
  5.3000E+01  7.2483E-03  1.5299E+00 -1.3692E-01 -9.0287E-02
  5.3000E+01  7.2483E-03  1.5299E+00 -1.3692E-01 -9.0287E-02
  5.3000E+01  7.2483E-03  1.5299E+00 -1.3692E-01 -9.0287E-02
  5.3000E+01  7.2483E-03  1.5299E+00 -1.3692E-01 -9.0287E-02
  5.3000E+01  7.2483E-03  1.5299E+00 -1.3692E-01 -9.0287E-02
  5.4000E+01  6.3941E-03  1.4081E+00 -3.2725E-01 -2.2550E-01
  5.4000E+01  6.3941E-03  1.4081E+00 -3.2725E-01 -2.2550E-01
  5.4000E+01  6.3941E-03  1.4081E+00 -3.2725E-01 -2.2550E-01
  5.4000E+01  6.3941E-03  1.4081E+00 -3.2725E-01 -2.2550E-01
  5.4000E+01  6.3941E-03  1.4081E+00 -3.2725E-01 -2.2550E-01
  5.4000E+01  6.3941E-03  1.4081E+00 -3.2725E-01 -2.2550E-01
  5.4000E+01  6.3941E-03  1.4081E+00 -3.2725E-01 -2.2550E-01
  5.4000E+01  6.3941E-03  1.4081E+00 -3.2725E-01 -2.2550E-01
  5.4000E+01  6.3941E-03  1.4081E+00 -3.2725E-01 -2.2550E-01
  5.4000E+01  6.3941E-03  1.4081E+00 -3.2725E-01 -2.2550E-01
  5.4000E+01  6.3941E-03  1.4081E+00 -3.2725E-01 -2.2550E-01
  5.4000E+01  6.4519E-03  1.4081E+00 -3.2725E-01 -2.2550E-01
  5.4000E+01  6.4519E-03  1.4081E+00 -3.2725E-01 -2.2550E-01
  5.4000E+01  6.4519E-03  1.4081E+00 -3.2725E-01 -2.2550E-01
  5.4000E+01  6.4519E-03  1.4081E+00 -3.2725E-01 -2.2550E-01
  5.5000E+01  6.8561E-03  1.3848E+00  3.0209E-01  2.0788E-01
  5.5000E+01  6.8561E-03  1.3848E+00  3.0209E-01  2.0788E-01
  5.5000E+01  6.8561E-03  1.3848E+00  3.0209E-01  2.0788E-01
  5.5000E+01  6.8561E-03  1.3848E+00  3.0209E-01  2.0788E-01
  5.5000E+01  6.8561E-03  1.3848E+00  3.0209E-01  2.0788E-01
  5.5000E+01  6.8561E-03  1.3848E+00  3.0209E-01  2.0788E-01
  5.5000E+01  6.8561E-03  1.3848E+00  3.0209E-01  2.0788E-01
  5.5000E+01  6.9068E-03  1.3848E+00  3.0209E-01  2.0788E-01
  5.5000E+01  6.9068E-03  1.3848E+00  3.0209E-01  2.0788E-01
  5.6000E+01  2.6175E-03  6.5949E-01  2.7887E-02  2.0025E-02
  5.6000E+01  2.6175E-03  6.5949E-01  2.7887E-02  2.0025E-02
  5.6000E+01  2.6175E-03  6.5949E-01  2.7887E-02  2.0025E-02
  5.6000E+01  2.6175E-03  6.5949E-01  2.7887E-02  2.0025E-02
  5.7000E+01  1.0402E-02  2.0065E+00 -1.5819E-02 -1.2218E-02
  5.7000E+01  1.0402E-02  2.0065E+00 -1.5819E-02 -1.2218E-02
  5.7000E+01  1.0402E-02  2.0065E+00 -1.5819E-02 -1.2218E-02
  5.7000E+01  1.0402E-02  2.0065E+00 -1.5819E-02 -1.2218E-02
  5.7000E+01  1.0402E-02  2.0065E+00 -1.5819E-02 -1.2218E-02
  5.7000E+01  1.0402E-02  2.0065E+00 -1.5819E-02 -1.2218E-02
  5.7000E+01  1.0402E-02  2.0065E+00 -1.5819E-02 -1.2218E-02
  5.7000E+01  1.0402E-02  2.0065E+00 -1.5819E-02 -1.2218E-02
  5.7000E+01  1.0402E-02  2.0065E+00 -1.5819E-02 -1.2218E-02
  5.7000E+01  1.0522E-02  2.0065E+00 -1.5819E-02 -1.2218E-02
  5.7000E+01  1.0522E-02  2.0065E+00 -1.5819E-02 -1.2218E-02
  5.7000E+01  1.0522E-02  2.0065E+00 -1.5819E-02 -1.2218E-02
  5.7000E+01  1.0522E-02  2.0065E+00 -1.5819E-02 -1.2218E-02
  5.8000E+01  5.8104E-03  1.2628E+00 -1.3742E-01 -1.0473E-01
  5.8000E+01  5.8104E-03  1.2628E+00 -1.3742E-01 -1.0473E-01
  5.8000E+01  5.8104E-03  1.2628E+00 -1.3742E-01 -1.0473E-01
  5.8000E+01  5.8104E-03  1.2628E+00 -1.3742E-01 -1.0473E-01
  5.8000E+01  5.8104E-03  1.2628E+00 -1.3742E-01 -1.0473E-01
  5.8000E+01  5.8104E-03  1.2628E+00 -1.3742E-01 -1.0473E-01
  5.8000E+01  5.8104E-03  1.2628E+00 -1.3742E-01 -1.0473E-01
  5.8000E+01  5.8104E-03  1.2628E+00 -1.3742E-01 -1.0473E-01
  5.8000E+01  5.8104E-03  1.2628E+00 -1.3742E-01 -1.0473E-01
  5.8000E+01  5.8104E-03  1.2628E+00 -1.3742E-01 -1.0473E-01
  5.8000E+01  5.8779E-03  1.2628E+00 -1.3742E-01 -1.0473E-01
  5.8000E+01  5.8779E-03  1.2628E+00 -1.3742E-01 -1.0473E-01
  5.8000E+01  5.8779E-03  1.2628E+00 -1.3742E-01 -1.0473E-01
  5.8000E+01  5.8779E-03  1.2628E+00 -1.3742E-01 -1.0473E-01
  5.8000E+01  5.8779E-03  1.2628E+00 -1.3742E-01 -1.0473E-01
  5.8000E+01  5.8779E-03  1.2628E+00 -1.3742E-01 -1.0473E-01
  5.9000E+01  4.2334E-03  9.9443E-01 -1.8004E-01 -1.2324E-01
  5.9000E+01  4.2334E-03  9.9443E-01 -1.8004E-01 -1.2324E-01
  5.9000E+01  4.2334E-03  9.9443E-01 -1.8004E-01 -1.2324E-01
  5.9000E+01  4.2334E-03  9.9443E-01 -1.8004E-01 -1.2324E-01
  5.9000E+01  4.2334E-03  9.9443E-01 -1.8004E-01 -1.2324E-01
  5.9000E+01  4.2334E-03  9.9443E-01 -1.8004E-01 -1.2324E-01
  5.9000E+01  4.2334E-03  9.9443E-01 -1.8004E-01 -1.2324E-01
  5.9000E+01  4.2334E-03  9.9443E-01 -1.8004E-01 -1.2324E-01
  5.9000E+01  4.2647E-03  9.9443E-01 -1.8004E-01 -1.2324E-01
  5.9000E+01  4.2647E-03  9.9443E-01 -1.8004E-01 -1.2324E-01
  5.9000E+01  4.2647E-03  9.9443E-01 -1.8004E-01 -1.2324E-01
  5.9000E+01  4.2647E-03  9.9443E-01 -1.8004E-01 -1.2324E-01
  5.9000E+01  4.2647E-03  9.9443E-01 -1.8004E-01 -1.2324E-01
  5.9000E+01  4.2647E-03  9.9443E-01 -1.8004E-01 -1.2324E-01
  5.9000E+01  4.2647E-03  9.9443E-01 -1.8004E-01 -1.2324E-01
  5.9000E+01  4.3271E-03  9.9443E-01 -1.8004E-01 -1.2324E-01
  5.9000E+01  4.3271E-03  9.9443E-01 -1.8004E-01 -1.2324E-01
