        truth IIV.only  RSE IIV.IOV RSE.1
KA       1.00   1.1100  5.8  1.0500   6.0
CL       4.00   3.1400  7.7  3.1500   7.8
V       50.00  49.9000  2.6 48.6000   2.6
add.SD   0.05   0.1200  7.2  0.0410  15.8
prop.CV  0.12   0.1330  5.3  0.1220   3.4
OM_KA    0.16   0.1800 20.6  0.1720  21.9
OM_CL      NA   0.3320 19.1  0.3410  19.3
OM_V     0.04   0.0354 23.0  0.0378  22.1
PI_CL    0.04       NA   NA  0.0321  16.6
PI_KA    0.09       NA   NA  0.0948  15.8
OFV.IIV.only      OFV.IOV         dOFV 
    -2368.87     -2717.66      -348.80 
