              truth estimate   RSE
CL            5.000 5.06e+00   3.0
V            40.000 3.92e+01   2.0
LB            0.847 8.74e-01   4.1
PLMAX         0.850 8.68e-01   6.1
KPL           0.150 1.19e-01  12.8
EMAX          1.700 1.49e+00   5.2
EC50          1.500 9.39e-01  17.6
prop.CV       0.150 1.48e-01   4.7
floor.SD      0.350 6.02e-05 291.0
bounded.coef  0.140 1.54e-01   2.2
OM_CL         0.090 9.74e-02  13.0
OM_V          0.040 3.68e-02  19.1
OM_LB         0.100 1.08e-01  14.0
OM_PLMAX      0.160 1.36e-01  24.4
OM_EC50       0.250 3.80e-01  35.9
   OFV 
293.86 
