TABLE NO.  2
 ID          KA          CL          V           ETA1        ETA2        ETA3
  1.0000E+00  1.6669E+00  1.7002E+00  2.9280E+01  7.4291E-02 -4.8546E-01 -8.4608E-02
  1.0000E+00  1.6669E+00  1.7002E+00  2.9280E+01  7.4291E-02 -4.8546E-01 -8.4608E-02
  1.0000E+00  1.6669E+00  1.7002E+00  2.9280E+01  7.4291E-02 -4.8546E-01 -8.4608E-02
  1.0000E+00  1.6669E+00  1.7002E+00  2.9280E+01  7.4291E-02 -4.8546E-01 -8.4608E-02
  1.0000E+00  1.6669E+00  1.7002E+00  2.9280E+01  7.4291E-02 -4.8546E-01 -8.4608E-02
  1.0000E+00  1.6669E+00  1.7002E+00  2.9280E+01  7.4291E-02 -4.8546E-01 -8.4608E-02
  1.0000E+00  1.6669E+00  1.7002E+00  2.9280E+01  7.4291E-02 -4.8546E-01 -8.4608E-02
  1.0000E+00  1.6669E+00  1.7002E+00  2.9280E+01  7.4291E-02 -4.8546E-01 -8.4608E-02
  1.0000E+00  1.6669E+00  1.7002E+00  2.9280E+01  7.4291E-02 -4.8546E-01 -8.4608E-02
  1.0000E+00  1.6669E+00  1.7002E+00  2.9280E+01  7.4291E-02 -4.8546E-01 -8.4608E-02
  1.0000E+00  1.6669E+00  1.7002E+00  2.9280E+01  7.4291E-02 -4.8546E-01 -8.4608E-02
  1.0000E+00  1.6669E+00  1.7002E+00  2.9280E+01  7.4291E-02 -4.8546E-01 -8.4608E-02
  2.0000E+00  1.8879E+00  3.1912E+00  3.1855E+01  1.9881E-01  1.4421E-01 -3.1353E-04
  2.0000E+00  1.8879E+00  3.1912E+00  3.1855E+01  1.9881E-01  1.4421E-01 -3.1353E-04
  2.0000E+00  1.8879E+00  3.1912E+00  3.1855E+01  1.9881E-01  1.4421E-01 -3.1353E-04
  2.0000E+00  1.8879E+00  3.1912E+00  3.1855E+01  1.9881E-01  1.4421E-01 -3.1353E-04
  2.0000E+00  1.8879E+00  3.1912E+00  3.1855E+01  1.9881E-01  1.4421E-01 -3.1353E-04
  2.0000E+00  1.8879E+00  3.1912E+00  3.1855E+01  1.9881E-01  1.4421E-01 -3.1353E-04
  2.0000E+00  1.8879E+00  3.1912E+00  3.1855E+01  1.9881E-01  1.4421E-01 -3.1353E-04
  2.0000E+00  1.8879E+00  3.1912E+00  3.1855E+01  1.9881E-01  1.4421E-01 -3.1353E-04
  2.0000E+00  1.8879E+00  3.1912E+00  3.1855E+01  1.9881E-01  1.4421E-01 -3.1353E-04
  2.0000E+00  1.8879E+00  3.1912E+00  3.1855E+01  1.9881E-01  1.4421E-01 -3.1353E-04
  2.0000E+00  1.8879E+00  3.1912E+00  3.1855E+01  1.9881E-01  1.4421E-01 -3.1353E-04
  2.0000E+00  1.8879E+00  3.1912E+00  3.1855E+01  1.9881E-01  1.4421E-01 -3.1353E-04
  3.0000E+00  2.2484E+00  2.8580E+00  3.3346E+01  3.7353E-01  3.3919E-02  4.5421E-02
  3.0000E+00  2.2484E+00  2.8580E+00  3.3346E+01  3.7353E-01  3.3919E-02  4.5421E-02
  3.0000E+00  2.2484E+00  2.8580E+00  3.3346E+01  3.7353E-01  3.3919E-02  4.5421E-02
  3.0000E+00  2.2484E+00  2.8580E+00  3.3346E+01  3.7353E-01  3.3919E-02  4.5421E-02
  3.0000E+00  2.2484E+00  2.8580E+00  3.3346E+01  3.7353E-01  3.3919E-02  4.5421E-02
  3.0000E+00  2.2484E+00  2.8580E+00  3.3346E+01  3.7353E-01  3.3919E-02  4.5421E-02
  3.0000E+00  2.2484E+00  2.8580E+00  3.3346E+01  3.7353E-01  3.3919E-02  4.5421E-02
  3.0000E+00  2.2484E+00  2.8580E+00  3.3346E+01  3.7353E-01  3.3919E-02  4.5421E-02
  3.0000E+00  2.2484E+00  2.8580E+00  3.3346E+01  3.7353E-01  3.3919E-02  4.5421E-02
  3.0000E+00  2.2484E+00  2.8580E+00  3.3346E+01  3.7353E-01  3.3919E-02  4.5421E-02
  3.0000E+00  2.2484E+00  2.8580E+00  3.3346E+01  3.7353E-01  3.3919E-02  4.5421E-02
  3.0000E+00  2.2484E+00  2.8580E+00  3.3346E+01  3.7353E-01  3.3919E-02  4.5421E-02
  4.0000E+00  1.1511E+00  2.7167E+00  3.1321E+01 -2.9595E-01 -1.6777E-02 -1.7208E-02
  4.0000E+00  1.1511E+00  2.7167E+00  3.1321E+01 -2.9595E-01 -1.6777E-02 -1.7208E-02
  4.0000E+00  1.1511E+00  2.7167E+00  3.1321E+01 -2.9595E-01 -1.6777E-02 -1.7208E-02
  4.0000E+00  1.1511E+00  2.7167E+00  3.1321E+01 -2.9595E-01 -1.6777E-02 -1.7208E-02
  4.0000E+00  1.1511E+00  2.7167E+00  3.1321E+01 -2.9595E-01 -1.6777E-02 -1.7208E-02
  4.0000E+00  1.1511E+00  2.7167E+00  3.1321E+01 -2.9595E-01 -1.6777E-02 -1.7208E-02
  4.0000E+00  1.1511E+00  2.7167E+00  3.1321E+01 -2.9595E-01 -1.6777E-02 -1.7208E-02
  4.0000E+00  1.1511E+00  2.7167E+00  3.1321E+01 -2.9595E-01 -1.6777E-02 -1.7208E-02
  4.0000E+00  1.1511E+00  2.7167E+00  3.1321E+01 -2.9595E-01 -1.6777E-02 -1.7208E-02
  4.0000E+00  1.1511E+00  2.7167E+00  3.1321E+01 -2.9595E-01 -1.6777E-02 -1.7208E-02
  4.0000E+00  1.1511E+00  2.7167E+00  3.1321E+01 -2.9595E-01 -1.6777E-02 -1.7208E-02
  4.0000E+00  1.1511E+00  2.7167E+00  3.1321E+01 -2.9595E-01 -1.6777E-02 -1.7208E-02
  5.0000E+00  1.4608E+00  2.3752E+00  2.7630E+01 -5.7687E-02 -1.5111E-01 -1.4261E-01
  5.0000E+00  1.4608E+00  2.3752E+00  2.7630E+01 -5.7687E-02 -1.5111E-01 -1.4261E-01
  5.0000E+00  1.4608E+00  2.3752E+00  2.7630E+01 -5.7687E-02 -1.5111E-01 -1.4261E-01
  5.0000E+00  1.4608E+00  2.3752E+00  2.7630E+01 -5.7687E-02 -1.5111E-01 -1.4261E-01
  5.0000E+00  1.4608E+00  2.3752E+00  2.7630E+01 -5.7687E-02 -1.5111E-01 -1.4261E-01
  5.0000E+00  1.4608E+00  2.3752E+00  2.7630E+01 -5.7687E-02 -1.5111E-01 -1.4261E-01
  5.0000E+00  1.4608E+00  2.3752E+00  2.7630E+01 -5.7687E-02 -1.5111E-01 -1.4261E-01
  5.0000E+00  1.4608E+00  2.3752E+00  2.7630E+01 -5.7687E-02 -1.5111E-01 -1.4261E-01
  5.0000E+00  1.4608E+00  2.3752E+00  2.7630E+01 -5.7687E-02 -1.5111E-01 -1.4261E-01
  5.0000E+00  1.4608E+00  2.3752E+00  2.7630E+01 -5.7687E-02 -1.5111E-01 -1.4261E-01
  5.0000E+00  1.4608E+00  2.3752E+00  2.7630E+01 -5.7687E-02 -1.5111E-01 -1.4261E-01
  5.0000E+00  1.4608E+00  2.3752E+00  2.7630E+01 -5.7687E-02 -1.5111E-01 -1.4261E-01
  6.0000E+00  1.0319E+00  4.0141E+00  3.8180E+01 -4.0531E-01  3.7361E-01  1.8079E-01
  6.0000E+00  1.0319E+00  4.0141E+00  3.8180E+01 -4.0531E-01  3.7361E-01  1.8079E-01
  6.0000E+00  1.0319E+00  4.0141E+00  3.8180E+01 -4.0531E-01  3.7361E-01  1.8079E-01
  6.0000E+00  1.0319E+00  4.0141E+00  3.8180E+01 -4.0531E-01  3.7361E-01  1.8079E-01
  6.0000E+00  1.0319E+00  4.0141E+00  3.8180E+01 -4.0531E-01  3.7361E-01  1.8079E-01
  6.0000E+00  1.0319E+00  4.0141E+00  3.8180E+01 -4.0531E-01  3.7361E-01  1.8079E-01
  6.0000E+00  1.0319E+00  4.0141E+00  3.8180E+01 -4.0531E-01  3.7361E-01  1.8079E-01
  6.0000E+00  1.0319E+00  4.0141E+00  3.8180E+01 -4.0531E-01  3.7361E-01  1.8079E-01
  6.0000E+00  1.0319E+00  4.0141E+00  3.8180E+01 -4.0531E-01  3.7361E-01  1.8079E-01
  6.0000E+00  1.0319E+00  4.0141E+00  3.8180E+01 -4.0531E-01  3.7361E-01  1.8079E-01
  6.0000E+00  1.0319E+00  4.0141E+00  3.8180E+01 -4.0531E-01  3.7361E-01  1.8079E-01
  6.0000E+00  1.0319E+00  4.0141E+00  3.8180E+01 -4.0531E-01  3.7361E-01  1.8079E-01
  7.0000E+00  7.1758E-01  3.2067E+00  3.3665E+01 -7.6853E-01  1.4903E-01  5.4964E-02
  7.0000E+00  7.1758E-01  3.2067E+00  3.3665E+01 -7.6853E-01  1.4903E-01  5.4964E-02
  7.0000E+00  7.1758E-01  3.2067E+00  3.3665E+01 -7.6853E-01  1.4903E-01  5.4964E-02
  7.0000E+00  7.1758E-01  3.2067E+00  3.3665E+01 -7.6853E-01  1.4903E-01  5.4964E-02
  7.0000E+00  7.1758E-01  3.2067E+00  3.3665E+01 -7.6853E-01  1.4903E-01  5.4964E-02
  7.0000E+00  7.1758E-01  3.2067E+00  3.3665E+01 -7.6853E-01  1.4903E-01  5.4964E-02
  7.0000E+00  7.1758E-01  3.2067E+00  3.3665E+01 -7.6853E-01  1.4903E-01  5.4964E-02
  7.0000E+00  7.1758E-01  3.2067E+00  3.3665E+01 -7.6853E-01  1.4903E-01  5.4964E-02
  7.0000E+00  7.1758E-01  3.2067E+00  3.3665E+01 -7.6853E-01  1.4903E-01  5.4964E-02
  7.0000E+00  7.1758E-01  3.2067E+00  3.3665E+01 -7.6853E-01  1.4903E-01  5.4964E-02
  7.0000E+00  7.1758E-01  3.2067E+00  3.3665E+01 -7.6853E-01  1.4903E-01  5.4964E-02
  7.0000E+00  7.1758E-01  3.2067E+00  3.3665E+01 -7.6853E-01  1.4903E-01  5.4964E-02
  8.0000E+00  1.3360E+00  3.2454E+00  3.4932E+01 -1.4697E-01  1.6104E-01  9.1904E-02
  8.0000E+00  1.3360E+00  3.2454E+00  3.4932E+01 -1.4697E-01  1.6104E-01  9.1904E-02
  8.0000E+00  1.3360E+00  3.2454E+00  3.4932E+01 -1.4697E-01  1.6104E-01  9.1904E-02
  8.0000E+00  1.3360E+00  3.2454E+00  3.4932E+01 -1.4697E-01  1.6104E-01  9.1904E-02
  8.0000E+00  1.3360E+00  3.2454E+00  3.4932E+01 -1.4697E-01  1.6104E-01  9.1904E-02
  8.0000E+00  1.3360E+00  3.2454E+00  3.4932E+01 -1.4697E-01  1.6104E-01  9.1904E-02
  8.0000E+00  1.3360E+00  3.2454E+00  3.4932E+01 -1.4697E-01  1.6104E-01  9.1904E-02
  8.0000E+00  1.3360E+00  3.2454E+00  3.4932E+01 -1.4697E-01  1.6104E-01  9.1904E-02
  8.0000E+00  1.3360E+00  3.2454E+00  3.4932E+01 -1.4697E-01  1.6104E-01  9.1904E-02
  8.0000E+00  1.3360E+00  3.2454E+00  3.4932E+01 -1.4697E-01  1.6104E-01  9.1904E-02
  8.0000E+00  1.3360E+00  3.2454E+00  3.4932E+01 -1.4697E-01  1.6104E-01  9.1904E-02
  8.0000E+00  1.3360E+00  3.2454E+00  3.4932E+01 -1.4697E-01  1.6104E-01  9.1904E-02
  9.0000E+00  5.8292E+00  2.8631E+00  3.1804E+01  1.3262E+00  3.5707E-02 -1.9296E-03
  9.0000E+00  5.8292E+00  2.8631E+00  3.1804E+01  1.3262E+00  3.5707E-02 -1.9296E-03
  9.0000E+00  5.8292E+00  2.8631E+00  3.1804E+01  1.3262E+00  3.5707E-02 -1.9296E-03
  9.0000E+00  5.8292E+00  2.8631E+00  3.1804E+01  1.3262E+00  3.5707E-02 -1.9296E-03
  9.0000E+00  5.8292E+00  2.8631E+00  3.1804E+01  1.3262E+00  3.5707E-02 -1.9296E-03
  9.0000E+00  5.8292E+00  2.8631E+00  3.1804E+01  1.3262E+00  3.5707E-02 -1.9296E-03
  9.0000E+00  5.8292E+00  2.8631E+00  3.1804E+01  1.3262E+00  3.5707E-02 -1.9296E-03
  9.0000E+00  5.8292E+00  2.8631E+00  3.1804E+01  1.3262E+00  3.5707E-02 -1.9296E-03
  9.0000E+00  5.8292E+00  2.8631E+00  3.1804E+01  1.3262E+00  3.5707E-02 -1.9296E-03
  9.0000E+00  5.8292E+00  2.8631E+00  3.1804E+01  1.3262E+00  3.5707E-02 -1.9296E-03
  9.0000E+00  5.8292E+00  2.8631E+00  3.1804E+01  1.3262E+00  3.5707E-02 -1.9296E-03
  9.0000E+00  5.8292E+00  2.8631E+00  3.1804E+01  1.3262E+00  3.5707E-02 -1.9296E-03
  1.0000E+01  7.9248E-01  1.8937E+00  2.7367E+01 -6.6926E-01 -3.7766E-01 -1.5216E-01
  1.0000E+01  7.9248E-01  1.8937E+00  2.7367E+01 -6.6926E-01 -3.7766E-01 -1.5216E-01
  1.0000E+01  7.9248E-01  1.8937E+00  2.7367E+01 -6.6926E-01 -3.7766E-01 -1.5216E-01
  1.0000E+01  7.9248E-01  1.8937E+00  2.7367E+01 -6.6926E-01 -3.7766E-01 -1.5216E-01
  1.0000E+01  7.9248E-01  1.8937E+00  2.7367E+01 -6.6926E-01 -3.7766E-01 -1.5216E-01
  1.0000E+01  7.9248E-01  1.8937E+00  2.7367E+01 -6.6926E-01 -3.7766E-01 -1.5216E-01
  1.0000E+01  7.9248E-01  1.8937E+00  2.7367E+01 -6.6926E-01 -3.7766E-01 -1.5216E-01
  1.0000E+01  7.9248E-01  1.8937E+00  2.7367E+01 -6.6926E-01 -3.7766E-01 -1.5216E-01
  1.0000E+01  7.9248E-01  1.8937E+00  2.7367E+01 -6.6926E-01 -3.7766E-01 -1.5216E-01
  1.0000E+01  7.9248E-01  1.8937E+00  2.7367E+01 -6.6926E-01 -3.7766E-01 -1.5216E-01
  1.0000E+01  7.9248E-01  1.8937E+00  2.7367E+01 -6.6926E-01 -3.7766E-01 -1.5216E-01
  1.0000E+01  7.9248E-01  1.8937E+00  2.7367E+01 -6.6926E-01 -3.7766E-01 -1.5216E-01
  1.1000E+01  3.2463E+00  3.6858E+00  3.6175E+01  7.4085E-01  2.8829E-01  1.2687E-01
  1.1000E+01  3.2463E+00  3.6858E+00  3.6175E+01  7.4085E-01  2.8829E-01  1.2687E-01
  1.1000E+01  3.2463E+00  3.6858E+00  3.6175E+01  7.4085E-01  2.8829E-01  1.2687E-01
  1.1000E+01  3.2463E+00  3.6858E+00  3.6175E+01  7.4085E-01  2.8829E-01  1.2687E-01
  1.1000E+01  3.2463E+00  3.6858E+00  3.6175E+01  7.4085E-01  2.8829E-01  1.2687E-01
  1.1000E+01  3.2463E+00  3.6858E+00  3.6175E+01  7.4085E-01  2.8829E-01  1.2687E-01
  1.1000E+01  3.2463E+00  3.6858E+00  3.6175E+01  7.4085E-01  2.8829E-01  1.2687E-01
  1.1000E+01  3.2463E+00  3.6858E+00  3.6175E+01  7.4085E-01  2.8829E-01  1.2687E-01
  1.1000E+01  3.2463E+00  3.6858E+00  3.6175E+01  7.4085E-01  2.8829E-01  1.2687E-01
  1.1000E+01  3.2463E+00  3.6858E+00  3.6175E+01  7.4085E-01  2.8829E-01  1.2687E-01
  1.1000E+01  3.2463E+00  3.6858E+00  3.6175E+01  7.4085E-01  2.8829E-01  1.2687E-01
  1.1000E+01  3.2463E+00  3.6858E+00  3.6175E+01  7.4085E-01  2.8829E-01  1.2687E-01
  1.2000E+01  9.2896E-01  2.4458E+00  2.6545E+01 -5.1036E-01 -1.2182E-01 -1.8267E-01
  1.2000E+01  9.2896E-01  2.4458E+00  2.6545E+01 -5.1036E-01 -1.2182E-01 -1.8267E-01
  1.2000E+01  9.2896E-01  2.4458E+00  2.6545E+01 -5.1036E-01 -1.2182E-01 -1.8267E-01
  1.2000E+01  9.2896E-01  2.4458E+00  2.6545E+01 -5.1036E-01 -1.2182E-01 -1.8267E-01
  1.2000E+01  9.2896E-01  2.4458E+00  2.6545E+01 -5.1036E-01 -1.2182E-01 -1.8267E-01
  1.2000E+01  9.2896E-01  2.4458E+00  2.6545E+01 -5.1036E-01 -1.2182E-01 -1.8267E-01
  1.2000E+01  9.2896E-01  2.4458E+00  2.6545E+01 -5.1036E-01 -1.2182E-01 -1.8267E-01
  1.2000E+01  9.2896E-01  2.4458E+00  2.6545E+01 -5.1036E-01 -1.2182E-01 -1.8267E-01
  1.2000E+01  9.2896E-01  2.4458E+00  2.6545E+01 -5.1036E-01 -1.2182E-01 -1.8267E-01
  1.2000E+01  9.2896E-01  2.4458E+00  2.6545E+01 -5.1036E-01 -1.2182E-01 -1.8267E-01
  1.2000E+01  9.2896E-01  2.4458E+00  2.6545E+01 -5.1036E-01 -1.2182E-01 -1.8267E-01
  1.2000E+01  9.2896E-01  2.4458E+00  2.6545E+01 -5.1036E-01 -1.2182E-01 -1.8267E-01
