TABLE NO.  1
 ID          TIME        AMT         DV          MDV         EVID        IPRE        DA21        DA22        DA23        G1          G2          G3          DV          PRED        RES         WRES
  1.0000E+00  0.0000E+00  3.1999E+02  0.0000E+00  1.0000E+00  1.0000E+00  0.0000E+00  0.0000E+00  0.0000E+00  0.0000E+00  0.0000E+00  0.0000E+00  0.0000E+00  0.0000E+00  0.0000E+00  0.0000E+00  0.0000E+00
  1.0000E+00  0.0000E+00  0.0000E+00  7.4000E-01  1.0000E+00  0.0000E+00  0.0000E+00  0.0000E+00  0.0000E+00  0.0000E+00  0.0000E+00  0.0000E+00  0.0000E+00  7.4000E-01  0.0000E+00  0.0000E+00  0.0000E+00
  1.0000E+00  2.5000E-01  0.0000E+00  2.8400E+00  0.0000E+00  0.0000E+00  3.6957E+00  8.7170E+01 -8.3794E-01  8.3794E-01  2.9771E+00 -2.8618E-02 -3.6671E+00  2.8400E+00  3.1849E+00 -3.4492E-01 -1.3625E+00
  1.0000E+00  5.7000E-01  0.0000E+00  6.5700E+00  0.0000E+00  0.0000E+00  6.5759E+00  1.1486E+02 -3.6667E+00  3.6667E+00  3.9228E+00 -1.2523E-01 -6.4507E+00  6.5700E+00  5.7219E+00  8.4812E-01  2.7541E-02
  1.0000E+00  1.1200E+00  0.0000E+00  1.0500E+01  0.0000E+00  0.0000E+00  8.8596E+00  8.6327E+01 -1.0841E+01  1.0841E+01  2.9484E+00 -3.7026E-01 -8.4893E+00  1.0500E+01  7.7738E+00  2.7262E+00  2.1217E+00
  1.0000E+00  2.0200E+00  0.0000E+00  9.6600E+00  0.0000E+00  0.0000E+00  9.6794E+00  2.8272E+01 -2.4355E+01  2.4355E+01  9.6557E-01 -8.3180E-01 -8.8476E+00  9.6600E+00  8.4621E+00  1.1979E+00  3.0113E-01
  1.0000E+00  3.8200E+00  0.0000E+00  8.5800E+00  0.0000E+00  0.0000E+00  9.0511E+00 -5.9417E+00 -4.9346E+01  4.9346E+01 -2.0293E-01 -1.6853E+00 -7.3658E+00  8.5800E+00  7.6100E+00  9.6999E-01 -1.1102E-01
  1.0000E+00  5.1000E+00  0.0000E+00  8.3600E+00  0.0000E+00  0.0000E+00  8.4185E+00 -8.3238E+00 -6.4120E+01  6.4120E+01 -2.8428E-01 -2.1899E+00 -6.2286E+00  8.3600E+00  6.8325E+00  1.5275E+00  4.3169E-01
  1.0000E+00  7.0300E+00  0.0000E+00  7.4700E+00  0.0000E+00  0.0000E+00  7.5279E+00 -7.9238E+00 -8.2023E+01  8.2023E+01 -2.7062E-01 -2.8013E+00 -4.7266E+00  7.4700E+00  5.7829E+00  1.6871E+00  4.8344E-01
  1.0000E+00  9.0500E+00  0.0000E+00  6.8900E+00  0.0000E+00  0.0000E+00  6.6948E+00 -7.0737E+00 -9.5937E+01  9.5937E+01 -2.4159E-01 -3.2766E+00 -3.4183E+00  6.8900E+00  4.8540E+00  2.0360E+00  8.9544E-01
  1.0000E+00  1.2120E+01  0.0000E+00  5.9400E+00  0.0000E+00  0.0000E+00  5.6017E+00 -5.9198E+00 -1.0951E+02  1.0951E+02 -2.0218E-01 -3.7402E+00 -1.8616E+00  5.9400E+00  3.7197E+00  2.2203E+00  1.2062E+00
  1.0000E+00  2.4370E+01  0.0000E+00  3.2800E+00  0.0000E+00  0.0000E+00  2.7504E+00 -2.9066E+00 -1.1105E+02  1.1105E+02 -9.9270E-02 -3.7928E+00  1.0424E+00  3.2800E+00  1.2860E+00  1.9940E+00  1.7018E+00
  2.0000E+00  0.0000E+00  3.1856E+02  0.0000E+00  1.0000E+00  1.0000E+00  0.0000E+00  0.0000E+00  0.0000E+00  0.0000E+00  0.0000E+00  0.0000E+00  0.0000E+00  0.0000E+00  0.0000E+00  0.0000E+00  0.0000E+00
  2.0000E+00  0.0000E+00  0.0000E+00  0.0000E+00  1.0000E+00  0.0000E+00  0.0000E+00  0.0000E+00  0.0000E+00  0.0000E+00  0.0000E+00  0.0000E+00  0.0000E+00  0.0000E+00  0.0000E+00  0.0000E+00  0.0000E+00
  2.0000E+00  2.7000E-01  0.0000E+00  1.7200E+00  0.0000E+00  0.0000E+00  3.9356E+00  9.5976E+01 -1.8314E+00  1.8314E+00  3.0129E+00 -5.7491E-02 -3.8781E+00  1.7200E+00  3.3719E+00 -1.6519E+00 -3.2824E+00
  2.0000E+00  5.2000E-01  0.0000E+00  7.9100E+00  0.0000E+00  0.0000E+00  6.0679E+00  1.1291E+02 -5.8037E+00  5.8037E+00  3.5444E+00 -1.8219E-01 -5.8857E+00  7.9100E+00  5.3874E+00  2.5226E+00  2.6734E+00
  2.0000E+00  1.0000E+00  0.0000E+00  8.3100E+00  0.0000E+00  0.0000E+00  7.9553E+00  8.1947E+01 -1.6288E+01  1.6288E+01  2.5725E+00 -5.1133E-01 -7.4439E+00  8.3100E+00  7.4576E+00  8.5235E-01  4.8732E-01
  2.0000E+00  1.9200E+00  0.0000E+00  8.3300E+00  0.0000E+00  0.0000E+00  8.4313E+00  1.7452E+01 -3.8334E+01  3.8334E+01  5.4786E-01 -1.2034E+00 -7.2279E+00  8.3300E+00  8.4239E+00 -9.3854E-02 -1.5228E-01
  2.0000E+00  3.5000E+00  0.0000E+00  6.8500E+00  0.0000E+00  0.0000E+00  7.4230E+00 -1.0250E+01 -6.9819E+01  6.9819E+01 -3.2177E-01 -2.1918E+00 -5.2313E+00  6.8500E+00  7.7716E+00 -9.2156E-01 -7.7560E-01
  2.0000E+00  5.0200E+00  0.0000E+00  6.0800E+00  0.0000E+00  0.0000E+00  6.3860E+00 -1.1155E+01 -9.0917E+01  9.0917E+01 -3.5019E-01 -2.8541E+00 -3.5319E+00  6.0800E+00  6.8488E+00 -7.6878E-01 -5.2342E-01
  2.0000E+00  7.0300E+00  0.0000E+00  5.4000E+00  0.0000E+00  0.0000E+00  5.2219E+00 -9.3138E+00 -1.0783E+02  1.0783E+02 -2.9238E-01 -3.3850E+00 -1.8369E+00  5.4000E+00  5.7570E+00 -3.5704E-01  5.4681E-02
  2.0000E+00  9.0000E+00  0.0000E+00  4.5500E+00  0.0000E+00  0.0000E+00  4.2867E+00 -7.6518E+00 -1.1547E+02  1.1547E+02 -2.4021E-01 -3.6248E+00 -6.6194E-01  4.5500E+00  4.8533E+00 -3.0329E-01  1.5730E-01
  2.0000E+00  1.2000E+01  0.0000E+00  3.0100E+00  0.0000E+00  0.0000E+00  3.1740E+00 -5.6657E+00 -1.1588E+02  1.1588E+02 -1.7786E-01 -3.6377E+00  4.6379E-01  3.0100E+00  3.7418E+00 -7.3178E-01 -4.8852E-01
  2.0000E+00  2.4300E+01  0.0000E+00  9.0000E-01  0.0000E+00  0.0000E+00  9.2567E-01 -1.6524E+00 -7.0131E+01  7.0131E+01 -5.1872E-02 -2.2016E+00  1.2759E+00  9.0000E-01  1.2881E+00 -3.8808E-01 -1.9527E-01
  3.0000E+00  0.0000E+00  3.1936E+02  0.0000E+00  1.0000E+00  1.0000E+00  0.0000E+00  0.0000E+00  0.0000E+00  0.0000E+00  0.0000E+00  0.0000E+00  0.0000E+00  0.0000E+00  0.0000E+00  0.0000E+00  0.0000E+00
  3.0000E+00  0.0000E+00  0.0000E+00  0.0000E+00  1.0000E+00  0.0000E+00  0.0000E+00  0.0000E+00  0.0000E+00  0.0000E+00  0.0000E+00  0.0000E+00  0.0000E+00  0.0000E+00  0.0000E+00  0.0000E+00  0.0000E+00
  3.0000E+00  2.7000E-01  0.0000E+00  4.4000E+00  0.0000E+00  0.0000E+00  4.3030E+00  1.0415E+02 -1.8209E+00  1.8209E+00  3.1233E+00 -5.4607E-02 -4.2484E+00  4.4000E+00  3.3804E+00  1.0196E+00  5.3881E-01
  3.0000E+00  5.8000E-01  0.0000E+00  6.9000E+00  0.0000E+00  0.0000E+00  6.7713E+00  1.0857E+02 -6.7558E+00  6.7558E+00  3.2559E+00 -2.0260E-01 -6.5687E+00  6.9000E+00  5.7693E+00  1.1307E+00  4.3124E-01
  3.0000E+00  1.0200E+00  0.0000E+00  8.2000E+00  0.0000E+00  0.0000E+00  8.1184E+00  6.6122E+01 -1.5867E+01  1.5867E+01  1.9829E+00 -4.7584E-01 -7.6425E+00  8.2000E+00  7.5284E+00  6.7165E-01  8.6182E-02
  3.0000E+00  2.0200E+00  0.0000E+00  7.8000E+00  0.0000E+00  0.0000E+00  8.2678E+00  5.1414E+00 -3.7418E+01  3.7418E+01  1.5418E-01 -1.1221E+00 -7.1457E+00  7.8000E+00  8.4454E+00 -6.4541E-01 -7.6627E-01
  3.0000E+00  3.6200E+00  0.0000E+00  7.5000E+00  0.0000E+00  0.0000E+00  7.2979E+00 -8.8556E+00 -6.5890E+01  6.5890E+01 -2.6557E-01 -1.9760E+00 -5.3220E+00  7.5000E+00  7.7179E+00 -2.1795E-01  6.7946E-02
  3.0000E+00  5.0800E+00  0.0000E+00  6.2000E+00  0.0000E+00  0.0000E+00  6.4420E+00 -8.4718E+00 -8.5018E+01  8.5018E+01 -2.5406E-01 -2.5496E+00 -3.8924E+00  6.2000E+00  6.8307E+00 -6.3073E-01 -4.3735E-01
  3.0000E+00  7.0700E+00  0.0000E+00  5.3000E+00  0.0000E+00  0.0000E+00  5.4320E+00 -7.1778E+00 -1.0258E+02  1.0258E+02 -2.1525E-01 -3.0763E+00 -2.3557E+00  5.3000E+00  5.7515E+00 -4.5153E-01 -2.7945E-01
  3.0000E+00  9.0000E+00  0.0000E+00  4.9000E+00  0.0000E+00  0.0000E+00  4.6038E+00 -6.0840E+00 -1.1233E+02  1.1233E+02 -1.8245E-01 -3.3688E+00 -1.2350E+00  4.9000E+00  4.8655E+00  3.4517E-02  3.4274E-01
  3.0000E+00  1.2150E+01  0.0000E+00  3.7000E+00  0.0000E+00  0.0000E+00  3.5145E+00 -4.6445E+00 -1.1740E+02  1.1740E+02 -1.3928E-01 -3.5206E+00  6.0528E-03  3.7000E+00  3.7027E+00 -2.7061E-03  2.2366E-01
  3.0000E+00  2.4170E+01  0.0000E+00  1.0500E+00  0.0000E+00  0.0000E+00  1.2544E+00 -1.6578E+00 -8.4996E+01  8.4996E+01 -4.9715E-02 -2.5489E+00  1.2945E+00  1.0500E+00  1.3060E+00 -2.5595E-01 -3.5787E-01
  4.0000E+00  0.0000E+00  3.1988E+02  0.0000E+00  1.0000E+00  1.0000E+00  0.0000E+00  0.0000E+00  0.0000E+00  0.0000E+00  0.0000E+00  0.0000E+00  0.0000E+00  0.0000E+00  0.0000E+00  0.0000E+00  0.0000E+00
  4.0000E+00  0.0000E+00  0.0000E+00  0.0000E+00  1.0000E+00  0.0000E+00  0.0000E+00  0.0000E+00  0.0000E+00  0.0000E+00  0.0000E+00  0.0000E+00  0.0000E+00  0.0000E+00  0.0000E+00  0.0000E+00  0.0000E+00
  4.0000E+00  3.5000E-01  0.0000E+00  1.8900E+00  0.0000E+00  0.0000E+00  3.3324E+00  8.4653E+01 -1.6825E+00  1.6825E+00  2.7027E+00 -5.3716E-02 -3.2787E+00  1.8900E+00  4.1295E+00 -2.2395E+00 -2.1097E+00
  4.0000E+00  6.0000E-01  0.0000E+00  4.6000E+00  0.0000E+00  0.0000E+00  4.9487E+00  1.0713E+02 -4.4597E+00  4.4597E+00  3.4204E+00 -1.4238E-01 -4.8063E+00  4.6000E+00  5.8933E+00 -1.2933E+00 -5.2335E-01
  4.0000E+00  1.0700E+00  0.0000E+00  8.6000E+00  0.0000E+00  0.0000E+00  6.8432E+00  1.0687E+02 -1.1795E+01  1.1795E+01  3.4120E+00 -3.7656E-01 -6.4666E+00  8.6000E+00  7.6618E+00  9.3815E-01  1.9468E+00
  4.0000E+00  2.1300E+00  0.0000E+00  8.3800E+00  0.0000E+00  0.0000E+00  8.2306E+00  5.2052E+01 -3.2124E+01  3.2124E+01  1.6619E+00 -1.0256E+00 -7.2049E+00  8.3800E+00  8.4475E+00 -6.7496E-02  5.3186E-02
  4.0000E+00  3.5000E+00  0.0000E+00  7.5400E+00  0.0000E+00  0.0000E+00  7.9566E+00  4.4928E+00 -5.7216E+01  5.7216E+01  1.4344E-01 -1.8267E+00 -6.1299E+00  7.5400E+00  7.8038E+00 -2.6377E-01 -4.9433E-01
  4.0000E+00  5.0200E+00  0.0000E+00  6.8800E+00  0.0000E+00  0.0000E+00  7.1119E+00 -1.1969E+01 -7.9305E+01  7.9305E+01 -3.8214E-01 -2.5320E+00 -4.5799E+00  6.8800E+00  6.8772E+00  2.8393E-03 -2.3860E-01
  4.0000E+00  7.0200E+00  0.0000E+00  5.7800E+00  0.0000E+00  0.0000E+00  6.0046E+00 -1.4461E+01 -9.9255E+01  9.9255E+01 -4.6171E-01 -3.1689E+00 -2.8357E+00  5.7800E+00  5.7859E+00 -5.9058E-03 -2.4690E-01
  4.0000E+00  9.0200E+00  0.0000E+00  5.3300E+00  0.0000E+00  0.0000E+00  5.0508E+00 -1.2781E+01 -1.1089E+02  1.1089E+02 -4.0805E-01 -3.5403E+00 -1.5106E+00  5.3300E+00  4.8650E+00  4.6504E-01  4.4507E-01
  4.0000E+00  1.1980E+01  0.0000E+00  4.1900E+00  0.0000E+00  0.0000E+00  3.9074E+00 -9.9685E+00 -1.1720E+02  1.1720E+02 -3.1826E-01 -3.7418E+00 -1.6559E-01  4.1900E+00  3.7638E+00  4.2620E-01  4.5833E-01
  4.0000E+00  2.4650E+01  0.0000E+00  1.1500E+00  0.0000E+00  0.0000E+00  1.3020E+00 -3.3233E+00 -8.3869E+01  8.3869E+01 -1.0610E-01 -2.6777E+00  1.3757E+00  1.1500E+00  1.2548E+00 -1.0476E-01 -2.5221E-01
  5.0000E+00  0.0000E+00  3.1996E+02  0.0000E+00  1.0000E+00  1.0000E+00  0.0000E+00  0.0000E+00  0.0000E+00  0.0000E+00  0.0000E+00  0.0000E+00  0.0000E+00  0.0000E+00  0.0000E+00  0.0000E+00  0.0000E+00
  5.0000E+00  0.0000E+00  0.0000E+00  0.0000E+00  1.0000E+00  0.0000E+00  0.0000E+00  0.0000E+00  0.0000E+00  0.0000E+00  0.0000E+00  0.0000E+00  0.0000E+00  0.0000E+00  0.0000E+00  0.0000E+00  0.0000E+00
  5.0000E+00  3.0000E-01  0.0000E+00  2.0200E+00  0.0000E+00  0.0000E+00  4.0527E+00  8.9120E+01 -1.5429E+00  1.5429E+00  3.2255E+00 -5.5841E-02 -3.9968E+00  2.0200E+00  3.6775E+00 -1.6575E+00 -3.0258E+00
  5.0000E+00  5.2000E-01  0.0000E+00  5.6300E+00  0.0000E+00  0.0000E+00  6.0099E+00  1.1044E+02 -4.1499E+00  4.1499E+00  3.9970E+00 -1.5020E-01 -5.8597E+00  5.6300E+00  5.4111E+00  2.1888E-01 -3.9746E-01
  5.0000E+00  1.0000E+00  0.0000E+00  1.1400E+01  0.0000E+00  0.0000E+00  8.4355E+00  1.0067E+02 -1.2244E+01  1.2244E+01  3.6434E+00 -4.4316E-01 -7.9924E+00  1.1400E+01  7.4904E+00  3.9096E+00  3.8438E+00
  5.0000E+00  2.0200E+00  0.0000E+00  9.3300E+00  0.0000E+00  0.0000E+00  9.6994E+00  3.5706E+01 -3.2868E+01  3.2868E+01  1.2923E+00 -1.1896E+00 -8.5098E+00  9.3300E+00  8.4613E+00  8.6873E-01  3.7819E-03
  5.0000E+00  3.5000E+00  0.0000E+00  8.7400E+00  0.0000E+00  0.0000E+00  9.0332E+00 -5.1436E+00 -6.0105E+01  6.0105E+01 -1.8616E-01 -2.1754E+00 -6.8578E+00  8.7400E+00  7.8057E+00  9.3428E-01  1.0111E-01
  5.0000E+00  5.0200E+00  0.0000E+00  7.5600E+00  0.0000E+00  0.0000E+00  7.9836E+00 -1.2164E+01 -8.1497E+01  8.1497E+01 -4.4024E-01 -2.9496E+00 -5.0340E+00  7.5600E+00  6.8789E+00  6.8112E-01 -1.4082E-01
  5.0000E+00  7.0200E+00  0.0000E+00  7.0900E+00  0.0000E+00  0.0000E+00  6.7289E+00 -1.1502E+01 -1.0058E+02  1.0058E+02 -4.1630E-01 -3.6402E+00 -3.0886E+00  7.0900E+00  5.7874E+00  1.3026E+00  8.0287E-01
  5.0000E+00  9.1000E+00  0.0000E+00  5.9000E+00  0.0000E+00  0.0000E+00  5.6275E+00 -9.7146E+00 -1.1191E+02  1.1191E+02 -3.5160E-01 -4.0504E+00 -1.5770E+00  5.9000E+00  4.8325E+00  1.0675E+00  6.2987E-01
  5.0000E+00  1.2000E+01  0.0000E+00  4.3700E+00  0.0000E+00  0.0000E+00  4.3857E+00 -7.5769E+00 -1.1743E+02  1.1743E+02 -2.7423E-01 -4.2501E+00 -1.3569E-01  4.3700E+00  3.7582E+00  6.1178E-01  1.3378E-01
  5.0000E+00  2.4350E+01  0.0000E+00  1.5700E+00  0.0000E+00  0.0000E+00  1.5169E+00 -2.6207E+00 -8.5113E+01  8.5113E+01 -9.4850E-02 -3.0805E+00  1.5635E+00  1.5700E+00  1.2881E+00  2.8185E-01  9.6188E-02
  6.0000E+00  0.0000E+00  3.2000E+02  0.0000E+00  1.0000E+00  1.0000E+00  0.0000E+00  0.0000E+00  0.0000E+00  0.0000E+00  0.0000E+00  0.0000E+00  0.0000E+00  0.0000E+00  0.0000E+00  0.0000E+00  0.0000E+00
  6.0000E+00  0.0000E+00  0.0000E+00  0.0000E+00  1.0000E+00  0.0000E+00  0.0000E+00  0.0000E+00  0.0000E+00  0.0000E+00  0.0000E+00  0.0000E+00  0.0000E+00  0.0000E+00  0.0000E+00  0.0000E+00  0.0000E+00
  6.0000E+00  2.7000E-01  0.0000E+00  1.2900E+00  0.0000E+00  0.0000E+00  2.0080E+00  6.6432E+01 -1.1335E+00  1.1335E+00  1.7400E+00 -2.9689E-02 -1.9784E+00  1.2900E+00  3.3872E+00 -2.0972E+00 -1.1318E+00
  6.0000E+00  5.8000E-01  0.0000E+00  3.0800E+00  0.0000E+00  0.0000E+00  3.6508E+00  1.0139E+02 -4.6287E+00  4.6287E+00  2.6557E+00 -1.2124E-01 -3.5295E+00  3.0800E+00  5.7809E+00 -2.7009E+00 -1.0282E+00
  6.0000E+00  1.1500E+00  0.0000E+00  6.4400E+00  0.0000E+00  0.0000E+00  5.4209E+00  1.0558E+02 -1.4693E+01  1.4693E+01  2.7653E+00 -3.8485E-01 -5.0360E+00  6.4400E+00  7.8342E+00 -1.3942E+00  6.4535E-01
  6.0000E+00  2.0300E+00  0.0000E+00  6.3200E+00  0.0000E+00  0.0000E+00  6.3898E+00  6.4205E+01 -3.3753E+01  3.3753E+01  1.6816E+00 -8.8406E-01 -5.5058E+00  6.3200E+00  8.4618E+00 -2.1418E+00 -7.2818E-01
  6.0000E+00  3.5700E+00  0.0000E+00  5.5300E+00  0.0000E+00  0.0000E+00  6.1773E+00  6.2252E+00 -6.5127E+01  6.5127E+01  1.6305E-01 -1.7058E+00 -4.4715E+00  5.5300E+00  7.7640E+00 -2.2340E+00 -1.2911E+00
  6.0000E+00  5.0000E+00  0.0000E+00  4.9400E+00  0.0000E+00  0.0000E+00  5.4632E+00 -1.3102E+01 -8.7061E+01  8.7061E+01 -3.4316E-01 -2.2803E+00 -3.1829E+00  4.9400E+00  6.8915E+00 -1.9515E+00 -1.1061E+00
  6.0000E+00  7.0000E+00  0.0000E+00  4.0200E+00  0.0000E+00  0.0000E+00  4.4638E+00 -1.7457E+01 -1.0628E+02  1.0628E+02 -4.5724E-01 -2.7838E+00 -1.6800E+00  4.0200E+00  5.7981E+00 -1.7781E+00 -1.0218E+00
  6.0000E+00  9.2200E+00  0.0000E+00  3.4600E+00  0.0000E+00  0.0000E+00  3.5393E+00 -1.5080E+01 -1.1568E+02  1.1568E+02 -3.9498E-01 -3.0300E+00 -5.0927E-01  3.4600E+00  4.7831E+00 -1.3231E+00 -5.2394E-01
  6.0000E+00  1.2100E+01  0.0000E+00  2.7800E+00  0.0000E+00  0.0000E+00  2.6151E+00 -1.1311E+01 -1.1569E+02  1.1569E+02 -2.9625E-01 -3.0302E+00  4.1510E-01  2.7800E+00  3.7262E+00 -9.4624E-01 -1.2904E-01
  6.0000E+00  2.3850E+01  0.0000E+00  9.2000E-01  0.0000E+00  0.0000E+00  7.6029E-01 -3.2932E+00 -6.9495E+01  6.9495E+01 -8.6256E-02 -1.8202E+00  1.0599E+00  9.2000E-01  1.3454E+00 -4.2538E-01  8.0788E-02
  7.0000E+00  0.0000E+00  3.1977E+02  0.0000E+00  1.0000E+00  1.0000E+00  0.0000E+00  0.0000E+00  0.0000E+00  0.0000E+00  0.0000E+00  0.0000E+00  0.0000E+00  0.0000E+00  0.0000E+00  0.0000E+00  0.0000E+00
  7.0000E+00  0.0000E+00  0.0000E+00  1.5000E-01  1.0000E+00  0.0000E+00  0.0000E+00  0.0000E+00  0.0000E+00  0.0000E+00  0.0000E+00  0.0000E+00  0.0000E+00  1.5000E-01  0.0000E+00  0.0000E+00  0.0000E+00
  7.0000E+00  2.5000E-01  0.0000E+00  8.5000E-01  0.0000E+00  0.0000E+00  1.5409E+00  4.7343E+01 -6.3366E-01  6.3366E-01  1.4063E+00 -1.8822E-02 -1.5221E+00  8.5000E-01  3.1827E+00 -2.3327E+00 -9.0818E-01
  7.0000E+00  5.0000E-01  0.0000E+00  2.3500E+00  0.0000E+00  0.0000E+00  2.7925E+00  7.8019E+01 -2.3546E+00  2.3546E+00  2.3175E+00 -6.9940E-02 -2.7226E+00  2.3500E+00  5.2761E+00 -2.9261E+00 -7.6290E-01
  7.0000E+00  1.0200E+00  0.0000E+00  5.0200E+00  0.0000E+00  0.0000E+00  4.6704E+00  1.0574E+02 -8.4408E+00  8.4408E+00  3.1408E+00 -2.5072E-01 -4.4197E+00  5.0200E+00  7.5380E+00 -2.5180E+00 -3.4504E-01
  7.0000E+00  2.0200E+00  0.0000E+00  6.5800E+00  0.0000E+00  0.0000E+00  6.4650E+00  9.2116E+01 -2.5214E+01  2.5214E+01  2.7362E+00 -7.4896E-01 -5.7160E+00  6.5800E+00  8.4562E+00 -1.8762E+00 -8.2439E-01
  7.0000E+00  3.4800E+00  0.0000E+00  7.0900E+00  0.0000E+00  0.0000E+00  6.9607E+00  3.9926E+01 -5.1870E+01  5.1870E+01  1.1860E+00 -1.5408E+00 -5.4199E+00  7.0900E+00  7.8132E+00 -7.2322E-01 -2.8219E-01
  7.0000E+00  5.0000E+00  0.0000E+00  6.6600E+00  0.0000E+00  0.0000E+00  6.4996E+00  3.0959E+00 -7.5577E+01  7.5577E+01  9.1959E-02 -2.2449E+00 -4.2547E+00  6.6600E+00  6.8866E+00 -2.2659E-01  1.3697E-01
  7.0000E+00  6.9800E+00  0.0000E+00  5.2500E+00  0.0000E+00  0.0000E+00  5.5601E+00 -1.6314E+01 -9.7438E+01  9.7438E+01 -4.8460E-01 -2.8943E+00 -2.6658E+00  5.2500E+00  5.8040E+00 -5.5400E-01 -3.6911E-01
  7.0000E+00  9.0000E+00  0.0000E+00  4.3900E+00  0.0000E+00  0.0000E+00  4.6301E+00 -2.0125E+01 -1.1026E+02  1.1026E+02 -5.9779E-01 -3.2753E+00 -1.3549E+00  4.3900E+00  4.8717E+00 -4.8173E-01 -3.3479E-01
  7.0000E+00  1.2050E+01  0.0000E+00  3.5300E+00  0.0000E+00  0.0000E+00  3.4737E+00 -1.7339E+01 -1.1640E+02  1.1640E+02 -5.1503E-01 -3.4576E+00 -1.6135E-02  3.5300E+00  3.7397E+00 -2.0974E-01 -8.1297E-03
  7.0000E+00  2.4220E+01  0.0000E+00  1.1500E+00  0.0000E+00  0.0000E+00  1.0904E+00 -5.6184E+00 -7.9070E+01  7.9070E+01 -1.6689E-01 -2.3487E+00  1.2583E+00  1.1500E+00  1.3020E+00 -1.5197E-01 -1.0422E-01
  8.0000E+00  0.0000E+00  3.1936E+02  0.0000E+00  1.0000E+00  1.0000E+00  0.0000E+00  0.0000E+00  0.0000E+00  0.0000E+00  0.0000E+00  0.0000E+00  0.0000E+00  0.0000E+00  0.0000E+00  0.0000E+00  0.0000E+00
  8.0000E+00  0.0000E+00  0.0000E+00  0.0000E+00  1.0000E+00  0.0000E+00  0.0000E+00  0.0000E+00  0.0000E+00  0.0000E+00  0.0000E+00  0.0000E+00  0.0000E+00  0.0000E+00  0.0000E+00  0.0000E+00  0.0000E+00
  8.0000E+00  2.5000E-01  0.0000E+00  3.0500E+00  0.0000E+00  0.0000E+00  2.5644E+00  7.5393E+01 -1.0941E+00  1.0941E+00  2.1583E+00 -3.1321E-02 -2.5331E+00  3.0500E+00  3.1787E+00 -1.2865E-01  7.0519E-01
  8.0000E+00  5.2000E-01  0.0000E+00  3.0500E+00  0.0000E+00  0.0000E+00  4.4572E+00  1.0740E+02 -4.1634E+00  4.1634E+00  3.0745E+00 -1.1918E-01 -4.3380E+00  3.0500E+00  5.4010E+00 -2.3510E+00 -2.0733E+00
  8.0000E+00  9.8000E-01  0.0000E+00  7.3100E+00  0.0000E+00  0.0000E+00  6.3175E+00  1.0485E+02 -1.2037E+01  1.2037E+01  3.0014E+00 -3.4459E-01 -5.9729E+00  7.3100E+00  7.4223E+00 -1.1226E-01  9.7117E-01
  8.0000E+00  2.0200E+00  0.0000E+00  7.5600E+00  0.0000E+00  0.0000E+00  7.4831E+00  4.2792E+01 -3.3855E+01  3.3855E+01  1.2250E+00 -9.6917E-01 -6.5139E+00  7.5600E+00  8.4454E+00 -8.8541E-01 -2.0661E-01
  8.0000E+00  3.5300E+00  0.0000E+00  6.5900E+00  0.0000E+00  0.0000E+00  6.9903E+00 -3.7632E+00 -6.2841E+01  6.2841E+01 -1.0773E-01 -1.7989E+00 -5.1914E+00  6.5900E+00  7.7729E+00 -1.1829E+00 -7.5480E-01
  8.0000E+00  5.0500E+00  0.0000E+00  5.8800E+00  0.0000E+00  0.0000E+00  6.1345E+00 -1.3296E+01 -8.4714E+01  8.4714E+01 -3.8061E-01 -2.4251E+00 -3.7094E+00  5.8800E+00  6.8483E+00 -9.6834E-01 -5.7807E-01
  8.0000E+00  7.1500E+00  0.0000E+00  4.7300E+00  0.0000E+00  0.0000E+00  5.0560E+00 -1.2967E+01 -1.0414E+02  1.0414E+02 -3.7119E-01 -2.9811E+00 -2.0748E+00  4.7300E+00  5.7118E+00 -9.8179E-01 -6.7820E-01
  8.0000E+00  9.0700E+00  0.0000E+00  4.5700E+00  0.0000E+00  0.0000E+00  4.2305E+00 -1.1022E+01 -1.1348E+02  1.1348E+02 -3.1552E-01 -3.2487E+00 -9.8177E-01  4.5700E+00  4.8360E+00 -2.6604E-01  2.7127E-01
  8.0000E+00  1.2100E+01  0.0000E+00  3.0000E+00  0.0000E+00  0.0000E+00  3.1926E+00 -8.3342E+00 -1.1704E+02  1.1704E+02 -2.3858E-01 -3.3503E+00  1.5778E-01  3.0000E+00  3.7188E+00 -7.1879E-01 -4.7864E-01
  8.0000E+00  2.4120E+01  0.0000E+00  1.2500E+00  0.0000E+00  0.0000E+00  1.0451E+00 -2.7284E+00 -7.9080E+01  7.9080E+01 -7.8105E-02 -2.2638E+00  1.2187E+00  1.2500E+00  1.3116E+00 -6.1628E-02  2.5655E-01
  9.0000E+00  0.0000E+00  2.6784E+02  0.0000E+00  1.0000E+00  1.0000E+00  0.0000E+00  0.0000E+00  0.0000E+00  0.0000E+00  0.0000E+00  0.0000E+00  0.0000E+00  0.0000E+00  0.0000E+00  0.0000E+00  0.0000E+00
  9.0000E+00  0.0000E+00  0.0000E+00  0.0000E+00  1.0000E+00  0.0000E+00  0.0000E+00  0.0000E+00  0.0000E+00  0.0000E+00  0.0000E+00  0.0000E+00  0.0000E+00  0.0000E+00  0.0000E+00  0.0000E+00  0.0000E+00
  9.0000E+00  3.0000E-01  0.0000E+00  7.3700E+00  0.0000E+00  0.0000E+00  6.8376E+00  7.9362E+01 -3.7403E+00  3.7403E+00  2.4954E+00 -1.1761E-01 -6.7200E+00  7.3700E+00  3.0785E+00  4.2915E+00  3.2532E+00
  9.0000E+00  6.3000E-01  0.0000E+00  9.0300E+00  0.0000E+00  0.0000E+00  7.8648E+00  2.1468E+01 -1.0655E+01  1.0655E+01  6.7500E-01 -3.3502E-01 -7.5297E+00  9.0300E+00  5.0722E+00  3.9578E+00  1.9201E+00
  9.0000E+00  1.0500E+00  0.0000E+00  7.1400E+00  0.0000E+00  0.0000E+00  7.7635E+00 -2.1485E-01 -1.9523E+01  1.9523E+01 -6.7556E-03 -6.1385E-01 -7.1496E+00  7.1400E+00  6.3760E+00  7.6398E-01 -1.6172E+00
  9.0000E+00  2.0200E+00  0.0000E+00  6.3300E+00  0.0000E+00  0.0000E+00  7.1315E+00 -3.5330E+00 -3.7687E+01  3.7687E+01 -1.1109E-01 -1.1850E+00 -5.9464E+00  6.3300E+00  7.0830E+00 -7.5297E-01 -1.4477E+00
  9.0000E+00  3.5300E+00  0.0000E+00  5.6600E+00  0.0000E+00  0.0000E+00  6.2251E+00 -3.1055E+00 -5.9810E+01  5.9810E+01 -9.7646E-02 -1.8806E+00 -4.3445E+00  5.6600E+00  6.5189E+00 -8.5892E-01 -5.3740E-01
  9.0000E+00  5.0200E+00  0.0000E+00  5.6700E+00  0.0000E+00  0.0000E+00  5.4436E+00 -2.7157E+00 -7.5525E+01  7.5525E+01 -8.5389E-02 -2.3747E+00 -3.0689E+00  5.6700E+00  5.7583E+00 -8.8343E-02  5.4647E-01
  9.0000E+00  7.1700E+00  0.0000E+00  4.2400E+00  0.0000E+00  0.0000E+00  4.4857E+00 -2.2378E+00 -8.9847E+01  8.9847E+01 -7.0363E-02 -2.8251E+00 -1.6606E+00  4.2400E+00  4.7821E+00 -5.4206E-01 -2.5561E-01
  9.0000E+00  8.8000E+00  0.0000E+00  4.1100E+00  0.0000E+00  0.0000E+00  3.8735E+00 -1.9324E+00 -9.5662E+01  9.5662E+01 -6.0760E-02 -3.0079E+00 -8.6560E-01  4.1100E+00  4.1519E+00 -4.1941E-02  3.4152E-01
  9.0000E+00  1.1600E+01  0.0000E+00  3.1600E+00  0.0000E+00  0.0000E+00  3.0104E+00 -1.5018E+00 -9.8481E+01  9.8481E+01 -4.7222E-02 -3.0965E+00  8.6108E-02  3.1600E+00  3.2570E+00 -9.7042E-02  7.6772E-02
  9.0000E+00  2.4430E+01  0.0000E+00  1.1200E+00  0.0000E+00  0.0000E+00  9.4844E-01 -4.7315E-01 -6.5867E+01  6.5867E+01 -1.4877E-02 -2.0710E+00  1.1226E+00  1.1200E+00  1.0709E+00  4.9139E-02 -1.6451E-02
  1.0000E+01  0.0000E+00  3.2010E+02  0.0000E+00  1.0000E+00  1.0000E+00  0.0000E+00  0.0000E+00  0.0000E+00  0.0000E+00  0.0000E+00  0.0000E+00  0.0000E+00  0.0000E+00  0.0000E+00  0.0000E+00  0.0000E+00
  1.0000E+01  0.0000E+00  0.0000E+00  2.4000E-01  1.0000E+00  0.0000E+00  0.0000E+00  0.0000E+00  0.0000E+00  0.0000E+00  0.0000E+00  0.0000E+00  0.0000E+00  2.4000E-01  0.0000E+00  0.0000E+00  0.0000E+00
  1.0000E+01  3.7000E-01  0.0000E+00  2.8900E+00  0.0000E+00  0.0000E+00  2.9330E+00  6.9024E+01 -1.0733E+00  1.0733E+00  2.5221E+00 -3.9218E-02 -2.8937E+00  2.8900E+00  4.3032E+00 -1.4132E+00 -1.3298E-01
  1.0000E+01  7.7000E-01  0.0000E+00  5.2200E+00  0.0000E+00  0.0000E+00  5.1886E+00  1.0268E+02 -4.1323E+00  4.1323E+00  3.7518E+00 -1.5099E-01 -5.0377E+00  5.2200E+00  6.7222E+00 -1.5022E+00 -3.3631E-01
  1.0000E+01  1.0200E+00  0.0000E+00  6.4100E+00  0.0000E+00  0.0000E+00  6.2315E+00  1.1001E+02 -6.7518E+00  6.7518E+00  4.0198E+00 -2.4671E-01 -5.9848E+00  6.4100E+00  7.5458E+00 -1.1358E+00 -2.4572E-01
  1.0000E+01  2.0500E+00  0.0000E+00  7.8300E+00  0.0000E+00  0.0000E+00  8.5960E+00  8.9737E+01 -2.0665E+01  2.0665E+01  3.2790E+00 -7.5510E-01 -7.8409E+00  7.8300E+00  8.4630E+00 -6.3296E-01 -1.0846E+00
  1.0000E+01  3.5500E+00  0.0000E+00  1.0210E+01  0.0000E+00  0.0000E+00  9.2552E+00  3.4976E+01 -4.3158E+01  4.3158E+01  1.2780E+00 -1.5770E+00 -7.6782E+00  1.0210E+01  7.7787E+00  2.4313E+00  1.6059E+00
  1.0000E+01  5.0500E+00  0.0000E+00  9.1800E+00  0.0000E+00  0.0000E+00  8.8016E+00  2.6112E+00 -6.3368E+01  6.3368E+01  9.5412E-02 -2.3155E+00 -6.4862E+00  9.1800E+00  6.8642E+00  2.3158E+00  1.2436E+00
  1.0000E+01  7.0800E+00  0.0000E+00  8.0200E+00  0.0000E+00  0.0000E+00  7.8049E+00 -1.3236E+01 -8.4838E+01  8.4838E+01 -4.8364E-01 -3.1000E+00 -4.7049E+00  8.0200E+00  5.7599E+00  2.2601E+00  1.0725E+00
  1.0000E+01  9.3800E+00  0.0000E+00  7.1400E+00  0.0000E+00  0.0000E+00  6.6889E+00 -1.5972E+01 -1.0144E+02  1.0144E+02 -5.8361E-01 -3.7065E+00 -2.9824E+00  7.1400E+00  4.7187E+00  2.4213E+00  1.2975E+00
  1.0000E+01  1.2100E+01  0.0000E+00  5.6800E+00  0.0000E+00  0.0000E+00  5.5468E+00 -1.4292E+01 -1.1260E+02  1.1260E+02 -5.2224E-01 -4.1142E+00 -1.4325E+00  5.6800E+00  3.7274E+00  1.9526E+00  6.8836E-01
  1.0000E+01  2.3700E+01  0.0000E+00  2.4200E+00  0.0000E+00  0.0000E+00  2.4860E+00 -6.5090E+00 -1.0507E+02  1.0507E+02 -2.3784E-01 -3.8392E+00  1.3531E+00  2.4200E+00  1.3634E+00  1.0566E+00  7.9167E-02
  1.1000E+01  0.0000E+00  3.1980E+02  0.0000E+00  1.0000E+00  1.0000E+00  0.0000E+00  0.0000E+00  0.0000E+00  0.0000E+00  0.0000E+00  0.0000E+00  0.0000E+00  0.0000E+00  0.0000E+00  0.0000E+00  0.0000E+00
  1.1000E+01  0.0000E+00  0.0000E+00  0.0000E+00  1.0000E+00  0.0000E+00  0.0000E+00  0.0000E+00  0.0000E+00  0.0000E+00  0.0000E+00  0.0000E+00  0.0000E+00  0.0000E+00  0.0000E+00  0.0000E+00  0.0000E+00
  1.1000E+01  2.5000E-01  0.0000E+00  4.8600E+00  0.0000E+00  0.0000E+00  4.8435E+00  1.1334E+02 -2.5209E+00  2.5209E+00  3.1330E+00 -6.9687E-02 -4.7738E+00  4.8600E+00  3.1830E+00  1.6770E+00  9.7017E-01
  1.1000E+01  5.0000E-01  0.0000E+00  7.2400E+00  0.0000E+00  0.0000E+00  6.8730E+00  9.7665E+01 -7.9280E+00  7.9280E+00  2.6998E+00 -2.1916E-01 -6.6538E+00  7.2400E+00  5.2766E+00  1.9634E+00  9.8239E-01
  1.1000E+01  9.8000E-01  0.0000E+00  8.0000E+00  0.0000E+00  0.0000E+00  7.8804E+00  3.4383E+01 -2.0597E+01  2.0597E+01  9.5045E-01 -5.6936E-01 -7.3111E+00  8.0000E+00  7.4325E+00  5.6752E-01 -2.4696E-01
  1.1000E+01  1.9800E+00  0.0000E+00  6.8100E+00  0.0000E+00  0.0000E+00  7.4446E+00 -5.2966E+00 -4.5712E+01  4.5712E+01 -1.4641E-01 -1.2636E+00 -6.1810E+00  6.8100E+00  8.4582E+00 -1.6482E+00 -1.3747E+00
  1.1000E+01  3.6000E+00  0.0000E+00  5.8700E+00  0.0000E+00  0.0000E+00  6.3243E+00 -7.3808E+00 -7.6505E+01  7.6505E+01 -2.0403E-01 -2.1148E+00 -4.2095E+00  5.8700E+00  7.7408E+00 -1.8708E+00 -9.3688E-01
  1.1000E+01  5.0200E+00  0.0000E+00  5.2200E+00  0.0000E+00  0.0000E+00  5.4725E+00 -6.4143E+00 -9.4842E+01  9.4842E+01 -1.7731E-01 -2.6217E+00 -2.8508E+00  5.2200E+00  6.8754E+00 -1.6554E+00 -6.6683E-01
  1.1000E+01  7.0300E+00  0.0000E+00  4.4500E+00  0.0000E+00  0.0000E+00  4.4591E+00 -5.2268E+00 -1.1031E+02  1.1031E+02 -1.4449E-01 -3.0494E+00 -1.4096E+00  4.4500E+00  5.7794E+00 -1.3294E+00 -3.7655E-01
  1.1000E+01  9.0300E+00  0.0000E+00  3.6200E+00  0.0000E+00  0.0000E+00  3.6370E+00 -4.2632E+00 -1.1679E+02  1.1679E+02 -1.1785E-01 -3.2284E+00 -4.0863E-01  3.6200E+00  4.8595E+00 -1.2395E+00 -4.0615E-01
  1.1000E+01  1.2120E+01  0.0000E+00  2.6900E+00  0.0000E+00  0.0000E+00  2.6547E+00 -3.1118E+00 -1.1548E+02  1.1548E+02 -8.6019E-02 -3.1922E+00  5.3752E-01  2.6900E+00  3.7175E+00 -1.0275E+00 -3.3030E-01
  1.1000E+01  2.4080E+01  0.0000E+00  8.6000E-01  0.0000E+00  0.0000E+00  7.8486E-01 -9.1999E-01 -6.8740E+01  6.8740E+01 -2.5432E-02 -1.9002E+00  1.1153E+00  8.6000E-01  1.3180E+00 -4.5800E-01 -1.1779E-01
  1.2000E+01  0.0000E+00  3.2065E+02  0.0000E+00  1.0000E+00  1.0000E+00  0.0000E+00  0.0000E+00  0.0000E+00  0.0000E+00  0.0000E+00  0.0000E+00  0.0000E+00  0.0000E+00  0.0000E+00  0.0000E+00  0.0000E+00
  1.2000E+01  0.0000E+00  0.0000E+00  0.0000E+00  1.0000E+00  0.0000E+00  0.0000E+00  0.0000E+00  0.0000E+00  0.0000E+00  0.0000E+00  0.0000E+00  0.0000E+00  0.0000E+00  0.0000E+00  0.0000E+00  0.0000E+00
  1.2000E+01  2.5000E-01  0.0000E+00  1.2500E+00  0.0000E+00  0.0000E+00  2.4737E+00  5.8305E+01 -7.8262E-01  7.8262E-01  2.1964E+00 -2.9483E-02 -2.4442E+00  1.2500E+00  3.1915E+00 -1.9415E+00 -1.7387E+00
  1.2000E+01  5.0000E-01  0.0000E+00  3.9600E+00  0.0000E+00  0.0000E+00  4.3784E+00  9.1109E+01 -2.8633E+00  2.8633E+00  3.4322E+00 -1.0787E-01 -4.2705E+00  3.9600E+00  5.2906E+00 -1.3306E+00 -5.3602E-01
  1.2000E+01  1.0000E+00  0.0000E+00  7.8200E+00  0.0000E+00  0.0000E+00  6.9329E+00  1.1034E+02 -9.6472E+00  9.6472E+00  4.1567E+00 -3.6343E-01 -6.5695E+00  7.8200E+00  7.5066E+00  3.1343E-01  9.2833E-01
  1.2000E+01  2.0000E+00  0.0000E+00  9.7200E+00  0.0000E+00  0.0000E+00  9.0609E+00  7.6684E+01 -2.8072E+01  2.8072E+01  2.8888E+00 -1.0575E+00 -8.0034E+00  9.7200E+00  8.4803E+00  1.2397E+00  7.5926E-01
  1.2000E+01  3.5200E+00  0.0000E+00  9.7500E+00  0.0000E+00  0.0000E+00  9.1856E+00  1.7394E+01 -5.6622E+01  5.6622E+01  6.5525E-01 -2.1330E+00 -7.0525E+00  9.7500E+00  7.8104E+00  1.9396E+00  1.0707E+00
  1.2000E+01  5.0700E+00  0.0000E+00  8.5700E+00  0.0000E+00  0.0000E+00  8.2842E+00 -9.1134E+00 -8.0011E+01  8.0011E+01 -3.4332E-01 -3.0142E+00 -5.2700E+00  8.5700E+00  6.8642E+00  1.7058E+00  8.6620E-01
  1.2000E+01  7.0700E+00  0.0000E+00  6.5900E+00  0.0000E+00  0.0000E+00  6.9716E+00 -1.7092E+01 -1.0050E+02  1.0050E+02 -6.4388E-01 -3.7861E+00 -3.1855E+00  6.5900E+00  5.7748E+00  8.1524E-01 -1.0351E-01
  1.2000E+01  9.0300E+00  0.0000E+00  6.1100E+00  0.0000E+00  0.0000E+00  5.8324E+00 -1.6368E+01 -1.1183E+02  1.1183E+02 -6.1659E-01 -4.2130E+00 -1.6194E+00  6.1100E+00  4.8724E+00  1.2376E+00  6.7754E-01
  1.2000E+01  1.2050E+01  0.0000E+00  4.5700E+00  0.0000E+00  0.0000E+00  4.4178E+00 -1.2857E+01 -1.1730E+02  1.1730E+02 -4.8437E-01 -4.4188E+00  9.2060E-04  4.5700E+00  3.7500E+00  8.1997E-01  3.4077E-01
  1.2000E+01  2.4150E+01  0.0000E+00  1.1700E+00  0.0000E+00  0.0000E+00  1.4489E+00 -4.2349E+00 -8.1348E+01  8.1348E+01 -1.5953E-01 -3.0645E+00  1.6156E+00  1.1700E+00  1.3135E+00 -1.4351E-01 -5.8679E-01
