TABLE NO.  2
 ID          KA          CL          V           ETA1        ETA2        ETA3
  1.0000E+00  1.0193E+00  4.4731E+00  5.9359E+01 -1.3748E-01  1.2745E-01  1.6692E-01
  1.0000E+00  1.0193E+00  4.4731E+00  5.9359E+01 -1.3748E-01  1.2745E-01  1.6692E-01
  1.0000E+00  1.0193E+00  4.4731E+00  5.9359E+01 -1.3748E-01  1.2745E-01  1.6692E-01
  1.0000E+00  1.0193E+00  4.4731E+00  5.9359E+01 -1.3748E-01  1.2745E-01  1.6692E-01
  1.0000E+00  1.0193E+00  4.4731E+00  5.9359E+01 -1.3748E-01  1.2745E-01  1.6692E-01
  1.0000E+00  1.0193E+00  4.4731E+00  5.9359E+01 -1.3748E-01  1.2745E-01  1.6692E-01
  1.0000E+00  1.0193E+00  4.4731E+00  5.9359E+01 -1.3748E-01  1.2745E-01  1.6692E-01
  2.0000E+00  1.0539E+00  4.5962E+00  5.3085E+01 -1.0405E-01  1.5459E-01  5.5208E-02
  2.0000E+00  1.0539E+00  4.5962E+00  5.3085E+01 -1.0405E-01  1.5459E-01  5.5208E-02
  2.0000E+00  1.0539E+00  4.5962E+00  5.3085E+01 -1.0405E-01  1.5459E-01  5.5208E-02
  2.0000E+00  1.0539E+00  4.5962E+00  5.3085E+01 -1.0405E-01  1.5459E-01  5.5208E-02
  2.0000E+00  1.0539E+00  4.5962E+00  5.3085E+01 -1.0405E-01  1.5459E-01  5.5208E-02
  2.0000E+00  1.0539E+00  4.5962E+00  5.3085E+01 -1.0405E-01  1.5459E-01  5.5208E-02
  2.0000E+00  1.0539E+00  4.5962E+00  5.3085E+01 -1.0405E-01  1.5459E-01  5.5208E-02
  3.0000E+00  1.1867E+00  2.1244E+00  4.2159E+01  1.4620E-02 -6.1714E-01 -1.7523E-01
  3.0000E+00  1.1867E+00  2.1244E+00  4.2159E+01  1.4620E-02 -6.1714E-01 -1.7523E-01
  3.0000E+00  1.1867E+00  2.1244E+00  4.2159E+01  1.4620E-02 -6.1714E-01 -1.7523E-01
  3.0000E+00  1.1867E+00  2.1244E+00  4.2159E+01  1.4620E-02 -6.1714E-01 -1.7523E-01
  3.0000E+00  1.1867E+00  2.1244E+00  4.2159E+01  1.4620E-02 -6.1714E-01 -1.7523E-01
  3.0000E+00  1.1867E+00  2.1244E+00  4.2159E+01  1.4620E-02 -6.1714E-01 -1.7523E-01
  3.0000E+00  1.1867E+00  2.1244E+00  4.2159E+01  1.4620E-02 -6.1714E-01 -1.7523E-01
  4.0000E+00  1.1103E+00  3.7462E+00  6.0311E+01 -5.1943E-02 -4.9899E-02  1.8283E-01
  4.0000E+00  1.1103E+00  3.7462E+00  6.0311E+01 -5.1943E-02 -4.9899E-02  1.8283E-01
  4.0000E+00  1.1103E+00  3.7462E+00  6.0311E+01 -5.1943E-02 -4.9899E-02  1.8283E-01
  4.0000E+00  1.1103E+00  3.7462E+00  6.0311E+01 -5.1943E-02 -4.9899E-02  1.8283E-01
  4.0000E+00  1.1103E+00  3.7462E+00  6.0311E+01 -5.1943E-02 -4.9899E-02  1.8283E-01
  4.0000E+00  1.1103E+00  3.7462E+00  6.0311E+01 -5.1943E-02 -4.9899E-02  1.8283E-01
  4.0000E+00  1.1103E+00  3.7462E+00  6.0311E+01 -5.1943E-02 -4.9899E-02  1.8283E-01
  5.0000E+00  1.3060E+00  6.2054E+00  5.4213E+01  1.1043E-01  4.5478E-01  7.6243E-02
  5.0000E+00  1.3060E+00  6.2054E+00  5.4213E+01  1.1043E-01  4.5478E-01  7.6243E-02
  5.0000E+00  1.3060E+00  6.2054E+00  5.4213E+01  1.1043E-01  4.5478E-01  7.6243E-02
  5.0000E+00  1.3060E+00  6.2054E+00  5.4213E+01  1.1043E-01  4.5478E-01  7.6243E-02
  5.0000E+00  1.3060E+00  6.2054E+00  5.4213E+01  1.1043E-01  4.5478E-01  7.6243E-02
  5.0000E+00  1.3060E+00  6.2054E+00  5.4213E+01  1.1043E-01  4.5478E-01  7.6243E-02
  5.0000E+00  1.3060E+00  6.2054E+00  5.4213E+01  1.1043E-01  4.5478E-01  7.6243E-02
  6.0000E+00  1.2873E+00  4.3152E+00  3.9216E+01  9.5932E-02  9.1521E-02 -2.4760E-01
  6.0000E+00  1.2873E+00  4.3152E+00  3.9216E+01  9.5932E-02  9.1521E-02 -2.4760E-01
  6.0000E+00  1.2873E+00  4.3152E+00  3.9216E+01  9.5932E-02  9.1521E-02 -2.4760E-01
  6.0000E+00  1.2873E+00  4.3152E+00  3.9216E+01  9.5932E-02  9.1521E-02 -2.4760E-01
  6.0000E+00  1.2873E+00  4.3152E+00  3.9216E+01  9.5932E-02  9.1521E-02 -2.4760E-01
  6.0000E+00  1.2873E+00  4.3152E+00  3.9216E+01  9.5932E-02  9.1521E-02 -2.4760E-01
  6.0000E+00  1.2873E+00  4.3152E+00  3.9216E+01  9.5932E-02  9.1521E-02 -2.4760E-01
  7.0000E+00  1.1143E+00  4.2399E+00  4.8203E+01 -4.8380E-02  7.3908E-02 -4.1252E-02
  7.0000E+00  1.1143E+00  4.2399E+00  4.8203E+01 -4.8380E-02  7.3908E-02 -4.1252E-02
  7.0000E+00  1.1143E+00  4.2399E+00  4.8203E+01 -4.8380E-02  7.3908E-02 -4.1252E-02
  7.0000E+00  1.1143E+00  4.2399E+00  4.8203E+01 -4.8380E-02  7.3908E-02 -4.1252E-02
  7.0000E+00  1.1143E+00  4.2399E+00  4.8203E+01 -4.8380E-02  7.3908E-02 -4.1252E-02
  7.0000E+00  1.1143E+00  4.2399E+00  4.8203E+01 -4.8380E-02  7.3908E-02 -4.1252E-02
  7.0000E+00  1.1143E+00  4.2399E+00  4.8203E+01 -4.8380E-02  7.3908E-02 -4.1252E-02
  8.0000E+00  1.0475E+00  3.7593E+00  5.4516E+01 -1.1013E-01 -4.6414E-02  8.1819E-02
  8.0000E+00  1.0475E+00  3.7593E+00  5.4516E+01 -1.1013E-01 -4.6414E-02  8.1819E-02
  8.0000E+00  1.0475E+00  3.7593E+00  5.4516E+01 -1.1013E-01 -4.6414E-02  8.1819E-02
  8.0000E+00  1.0475E+00  3.7593E+00  5.4516E+01 -1.1013E-01 -4.6414E-02  8.1819E-02
  8.0000E+00  1.0475E+00  3.7593E+00  5.4516E+01 -1.1013E-01 -4.6414E-02  8.1819E-02
  8.0000E+00  1.0475E+00  3.7593E+00  5.4516E+01 -1.1013E-01 -4.6414E-02  8.1819E-02
  8.0000E+00  1.0475E+00  3.7593E+00  5.4516E+01 -1.1013E-01 -4.6414E-02  8.1819E-02
  9.0000E+00  1.1185E+00  4.2982E+00  5.6562E+01 -4.4561E-02  8.7572E-02  1.1865E-01
  9.0000E+00  1.1185E+00  4.2982E+00  5.6562E+01 -4.4561E-02  8.7572E-02  1.1865E-01
  9.0000E+00  1.1185E+00  4.2982E+00  5.6562E+01 -4.4561E-02  8.7572E-02  1.1865E-01
  9.0000E+00  1.1185E+00  4.2982E+00  5.6562E+01 -4.4561E-02  8.7572E-02  1.1865E-01
  9.0000E+00  1.1185E+00  4.2982E+00  5.6562E+01 -4.4561E-02  8.7572E-02  1.1865E-01
  9.0000E+00  1.1185E+00  4.2982E+00  5.6562E+01 -4.4561E-02  8.7572E-02  1.1865E-01
  9.0000E+00  1.1185E+00  4.2982E+00  5.6562E+01 -4.4561E-02  8.7572E-02  1.1865E-01
  1.0000E+01  1.2438E+00  4.1176E+00  5.4648E+01  6.1581E-02  4.4632E-02  8.4228E-02
  1.0000E+01  1.2438E+00  4.1176E+00  5.4648E+01  6.1581E-02  4.4632E-02  8.4228E-02
  1.0000E+01  1.2438E+00  4.1176E+00  5.4648E+01  6.1581E-02  4.4632E-02  8.4228E-02
  1.0000E+01  1.2438E+00  4.1176E+00  5.4648E+01  6.1581E-02  4.4632E-02  8.4228E-02
  1.0000E+01  1.2438E+00  4.1176E+00  5.4648E+01  6.1581E-02  4.4632E-02  8.4228E-02
  1.0000E+01  1.2438E+00  4.1176E+00  5.4648E+01  6.1581E-02  4.4632E-02  8.4228E-02
  1.0000E+01  1.2438E+00  4.1176E+00  5.4648E+01  6.1581E-02  4.4632E-02  8.4228E-02
  1.1000E+01  1.1774E+00  7.0628E+00  4.5455E+01  6.7314E-03  5.8421E-01 -9.9960E-02
  1.1000E+01  1.1774E+00  7.0628E+00  4.5455E+01  6.7314E-03  5.8421E-01 -9.9960E-02
  1.1000E+01  1.1774E+00  7.0628E+00  4.5455E+01  6.7314E-03  5.8421E-01 -9.9960E-02
  1.1000E+01  1.1774E+00  7.0628E+00  4.5455E+01  6.7314E-03  5.8421E-01 -9.9960E-02
  1.1000E+01  1.1774E+00  7.0628E+00  4.5455E+01  6.7314E-03  5.8421E-01 -9.9960E-02
  1.1000E+01  1.1774E+00  7.0628E+00  4.5455E+01  6.7314E-03  5.8421E-01 -9.9960E-02
  1.1000E+01  1.1774E+00  7.0628E+00  4.5455E+01  6.7314E-03  5.8421E-01 -9.9960E-02
  1.2000E+01  1.1044E+00  2.2077E+00  6.2334E+01 -5.7267E-02 -5.7867E-01  2.1583E-01
  1.2000E+01  1.1044E+00  2.2077E+00  6.2334E+01 -5.7267E-02 -5.7867E-01  2.1583E-01
  1.2000E+01  1.1044E+00  2.2077E+00  6.2334E+01 -5.7267E-02 -5.7867E-01  2.1583E-01
  1.2000E+01  1.1044E+00  2.2077E+00  6.2334E+01 -5.7267E-02 -5.7867E-01  2.1583E-01
  1.2000E+01  1.1044E+00  2.2077E+00  6.2334E+01 -5.7267E-02 -5.7867E-01  2.1583E-01
  1.2000E+01  1.1044E+00  2.2077E+00  6.2334E+01 -5.7267E-02 -5.7867E-01  2.1583E-01
  1.2000E+01  1.1044E+00  2.2077E+00  6.2334E+01 -5.7267E-02 -5.7867E-01  2.1583E-01
  1.3000E+01  1.3200E+00  3.2484E+00  3.2039E+01  1.2104E-01 -1.9247E-01 -4.4973E-01
  1.3000E+01  1.3200E+00  3.2484E+00  3.2039E+01  1.2104E-01 -1.9247E-01 -4.4973E-01
  1.3000E+01  1.3200E+00  3.2484E+00  3.2039E+01  1.2104E-01 -1.9247E-01 -4.4973E-01
  1.3000E+01  1.3200E+00  3.2484E+00  3.2039E+01  1.2104E-01 -1.9247E-01 -4.4973E-01
  1.3000E+01  1.3200E+00  3.2484E+00  3.2039E+01  1.2104E-01 -1.9247E-01 -4.4973E-01
  1.3000E+01  1.3200E+00  3.2484E+00  3.2039E+01  1.2104E-01 -1.9247E-01 -4.4973E-01
  1.3000E+01  1.3200E+00  3.2484E+00  3.2039E+01  1.2104E-01 -1.9247E-01 -4.4973E-01
  1.4000E+01  1.3794E+00  3.6965E+00  3.8500E+01  1.6510E-01 -6.3242E-02 -2.6603E-01
  1.4000E+01  1.3794E+00  3.6965E+00  3.8500E+01  1.6510E-01 -6.3242E-02 -2.6603E-01
  1.4000E+01  1.3794E+00  3.6965E+00  3.8500E+01  1.6510E-01 -6.3242E-02 -2.6603E-01
  1.4000E+01  1.3794E+00  3.6965E+00  3.8500E+01  1.6510E-01 -6.3242E-02 -2.6603E-01
  1.4000E+01  1.3794E+00  3.6965E+00  3.8500E+01  1.6510E-01 -6.3242E-02 -2.6603E-01
  1.4000E+01  1.3794E+00  3.6965E+00  3.8500E+01  1.6510E-01 -6.3242E-02 -2.6603E-01
  1.4000E+01  1.3794E+00  3.6965E+00  3.8500E+01  1.6510E-01 -6.3242E-02 -2.6603E-01
  1.5000E+01  1.0648E+00  3.2658E+00  6.4728E+01 -9.3767E-02 -1.8713E-01  2.5351E-01
  1.5000E+01  1.0648E+00  3.2658E+00  6.4728E+01 -9.3767E-02 -1.8713E-01  2.5351E-01
  1.5000E+01  1.0648E+00  3.2658E+00  6.4728E+01 -9.3767E-02 -1.8713E-01  2.5351E-01
  1.5000E+01  1.0648E+00  3.2658E+00  6.4728E+01 -9.3767E-02 -1.8713E-01  2.5351E-01
  1.5000E+01  1.0648E+00  3.2658E+00  6.4728E+01 -9.3767E-02 -1.8713E-01  2.5351E-01
  1.5000E+01  1.0648E+00  3.2658E+00  6.4728E+01 -9.3767E-02 -1.8713E-01  2.5351E-01
  1.5000E+01  1.0648E+00  3.2658E+00  6.4728E+01 -9.3767E-02 -1.8713E-01  2.5351E-01
  1.6000E+01  1.1485E+00  3.2354E+00  4.5250E+01 -1.8089E-02 -1.9649E-01 -1.0448E-01
  1.6000E+01  1.1485E+00  3.2354E+00  4.5250E+01 -1.8089E-02 -1.9649E-01 -1.0448E-01
  1.6000E+01  1.1485E+00  3.2354E+00  4.5250E+01 -1.8089E-02 -1.9649E-01 -1.0448E-01
  1.6000E+01  1.1485E+00  3.2354E+00  4.5250E+01 -1.8089E-02 -1.9649E-01 -1.0448E-01
  1.6000E+01  1.1485E+00  3.2354E+00  4.5250E+01 -1.8089E-02 -1.9649E-01 -1.0448E-01
  1.6000E+01  1.1485E+00  3.2354E+00  4.5250E+01 -1.8089E-02 -1.9649E-01 -1.0448E-01
  1.6000E+01  1.1485E+00  3.2354E+00  4.5250E+01 -1.8089E-02 -1.9649E-01 -1.0448E-01
  1.7000E+01  1.3080E+00  3.5780E+00  3.5891E+01  1.1189E-01 -9.5818E-02 -3.3619E-01
  1.7000E+01  1.3080E+00  3.5780E+00  3.5891E+01  1.1189E-01 -9.5818E-02 -3.3619E-01
  1.7000E+01  1.3080E+00  3.5780E+00  3.5891E+01  1.1189E-01 -9.5818E-02 -3.3619E-01
  1.7000E+01  1.3080E+00  3.5780E+00  3.5891E+01  1.1189E-01 -9.5818E-02 -3.3619E-01
  1.7000E+01  1.3080E+00  3.5780E+00  3.5891E+01  1.1189E-01 -9.5818E-02 -3.3619E-01
  1.7000E+01  1.3080E+00  3.5780E+00  3.5891E+01  1.1189E-01 -9.5818E-02 -3.3619E-01
  1.7000E+01  1.3080E+00  3.5780E+00  3.5891E+01  1.1189E-01 -9.5818E-02 -3.3619E-01
  1.8000E+01  1.0935E+00  8.4346E+00  4.3528E+01 -6.7169E-02  7.6171E-01 -1.4327E-01
  1.8000E+01  1.0935E+00  8.4346E+00  4.3528E+01 -6.7169E-02  7.6171E-01 -1.4327E-01
  1.8000E+01  1.0935E+00  8.4346E+00  4.3528E+01 -6.7169E-02  7.6171E-01 -1.4327E-01
  1.8000E+01  1.0935E+00  8.4346E+00  4.3528E+01 -6.7169E-02  7.6171E-01 -1.4327E-01
  1.8000E+01  1.0935E+00  8.4346E+00  4.3528E+01 -6.7169E-02  7.6171E-01 -1.4327E-01
  1.8000E+01  1.0935E+00  8.4346E+00  4.3528E+01 -6.7169E-02  7.6171E-01 -1.4327E-01
  1.8000E+01  1.0935E+00  8.4346E+00  4.3528E+01 -6.7169E-02  7.6171E-01 -1.4327E-01
  1.9000E+01  1.3069E+00  3.0041E+00  5.6148E+01  1.1106E-01 -2.7064E-01  1.1131E-01
  1.9000E+01  1.3069E+00  3.0041E+00  5.6148E+01  1.1106E-01 -2.7064E-01  1.1131E-01
  1.9000E+01  1.3069E+00  3.0041E+00  5.6148E+01  1.1106E-01 -2.7064E-01  1.1131E-01
  1.9000E+01  1.3069E+00  3.0041E+00  5.6148E+01  1.1106E-01 -2.7064E-01  1.1131E-01
  1.9000E+01  1.3069E+00  3.0041E+00  5.6148E+01  1.1106E-01 -2.7064E-01  1.1131E-01
  1.9000E+01  1.3069E+00  3.0041E+00  5.6148E+01  1.1106E-01 -2.7064E-01  1.1131E-01
  1.9000E+01  1.3069E+00  3.0041E+00  5.6148E+01  1.1106E-01 -2.7064E-01  1.1131E-01
  2.0000E+01  1.0813E+00  4.0047E+00  6.3112E+01 -7.8422E-02  1.6847E-02  2.2824E-01
  2.0000E+01  1.0813E+00  4.0047E+00  6.3112E+01 -7.8422E-02  1.6847E-02  2.2824E-01
  2.0000E+01  1.0813E+00  4.0047E+00  6.3112E+01 -7.8422E-02  1.6847E-02  2.2824E-01
  2.0000E+01  1.0813E+00  4.0047E+00  6.3112E+01 -7.8422E-02  1.6847E-02  2.2824E-01
  2.0000E+01  1.0813E+00  4.0047E+00  6.3112E+01 -7.8422E-02  1.6847E-02  2.2824E-01
  2.0000E+01  1.0813E+00  4.0047E+00  6.3112E+01 -7.8422E-02  1.6847E-02  2.2824E-01
  2.0000E+01  1.0813E+00  4.0047E+00  6.3112E+01 -7.8422E-02  1.6847E-02  2.2824E-01
  2.1000E+01  1.3668E+00  6.1659E+00  3.9467E+01  1.5590E-01  4.4840E-01 -2.4123E-01
  2.1000E+01  1.3668E+00  6.1659E+00  3.9467E+01  1.5590E-01  4.4840E-01 -2.4123E-01
  2.1000E+01  1.3668E+00  6.1659E+00  3.9467E+01  1.5590E-01  4.4840E-01 -2.4123E-01
  2.1000E+01  1.3668E+00  6.1659E+00  3.9467E+01  1.5590E-01  4.4840E-01 -2.4123E-01
  2.1000E+01  1.3668E+00  6.1659E+00  3.9467E+01  1.5590E-01  4.4840E-01 -2.4123E-01
  2.1000E+01  1.3668E+00  6.1659E+00  3.9467E+01  1.5590E-01  4.4840E-01 -2.4123E-01
  2.1000E+01  1.3668E+00  6.1659E+00  3.9467E+01  1.5590E-01  4.4840E-01 -2.4123E-01
  2.2000E+01  1.1951E+00  4.5133E+00  5.2574E+01  2.1617E-02  1.3640E-01  4.5550E-02
  2.2000E+01  1.1951E+00  4.5133E+00  5.2574E+01  2.1617E-02  1.3640E-01  4.5550E-02
  2.2000E+01  1.1951E+00  4.5133E+00  5.2574E+01  2.1617E-02  1.3640E-01  4.5550E-02
  2.2000E+01  1.1951E+00  4.5133E+00  5.2574E+01  2.1617E-02  1.3640E-01  4.5550E-02
  2.2000E+01  1.1951E+00  4.5133E+00  5.2574E+01  2.1617E-02  1.3640E-01  4.5550E-02
  2.2000E+01  1.1951E+00  4.5133E+00  5.2574E+01  2.1617E-02  1.3640E-01  4.5550E-02
  2.2000E+01  1.1951E+00  4.5133E+00  5.2574E+01  2.1617E-02  1.3640E-01  4.5550E-02
  2.3000E+01  1.0746E+00  3.5889E+00  6.5282E+01 -8.4585E-02 -9.2780E-02  2.6204E-01
  2.3000E+01  1.0746E+00  3.5889E+00  6.5282E+01 -8.4585E-02 -9.2780E-02  2.6204E-01
  2.3000E+01  1.0746E+00  3.5889E+00  6.5282E+01 -8.4585E-02 -9.2780E-02  2.6204E-01
  2.3000E+01  1.0746E+00  3.5889E+00  6.5282E+01 -8.4585E-02 -9.2780E-02  2.6204E-01
  2.3000E+01  1.0746E+00  3.5889E+00  6.5282E+01 -8.4585E-02 -9.2780E-02  2.6204E-01
  2.3000E+01  1.0746E+00  3.5889E+00  6.5282E+01 -8.4585E-02 -9.2780E-02  2.6204E-01
  2.3000E+01  1.0746E+00  3.5889E+00  6.5282E+01 -8.4585E-02 -9.2780E-02  2.6204E-01
  2.4000E+01  1.1699E+00  3.9157E+00  4.7054E+01  3.1668E-04 -5.6393E-03 -6.5389E-02
  2.4000E+01  1.1699E+00  3.9157E+00  4.7054E+01  3.1668E-04 -5.6393E-03 -6.5389E-02
  2.4000E+01  1.1699E+00  3.9157E+00  4.7054E+01  3.1668E-04 -5.6393E-03 -6.5389E-02
  2.4000E+01  1.1699E+00  3.9157E+00  4.7054E+01  3.1668E-04 -5.6393E-03 -6.5389E-02
  2.4000E+01  1.1699E+00  3.9157E+00  4.7054E+01  3.1668E-04 -5.6393E-03 -6.5389E-02
  2.4000E+01  1.1699E+00  3.9157E+00  4.7054E+01  3.1668E-04 -5.6393E-03 -6.5389E-02
  2.4000E+01  1.1699E+00  3.9157E+00  4.7054E+01  3.1668E-04 -5.6393E-03 -6.5389E-02
  2.5000E+01  1.3357E+00  2.7754E+00  4.0706E+01  1.3284E-01 -3.4984E-01 -2.1030E-01
  2.5000E+01  1.3357E+00  2.7754E+00  4.0706E+01  1.3284E-01 -3.4984E-01 -2.1030E-01
  2.5000E+01  1.3357E+00  2.7754E+00  4.0706E+01  1.3284E-01 -3.4984E-01 -2.1030E-01
  2.5000E+01  1.3357E+00  2.7754E+00  4.0706E+01  1.3284E-01 -3.4984E-01 -2.1030E-01
  2.5000E+01  1.3357E+00  2.7754E+00  4.0706E+01  1.3284E-01 -3.4984E-01 -2.1030E-01
  2.5000E+01  1.3357E+00  2.7754E+00  4.0706E+01  1.3284E-01 -3.4984E-01 -2.1030E-01
  2.5000E+01  1.3357E+00  2.7754E+00  4.0706E+01  1.3284E-01 -3.4984E-01 -2.1030E-01
  2.6000E+01  1.0192E+00  3.7369E+00  5.3529E+01 -1.3752E-01 -5.2374E-02  6.3540E-02
  2.6000E+01  1.0192E+00  3.7369E+00  5.3529E+01 -1.3752E-01 -5.2374E-02  6.3540E-02
  2.6000E+01  1.0192E+00  3.7369E+00  5.3529E+01 -1.3752E-01 -5.2374E-02  6.3540E-02
  2.6000E+01  1.0192E+00  3.7369E+00  5.3529E+01 -1.3752E-01 -5.2374E-02  6.3540E-02
  2.6000E+01  1.0192E+00  3.7369E+00  5.3529E+01 -1.3752E-01 -5.2374E-02  6.3540E-02
  2.6000E+01  1.0192E+00  3.7369E+00  5.3529E+01 -1.3752E-01 -5.2374E-02  6.3540E-02
  2.6000E+01  1.0192E+00  3.7369E+00  5.3529E+01 -1.3752E-01 -5.2374E-02  6.3540E-02
  2.7000E+01  1.2387E+00  5.3344E+00  4.8801E+01  5.7477E-02  3.0354E-01 -2.8930E-02
  2.7000E+01  1.2387E+00  5.3344E+00  4.8801E+01  5.7477E-02  3.0354E-01 -2.8930E-02
  2.7000E+01  1.2387E+00  5.3344E+00  4.8801E+01  5.7477E-02  3.0354E-01 -2.8930E-02
  2.7000E+01  1.2387E+00  5.3344E+00  4.8801E+01  5.7477E-02  3.0354E-01 -2.8930E-02
  2.7000E+01  1.2387E+00  5.3344E+00  4.8801E+01  5.7477E-02  3.0354E-01 -2.8930E-02
  2.7000E+01  1.2387E+00  5.3344E+00  4.8801E+01  5.7477E-02  3.0354E-01 -2.8930E-02
  2.7000E+01  1.2387E+00  5.3344E+00  4.8801E+01  5.7477E-02  3.0354E-01 -2.8930E-02
  2.8000E+01  9.6372E-01  3.1760E+00  5.0505E+01 -1.9354E-01 -2.1500E-01  5.3819E-03
  2.8000E+01  9.6372E-01  3.1760E+00  5.0505E+01 -1.9354E-01 -2.1500E-01  5.3819E-03
  2.8000E+01  9.6372E-01  3.1760E+00  5.0505E+01 -1.9354E-01 -2.1500E-01  5.3819E-03
  2.8000E+01  9.6372E-01  3.1760E+00  5.0505E+01 -1.9354E-01 -2.1500E-01  5.3819E-03
  2.8000E+01  9.6372E-01  3.1760E+00  5.0505E+01 -1.9354E-01 -2.1500E-01  5.3819E-03
  2.8000E+01  9.6372E-01  3.1760E+00  5.0505E+01 -1.9354E-01 -2.1500E-01  5.3819E-03
  2.8000E+01  9.6372E-01  3.1760E+00  5.0505E+01 -1.9354E-01 -2.1500E-01  5.3819E-03
  2.9000E+01  1.2421E+00  2.8612E+00  4.6012E+01  6.0192E-02 -3.1941E-01 -8.7779E-02
  2.9000E+01  1.2421E+00  2.8612E+00  4.6012E+01  6.0192E-02 -3.1941E-01 -8.7779E-02
  2.9000E+01  1.2421E+00  2.8612E+00  4.6012E+01  6.0192E-02 -3.1941E-01 -8.7779E-02
  2.9000E+01  1.2421E+00  2.8612E+00  4.6012E+01  6.0192E-02 -3.1941E-01 -8.7779E-02
  2.9000E+01  1.2421E+00  2.8612E+00  4.6012E+01  6.0192E-02 -3.1941E-01 -8.7779E-02
  2.9000E+01  1.2421E+00  2.8612E+00  4.6012E+01  6.0192E-02 -3.1941E-01 -8.7779E-02
  2.9000E+01  1.2421E+00  2.8612E+00  4.6012E+01  6.0192E-02 -3.1941E-01 -8.7779E-02
  3.0000E+01  1.1423E+00  4.2078E+00  5.2904E+01 -2.3531E-02  6.6300E-02  5.1791E-02
  3.0000E+01  1.1423E+00  4.2078E+00  5.2904E+01 -2.3531E-02  6.6300E-02  5.1791E-02
  3.0000E+01  1.1423E+00  4.2078E+00  5.2904E+01 -2.3531E-02  6.6300E-02  5.1791E-02
  3.0000E+01  1.1423E+00  4.2078E+00  5.2904E+01 -2.3531E-02  6.6300E-02  5.1791E-02
  3.0000E+01  1.1423E+00  4.2078E+00  5.2904E+01 -2.3531E-02  6.6300E-02  5.1791E-02
  3.0000E+01  1.1423E+00  4.2078E+00  5.2904E+01 -2.3531E-02  6.6300E-02  5.1791E-02
  3.0000E+01  1.1423E+00  4.2078E+00  5.2904E+01 -2.3531E-02  6.6300E-02  5.1791E-02
