TABLE NO.  1
 ID          TIME        AMT         ADDL        II          SS          DV          MDV         EVID        IPRE        IWRE        CWRES       DV          PRED        RES         WRES
  1.0000E+00  0.0000E+00  1.0000E+02  0.0000E+00  1.2000E+01  1.0000E+00  0.0000E+00  1.0000E+00  1.0000E+00  1.2374E+00 -7.9634E+00  0.0000E+00  0.0000E+00  1.3662E+00  0.0000E+00  0.0000E+00
  1.0000E+00  5.0000E-01  0.0000E+00  0.0000E+00  0.0000E+00  0.0000E+00  1.5790E+00  0.0000E+00  0.0000E+00  1.8507E+00 -1.1928E+00 -1.4222E+00  1.5790E+00  2.1764E+00 -5.9743E-01 -1.2040E+00
  1.0000E+00  1.0000E+00  0.0000E+00  0.0000E+00  0.0000E+00  0.0000E+00  1.9970E+00  0.0000E+00  0.0000E+00  2.1782E+00 -6.7903E-01 -1.0275E+00  1.9970E+00  2.5735E+00 -5.7651E-01 -8.8625E-01
  1.0000E+00  2.0000E+00  0.0000E+00  0.0000E+00  0.0000E+00  0.0000E+00  2.5820E+00  0.0000E+00  0.0000E+00  2.3920E+00  6.4940E-01  3.0140E-01  2.5820E+00  2.7864E+00 -2.0435E-01  2.2248E-01
  1.0000E+00  4.0000E+00  0.0000E+00  0.0000E+00  0.0000E+00  0.0000E+00  2.3710E+00  0.0000E+00  0.0000E+00  2.2303E+00  5.1520E-01  3.1291E-01  2.3710E+00  2.5381E+00 -1.6707E-01  2.5007E-01
  1.0000E+00  8.0000E+00  0.0000E+00  0.0000E+00  0.0000E+00  0.0000E+00  1.5390E+00  0.0000E+00  0.0000E+00  1.6722E+00 -6.4458E-01 -6.2315E-01  1.5390E+00  1.8692E+00 -3.3023E-01 -5.4405E-01
  1.0000E+00  1.2000E+01  0.0000E+00  0.0000E+00  0.0000E+00  0.0000E+00  1.4040E+00  0.0000E+00  0.0000E+00  1.2374E+00  1.0723E+00  1.2482E+00  1.4040E+00  1.3662E+00  3.7760E-02  1.0247E+00
  2.0000E+00  0.0000E+00  1.0000E+02  0.0000E+00  1.2000E+01  1.0000E+00  0.0000E+00  1.0000E+00  1.0000E+00  1.1238E+00 -7.9043E+00  0.0000E+00  0.0000E+00  1.3662E+00  0.0000E+00  0.0000E+00
  2.0000E+00  5.0000E-01  0.0000E+00  0.0000E+00  0.0000E+00  0.0000E+00  1.9660E+00  0.0000E+00  0.0000E+00  1.8299E+00  6.0409E-01  3.6065E-01  1.9660E+00  2.1764E+00 -2.1043E-01  2.5455E-01
  2.0000E+00  1.0000E+00  0.0000E+00  0.0000E+00  0.0000E+00  0.0000E+00  1.9840E+00  0.0000E+00  0.0000E+00  2.1973E+00 -7.9252E-01 -1.0345E+00  1.9840E+00  2.5735E+00 -5.8951E-01 -8.9885E-01
  2.0000E+00  2.0000E+00  0.0000E+00  0.0000E+00  0.0000E+00  0.0000E+00  1.9850E+00  0.0000E+00  0.0000E+00  2.4218E+00 -1.4753E+00 -1.6765E+00  1.9850E+00  2.7864E+00 -8.0135E-01 -1.4480E+00
  2.0000E+00  4.0000E+00  0.0000E+00  0.0000E+00  0.0000E+00  0.0000E+00  2.5290E+00  0.0000E+00  0.0000E+00  2.2161E+00  1.1526E+00  1.0003E+00  2.5290E+00  2.5381E+00 -9.0729E-03  8.3680E-01
  2.0000E+00  8.0000E+00  0.0000E+00  0.0000E+00  0.0000E+00  0.0000E+00  1.7520E+00  0.0000E+00  0.0000E+00  1.5884E+00  8.3175E-01  6.6417E-01  1.7520E+00  1.8692E+00 -1.1723E-01  5.3035E-01
  2.0000E+00  1.2000E+01  0.0000E+00  0.0000E+00  0.0000E+00  0.0000E+00  1.0390E+00  0.0000E+00  0.0000E+00  1.1238E+00 -5.9622E-01 -8.0157E-01  1.0390E+00  1.3662E+00 -3.2724E-01 -6.1794E-01
  3.0000E+00  0.0000E+00  1.0000E+02  0.0000E+00  1.2000E+01  1.0000E+00  0.0000E+00  1.0000E+00  1.0000E+00  2.9821E+00 -8.2070E+00  0.0000E+00  0.0000E+00  1.3662E+00  0.0000E+00  0.0000E+00
  3.0000E+00  5.0000E-01  0.0000E+00  0.0000E+00  0.0000E+00  0.0000E+00  3.8430E+00  0.0000E+00  0.0000E+00  3.9549E+00 -2.3286E-01  3.7532E-01  3.8430E+00  2.1764E+00  1.6666E+00  4.2111E-01
  3.0000E+00  1.0000E+00  0.0000E+00  0.0000E+00  0.0000E+00  0.0000E+00  4.3690E+00  0.0000E+00  0.0000E+00  4.4349E+00 -1.2242E-01  5.5863E-01  4.3690E+00  2.5735E+00  1.7955E+00  6.4576E-01
  3.0000E+00  2.0000E+00  0.0000E+00  0.0000E+00  0.0000E+00  0.0000E+00  5.6270E+00  0.0000E+00  0.0000E+00  4.7051E+00  1.6142E+00  2.3319E+00  5.6270E+00  2.7864E+00  2.8406E+00  3.4919E+00
  3.0000E+00  4.0000E+00  0.0000E+00  0.0000E+00  0.0000E+00  0.0000E+00  4.5560E+00  0.0000E+00  0.0000E+00  4.4412E+00  2.1289E-01  8.9409E-01  4.5560E+00  2.5381E+00  2.0179E+00  1.1434E+00
  3.0000E+00  8.0000E+00  0.0000E+00  0.0000E+00  0.0000E+00  0.0000E+00  3.7740E+00  0.0000E+00  0.0000E+00  3.6479E+00  2.8437E-01  8.3735E-01  3.7740E+00  1.8692E+00  1.9048E+00  1.2314E+00
  3.0000E+00  1.2000E+01  0.0000E+00  0.0000E+00  0.0000E+00  0.0000E+00  2.9060E+00  0.0000E+00  0.0000E+00  2.9821E+00 -2.0949E-01  2.1101E-01  2.9060E+00  1.3662E+00  1.5398E+00  4.0704E-01
  4.0000E+00  0.0000E+00  1.0000E+02  0.0000E+00  1.2000E+01  1.0000E+00  0.0000E+00  1.0000E+00  1.0000E+00  1.5862E+00 -8.0758E+00  0.0000E+00  0.0000E+00  1.3662E+00  0.0000E+00  0.0000E+00
  4.0000E+00  5.0000E-01  0.0000E+00  0.0000E+00  0.0000E+00  0.0000E+00  2.3700E+00  0.0000E+00  0.0000E+00  2.2323E+00  5.0389E-01  5.1850E-01  2.3700E+00  2.1764E+00  1.9357E-01  5.1544E-01
  4.0000E+00  1.0000E+00  0.0000E+00  0.0000E+00  0.0000E+00  0.0000E+00  2.1720E+00  0.0000E+00  0.0000E+00  2.5626E+00 -1.2482E+00 -1.3211E+00  2.1720E+00  2.5735E+00 -4.0151E-01 -1.2657E+00
  4.0000E+00  2.0000E+00  0.0000E+00  0.0000E+00  0.0000E+00  0.0000E+00  2.9110E+00  0.0000E+00  0.0000E+00  2.7615E+00  4.4397E-01  3.4922E-01  2.9110E+00  2.7864E+00  1.2465E-01  3.4886E-01
  4.0000E+00  4.0000E+00  0.0000E+00  0.0000E+00  0.0000E+00  0.0000E+00  2.3680E+00  0.0000E+00  0.0000E+00  2.5865E+00 -6.9192E-01 -7.0401E-01  2.3680E+00  2.5381E+00 -1.7007E-01 -6.9411E-01
  4.0000E+00  8.0000E+00  0.0000E+00  0.0000E+00  0.0000E+00  0.0000E+00  2.1800E+00  0.0000E+00  0.0000E+00  2.0334E+00  5.8737E-01  7.3577E-01  2.1800E+00  1.8692E+00  3.1077E-01  7.1591E-01
  4.0000E+00  1.2000E+01  0.0000E+00  0.0000E+00  0.0000E+00  0.0000E+00  1.6750E+00  0.0000E+00  0.0000E+00  1.5862E+00  4.5190E-01  7.0684E-01  1.6750E+00  1.3662E+00  3.0876E-01  6.6955E-01
  5.0000E+00  0.0000E+00  1.0000E+02  0.0000E+00  1.2000E+01  1.0000E+00  0.0000E+00  1.0000E+00  1.0000E+00  6.8549E-01 -7.3953E+00  0.0000E+00  0.0000E+00  1.3662E+00  0.0000E+00  0.0000E+00
  5.0000E+00  5.0000E-01  0.0000E+00  0.0000E+00  0.0000E+00  0.0000E+00  1.8810E+00  0.0000E+00  0.0000E+00  1.5044E+00  2.0167E+00  1.8512E+00  1.8810E+00  2.1764E+00 -2.9543E-01  1.2108E+00
  5.0000E+00  1.0000E+00  0.0000E+00  0.0000E+00  0.0000E+00  0.0000E+00  1.3720E+00  0.0000E+00  0.0000E+00  1.8668E+00 -2.1537E+00 -2.3535E+00  1.3720E+00  2.5735E+00 -1.2015E+00 -1.7205E+00
  5.0000E+00  2.0000E+00  0.0000E+00  0.0000E+00  0.0000E+00  0.0000E+00  1.8070E+00  0.0000E+00  0.0000E+00  2.0050E+00 -8.0403E-01 -1.1726E+00  1.8070E+00  2.7864E+00 -9.7935E-01 -9.1069E-01
  5.0000E+00  4.0000E+00  0.0000E+00  0.0000E+00  0.0000E+00  0.0000E+00  1.6420E+00  0.0000E+00  0.0000E+00  1.7018E+00 -2.8476E-01 -8.3461E-01  1.6420E+00  2.5381E+00 -8.9607E-01 -6.8446E-01
  5.0000E+00  8.0000E+00  0.0000E+00  0.0000E+00  0.0000E+00  0.0000E+00  1.1540E+00  0.0000E+00  0.0000E+00  1.0835E+00  5.1282E-01 -1.2010E-01  1.1540E+00  1.8692E+00 -7.1523E-01 -2.2499E-01
  5.0000E+00  1.2000E+01  0.0000E+00  0.0000E+00  0.0000E+00  0.0000E+00  6.3400E-01  0.0000E+00  0.0000E+00  6.8549E-01 -5.5551E-01 -1.1855E+00  6.3400E-01  1.3662E+00 -7.3224E-01 -6.8552E-01
  6.0000E+00  0.0000E+00  1.0000E+02  0.0000E+00  1.2000E+01  1.0000E+00  0.0000E+00  1.0000E+00  1.0000E+00  1.0157E+00 -7.8306E+00  0.0000E+00  0.0000E+00  1.3662E+00  0.0000E+00  0.0000E+00
  6.0000E+00  5.0000E-01  0.0000E+00  0.0000E+00  0.0000E+00  0.0000E+00  2.3500E+00  0.0000E+00  0.0000E+00  2.1355E+00  8.1939E-01  9.5344E-01  2.3500E+00  2.1764E+00  1.7357E-01  9.0590E-01
  6.0000E+00  1.0000E+00  0.0000E+00  0.0000E+00  0.0000E+00  0.0000E+00  2.2470E+00  0.0000E+00  0.0000E+00  2.6380E+00 -1.2143E+00 -9.2405E-01  2.2470E+00  2.5735E+00 -3.2651E-01 -8.9850E-01
  6.0000E+00  2.0000E+00  0.0000E+00  0.0000E+00  0.0000E+00  0.0000E+00  3.5290E+00  0.0000E+00  0.0000E+00  2.8402E+00  1.9892E+00  2.2418E+00  3.5290E+00  2.7864E+00  7.4265E-01  2.2444E+00
  6.0000E+00  4.0000E+00  0.0000E+00  0.0000E+00  0.0000E+00  0.0000E+00  1.8920E+00  0.0000E+00  0.0000E+00  2.4334E+00 -1.8201E+00 -1.8226E+00  1.8920E+00  2.5381E+00 -6.4607E-01 -1.7069E+00
  6.0000E+00  8.0000E+00  0.0000E+00  0.0000E+00  0.0000E+00  0.0000E+00  1.6780E+00  0.0000E+00  0.0000E+00  1.5773E+00  5.1549E-01  1.3061E-01  1.6780E+00  1.8692E+00 -1.9123E-01 -3.3585E-02
  6.0000E+00  1.2000E+01  0.0000E+00  0.0000E+00  0.0000E+00  0.0000E+00  9.6700E-01  0.0000E+00  0.0000E+00  1.0157E+00 -3.7576E-01 -9.7300E-01  9.6700E-01  1.3662E+00 -3.9924E-01 -9.3826E-01
  7.0000E+00  0.0000E+00  1.0000E+02  0.0000E+00  1.2000E+01  1.0000E+00  0.0000E+00  1.0000E+00  1.0000E+00  1.2023E+00 -7.9468E+00  0.0000E+00  0.0000E+00  1.3662E+00  0.0000E+00  0.0000E+00
  7.0000E+00  5.0000E-01  0.0000E+00  0.0000E+00  0.0000E+00  0.0000E+00  2.0130E+00  0.0000E+00  0.0000E+00  2.0157E+00 -1.0946E-02 -1.8876E-01  2.0130E+00  2.1764E+00 -1.6343E-01 -1.7997E-01
  7.0000E+00  1.0000E+00  0.0000E+00  0.0000E+00  0.0000E+00  0.0000E+00  2.1870E+00  0.0000E+00  0.0000E+00  2.4246E+00 -8.0159E-01 -9.3808E-01  2.1870E+00  2.5735E+00 -3.8651E-01 -8.6508E-01
  7.0000E+00  2.0000E+00  0.0000E+00  0.0000E+00  0.0000E+00  0.0000E+00  2.9950E+00  0.0000E+00  0.0000E+00  2.6548E+00  1.0500E+00  9.5295E-01  2.9950E+00  2.7864E+00  2.0865E-01  8.8398E-01
  7.0000E+00  4.0000E+00  0.0000E+00  0.0000E+00  0.0000E+00  0.0000E+00  2.2980E+00  0.0000E+00  0.0000E+00  2.4038E+00 -3.6007E-01 -4.6428E-01  2.2980E+00  2.5381E+00 -2.4007E-01 -4.2711E-01
  7.0000E+00  8.0000E+00  0.0000E+00  0.0000E+00  0.0000E+00  0.0000E+00  1.8800E+00  0.0000E+00  0.0000E+00  1.7089E+00  8.1098E-01  6.2230E-01  1.8800E+00  1.8692E+00  1.0766E-02  5.2819E-01
  7.0000E+00  1.2000E+01  0.0000E+00  0.0000E+00  0.0000E+00  0.0000E+00  1.1560E+00  0.0000E+00  0.0000E+00  1.2023E+00 -3.0574E-01 -5.5937E-01  1.1560E+00  1.3662E+00 -2.1024E-01 -4.7979E-01
  8.0000E+00  0.0000E+00  1.0000E+02  0.0000E+00  1.2000E+01  1.0000E+00  0.0000E+00  1.0000E+00  1.0000E+00  1.5250E+00 -8.0613E+00  0.0000E+00  0.0000E+00  1.3662E+00  0.0000E+00  0.0000E+00
  8.0000E+00  5.0000E-01  0.0000E+00  0.0000E+00  0.0000E+00  0.0000E+00  2.0780E+00  0.0000E+00  0.0000E+00  2.2074E+00 -4.7856E-01 -5.5590E-01  2.0780E+00  2.1764E+00 -9.8433E-02 -5.3939E-01
  8.0000E+00  1.0000E+00  0.0000E+00  0.0000E+00  0.0000E+00  0.0000E+00  2.3900E+00  0.0000E+00  0.0000E+00  2.5673E+00 -5.6565E-01 -6.8671E-01  2.3900E+00  2.5735E+00 -1.8351E-01 -6.5532E-01
  8.0000E+00  2.0000E+00  0.0000E+00  0.0000E+00  0.0000E+00  0.0000E+00  2.8650E+00  0.0000E+00  0.0000E+00  2.7976E+00  1.9766E-01  1.0432E-01  2.8650E+00  2.7864E+00  7.8650E-02  1.1217E-01
  8.0000E+00  4.0000E+00  0.0000E+00  0.0000E+00  0.0000E+00  0.0000E+00  2.6760E+00  0.0000E+00  0.0000E+00  2.6179E+00  1.8167E-01  1.7787E-01  2.6760E+00  2.5381E+00  1.3793E-01  1.7642E-01
  8.0000E+00  8.0000E+00  0.0000E+00  0.0000E+00  0.0000E+00  0.0000E+00  2.2850E+00  0.0000E+00  0.0000E+00  2.0090E+00  1.1189E+00  1.1967E+00  2.2850E+00  1.8692E+00  4.1577E-01  1.1842E+00
  8.0000E+00  1.2000E+01  0.0000E+00  0.0000E+00  0.0000E+00  0.0000E+00  1.5120E+00  0.0000E+00  0.0000E+00  1.5250E+00 -6.8967E-02  4.4139E-02  1.5120E+00  1.3662E+00  1.4576E-01 -7.1922E-03
  9.0000E+00  0.0000E+00  1.0000E+02  0.0000E+00  1.2000E+01  1.0000E+00  0.0000E+00  1.0000E+00  1.0000E+00  1.2739E+00 -7.9793E+00  0.0000E+00  0.0000E+00  1.3662E+00  0.0000E+00  0.0000E+00
  9.0000E+00  5.0000E-01  0.0000E+00  0.0000E+00  0.0000E+00  0.0000E+00  1.8710E+00  0.0000E+00  0.0000E+00  1.9682E+00 -4.0196E-01 -5.3866E-01  1.8710E+00  2.1764E+00 -3.0543E-01 -4.8575E-01
  9.0000E+00  1.0000E+00  0.0000E+00  0.0000E+00  0.0000E+00  0.0000E+00  2.5590E+00  0.0000E+00  0.0000E+00  2.3189E+00  8.4628E-01  6.6350E-01  2.5590E+00  2.5735E+00 -1.4515E-02  5.6327E-01
  9.0000E+00  2.0000E+00  0.0000E+00  0.0000E+00  0.0000E+00  0.0000E+00  2.1020E+00  0.0000E+00  0.0000E+00  2.5211E+00 -1.3608E+00 -1.5438E+00  2.1020E+00  2.7864E+00 -6.8435E-01 -1.3789E+00
  9.0000E+00  4.0000E+00  0.0000E+00  0.0000E+00  0.0000E+00  0.0000E+00  2.2360E+00  0.0000E+00  0.0000E+00  2.3180E+00 -2.8908E-01 -4.1351E-01  2.2360E+00  2.5381E+00 -3.0207E-01 -3.7624E-01
  9.0000E+00  8.0000E+00  0.0000E+00  0.0000E+00  0.0000E+00  0.0000E+00  2.0140E+00  0.0000E+00  0.0000E+00  1.7261E+00  1.3515E+00  1.3127E+00  2.0140E+00  1.8692E+00  1.4477E-01  1.1464E+00
  9.0000E+00  1.2000E+01  0.0000E+00  0.0000E+00  0.0000E+00  0.0000E+00  1.2160E+00  0.0000E+00  0.0000E+00  1.2739E+00 -3.6241E-01 -3.5508E-01  1.2160E+00  1.3662E+00 -1.5024E-01 -3.0210E-01
  1.0000E+01  0.0000E+00  1.0000E+02  0.0000E+00  1.2000E+01  1.0000E+00  0.0000E+00  1.0000E+00  1.0000E+00  1.3252E+00 -7.9997E+00  0.0000E+00  0.0000E+00  1.3662E+00  0.0000E+00  0.0000E+00
  1.0000E+01  5.0000E-01  0.0000E+00  0.0000E+00  0.0000E+00  0.0000E+00  2.3660E+00  0.0000E+00  0.0000E+00  2.1062E+00  1.0058E+00  9.5940E-01  2.3660E+00  2.1764E+00  1.8957E-01  8.9711E-01
  1.0000E+01  1.0000E+00  0.0000E+00  0.0000E+00  0.0000E+00  0.0000E+00  2.4960E+00  0.0000E+00  0.0000E+00  2.4740E+00  7.2794E-02 -1.2132E-02  2.4960E+00  2.5735E+00 -7.7515E-02 -1.1043E-02
  1.0000E+01  2.0000E+00  0.0000E+00  0.0000E+00  0.0000E+00  0.0000E+00  2.3660E+00  0.0000E+00  0.0000E+00  2.6533E+00 -8.8727E-01 -1.0217E+00  2.3660E+00  2.7864E+00 -4.2035E-01 -9.5272E-01
  1.0000E+01  4.0000E+00  0.0000E+00  0.0000E+00  0.0000E+00  0.0000E+00  2.4550E+00  0.0000E+00  0.0000E+00  2.4080E+00  1.5978E-01  1.9323E-02  2.4550E+00  2.5381E+00 -8.3073E-02  9.6551E-03
  1.0000E+01  8.0000E+00  0.0000E+00  0.0000E+00  0.0000E+00  0.0000E+00  1.6820E+00  0.0000E+00  0.0000E+00  1.7912E+00 -4.9489E-01 -5.7317E-01  1.6820E+00  1.8692E+00 -1.8723E-01 -5.2561E-01
  1.0000E+01  1.2000E+01  0.0000E+00  0.0000E+00  0.0000E+00  0.0000E+00  1.3860E+00  0.0000E+00  0.0000E+00  1.3252E+00  3.6697E-01  3.3442E-01  1.3860E+00  1.3662E+00  1.9760E-02  2.9693E-01
  1.1000E+01  0.0000E+00  1.0000E+02  0.0000E+00  1.2000E+01  1.0000E+00  0.0000E+00  1.0000E+00  1.0000E+00  4.6476E-01 -6.6591E+00  0.0000E+00  0.0000E+00  1.3662E+00  0.0000E+00  0.0000E+00
  1.1000E+01  5.0000E-01  0.0000E+00  0.0000E+00  0.0000E+00  0.0000E+00  1.3200E+00  0.0000E+00  0.0000E+00  1.3683E+00 -2.8285E-01 -8.3106E-01  1.3200E+00  2.1764E+00 -8.5643E-01 -5.7263E-01
  1.1000E+01  1.0000E+00  0.0000E+00  0.0000E+00  0.0000E+00  0.0000E+00  1.7820E+00  0.0000E+00  0.0000E+00  1.7868E+00 -2.1747E-02 -4.9009E-01  1.7820E+00  2.5735E+00 -7.9151E-01 -3.6718E-01
  1.1000E+01  2.0000E+00  0.0000E+00  0.0000E+00  0.0000E+00  0.0000E+00  2.1990E+00  0.0000E+00  0.0000E+00  1.9575E+00  1.0038E+00  4.6869E-01  2.1990E+00  2.7864E+00 -5.8735E-01  2.6787E-01
  1.1000E+01  4.0000E+00  0.0000E+00  0.0000E+00  0.0000E+00  0.0000E+00  1.4500E+00  0.0000E+00  0.0000E+00  1.5881E+00 -7.0242E-01 -1.4937E+00  1.4500E+00  2.5381E+00 -1.0881E+00 -1.0948E+00
  1.1000E+01  8.0000E+00  0.0000E+00  0.0000E+00  0.0000E+00  0.0000E+00  8.3800E-01  0.0000E+00  0.0000E+00  8.6508E-01 -2.4054E-01 -1.2364E+00  8.3800E-01  1.8692E+00 -1.0312E+00 -9.6265E-01
  1.1000E+01  1.2000E+01  0.0000E+00  0.0000E+00  0.0000E+00  0.0000E+00  4.7500E-01  0.0000E+00  0.0000E+00  4.6476E-01  1.4666E-01 -7.4251E-01  4.7500E-01  1.3662E+00 -8.9124E-01 -5.8715E-01
  1.2000E+01  0.0000E+00  1.0000E+02  0.0000E+00  1.2000E+01  1.0000E+00  0.0000E+00  1.0000E+00  1.0000E+00  3.1295E+00 -8.2119E+00  0.0000E+00  0.0000E+00  1.3662E+00  0.0000E+00  0.0000E+00
  1.2000E+01  5.0000E-01  0.0000E+00  0.0000E+00  0.0000E+00  0.0000E+00  4.0650E+00  0.0000E+00  0.0000E+00  3.7487E+00  6.9400E-01  1.3593E+00  4.0650E+00  2.1764E+00  1.8886E+00  2.1019E+00
  1.2000E+01  1.0000E+00  0.0000E+00  0.0000E+00  0.0000E+00  0.0000E+00  3.4170E+00  0.0000E+00  0.0000E+00  4.0711E+00 -1.3225E+00 -7.4259E-01  3.4170E+00  2.5735E+00  8.4349E-01 -1.0807E+00
  1.2000E+01  2.0000E+00  0.0000E+00  0.0000E+00  0.0000E+00  0.0000E+00  4.0170E+00  0.0000E+00  0.0000E+00  4.2775E+00 -5.0152E-01  4.8212E-02  4.0170E+00  2.7864E+00  1.2306E+00  1.1889E-01
  1.2000E+01  4.0000E+00  0.0000E+00  0.0000E+00  0.0000E+00  0.0000E+00  4.1890E+00  0.0000E+00  0.0000E+00  4.1346E+00  1.0831E-01  7.2465E-01  4.1890E+00  2.5381E+00  1.6509E+00  9.1936E-01
  1.2000E+01  8.0000E+00  0.0000E+00  0.0000E+00  0.0000E+00  0.0000E+00  3.7150E+00  0.0000E+00  0.0000E+00  3.6056E+00  2.4962E-01  1.0146E+00  3.7150E+00  1.8692E+00  1.8458E+00  1.0230E+00
  1.2000E+01  1.2000E+01  0.0000E+00  0.0000E+00  0.0000E+00  0.0000E+00  3.6240E+00  0.0000E+00  0.0000E+00  3.1295E+00  1.2976E+00  2.1787E+00  3.6240E+00  1.3662E+00  2.2578E+00  3.2556E+00
  1.3000E+01  0.0000E+00  1.0000E+02  0.0000E+00  1.2000E+01  1.0000E+00  0.0000E+00  1.0000E+00  1.0000E+00  1.4230E+00 -8.0329E+00  0.0000E+00  0.0000E+00  1.3662E+00  0.0000E+00  0.0000E+00
  1.3000E+01  5.0000E-01  0.0000E+00  0.0000E+00  0.0000E+00  0.0000E+00  2.8400E+00  0.0000E+00  0.0000E+00  2.8190E+00  6.1162E-02  4.0086E-01  2.8400E+00  2.1764E+00  6.6357E-01  4.0255E-01
  1.3000E+01  1.0000E+00  0.0000E+00  0.0000E+00  0.0000E+00  0.0000E+00  3.6810E+00  0.0000E+00  0.0000E+00  3.4375E+00  5.8224E-01  1.1774E+00  3.6810E+00  2.5735E+00  1.1075E+00  1.4156E+00
  1.3000E+01  2.0000E+00  0.0000E+00  0.0000E+00  0.0000E+00  0.0000E+00  4.3940E+00  0.0000E+00  0.0000E+00  3.6809E+00  1.5935E+00  2.1803E+00  4.3940E+00  2.7864E+00  1.6076E+00  2.7122E+00
  1.3000E+01  4.0000E+00  0.0000E+00  0.0000E+00  0.0000E+00  0.0000E+00  2.9510E+00  0.0000E+00  0.0000E+00  3.1851E+00 -6.0361E-01 -3.5636E-01  2.9510E+00  2.5381E+00  4.1293E-01 -4.7504E-01
  1.3000E+01  8.0000E+00  0.0000E+00  0.0000E+00  0.0000E+00  0.0000E+00  2.2220E+00  0.0000E+00  0.0000E+00  2.1346E+00  3.3410E-01  1.4476E-02  2.2220E+00  1.8692E+00  3.5277E-01 -1.1996E-01
  1.3000E+01  1.2000E+01  0.0000E+00  0.0000E+00  0.0000E+00  0.0000E+00  1.3320E+00  0.0000E+00  0.0000E+00  1.4230E+00 -5.1355E-01 -1.1639E+00  1.3320E+00  1.3662E+00 -3.4240E-02 -1.4476E+00
  1.4000E+01  0.0000E+00  1.0000E+02  0.0000E+00  1.2000E+01  1.0000E+00  0.0000E+00  1.0000E+00  1.0000E+00  1.2895E+00 -7.9857E+00  0.0000E+00  0.0000E+00  1.3662E+00  0.0000E+00  0.0000E+00
  1.4000E+01  5.0000E-01  0.0000E+00  0.0000E+00  0.0000E+00  0.0000E+00  2.3880E+00  0.0000E+00  0.0000E+00  2.4892E+00 -3.3284E-01 -5.9519E-02  2.3880E+00  2.1764E+00  2.1157E-01 -9.0484E-02
  1.4000E+01  1.0000E+00  0.0000E+00  0.0000E+00  0.0000E+00  0.0000E+00  3.6910E+00  0.0000E+00  0.0000E+00  3.0048E+00  1.8743E+00  2.2459E+00  3.6910E+00  2.5735E+00  1.1175E+00  2.5322E+00
  1.4000E+01  2.0000E+00  0.0000E+00  0.0000E+00  0.0000E+00  0.0000E+00  3.1930E+00  0.0000E+00  0.0000E+00  3.1913E+00  4.5011E-03  2.9267E-01  3.1930E+00  2.7864E+00  4.0665E-01  3.2991E-01
  1.4000E+01  4.0000E+00  0.0000E+00  0.0000E+00  0.0000E+00  0.0000E+00  2.7910E+00  0.0000E+00  0.0000E+00  2.7685E+00  6.6737E-02  1.3562E-01  2.7910E+00  2.5381E+00  2.5293E-01  1.2876E-01
  1.4000E+01  8.0000E+00  0.0000E+00  0.0000E+00  0.0000E+00  0.0000E+00  1.5070E+00  0.0000E+00  0.0000E+00  1.8932E+00 -1.6583E+00 -1.8324E+00  1.5070E+00  1.8692E+00 -3.6223E-01 -1.8722E+00
  1.4000E+01  1.2000E+01  0.0000E+00  0.0000E+00  0.0000E+00  0.0000E+00  1.3850E+00  0.0000E+00  0.0000E+00  1.2895E+00  5.9173E-01  3.1057E-01  1.3850E+00  1.3662E+00  1.8760E-02  3.5697E-02
  1.5000E+01  0.0000E+00  1.0000E+02  0.0000E+00  1.2000E+01  1.0000E+00  0.0000E+00  1.0000E+00  1.0000E+00  1.9491E+00 -8.1368E+00  0.0000E+00  0.0000E+00  1.3662E+00  0.0000E+00  0.0000E+00
  1.5000E+01  5.0000E-01  0.0000E+00  0.0000E+00  0.0000E+00  0.0000E+00  2.1980E+00  0.0000E+00  0.0000E+00  2.5296E+00 -1.0731E+00 -8.8164E-01  2.1980E+00  2.1764E+00  2.1567E-02 -9.6220E-01
  1.5000E+01  1.0000E+00  0.0000E+00  0.0000E+00  0.0000E+00  0.0000E+00  2.8050E+00  0.0000E+00  0.0000E+00  2.8360E+00 -8.9583E-02 -3.5913E-02  2.8050E+00  2.5735E+00  2.3149E-01  2.5779E-02
  1.5000E+01  2.0000E+00  0.0000E+00  0.0000E+00  0.0000E+00  0.0000E+00  3.0290E+00  0.0000E+00  0.0000E+00  3.0353E+00 -1.7043E-02 -4.2287E-04  3.0290E+00  2.7864E+00  2.4265E-01  5.4338E-02
  1.5000E+01  4.0000E+00  0.0000E+00  0.0000E+00  0.0000E+00  0.0000E+00  2.8910E+00  0.0000E+00  0.0000E+00  2.8953E+00 -1.2272E-02  1.2504E-01  2.8910E+00  2.5381E+00  3.5293E-01  1.2815E-01
  1.5000E+01  8.0000E+00  0.0000E+00  0.0000E+00  0.0000E+00  0.0000E+00  2.2760E+00  0.0000E+00  0.0000E+00  2.3846E+00 -3.7241E-01  1.3507E-02  2.2760E+00  1.8692E+00  4.0677E-01 -1.5728E-01
  1.5000E+01  1.2000E+01  0.0000E+00  0.0000E+00  0.0000E+00  0.0000E+00  2.3240E+00  0.0000E+00  0.0000E+00  1.9491E+00  1.5653E+00  2.1455E+00  2.3240E+00  1.3662E+00  9.5776E-01  2.4316E+00
  1.6000E+01  0.0000E+00  1.0000E+02  0.0000E+00  1.2000E+01  1.0000E+00  0.0000E+00  1.0000E+00  1.0000E+00  1.7348E+00 -8.1053E+00  0.0000E+00  0.0000E+00  1.3662E+00  0.0000E+00  0.0000E+00
  1.6000E+01  5.0000E-01  0.0000E+00  0.0000E+00  0.0000E+00  0.0000E+00  2.1980E+00  0.0000E+00  0.0000E+00  2.6207E+00 -1.3213E+00 -1.1284E+00  2.1980E+00  2.1764E+00  2.1567E-02 -1.3093E+00
  1.6000E+01  1.0000E+00  0.0000E+00  0.0000E+00  0.0000E+00  0.0000E+00  3.1160E+00  0.0000E+00  0.0000E+00  3.0619E+00  1.4512E-01  3.7646E-01  3.1160E+00  2.5735E+00  5.4249E-01  4.1730E-01
  1.6000E+01  2.0000E+00  0.0000E+00  0.0000E+00  0.0000E+00  0.0000E+00  4.0330E+00  0.0000E+00  0.0000E+00  3.3094E+00  1.7968E+00  2.0590E+00  4.0330E+00  2.7864E+00  1.2466E+00  2.3508E+00
  1.6000E+01  4.0000E+00  0.0000E+00  0.0000E+00  0.0000E+00  0.0000E+00  3.0010E+00  0.0000E+00  0.0000E+00  3.0500E+00 -1.3180E-01  1.2095E-01  3.0010E+00  2.5381E+00  4.6293E-01  1.1293E-01
  1.6000E+01  8.0000E+00  0.0000E+00  0.0000E+00  0.0000E+00  0.0000E+00  2.1000E+00  0.0000E+00  0.0000E+00  2.3090E+00 -7.3963E-01 -5.5646E-01  2.1000E+00  1.8692E+00  2.3077E-01 -6.5409E-01
  1.6000E+01  1.2000E+01  0.0000E+00  0.0000E+00  0.0000E+00  0.0000E+00  1.8880E+00  0.0000E+00  0.0000E+00  1.7348E+00  7.1560E-01  8.3292E-01  1.8880E+00  1.3662E+00  5.2176E-01  9.8159E-01
  1.7000E+01  0.0000E+00  1.0000E+02  0.0000E+00  1.2000E+01  1.0000E+00  0.0000E+00  1.0000E+00  1.0000E+00  1.3069E+00 -7.9927E+00  0.0000E+00  0.0000E+00  1.3662E+00  0.0000E+00  0.0000E+00
  1.7000E+01  5.0000E-01  0.0000E+00  0.0000E+00  0.0000E+00  0.0000E+00  2.4460E+00  0.0000E+00  0.0000E+00  2.5445E+00 -3.1689E-01 -7.3874E-02  2.4460E+00  2.1764E+00  2.6957E-01 -1.2096E-01
  1.7000E+01  1.0000E+00  0.0000E+00  0.0000E+00  0.0000E+00  0.0000E+00  3.7450E+00  0.0000E+00  0.0000E+00  3.0973E+00  1.7170E+00  2.1547E+00  3.7450E+00  2.5735E+00  1.1715E+00  2.4801E+00
  1.7000E+01  2.0000E+00  0.0000E+00  0.0000E+00  0.0000E+00  0.0000E+00  3.0060E+00  0.0000E+00  0.0000E+00  3.3210E+00 -7.7953E-01 -3.6797E-01  3.0060E+00  2.7864E+00  2.1965E-01 -4.4387E-01
  1.7000E+01  4.0000E+00  0.0000E+00  0.0000E+00  0.0000E+00  0.0000E+00  3.2040E+00  0.0000E+00  0.0000E+00  2.8852E+00  9.0633E-01  1.0346E+00  3.2040E+00  2.5381E+00  6.6593E-01  1.1280E+00
  1.7000E+01  8.0000E+00  0.0000E+00  0.0000E+00  0.0000E+00  0.0000E+00  1.8620E+00  0.0000E+00  0.0000E+00  1.9472E+00 -3.5582E-01 -6.7774E-01  1.8620E+00  1.8692E+00 -7.2341E-03 -7.6616E-01
  1.7000E+01  1.2000E+01  0.0000E+00  0.0000E+00  0.0000E+00  0.0000E+00  1.2740E+00  0.0000E+00  0.0000E+00  1.3069E+00 -2.0113E-01 -7.8778E-01  1.2740E+00  1.3662E+00 -9.2240E-02 -9.4524E-01
  1.8000E+01  0.0000E+00  1.0000E+02  0.0000E+00  1.2000E+01  1.0000E+00  0.0000E+00  1.0000E+00  1.0000E+00  3.0252E-01 -5.4805E+00  0.0000E+00  0.0000E+00  1.3662E+00  0.0000E+00  0.0000E+00
  1.8000E+01  5.0000E-01  0.0000E+00  0.0000E+00  0.0000E+00  0.0000E+00  1.1880E+00  0.0000E+00  0.0000E+00  1.1927E+00 -3.1573E-02 -6.9835E-01  1.1880E+00  2.1764E+00 -9.8843E-01 -4.8872E-01
  1.8000E+01  1.0000E+00  0.0000E+00  0.0000E+00  0.0000E+00  0.0000E+00  1.5200E+00  0.0000E+00  0.0000E+00  1.6141E+00 -4.7094E-01 -9.9160E-01  1.5200E+00  2.5735E+00 -1.0535E+00 -6.9569E-01
  1.8000E+01  2.0000E+00  0.0000E+00  0.0000E+00  0.0000E+00  0.0000E+00  1.9010E+00  0.0000E+00  0.0000E+00  1.7870E+00  5.1768E-01 -8.4748E-02  1.9010E+00  2.7864E+00 -8.8535E-01 -1.4073E-01
  1.8000E+01  4.0000E+00  0.0000E+00  0.0000E+00  0.0000E+00  0.0000E+00  1.3280E+00  0.0000E+00  0.0000E+00  1.3904E+00 -3.6006E-01 -1.4123E+00  1.3280E+00  2.5381E+00 -1.2101E+00 -9.8262E-01
  1.8000E+01  8.0000E+00  0.0000E+00  0.0000E+00  0.0000E+00  0.0000E+00  7.3000E-01  0.0000E+00  0.0000E+00  6.5627E-01  8.2345E-01 -6.5078E-01  7.3000E-01  1.8692E+00 -1.1392E+00 -7.5162E-01
  1.8000E+01  1.2000E+01  0.0000E+00  0.0000E+00  0.0000E+00  0.0000E+00  2.4600E-01  0.0000E+00  0.0000E+00  3.0252E-01 -1.0239E+00 -2.2601E+00  2.4600E-01  1.3662E+00 -1.1202E+00 -1.0084E+00
  1.9000E+01  0.0000E+00  1.0000E+02  0.0000E+00  1.2000E+01  1.0000E+00  0.0000E+00  1.0000E+00  1.0000E+00  2.0625E+00 -8.1498E+00  0.0000E+00  0.0000E+00  1.3662E+00  0.0000E+00  0.0000E+00
  1.9000E+01  5.0000E-01  0.0000E+00  0.0000E+00  0.0000E+00  0.0000E+00  3.4910E+00  0.0000E+00  0.0000E+00  2.8500E+00  1.8448E+00  2.2408E+00  3.4910E+00  2.1764E+00  1.3146E+00  2.7474E+00
  1.9000E+01  1.0000E+00  0.0000E+00  0.0000E+00  0.0000E+00  0.0000E+00  3.1260E+00  0.0000E+00  0.0000E+00  3.2127E+00 -2.2177E-01  1.2205E-01  3.1260E+00  2.5735E+00  5.5249E-01  1.2423E-01
  1.9000E+01  2.0000E+00  0.0000E+00  0.0000E+00  0.0000E+00  0.0000E+00  3.1790E+00  0.0000E+00  0.0000E+00  3.3858E+00 -5.0191E-01 -2.2081E-01  3.1790E+00  2.7864E+00  3.9265E-01 -2.5212E-01
  1.9000E+01  4.0000E+00  0.0000E+00  0.0000E+00  0.0000E+00  0.0000E+00  2.5500E+00  0.0000E+00  0.0000E+00  3.1544E+00 -1.5737E+00 -1.2917E+00  2.5500E+00  2.5381E+00  1.1927E-02 -1.5548E+00
  1.9000E+01  8.0000E+00  0.0000E+00  0.0000E+00  0.0000E+00  0.0000E+00  2.7000E+00  0.0000E+00  0.0000E+00  2.5547E+00  4.6572E-01  8.3128E-01  2.7000E+00  1.8692E+00  8.3077E-01  9.7429E-01
  1.9000E+01  1.2000E+01  0.0000E+00  0.0000E+00  0.0000E+00  0.0000E+00  2.0790E+00  0.0000E+00  0.0000E+00  2.0625E+00  6.5052E-02  4.8504E-01  2.0790E+00  1.3662E+00  7.1276E-01  5.2236E-01
  2.0000E+01  0.0000E+00  1.0000E+02  0.0000E+00  1.2000E+01  1.0000E+00  0.0000E+00  1.0000E+00  1.0000E+00  1.4748E+00 -8.0480E+00  0.0000E+00  0.0000E+00  1.3662E+00  0.0000E+00  0.0000E+00
  2.0000E+01  5.0000E-01  0.0000E+00  0.0000E+00  0.0000E+00  0.0000E+00  2.0220E+00  0.0000E+00  0.0000E+00  2.0791E+00 -2.2389E-01 -3.0846E-01  2.0220E+00  2.1764E+00 -1.5443E-01 -2.9198E-01
  2.0000E+01  1.0000E+00  0.0000E+00  0.0000E+00  0.0000E+00  0.0000E+00  2.4020E+00  0.0000E+00  0.0000E+00  2.3930E+00  3.0901E-02 -1.7205E-01  2.4020E+00  2.5735E+00 -1.7151E-01 -1.6077E-01
  2.0000E+01  2.0000E+00  0.0000E+00  0.0000E+00  0.0000E+00  0.0000E+00  2.2850E+00  0.0000E+00  0.0000E+00  2.5880E+00 -9.5884E-01 -1.1869E+00  2.2850E+00  2.7864E+00 -5.0135E-01 -1.0786E+00
  2.0000E+01  4.0000E+00  0.0000E+00  0.0000E+00  0.0000E+00  0.0000E+00  2.5550E+00  0.0000E+00  0.0000E+00  2.4278E+00  4.2851E-01  3.1543E-01  2.5550E+00  2.5381E+00  1.6927E-02  2.8833E-01
  2.0000E+01  8.0000E+00  0.0000E+00  0.0000E+00  0.0000E+00  0.0000E+00  1.8490E+00  0.0000E+00  0.0000E+00  1.9006E+00 -2.2061E-01 -1.1398E-01  1.8490E+00  1.8692E+00 -2.0234E-02 -1.3970E-01
  2.0000E+01  1.2000E+01  0.0000E+00  0.0000E+00  0.0000E+00  0.0000E+00  1.6450E+00  0.0000E+00  0.0000E+00  1.4748E+00  9.2908E-01  1.1909E+00  1.6450E+00  1.3662E+00  2.7876E-01  1.1072E+00
  2.1000E+01  0.0000E+00  1.0000E+02  0.0000E+00  1.2000E+01  1.0000E+00  0.0000E+00  1.0000E+00  1.0000E+00  5.1833E-01 -6.9000E+00  0.0000E+00  0.0000E+00  1.3662E+00  0.0000E+00  0.0000E+00
  2.1000E+01  5.0000E-01  0.0000E+00  0.0000E+00  0.0000E+00  0.0000E+00  1.7540E+00  0.0000E+00  0.0000E+00  1.6808E+00  3.5254E-01  2.2813E-01  1.7540E+00  2.1764E+00 -4.2243E-01  2.2053E-01
  2.1000E+01  1.0000E+00  0.0000E+00  0.0000E+00  0.0000E+00  0.0000E+00  2.3340E+00  0.0000E+00  0.0000E+00  2.1611E+00  6.5281E-01  6.3565E-01  2.3340E+00  2.5735E+00 -2.3951E-01  6.0959E-01
  2.1000E+01  2.0000E+00  0.0000E+00  0.0000E+00  0.0000E+00  0.0000E+00  2.3800E+00  0.0000E+00  0.0000E+00  2.2864E+00  3.3445E-01  1.0750E-01  2.3800E+00  2.7864E+00 -4.0635E-01  1.3284E-01
  2.1000E+01  4.0000E+00  0.0000E+00  0.0000E+00  0.0000E+00  0.0000E+00  1.5930E+00  0.0000E+00  0.0000E+00  1.7968E+00 -9.2037E-01 -1.6109E+00  1.5930E+00  2.5381E+00 -9.4507E-01 -1.2636E+00
  2.1000E+01  8.0000E+00  0.0000E+00  0.0000E+00  0.0000E+00  0.0000E+00  9.7500E-01  0.0000E+00  0.0000E+00  9.6823E-01  5.4457E-02 -9.9286E-01  9.7500E-01  1.8692E+00 -8.9423E-01 -1.0402E+00
  2.1000E+01  1.2000E+01  0.0000E+00  0.0000E+00  0.0000E+00  0.0000E+00  5.1200E-01  0.0000E+00  0.0000E+00  5.1833E-01 -8.4204E-02 -1.0697E+00  5.1200E-01  1.3662E+00 -8.5424E-01 -1.0320E+00
  2.2000E+01  0.0000E+00  1.0000E+02  0.0000E+00  1.2000E+01  1.0000E+00  0.0000E+00  1.0000E+00  1.0000E+00  1.1375E+00 -7.9123E+00  0.0000E+00  0.0000E+00  1.3662E+00  0.0000E+00  0.0000E+00
  2.2000E+01  5.0000E-01  0.0000E+00  0.0000E+00  0.0000E+00  0.0000E+00  2.2490E+00  0.0000E+00  0.0000E+00  1.9255E+00  1.3667E+00  1.2852E+00  2.2490E+00  2.1764E+00  7.2567E-02  1.0867E+00
  2.2000E+01  1.0000E+00  0.0000E+00  0.0000E+00  0.0000E+00  0.0000E+00  1.7480E+00  0.0000E+00  0.0000E+00  2.3044E+00 -1.9729E+00 -2.0637E+00  1.7480E+00  2.5735E+00 -8.2551E-01 -1.8128E+00
  2.2000E+01  2.0000E+00  0.0000E+00  0.0000E+00  0.0000E+00  0.0000E+00  2.6290E+00  0.0000E+00  0.0000E+00  2.4963E+00  4.3509E-01  3.0146E-01  2.6290E+00  2.7864E+00 -1.5735E-01  2.4720E-01
  2.2000E+01  4.0000E+00  0.0000E+00  0.0000E+00  0.0000E+00  0.0000E+00  2.2030E+00  0.0000E+00  0.0000E+00  2.2434E+00 -1.4708E-01 -3.2234E-01  2.2030E+00  2.5381E+00 -3.3507E-01 -2.9509E-01
  2.2000E+01  8.0000E+00  0.0000E+00  0.0000E+00  0.0000E+00  0.0000E+00  1.6260E+00  0.0000E+00  0.0000E+00  1.6034E+00  1.1364E-01 -7.9013E-02  1.6260E+00  1.8692E+00 -2.4323E-01 -7.9966E-02
  2.2000E+01  1.2000E+01  0.0000E+00  0.0000E+00  0.0000E+00  0.0000E+00  1.1270E+00  0.0000E+00  0.0000E+00  1.1375E+00 -7.3241E-02 -2.7953E-01  1.1270E+00  1.3662E+00 -2.3924E-01 -2.2260E-01
  2.3000E+01  0.0000E+00  1.0000E+02  0.0000E+00  1.2000E+01  1.0000E+00  0.0000E+00  1.0000E+00  1.0000E+00  1.7281E+00 -8.1041E+00  0.0000E+00  0.0000E+00  1.3662E+00  0.0000E+00  0.0000E+00
  2.3000E+01  5.0000E-01  0.0000E+00  0.0000E+00  0.0000E+00  0.0000E+00  2.1910E+00  0.0000E+00  0.0000E+00  2.3085E+00 -4.1601E-01 -3.5183E-01  2.1910E+00  2.1764E+00  1.4567E-02 -3.5216E-01
  2.3000E+01  1.0000E+00  0.0000E+00  0.0000E+00  0.0000E+00  0.0000E+00  2.4950E+00  0.0000E+00  0.0000E+00  2.6125E+00 -3.6834E-01 -4.3417E-01  2.4950E+00  2.5735E+00 -7.8515E-02 -3.9317E-01
  2.3000E+01  2.0000E+00  0.0000E+00  0.0000E+00  0.0000E+00  0.0000E+00  2.8310E+00  0.0000E+00  0.0000E+00  2.8063E+00  7.2322E-02 -2.5547E-02  2.8310E+00  2.7864E+00  4.4650E-02  9.9963E-03
  2.3000E+01  4.0000E+00  0.0000E+00  0.0000E+00  0.0000E+00  0.0000E+00  2.3300E+00  0.0000E+00  0.0000E+00  2.6607E+00 -1.0184E+00 -9.9621E-01  2.3300E+00  2.5381E+00 -2.0807E-01 -1.0084E+00
  2.3000E+01  8.0000E+00  0.0000E+00  0.0000E+00  0.0000E+00  0.0000E+00  2.3630E+00  0.0000E+00  0.0000E+00  2.1528E+00  7.9666E-01  1.0557E+00  2.3630E+00  1.8692E+00  4.9377E-01  1.0399E+00
  2.3000E+01  1.2000E+01  0.0000E+00  0.0000E+00  0.0000E+00  0.0000E+00  1.9210E+00  0.0000E+00  0.0000E+00  1.7281E+00  9.0483E-01  1.3374E+00  1.9210E+00  1.3662E+00  5.5476E-01  1.3157E+00
  2.4000E+01  0.0000E+00  1.0000E+02  0.0000E+00  1.2000E+01  1.0000E+00  0.0000E+00  1.0000E+00  1.0000E+00  1.3345E+00 -8.0031E+00  0.0000E+00  0.0000E+00  1.3662E+00  0.0000E+00  0.0000E+00
  2.4000E+01  5.0000E-01  0.0000E+00  0.0000E+00  0.0000E+00  0.0000E+00  2.0610E+00  0.0000E+00  0.0000E+00  2.2001E+00 -5.1610E-01 -5.9879E-01  2.0610E+00  2.1764E+00 -1.1543E-01 -5.8402E-01
  2.4000E+01  1.0000E+00  0.0000E+00  0.0000E+00  0.0000E+00  0.0000E+00  2.8210E+00  0.0000E+00  0.0000E+00  2.6230E+00  6.1831E-01  5.7852E-01  2.8210E+00  2.5735E+00  2.4749E-01  5.7381E-01
  2.4000E+01  2.0000E+00  0.0000E+00  0.0000E+00  0.0000E+00  0.0000E+00  2.9620E+00  0.0000E+00  0.0000E+00  2.8466E+00  3.3248E-01  3.1032E-01  2.9620E+00  2.7864E+00  1.7565E-01  3.1101E-01
  2.4000E+01  4.0000E+00  0.0000E+00  0.0000E+00  0.0000E+00  0.0000E+00  2.6340E+00  0.0000E+00  0.0000E+00  2.5756E+00  1.8578E-01  1.2981E-01  2.6340E+00  2.5381E+00  9.5927E-02  1.2909E-01
  2.4000E+01  8.0000E+00  0.0000E+00  0.0000E+00  0.0000E+00  0.0000E+00  1.8510E+00  0.0000E+00  0.0000E+00  1.8614E+00 -4.5231E-02 -1.8560E-01  1.8510E+00  1.8692E+00 -1.8234E-02 -1.8025E-01
  2.4000E+01  1.2000E+01  0.0000E+00  0.0000E+00  0.0000E+00  0.0000E+00  1.3650E+00  0.0000E+00  0.0000E+00  1.3345E+00  1.8302E-01 -1.5634E-02  1.3650E+00  1.3662E+00 -1.2402E-03 -3.0071E-02
  2.5000E+01  0.0000E+00  1.0000E+02  0.0000E+00  1.2000E+01  1.0000E+00  0.0000E+00  1.0000E+00  1.0000E+00  2.0443E+00 -8.1478E+00  0.0000E+00  0.0000E+00  1.3662E+00  0.0000E+00  0.0000E+00
  2.5000E+01  5.0000E-01  0.0000E+00  0.0000E+00  0.0000E+00  0.0000E+00  3.1290E+00  0.0000E+00  0.0000E+00  3.1502E+00 -5.5234E-02  4.0563E-01  3.1290E+00  2.1764E+00  9.5257E-01  4.2952E-01
  2.5000E+01  1.0000E+00  0.0000E+00  0.0000E+00  0.0000E+00  0.0000E+00  4.2580E+00  0.0000E+00  0.0000E+00  3.6469E+00  1.3782E+00  1.9130E+00  4.2580E+00  2.5735E+00  1.6845E+00  2.4644E+00
  2.5000E+01  2.0000E+00  0.0000E+00  0.0000E+00  0.0000E+00  0.0000E+00  4.2830E+00  0.0000E+00  0.0000E+00  3.8634E+00  8.9365E-01  1.4000E+00  4.2830E+00  2.7864E+00  1.4966E+00  1.7544E+00
  2.5000E+01  4.0000E+00  0.0000E+00  0.0000E+00  0.0000E+00  0.0000E+00  3.4010E+00  0.0000E+00  0.0000E+00  3.5148E+00 -2.6613E-01  1.2968E-01  3.4010E+00  2.5381E+00  8.6293E-01  9.4373E-02
  2.5000E+01  8.0000E+00  0.0000E+00  0.0000E+00  0.0000E+00  0.0000E+00  2.1610E+00  0.0000E+00  0.0000E+00  2.6852E+00 -1.5997E+00 -1.3560E+00  2.1610E+00  1.8692E+00  2.9177E-01 -1.8384E+00
  2.5000E+01  1.2000E+01  0.0000E+00  0.0000E+00  0.0000E+00  0.0000E+00  2.1900E+00  0.0000E+00  0.0000E+00  2.0443E+00  5.8085E-01  7.1146E-01  2.1900E+00  1.3662E+00  8.2376E-01  1.0285E+00
  2.6000E+01  0.0000E+00  1.0000E+02  0.0000E+00  1.2000E+01  1.0000E+00  0.0000E+00  1.0000E+00  1.0000E+00  1.5296E+00 -8.0624E+00  0.0000E+00  0.0000E+00  1.3662E+00  0.0000E+00  0.0000E+00
  2.6000E+01  5.0000E-01  0.0000E+00  0.0000E+00  0.0000E+00  0.0000E+00  2.0250E+00  0.0000E+00  0.0000E+00  2.2091E+00 -6.8035E-01 -7.4191E-01  2.0250E+00  2.1764E+00 -1.5143E-01 -7.2276E-01
  2.6000E+01  1.0000E+00  0.0000E+00  0.0000E+00  0.0000E+00  0.0000E+00  2.3380E+00  0.0000E+00  0.0000E+00  2.5730E+00 -7.4800E-01 -8.5124E-01  2.3380E+00  2.5735E+00 -2.3551E-01 -8.1410E-01
  2.6000E+01  2.0000E+00  0.0000E+00  0.0000E+00  0.0000E+00  0.0000E+00  2.9230E+00  0.0000E+00  0.0000E+00  2.8133E+00  3.1980E-01  2.5736E-01  2.9230E+00  2.7864E+00  1.3665E-01  2.6676E-01
  2.6000E+01  4.0000E+00  0.0000E+00  0.0000E+00  0.0000E+00  0.0000E+00  2.6690E+00  0.0000E+00  0.0000E+00  2.6398E+00  9.0607E-02  1.3209E-01  2.6690E+00  2.5381E+00  1.3093E-01  1.3136E-01
  2.6000E+01  8.0000E+00  0.0000E+00  0.0000E+00  0.0000E+00  0.0000E+00  2.4240E+00  0.0000E+00  0.0000E+00  2.0218E+00  1.6205E+00  1.7395E+00  2.4240E+00  1.8692E+00  5.5477E-01  1.7362E+00
  2.6000E+01  1.2000E+01  0.0000E+00  0.0000E+00  0.0000E+00  0.0000E+00  1.4500E+00  0.0000E+00  0.0000E+00  1.5296E+00 -4.1960E-01 -2.7178E-01  1.4500E+00  1.3662E+00  8.3760E-02 -3.4770E-01
  2.7000E+01  0.0000E+00  1.0000E+02  0.0000E+00  1.2000E+01  1.0000E+00  0.0000E+00  1.0000E+00  1.0000E+00  8.2856E-01 -7.6384E+00  0.0000E+00  0.0000E+00  1.3662E+00  0.0000E+00  0.0000E+00
  2.7000E+01  5.0000E-01  0.0000E+00  0.0000E+00  0.0000E+00  0.0000E+00  1.7970E+00  0.0000E+00  0.0000E+00  1.7026E+00  4.4898E-01  1.6582E-01  1.7970E+00  2.1764E+00 -3.7943E-01  1.1530E-01
  2.7000E+01  1.0000E+00  0.0000E+00  0.0000E+00  0.0000E+00  0.0000E+00  2.2260E+00  0.0000E+00  0.0000E+00  2.1063E+00  4.6346E-01  2.0468E-01  2.2260E+00  2.5735E+00 -3.4751E-01  1.6209E-01
  2.7000E+01  2.0000E+00  0.0000E+00  0.0000E+00  0.0000E+00  0.0000E+00  2.0260E+00  0.0000E+00  0.0000E+00  2.2833E+00 -9.2059E-01 -1.2302E+00  2.0260E+00  2.7864E+00 -7.6035E-01 -1.0047E+00
  2.7000E+01  4.0000E+00  0.0000E+00  0.0000E+00  0.0000E+00  0.0000E+00  2.1500E+00  0.0000E+00  0.0000E+00  1.9707E+00  7.4047E-01  3.2682E-01  2.1500E+00  2.5381E+00 -3.8807E-01  1.7675E-01
  2.7000E+01  8.0000E+00  0.0000E+00  0.0000E+00  0.0000E+00  0.0000E+00  1.0950E+00  0.0000E+00  0.0000E+00  1.2829E+00 -1.1690E+00 -1.6490E+00  1.0950E+00  1.8692E+00 -7.7423E-01 -1.2344E+00
  2.7000E+01  1.2000E+01  0.0000E+00  0.0000E+00  0.0000E+00  0.0000E+00  8.7300E-01  0.0000E+00  0.0000E+00  8.2856E-01  4.0966E-01 -4.5479E-02  8.7300E-01  1.3662E+00 -4.9324E-01 -1.7644E-01
  2.8000E+01  0.0000E+00  1.0000E+02  0.0000E+00  1.2000E+01  1.0000E+00  0.0000E+00  1.0000E+00  1.0000E+00  1.8798E+00 -8.1277E+00  0.0000E+00  0.0000E+00  1.3662E+00  0.0000E+00  0.0000E+00
  2.8000E+01  5.0000E-01  0.0000E+00  0.0000E+00  0.0000E+00  0.0000E+00  1.9660E+00  0.0000E+00  0.0000E+00  2.5660E+00 -1.9147E+00 -1.6982E+00  1.9660E+00  2.1764E+00 -2.1043E-01 -1.8935E+00
  2.8000E+01  1.0000E+00  0.0000E+00  0.0000E+00  0.0000E+00  0.0000E+00  2.9720E+00  0.0000E+00  0.0000E+00  2.9463E+00  7.1500E-02  2.6177E-01  2.9720E+00  2.5735E+00  3.9849E-01  3.4564E-01
  2.8000E+01  2.0000E+00  0.0000E+00  0.0000E+00  0.0000E+00  0.0000E+00  2.6690E+00  0.0000E+00  0.0000E+00  3.2173E+00 -1.3999E+00 -1.1498E+00  2.6690E+00  2.7864E+00 -1.1735E-01 -1.2611E+00
  2.8000E+01  4.0000E+00  0.0000E+00  0.0000E+00  0.0000E+00  0.0000E+00  3.7000E+00  0.0000E+00  0.0000E+00  3.0640E+00  1.7040E+00  2.0689E+00  3.7000E+00  2.5381E+00  1.1619E+00  2.3635E+00
  2.8000E+01  8.0000E+00  0.0000E+00  0.0000E+00  0.0000E+00  0.0000E+00  2.8950E+00  0.0000E+00  0.0000E+00  2.4165E+00  1.6196E+00  2.0259E+00  2.8950E+00  1.8692E+00  1.0258E+00  2.2952E+00
  2.8000E+01  1.2000E+01  0.0000E+00  0.0000E+00  0.0000E+00  0.0000E+00  1.7740E+00  0.0000E+00  0.0000E+00  1.8798E+00 -4.5746E-01 -7.2370E-02  1.7740E+00  1.3662E+00  4.0776E-01 -3.2938E-01
  2.9000E+01  0.0000E+00  1.0000E+02  0.0000E+00  1.2000E+01  1.0000E+00  0.0000E+00  1.0000E+00  1.0000E+00  2.0631E+00 -8.1498E+00  0.0000E+00  0.0000E+00  1.3662E+00  0.0000E+00  0.0000E+00
  2.9000E+01  5.0000E-01  0.0000E+00  0.0000E+00  0.0000E+00  0.0000E+00  3.1840E+00  0.0000E+00  0.0000E+00  2.9883E+00  5.3749E-01  8.5488E-01  3.1840E+00  2.1764E+00  1.0076E+00  1.0592E+00
  2.9000E+01  1.0000E+00  0.0000E+00  0.0000E+00  0.0000E+00  0.0000E+00  3.4890E+00  0.0000E+00  0.0000E+00  3.4280E+00  1.4639E-01  5.0797E-01  3.4890E+00  2.5735E+00  9.1549E-01  5.8155E-01
  2.9000E+01  2.0000E+00  0.0000E+00  0.0000E+00  0.0000E+00  0.0000E+00  4.0080E+00  0.0000E+00  0.0000E+00  3.6514E+00  8.0333E-01  1.1646E+00  4.0080E+00  2.7864E+00  1.2216E+00  1.4153E+00
  2.9000E+01  4.0000E+00  0.0000E+00  0.0000E+00  0.0000E+00  0.0000E+00  3.0380E+00  0.0000E+00  0.0000E+00  3.3769E+00 -8.2490E-01 -5.0903E-01  3.0380E+00  2.5381E+00  4.9993E-01 -7.1369E-01
  2.9000E+01  8.0000E+00  0.0000E+00  0.0000E+00  0.0000E+00  0.0000E+00  2.8940E+00  0.0000E+00  0.0000E+00  2.6456E+00  7.6923E-01  1.0012E+00  2.8940E+00  1.8692E+00  1.0248E+00  1.2865E+00
  2.9000E+01  1.2000E+01  0.0000E+00  0.0000E+00  0.0000E+00  0.0000E+00  1.9620E+00  0.0000E+00  0.0000E+00  2.0631E+00 -3.9936E-01 -2.4804E-01  1.9620E+00  1.3662E+00  5.9576E-01 -3.1353E-01
  3.0000E+01  0.0000E+00  1.0000E+02  0.0000E+00  1.2000E+01  1.0000E+00  0.0000E+00  1.0000E+00  1.0000E+00  1.2720E+00 -7.9785E+00  0.0000E+00  0.0000E+00  1.3662E+00  0.0000E+00  0.0000E+00
  3.0000E+01  5.0000E-01  0.0000E+00  0.0000E+00  0.0000E+00  0.0000E+00  1.8940E+00  0.0000E+00  0.0000E+00  2.0273E+00 -5.3547E-01 -6.7295E-01  1.8940E+00  2.1764E+00 -2.8243E-01 -6.1227E-01
  3.0000E+01  1.0000E+00  0.0000E+00  0.0000E+00  0.0000E+00  0.0000E+00  2.6060E+00  0.0000E+00  0.0000E+00  2.4029E+00  6.9145E-01  5.2002E-01  2.6060E+00  2.5735E+00  3.2485E-02  4.6275E-01
  3.0000E+01  2.0000E+00  0.0000E+00  0.0000E+00  0.0000E+00  0.0000E+00  2.4630E+00  0.0000E+00  0.0000E+00  2.6110E+00 -4.6428E-01 -6.3595E-01  2.4630E+00  2.7864E+00 -3.2335E-01 -5.8984E-01
  3.0000E+01  4.0000E+00  0.0000E+00  0.0000E+00  0.0000E+00  0.0000E+00  2.5950E+00  0.0000E+00  0.0000E+00  2.3824E+00  7.2977E-01  5.9781E-01  2.5950E+00  2.5381E+00  5.6927E-02  5.3769E-01
  3.0000E+01  8.0000E+00  0.0000E+00  0.0000E+00  0.0000E+00  0.0000E+00  1.5410E+00  0.0000E+00  0.0000E+00  1.7483E+00 -9.6125E-01 -1.0220E+00  1.5410E+00  1.8692E+00 -3.2823E-01 -9.0667E-01
  3.0000E+01  1.2000E+01  0.0000E+00  0.0000E+00  0.0000E+00  0.0000E+00  1.3860E+00  0.0000E+00  0.0000E+00  1.2720E+00  7.1490E-01  7.0929E-01  1.3860E+00  1.3662E+00  1.9760E-02  6.1627E-01
