TABLE NO.  2
 ID          CL          V           ETA1        ETA2
  1.0000E+00  6.3327E-03  1.3474E+00 -6.6015E-02 -3.7459E-02
  1.0000E+00  6.3327E-03  1.3474E+00 -6.6015E-02 -3.7459E-02
  1.0000E+00  6.3327E-03  1.3474E+00 -6.6015E-02 -3.7459E-02
  1.0000E+00  6.3327E-03  1.3474E+00 -6.6015E-02 -3.7459E-02
  1.0000E+00  6.3327E-03  1.3474E+00 -6.6015E-02 -3.7459E-02
  1.0000E+00  6.3327E-03  1.3474E+00 -6.6015E-02 -3.7459E-02
  1.0000E+00  6.3327E-03  1.3474E+00 -6.6015E-02 -3.7459E-02
  1.0000E+00  6.3327E-03  1.3474E+00 -6.6015E-02 -3.7459E-02
  1.0000E+00  6.3327E-03  1.3474E+00 -6.6015E-02 -3.7459E-02
  1.0000E+00  6.3327E-03  1.3474E+00 -6.6015E-02 -3.7459E-02
  1.0000E+00  6.3327E-03  1.3474E+00 -6.6015E-02 -3.7459E-02
  1.0000E+00  6.3327E-03  1.3474E+00 -6.6015E-02 -3.7459E-02
  1.0000E+00  6.3327E-03  1.3474E+00 -6.6015E-02 -3.7459E-02
  2.0000E+00  5.5613E-03  1.2433E+00 -2.7410E-01 -1.8105E-01
  2.0000E+00  5.5613E-03  1.2433E+00 -2.7410E-01 -1.8105E-01
  2.0000E+00  5.5613E-03  1.2433E+00 -2.7410E-01 -1.8105E-01
  2.0000E+00  5.5613E-03  1.2433E+00 -2.7410E-01 -1.8105E-01
  2.0000E+00  5.5613E-03  1.2433E+00 -2.7410E-01 -1.8105E-01
  2.0000E+00  5.5613E-03  1.2433E+00 -2.7410E-01 -1.8105E-01
  2.0000E+00  5.5613E-03  1.2433E+00 -2.7410E-01 -1.8105E-01
  2.0000E+00  5.5613E-03  1.2433E+00 -2.7410E-01 -1.8105E-01
  2.0000E+00  5.5613E-03  1.2433E+00 -2.7410E-01 -1.8105E-01
  2.0000E+00  5.5613E-03  1.2433E+00 -2.7410E-01 -1.8105E-01
  2.0000E+00  5.5613E-03  1.2433E+00 -2.7410E-01 -1.8105E-01
  2.0000E+00  5.5613E-03  1.2433E+00 -2.7410E-01 -1.8105E-01
  2.0000E+00  5.5613E-03  1.2433E+00 -2.7410E-01 -1.8105E-01
  2.0000E+00  5.5613E-03  1.2433E+00 -2.7410E-01 -1.8105E-01
  2.0000E+00  5.5613E-03  1.2433E+00 -2.7410E-01 -1.8105E-01
  2.0000E+00  5.5613E-03  1.2433E+00 -2.7410E-01 -1.8105E-01
  3.0000E+00  8.6890E-03  1.6659E+00  1.7212E-01  1.1157E-01
  3.0000E+00  8.6890E-03  1.6659E+00  1.7212E-01  1.1157E-01
  3.0000E+00  8.6890E-03  1.6659E+00  1.7212E-01  1.1157E-01
  3.0000E+00  8.6890E-03  1.6659E+00  1.7212E-01  1.1157E-01
  3.0000E+00  8.6890E-03  1.6659E+00  1.7212E-01  1.1157E-01
  3.0000E+00  8.6890E-03  1.6659E+00  1.7212E-01  1.1157E-01
  3.0000E+00  8.6890E-03  1.6659E+00  1.7212E-01  1.1157E-01
  3.0000E+00  8.6890E-03  1.6659E+00  1.7212E-01  1.1157E-01
  3.0000E+00  8.6890E-03  1.6659E+00  1.7212E-01  1.1157E-01
  3.0000E+00  8.6890E-03  1.6659E+00  1.7212E-01  1.1157E-01
  3.0000E+00  8.6890E-03  1.6659E+00  1.7212E-01  1.1157E-01
  3.0000E+00  8.6890E-03  1.6659E+00  1.7212E-01  1.1157E-01
  3.0000E+00  8.6890E-03  1.6659E+00  1.7212E-01  1.1157E-01
  3.0000E+00  8.6890E-03  1.6659E+00  1.7212E-01  1.1157E-01
  3.0000E+00  8.6890E-03  1.6659E+00  1.7212E-01  1.1157E-01
  3.0000E+00  8.6890E-03  1.6659E+00  1.7212E-01  1.1157E-01
  4.0000E+00  3.9605E-03  9.1179E-01 -3.4643E-02 -2.3597E-02
  4.0000E+00  3.9605E-03  9.1179E-01 -3.4643E-02 -2.3597E-02
  4.0000E+00  3.9605E-03  9.1179E-01 -3.4643E-02 -2.3597E-02
  4.0000E+00  3.9605E-03  9.1179E-01 -3.4643E-02 -2.3597E-02
  4.0000E+00  3.9605E-03  9.1179E-01 -3.4643E-02 -2.3597E-02
  4.0000E+00  3.9605E-03  9.1179E-01 -3.4643E-02 -2.3597E-02
  4.0000E+00  3.9605E-03  9.1179E-01 -3.4643E-02 -2.3597E-02
  4.0000E+00  3.9605E-03  9.1179E-01 -3.4643E-02 -2.3597E-02
  4.0000E+00  3.9605E-03  9.1179E-01 -3.4643E-02 -2.3597E-02
  4.0000E+00  3.9605E-03  9.1179E-01 -3.4643E-02 -2.3597E-02
  4.0000E+00  3.9605E-03  9.1179E-01 -3.4643E-02 -2.3597E-02
  4.0000E+00  3.9605E-03  9.1179E-01 -3.4643E-02 -2.3597E-02
  4.0000E+00  3.9605E-03  9.1179E-01 -3.4643E-02 -2.3597E-02
  4.0000E+00  3.9605E-03  9.1179E-01 -3.4643E-02 -2.3597E-02
  4.0000E+00  3.9605E-03  9.1179E-01 -3.4643E-02 -2.3597E-02
  5.0000E+00  9.1565E-03  1.7257E+00  3.0272E-01  2.0997E-01
  5.0000E+00  9.1565E-03  1.7257E+00  3.0272E-01  2.0997E-01
  5.0000E+00  9.1565E-03  1.7257E+00  3.0272E-01  2.0997E-01
  5.0000E+00  9.1565E-03  1.7257E+00  3.0272E-01  2.0997E-01
  5.0000E+00  9.1565E-03  1.7257E+00  3.0272E-01  2.0997E-01
  5.0000E+00  9.1565E-03  1.7257E+00  3.0272E-01  2.0997E-01
  5.0000E+00  9.1565E-03  1.7257E+00  3.0272E-01  2.0997E-01
  5.0000E+00  9.1565E-03  1.7257E+00  3.0272E-01  2.0997E-01
  5.0000E+00  9.1565E-03  1.7257E+00  3.0272E-01  2.0997E-01
  5.0000E+00  9.1565E-03  1.7257E+00  3.0272E-01  2.0997E-01
  5.0000E+00  9.1565E-03  1.7257E+00  3.0272E-01  2.0997E-01
  5.0000E+00  9.1565E-03  1.7257E+00  3.0272E-01  2.0997E-01
  5.0000E+00  9.1565E-03  1.7257E+00  3.0272E-01  2.0997E-01
  5.0000E+00  9.1565E-03  1.7257E+00  3.0272E-01  2.0997E-01
  5.0000E+00  9.1565E-03  1.7257E+00  3.0272E-01  2.0997E-01
  6.0000E+00  5.8998E-03  1.2692E+00  3.7878E-02  4.3810E-02
  6.0000E+00  5.8998E-03  1.2692E+00  3.7878E-02  4.3810E-02
  6.0000E+00  5.8998E-03  1.2692E+00  3.7878E-02  4.3810E-02
  6.0000E+00  5.8998E-03  1.2692E+00  3.7878E-02  4.3810E-02
  6.0000E+00  5.8998E-03  1.2692E+00  3.7878E-02  4.3810E-02
  6.0000E+00  5.8998E-03  1.2692E+00  3.7878E-02  4.3810E-02
  6.0000E+00  5.8998E-03  1.2692E+00  3.7878E-02  4.3810E-02
  6.0000E+00  5.8998E-03  1.2692E+00  3.7878E-02  4.3810E-02
  6.0000E+00  5.8998E-03  1.2692E+00  3.7878E-02  4.3810E-02
  6.0000E+00  5.8998E-03  1.2692E+00  3.7878E-02  4.3810E-02
  6.0000E+00  5.8998E-03  1.2692E+00  3.7878E-02  4.3810E-02
  6.0000E+00  5.8998E-03  1.2692E+00  3.7878E-02  4.3810E-02
  6.0000E+00  5.8998E-03  1.2692E+00  3.7878E-02  4.3810E-02
  6.0000E+00  5.8998E-03  1.2692E+00  3.7878E-02  4.3810E-02
  6.0000E+00  5.8998E-03  1.2692E+00  3.7878E-02  4.3810E-02
  6.0000E+00  5.8998E-03  1.2692E+00  3.7878E-02  4.3810E-02
  7.0000E+00  4.8683E-03  1.0592E+00  5.2341E-02  2.9795E-02
  7.0000E+00  4.8683E-03  1.0592E+00  5.2341E-02  2.9795E-02
  7.0000E+00  4.8683E-03  1.0592E+00  5.2341E-02  2.9795E-02
  7.0000E+00  4.8683E-03  1.0592E+00  5.2341E-02  2.9795E-02
  7.0000E+00  4.8683E-03  1.0592E+00  5.2341E-02  2.9795E-02
  7.0000E+00  4.8683E-03  1.0592E+00  5.2341E-02  2.9795E-02
  7.0000E+00  4.8683E-03  1.0592E+00  5.2341E-02  2.9795E-02
  7.0000E+00  4.8683E-03  1.0592E+00  5.2341E-02  2.9795E-02
  7.0000E+00  4.8683E-03  1.0592E+00  5.2341E-02  2.9795E-02
  7.0000E+00  4.8683E-03  1.0592E+00  5.2341E-02  2.9795E-02
  7.0000E+00  4.8683E-03  1.0592E+00  5.2341E-02  2.9795E-02
  7.0000E+00  4.8683E-03  1.0592E+00  5.2341E-02  2.9795E-02
  7.0000E+00  4.8683E-03  1.0592E+00  5.2341E-02  2.9795E-02
  7.0000E+00  4.8683E-03  1.0592E+00  5.2341E-02  2.9795E-02
  7.0000E+00  4.8683E-03  1.0592E+00  5.2341E-02  2.9795E-02
  7.0000E+00  4.8683E-03  1.0592E+00  5.2341E-02  2.9795E-02
  7.0000E+00  4.8683E-03  1.0592E+00  5.2341E-02  2.9795E-02
  8.0000E+00  4.6141E-03  1.0279E+00 -2.0793E-01 -1.6709E-01
  8.0000E+00  4.6141E-03  1.0279E+00 -2.0793E-01 -1.6709E-01
  8.0000E+00  4.6141E-03  1.0279E+00 -2.0793E-01 -1.6709E-01
  8.0000E+00  4.6141E-03  1.0279E+00 -2.0793E-01 -1.6709E-01
  8.0000E+00  4.6141E-03  1.0279E+00 -2.0793E-01 -1.6709E-01
  8.0000E+00  4.6141E-03  1.0279E+00 -2.0793E-01 -1.6709E-01
  8.0000E+00  4.6141E-03  1.0279E+00 -2.0793E-01 -1.6709E-01
  8.0000E+00  4.6141E-03  1.0279E+00 -2.0793E-01 -1.6709E-01
  8.0000E+00  4.6141E-03  1.0279E+00 -2.0793E-01 -1.6709E-01
  8.0000E+00  4.6141E-03  1.0279E+00 -2.0793E-01 -1.6709E-01
  8.0000E+00  4.6141E-03  1.0279E+00 -2.0793E-01 -1.6709E-01
  8.0000E+00  4.6141E-03  1.0279E+00 -2.0793E-01 -1.6709E-01
  8.0000E+00  4.6141E-03  1.0279E+00 -2.0793E-01 -1.6709E-01
  8.0000E+00  4.6141E-03  1.0279E+00 -2.0793E-01 -1.6709E-01
  8.0000E+00  4.6141E-03  1.0279E+00 -2.0793E-01 -1.6709E-01
  8.0000E+00  4.6141E-03  1.0279E+00 -2.0793E-01 -1.6709E-01
  8.0000E+00  4.6141E-03  1.0279E+00 -2.0793E-01 -1.6709E-01
  9.0000E+00  5.1814E-03  1.2045E+00 -2.6667E-01 -1.4958E-01
  9.0000E+00  5.1814E-03  1.2045E+00 -2.6667E-01 -1.4958E-01
  9.0000E+00  5.1814E-03  1.2045E+00 -2.6667E-01 -1.4958E-01
  9.0000E+00  5.1814E-03  1.2045E+00 -2.6667E-01 -1.4958E-01
  9.0000E+00  5.1814E-03  1.2045E+00 -2.6667E-01 -1.4958E-01
  9.0000E+00  5.1814E-03  1.2045E+00 -2.6667E-01 -1.4958E-01
  9.0000E+00  5.1814E-03  1.2045E+00 -2.6667E-01 -1.4958E-01
  9.0000E+00  5.1814E-03  1.2045E+00 -2.6667E-01 -1.4958E-01
  9.0000E+00  5.1814E-03  1.2045E+00 -2.6667E-01 -1.4958E-01
  9.0000E+00  5.1814E-03  1.2045E+00 -2.6667E-01 -1.4958E-01
  9.0000E+00  5.1814E-03  1.2045E+00 -2.6667E-01 -1.4958E-01
  9.0000E+00  5.1814E-03  1.2045E+00 -2.6667E-01 -1.4958E-01
  9.0000E+00  5.1814E-03  1.2045E+00 -2.6667E-01 -1.4958E-01
  9.0000E+00  5.1814E-03  1.2045E+00 -2.6667E-01 -1.4958E-01
  9.0000E+00  5.1814E-03  1.2045E+00 -2.6667E-01 -1.4958E-01
  9.0000E+00  5.1814E-03  1.2045E+00 -2.6667E-01 -1.4958E-01
  9.0000E+00  5.1814E-03  1.2045E+00 -2.6667E-01 -1.4958E-01
  9.0000E+00  5.1814E-03  1.2045E+00 -2.6667E-01 -1.4958E-01
  1.0000E+01  6.6754E-03  1.3873E+00 -1.3320E-02 -8.3146E-03
  1.0000E+01  6.6754E-03  1.3873E+00 -1.3320E-02 -8.3146E-03
  1.0000E+01  6.6754E-03  1.3873E+00 -1.3320E-02 -8.3146E-03
  1.0000E+01  6.6754E-03  1.3873E+00 -1.3320E-02 -8.3146E-03
  1.0000E+01  6.6754E-03  1.3873E+00 -1.3320E-02 -8.3146E-03
  1.0000E+01  6.6754E-03  1.3873E+00 -1.3320E-02 -8.3146E-03
  1.0000E+01  6.6754E-03  1.3873E+00 -1.3320E-02 -8.3146E-03
  1.0000E+01  6.6754E-03  1.3873E+00 -1.3320E-02 -8.3146E-03
  1.0000E+01  6.6754E-03  1.3873E+00 -1.3320E-02 -8.3146E-03
  1.0000E+01  6.6754E-03  1.3873E+00 -1.3320E-02 -8.3146E-03
  1.0000E+01  6.6754E-03  1.3873E+00 -1.3320E-02 -8.3146E-03
  1.0000E+01  6.6754E-03  1.3873E+00 -1.3320E-02 -8.3146E-03
  1.0000E+01  6.6754E-03  1.3873E+00 -1.3320E-02 -8.3146E-03
  1.0000E+01  6.6754E-03  1.3873E+00 -1.3320E-02 -8.3146E-03
  1.0000E+01  6.6754E-03  1.3873E+00 -1.3320E-02 -8.3146E-03
  1.0000E+01  6.6754E-03  1.3873E+00 -1.3320E-02 -8.3146E-03
  1.1000E+01  8.3716E-03  1.5933E+00  3.8780E-01  2.7124E-01
  1.1000E+01  8.3716E-03  1.5933E+00  3.8780E-01  2.7124E-01
  1.1000E+01  8.3716E-03  1.5933E+00  3.8780E-01  2.7124E-01
  1.1000E+01  8.3716E-03  1.5933E+00  3.8780E-01  2.7124E-01
  1.1000E+01  8.3716E-03  1.5933E+00  3.8780E-01  2.7124E-01
  1.1000E+01  8.3716E-03  1.5933E+00  3.8780E-01  2.7124E-01
  1.1000E+01  8.3716E-03  1.5933E+00  3.8780E-01  2.7124E-01
  1.2000E+01  6.0042E-03  1.3066E+00 -3.5295E-02 -3.7427E-04
  1.2000E+01  6.0042E-03  1.3066E+00 -3.5295E-02 -3.7427E-04
  1.2000E+01  6.0042E-03  1.3066E+00 -3.5295E-02 -3.7427E-04
  1.2000E+01  6.0042E-03  1.3066E+00 -3.5295E-02 -3.7427E-04
  1.2000E+01  6.0042E-03  1.3066E+00 -3.5295E-02 -3.7427E-04
  1.2000E+01  6.0042E-03  1.3066E+00 -3.5295E-02 -3.7427E-04
  1.2000E+01  6.0042E-03  1.3066E+00 -3.5295E-02 -3.7427E-04
  1.2000E+01  6.0042E-03  1.3066E+00 -3.5295E-02 -3.7427E-04
  1.2000E+01  6.0042E-03  1.3066E+00 -3.5295E-02 -3.7427E-04
  1.2000E+01  6.0042E-03  1.3066E+00 -3.5295E-02 -3.7427E-04
  1.2000E+01  6.0042E-03  1.3066E+00 -3.5295E-02 -3.7427E-04
  1.2000E+01  6.0042E-03  1.3066E+00 -3.5295E-02 -3.7427E-04
  1.2000E+01  6.0042E-03  1.3066E+00 -3.5295E-02 -3.7427E-04
  1.2000E+01  6.0042E-03  1.3066E+00 -3.5295E-02 -3.7427E-04
  1.2000E+01  6.0042E-03  1.3066E+00 -3.5295E-02 -3.7427E-04
  1.2000E+01  6.0042E-03  1.3066E+00 -3.5295E-02 -3.7427E-04
  1.2000E+01  6.0042E-03  1.3066E+00 -3.5295E-02 -3.7427E-04
  1.3000E+01  4.1028E-03  9.5853E-01 -2.2676E-01 -1.5728E-01
  1.3000E+01  4.1028E-03  9.5853E-01 -2.2676E-01 -1.5728E-01
  1.3000E+01  4.1028E-03  9.5853E-01 -2.2676E-01 -1.5728E-01
  1.3000E+01  4.1028E-03  9.5853E-01 -2.2676E-01 -1.5728E-01
  1.3000E+01  4.1028E-03  9.5853E-01 -2.2676E-01 -1.5728E-01
  1.3000E+01  4.1028E-03  9.5853E-01 -2.2676E-01 -1.5728E-01
  1.3000E+01  4.1028E-03  9.5853E-01 -2.2676E-01 -1.5728E-01
  1.3000E+01  4.1028E-03  9.5853E-01 -2.2676E-01 -1.5728E-01
  1.3000E+01  4.1028E-03  9.5853E-01 -2.2676E-01 -1.5728E-01
  1.3000E+01  4.1028E-03  9.5853E-01 -2.2676E-01 -1.5728E-01
  1.3000E+01  4.1028E-03  9.5853E-01 -2.2676E-01 -1.5728E-01
  1.3000E+01  4.1028E-03  9.5853E-01 -2.2676E-01 -1.5728E-01
  1.3000E+01  4.1028E-03  9.5853E-01 -2.2676E-01 -1.5728E-01
  1.3000E+01  4.1028E-03  9.5853E-01 -2.2676E-01 -1.5728E-01
  1.3000E+01  4.1028E-03  9.5853E-01 -2.2676E-01 -1.5728E-01
  1.3000E+01  4.1028E-03  9.5853E-01 -2.2676E-01 -1.5728E-01
  1.3000E+01  4.1028E-03  9.5853E-01 -2.2676E-01 -1.5728E-01
  1.4000E+01  5.2611E-03  1.0699E+00  2.1916E-02 -4.7333E-02
  1.4000E+01  5.2611E-03  1.0699E+00  2.1916E-02 -4.7333E-02
  1.4000E+01  5.2611E-03  1.0699E+00  2.1916E-02 -4.7333E-02
  1.4000E+01  5.2611E-03  1.0699E+00  2.1916E-02 -4.7333E-02
  1.4000E+01  5.2611E-03  1.0699E+00  2.1916E-02 -4.7333E-02
  1.4000E+01  5.2611E-03  1.0699E+00  2.1916E-02 -4.7333E-02
  1.4000E+01  5.2611E-03  1.0699E+00  2.1916E-02 -4.7333E-02
  1.4000E+01  5.2611E-03  1.0699E+00  2.1916E-02 -4.7333E-02
  1.4000E+01  5.2611E-03  1.0699E+00  2.1916E-02 -4.7333E-02
  1.4000E+01  5.2611E-03  1.0699E+00  2.1916E-02 -4.7333E-02
  1.4000E+01  5.2611E-03  1.0699E+00  2.1916E-02 -4.7333E-02
  1.4000E+01  5.2611E-03  1.0699E+00  2.1916E-02 -4.7333E-02
  1.4000E+01  5.2611E-03  1.0699E+00  2.1916E-02 -4.7333E-02
  1.4000E+01  5.2611E-03  1.0699E+00  2.1916E-02 -4.7333E-02
  1.4000E+01  5.2611E-03  1.0699E+00  2.1916E-02 -4.7333E-02
  1.4000E+01  5.2611E-03  1.0699E+00  2.1916E-02 -4.7333E-02
  1.4000E+01  5.2611E-03  1.0699E+00  2.1916E-02 -4.7333E-02
  1.4000E+01  5.2611E-03  1.0699E+00  2.1916E-02 -4.7333E-02
  1.5000E+01  6.4943E-03  1.3490E+00  4.3165E-02  3.1516E-02
  1.5000E+01  6.4943E-03  1.3490E+00  4.3165E-02  3.1516E-02
  1.5000E+01  6.4943E-03  1.3490E+00  4.3165E-02  3.1516E-02
  1.5000E+01  6.4943E-03  1.3490E+00  4.3165E-02  3.1516E-02
  1.5000E+01  6.4943E-03  1.3490E+00  4.3165E-02  3.1516E-02
  1.5000E+01  6.4943E-03  1.3490E+00  4.3165E-02  3.1516E-02
  1.5000E+01  6.4943E-03  1.3490E+00  4.3165E-02  3.1516E-02
  1.5000E+01  6.4943E-03  1.3490E+00  4.3165E-02  3.1516E-02
  1.5000E+01  6.4943E-03  1.3490E+00  4.3165E-02  3.1516E-02
  1.5000E+01  6.4943E-03  1.3490E+00  4.3165E-02  3.1516E-02
  1.5000E+01  6.4943E-03  1.3490E+00  4.3165E-02  3.1516E-02
  1.5000E+01  6.4943E-03  1.3490E+00  4.3165E-02  3.1516E-02
  1.5000E+01  6.4943E-03  1.3490E+00  4.3165E-02  3.1516E-02
  1.5000E+01  6.4943E-03  1.3490E+00  4.3165E-02  3.1516E-02
  1.5000E+01  6.4943E-03  1.3490E+00  4.3165E-02  3.1516E-02
  1.6000E+01  5.1906E-03  1.1635E+00 -9.0198E-02 -4.3123E-02
  1.6000E+01  5.1906E-03  1.1635E+00 -9.0198E-02 -4.3123E-02
  1.6000E+01  5.1906E-03  1.1635E+00 -9.0198E-02 -4.3123E-02
  1.6000E+01  5.1906E-03  1.1635E+00 -9.0198E-02 -4.3123E-02
  1.6000E+01  5.1906E-03  1.1635E+00 -9.0198E-02 -4.3123E-02
  1.6000E+01  5.1906E-03  1.1635E+00 -9.0198E-02 -4.3123E-02
  1.6000E+01  5.1906E-03  1.1635E+00 -9.0198E-02 -4.3123E-02
  1.6000E+01  5.1906E-03  1.1635E+00 -9.0198E-02 -4.3123E-02
  1.6000E+01  5.1906E-03  1.1635E+00 -9.0198E-02 -4.3123E-02
  1.6000E+01  5.1906E-03  1.1635E+00 -9.0198E-02 -4.3123E-02
  1.6000E+01  5.1906E-03  1.1635E+00 -9.0198E-02 -4.3123E-02
  1.6000E+01  5.1906E-03  1.1635E+00 -9.0198E-02 -4.3123E-02
  1.6000E+01  5.1906E-03  1.1635E+00 -9.0198E-02 -4.3123E-02
  1.6000E+01  5.1906E-03  1.1635E+00 -9.0198E-02 -4.3123E-02
  1.6000E+01  5.1906E-03  1.1635E+00 -9.0198E-02 -4.3123E-02
  1.6000E+01  5.1906E-03  1.1635E+00 -9.0198E-02 -4.3123E-02
  1.6000E+01  5.1906E-03  1.1635E+00 -9.0198E-02 -4.3123E-02
  1.6000E+01  5.1906E-03  1.1635E+00 -9.0198E-02 -4.3123E-02
  1.6000E+01  5.1906E-03  1.1635E+00 -9.0198E-02 -4.3123E-02
  1.7000E+01  4.6021E-03  1.0468E+00 -1.1191E-01 -6.9173E-02
  1.7000E+01  4.6021E-03  1.0468E+00 -1.1191E-01 -6.9173E-02
  1.7000E+01  4.6021E-03  1.0468E+00 -1.1191E-01 -6.9173E-02
  1.7000E+01  4.6021E-03  1.0468E+00 -1.1191E-01 -6.9173E-02
  1.7000E+01  4.6021E-03  1.0468E+00 -1.1191E-01 -6.9173E-02
  1.7000E+01  4.6021E-03  1.0468E+00 -1.1191E-01 -6.9173E-02
  1.7000E+01  4.6021E-03  1.0468E+00 -1.1191E-01 -6.9173E-02
  1.7000E+01  4.6021E-03  1.0468E+00 -1.1191E-01 -6.9173E-02
  1.7000E+01  4.6021E-03  1.0468E+00 -1.1191E-01 -6.9173E-02
  1.7000E+01  4.6021E-03  1.0468E+00 -1.1191E-01 -6.9173E-02
  1.7000E+01  4.6021E-03  1.0468E+00 -1.1191E-01 -6.9173E-02
  1.7000E+01  4.6021E-03  1.0468E+00 -1.1191E-01 -6.9173E-02
  1.7000E+01  4.6021E-03  1.0468E+00 -1.1191E-01 -6.9173E-02
  1.7000E+01  4.6021E-03  1.0468E+00 -1.1191E-01 -6.9173E-02
  1.7000E+01  4.6021E-03  1.0468E+00 -1.1191E-01 -6.9173E-02
  1.7000E+01  4.6021E-03  1.0468E+00 -1.1191E-01 -6.9173E-02
  1.7000E+01  4.6021E-03  1.0468E+00 -1.1191E-01 -6.9173E-02
  1.8000E+01  6.5131E-03  1.2160E+00  3.4340E-01  1.6787E-01
  1.8000E+01  6.5131E-03  1.2160E+00  3.4340E-01  1.6787E-01
  1.8000E+01  6.5131E-03  1.2160E+00  3.4340E-01  1.6787E-01
  1.8000E+01  6.5131E-03  1.2160E+00  3.4340E-01  1.6787E-01
  1.8000E+01  6.5131E-03  1.2160E+00  3.4340E-01  1.6787E-01
  1.8000E+01  6.5131E-03  1.2160E+00  3.4340E-01  1.6787E-01
  1.8000E+01  6.5131E-03  1.2160E+00  3.4340E-01  1.6787E-01
  1.8000E+01  6.5131E-03  1.2160E+00  3.4340E-01  1.6787E-01
  1.8000E+01  6.5131E-03  1.2160E+00  3.4340E-01  1.6787E-01
  1.8000E+01  6.5131E-03  1.2160E+00  3.4340E-01  1.6787E-01
  1.8000E+01  6.5131E-03  1.2160E+00  3.4340E-01  1.6787E-01
  1.8000E+01  6.5131E-03  1.2160E+00  3.4340E-01  1.6787E-01
  1.8000E+01  6.5131E-03  1.2160E+00  3.4340E-01  1.6787E-01
  1.8000E+01  6.5131E-03  1.2160E+00  3.4340E-01  1.6787E-01
  1.8000E+01  6.5131E-03  1.2160E+00  3.4340E-01  1.6787E-01
  1.8000E+01  6.5131E-03  1.2160E+00  3.4340E-01  1.6787E-01
  1.8000E+01  6.5131E-03  1.2160E+00  3.4340E-01  1.6787E-01
  1.9000E+01  5.0105E-03  1.0857E+00  8.1126E-02  5.4545E-02
  1.9000E+01  5.0105E-03  1.0857E+00  8.1126E-02  5.4545E-02
  1.9000E+01  5.0105E-03  1.0857E+00  8.1126E-02  5.4545E-02
  1.9000E+01  5.0105E-03  1.0857E+00  8.1126E-02  5.4545E-02
  1.9000E+01  5.0105E-03  1.0857E+00  8.1126E-02  5.4545E-02
  1.9000E+01  5.0105E-03  1.0857E+00  8.1126E-02  5.4545E-02
  1.9000E+01  5.0105E-03  1.0857E+00  8.1126E-02  5.4545E-02
  1.9000E+01  5.0105E-03  1.0857E+00  8.1126E-02  5.4545E-02
  1.9000E+01  5.0105E-03  1.0857E+00  8.1126E-02  5.4545E-02
  1.9000E+01  5.0105E-03  1.0857E+00  8.1126E-02  5.4545E-02
  1.9000E+01  5.0105E-03  1.0857E+00  8.1126E-02  5.4545E-02
  1.9000E+01  5.0105E-03  1.0857E+00  8.1126E-02  5.4545E-02
  1.9000E+01  5.0105E-03  1.0857E+00  8.1126E-02  5.4545E-02
  1.9000E+01  5.0105E-03  1.0857E+00  8.1126E-02  5.4545E-02
  1.9000E+01  5.0105E-03  1.0857E+00  8.1126E-02  5.4545E-02
  1.9000E+01  5.0105E-03  1.0857E+00  8.1126E-02  5.4545E-02
  1.9000E+01  5.0105E-03  1.0857E+00  8.1126E-02  5.4545E-02
  1.9000E+01  5.0105E-03  1.0857E+00  8.1126E-02  5.4545E-02
  2.0000E+01  5.1376E-03  1.1211E+00 -1.0046E-01 -8.0213E-02
  2.0000E+01  5.1376E-03  1.1211E+00 -1.0046E-01 -8.0213E-02
  2.0000E+01  5.1376E-03  1.1211E+00 -1.0046E-01 -8.0213E-02
  2.0000E+01  5.1376E-03  1.1211E+00 -1.0046E-01 -8.0213E-02
  2.0000E+01  5.1376E-03  1.1211E+00 -1.0046E-01 -8.0213E-02
  2.0000E+01  5.1376E-03  1.1211E+00 -1.0046E-01 -8.0213E-02
  2.0000E+01  5.1376E-03  1.1211E+00 -1.0046E-01 -8.0213E-02
  2.0000E+01  5.1376E-03  1.1211E+00 -1.0046E-01 -8.0213E-02
  2.0000E+01  5.1376E-03  1.1211E+00 -1.0046E-01 -8.0213E-02
  2.0000E+01  5.1376E-03  1.1211E+00 -1.0046E-01 -8.0213E-02
  2.0000E+01  5.1376E-03  1.1211E+00 -1.0046E-01 -8.0213E-02
  2.0000E+01  5.1376E-03  1.1211E+00 -1.0046E-01 -8.0213E-02
  2.0000E+01  5.1376E-03  1.1211E+00 -1.0046E-01 -8.0213E-02
  2.0000E+01  5.1376E-03  1.1211E+00 -1.0046E-01 -8.0213E-02
  2.0000E+01  5.1376E-03  1.1211E+00 -1.0046E-01 -8.0213E-02
  2.0000E+01  5.1376E-03  1.1211E+00 -1.0046E-01 -8.0213E-02
  2.1000E+01  8.0234E-03  1.6444E+00 -1.1420E-01 -6.8294E-02
  2.1000E+01  8.0234E-03  1.6444E+00 -1.1420E-01 -6.8294E-02
  2.1000E+01  8.0234E-03  1.6444E+00 -1.1420E-01 -6.8294E-02
  2.1000E+01  8.0234E-03  1.6444E+00 -1.1420E-01 -6.8294E-02
  2.1000E+01  8.0234E-03  1.6444E+00 -1.1420E-01 -6.8294E-02
  2.1000E+01  8.0234E-03  1.6444E+00 -1.1420E-01 -6.8294E-02
  2.1000E+01  8.0234E-03  1.6444E+00 -1.1420E-01 -6.8294E-02
  2.1000E+01  8.0234E-03  1.6444E+00 -1.1420E-01 -6.8294E-02
  2.1000E+01  8.0234E-03  1.6444E+00 -1.1420E-01 -6.8294E-02
  2.1000E+01  8.0234E-03  1.6444E+00 -1.1420E-01 -6.8294E-02
  2.1000E+01  8.0234E-03  1.6444E+00 -1.1420E-01 -6.8294E-02
  2.1000E+01  8.0234E-03  1.6444E+00 -1.1420E-01 -6.8294E-02
  2.1000E+01  8.0234E-03  1.6444E+00 -1.1420E-01 -6.8294E-02
  2.1000E+01  8.0234E-03  1.6444E+00 -1.1420E-01 -6.8294E-02
  2.1000E+01  8.0234E-03  1.6444E+00 -1.1420E-01 -6.8294E-02
  2.1000E+01  8.0234E-03  1.6444E+00 -1.1420E-01 -6.8294E-02
  2.1000E+01  8.0234E-03  1.6444E+00 -1.1420E-01 -6.8294E-02
  2.1000E+01  8.0234E-03  1.6444E+00 -1.1420E-01 -6.8294E-02
  2.2000E+01  6.7213E-03  1.3994E+00 -8.4647E-02 -6.2730E-02
  2.2000E+01  6.7213E-03  1.3994E+00 -8.4647E-02 -6.2730E-02
  2.2000E+01  6.7213E-03  1.3994E+00 -8.4647E-02 -6.2730E-02
  2.2000E+01  6.7213E-03  1.3994E+00 -8.4647E-02 -6.2730E-02
  2.2000E+01  6.7213E-03  1.3994E+00 -8.4647E-02 -6.2730E-02
  2.2000E+01  6.7213E-03  1.3994E+00 -8.4647E-02 -6.2730E-02
  2.2000E+01  6.7213E-03  1.3994E+00 -8.4647E-02 -6.2730E-02
  2.2000E+01  6.7213E-03  1.3994E+00 -8.4647E-02 -6.2730E-02
  2.3000E+01  1.6196E-02  2.7849E+00 -2.7915E-02 -3.9009E-02
  2.3000E+01  1.6196E-02  2.7849E+00 -2.7915E-02 -3.9009E-02
  2.3000E+01  1.6196E-02  2.7849E+00 -2.7915E-02 -3.9009E-02
  2.3000E+01  1.6196E-02  2.7849E+00 -2.7915E-02 -3.9009E-02
  2.3000E+01  1.6196E-02  2.7849E+00 -2.7915E-02 -3.9009E-02
  2.3000E+01  1.6196E-02  2.7849E+00 -2.7915E-02 -3.9009E-02
  2.3000E+01  1.6196E-02  2.7849E+00 -2.7915E-02 -3.9009E-02
  2.3000E+01  1.6196E-02  2.7849E+00 -2.7915E-02 -3.9009E-02
  2.3000E+01  1.6196E-02  2.7849E+00 -2.7915E-02 -3.9009E-02
  2.3000E+01  1.6196E-02  2.7849E+00 -2.7915E-02 -3.9009E-02
  2.3000E+01  1.6196E-02  2.7849E+00 -2.7915E-02 -3.9009E-02
  2.3000E+01  1.6196E-02  2.7849E+00 -2.7915E-02 -3.9009E-02
  2.3000E+01  1.6196E-02  2.7849E+00 -2.7915E-02 -3.9009E-02
  2.3000E+01  1.6196E-02  2.7849E+00 -2.7915E-02 -3.9009E-02
  2.3000E+01  1.6196E-02  2.7849E+00 -2.7915E-02 -3.9009E-02
  2.3000E+01  1.6196E-02  2.7849E+00 -2.7915E-02 -3.9009E-02
  2.4000E+01  2.0413E-02  3.3586E+00  1.6752E-01  1.1922E-01
  2.4000E+01  2.0413E-02  3.3586E+00  1.6752E-01  1.1922E-01
  2.4000E+01  2.0413E-02  3.3586E+00  1.6752E-01  1.1922E-01
  2.4000E+01  2.0413E-02  3.3586E+00  1.6752E-01  1.1922E-01
  2.4000E+01  2.0413E-02  3.3586E+00  1.6752E-01  1.1922E-01
  2.4000E+01  2.0413E-02  3.3586E+00  1.6752E-01  1.1922E-01
  2.4000E+01  2.0413E-02  3.3586E+00  1.6752E-01  1.1922E-01
  2.4000E+01  2.0413E-02  3.3586E+00  1.6752E-01  1.1922E-01
  2.4000E+01  2.0413E-02  3.3586E+00  1.6752E-01  1.1922E-01
  2.4000E+01  2.0413E-02  3.3586E+00  1.6752E-01  1.1922E-01
  2.4000E+01  2.0413E-02  3.3586E+00  1.6752E-01  1.1922E-01
  2.4000E+01  2.0413E-02  3.3586E+00  1.6752E-01  1.1922E-01
  2.4000E+01  2.0413E-02  3.3586E+00  1.6752E-01  1.1922E-01
  2.4000E+01  2.0413E-02  3.3586E+00  1.6752E-01  1.1922E-01
  2.4000E+01  2.0413E-02  3.3586E+00  1.6752E-01  1.1922E-01
  2.4000E+01  2.0413E-02  3.3586E+00  1.6752E-01  1.1922E-01
  2.4000E+01  2.0413E-02  3.3586E+00  1.6752E-01  1.1922E-01
  2.4000E+01  2.0413E-02  3.3586E+00  1.6752E-01  1.1922E-01
  2.4000E+01  2.0413E-02  3.3586E+00  1.6752E-01  1.1922E-01
  2.5000E+01  4.4638E-03  9.8977E-01  3.6982E-01  2.8849E-01
  2.5000E+01  4.4638E-03  9.8977E-01  3.6982E-01  2.8849E-01
  2.5000E+01  4.4638E-03  9.8977E-01  3.6982E-01  2.8849E-01
  2.5000E+01  4.4638E-03  9.8977E-01  3.6982E-01  2.8849E-01
  2.5000E+01  4.4638E-03  9.8977E-01  3.6982E-01  2.8849E-01
  2.5000E+01  4.4638E-03  9.8977E-01  3.6982E-01  2.8849E-01
  2.5000E+01  4.4638E-03  9.8977E-01  3.6982E-01  2.8849E-01
  2.5000E+01  4.4638E-03  9.8977E-01  3.6982E-01  2.8849E-01
  2.5000E+01  4.4638E-03  9.8977E-01  3.6982E-01  2.8849E-01
  2.5000E+01  4.4638E-03  9.8977E-01  3.6982E-01  2.8849E-01
  2.5000E+01  4.4638E-03  9.8977E-01  3.6982E-01  2.8849E-01
  2.5000E+01  4.4638E-03  9.8977E-01  3.6982E-01  2.8849E-01
  2.5000E+01  4.4638E-03  9.8977E-01  3.6982E-01  2.8849E-01
  2.5000E+01  4.4638E-03  9.8977E-01  3.6982E-01  2.8849E-01
  2.5000E+01  4.4638E-03  9.8977E-01  3.6982E-01  2.8849E-01
  2.5000E+01  4.4638E-03  9.8977E-01  3.6982E-01  2.8849E-01
  2.5000E+01  4.4638E-03  9.8977E-01  3.6982E-01  2.8849E-01
  2.5000E+01  4.4638E-03  9.8977E-01  3.6982E-01  2.8849E-01
  2.5000E+01  4.4638E-03  9.8977E-01  3.6982E-01  2.8849E-01
  2.5000E+01  4.4638E-03  9.8977E-01  3.6982E-01  2.8849E-01
  2.5000E+01  4.4638E-03  9.8977E-01  3.6982E-01  2.8849E-01
  2.6000E+01  1.6486E-02  2.9239E+00 -1.4766E-01 -1.0141E-01
  2.6000E+01  1.6486E-02  2.9239E+00 -1.4766E-01 -1.0141E-01
  2.6000E+01  1.6486E-02  2.9239E+00 -1.4766E-01 -1.0141E-01
  2.6000E+01  1.6486E-02  2.9239E+00 -1.4766E-01 -1.0141E-01
  2.6000E+01  1.6486E-02  2.9239E+00 -1.4766E-01 -1.0141E-01
  2.6000E+01  1.6486E-02  2.9239E+00 -1.4766E-01 -1.0141E-01
  2.6000E+01  1.6486E-02  2.9239E+00 -1.4766E-01 -1.0141E-01
  2.6000E+01  1.6486E-02  2.9239E+00 -1.4766E-01 -1.0141E-01
  2.6000E+01  1.6486E-02  2.9239E+00 -1.4766E-01 -1.0141E-01
  2.6000E+01  1.6486E-02  2.9239E+00 -1.4766E-01 -1.0141E-01
  2.6000E+01  1.6486E-02  2.9239E+00 -1.4766E-01 -1.0141E-01
  2.6000E+01  1.6486E-02  2.9239E+00 -1.4766E-01 -1.0141E-01
  2.6000E+01  1.6486E-02  2.9239E+00 -1.4766E-01 -1.0141E-01
  2.7000E+01  7.0543E-03  1.4737E+00 -3.0420E-01 -2.2736E-01
  2.7000E+01  7.0543E-03  1.4737E+00 -3.0420E-01 -2.2736E-01
  2.7000E+01  7.0543E-03  1.4737E+00 -3.0420E-01 -2.2736E-01
  2.7000E+01  7.0543E-03  1.4737E+00 -3.0420E-01 -2.2736E-01
  2.7000E+01  7.0543E-03  1.4737E+00 -3.0420E-01 -2.2736E-01
  2.7000E+01  7.0543E-03  1.4737E+00 -3.0420E-01 -2.2736E-01
  2.7000E+01  7.0543E-03  1.4737E+00 -3.0420E-01 -2.2736E-01
  2.7000E+01  7.0543E-03  1.4737E+00 -3.0420E-01 -2.2736E-01
  2.7000E+01  7.0543E-03  1.4737E+00 -3.0420E-01 -2.2736E-01
  2.7000E+01  7.0543E-03  1.4737E+00 -3.0420E-01 -2.2736E-01
  2.8000E+01  1.9390E-02  3.2548E+00  1.1613E-01  8.7847E-02
  2.8000E+01  1.9390E-02  3.2548E+00  1.1613E-01  8.7847E-02
  2.8000E+01  1.9390E-02  3.2548E+00  1.1613E-01  8.7847E-02
  2.9000E+01  4.5360E-03  1.0147E+00 -1.8361E-02 -1.3096E-02
  2.9000E+01  4.5360E-03  1.0147E+00 -1.8361E-02 -1.3096E-02
  2.9000E+01  4.5360E-03  1.0147E+00 -1.8361E-02 -1.3096E-02
  2.9000E+01  4.5360E-03  1.0147E+00 -1.8361E-02 -1.3096E-02
  2.9000E+01  4.5360E-03  1.0147E+00 -1.8361E-02 -1.3096E-02
  2.9000E+01  4.5360E-03  1.0147E+00 -1.8361E-02 -1.3096E-02
  3.0000E+01  9.4369E-03  1.8414E+00  4.8064E-02  4.4861E-02
  3.0000E+01  9.4369E-03  1.8414E+00  4.8064E-02  4.4861E-02
  3.0000E+01  9.4369E-03  1.8414E+00  4.8064E-02  4.4861E-02
  3.0000E+01  9.4369E-03  1.8414E+00  4.8064E-02  4.4861E-02
  3.0000E+01  9.4369E-03  1.8414E+00  4.8064E-02  4.4861E-02
  3.0000E+01  9.4369E-03  1.8414E+00  4.8064E-02  4.4861E-02
  3.0000E+01  9.4369E-03  1.8414E+00  4.8064E-02  4.4861E-02
  3.0000E+01  9.4369E-03  1.8414E+00  4.8064E-02  4.4861E-02
  3.0000E+01  9.4369E-03  1.8414E+00  4.8064E-02  4.4861E-02
  3.0000E+01  9.4369E-03  1.8414E+00  4.8064E-02  4.4861E-02
  3.0000E+01  9.4369E-03  1.8414E+00  4.8064E-02  4.4861E-02
  3.0000E+01  9.4369E-03  1.8414E+00  4.8064E-02  4.4861E-02
  3.0000E+01  9.4369E-03  1.8414E+00  4.8064E-02  4.4861E-02
  3.0000E+01  9.4369E-03  1.8414E+00  4.8064E-02  4.4861E-02
  3.0000E+01  9.4369E-03  1.8414E+00  4.8064E-02  4.4861E-02
  3.0000E+01  9.4369E-03  1.8414E+00  4.8064E-02  4.4861E-02
  3.1000E+01  5.8941E-03  1.2600E+00 -1.3779E-01 -1.0452E-01
  3.1000E+01  5.8941E-03  1.2600E+00 -1.3779E-01 -1.0452E-01
  3.1000E+01  5.8941E-03  1.2600E+00 -1.3779E-01 -1.0452E-01
  3.2000E+01  2.9362E-02  4.4198E+00  3.9756E-01  2.8601E-01
  3.2000E+01  2.9362E-02  4.4198E+00  3.9756E-01  2.8601E-01
  3.2000E+01  2.9362E-02  4.4198E+00  3.9756E-01  2.8601E-01
  3.2000E+01  2.9362E-02  4.4198E+00  3.9756E-01  2.8601E-01
  3.2000E+01  2.9362E-02  4.4198E+00  3.9756E-01  2.8601E-01
  3.2000E+01  2.9362E-02  4.4198E+00  3.9756E-01  2.8601E-01
  3.2000E+01  2.9362E-02  4.4198E+00  3.9756E-01  2.8601E-01
  3.2000E+01  2.9362E-02  4.4198E+00  3.9756E-01  2.8601E-01
  3.2000E+01  2.9362E-02  4.4198E+00  3.9756E-01  2.8601E-01
  3.2000E+01  2.9362E-02  4.4198E+00  3.9756E-01  2.8601E-01
  3.2000E+01  2.9362E-02  4.4198E+00  3.9756E-01  2.8601E-01
  3.2000E+01  2.9362E-02  4.4198E+00  3.9756E-01  2.8601E-01
  3.3000E+01  7.5128E-03  1.5459E+00 -1.1518E-01 -7.7769E-02
  3.3000E+01  7.5128E-03  1.5459E+00 -1.1518E-01 -7.7769E-02
  3.3000E+01  7.5128E-03  1.5459E+00 -1.1518E-01 -7.7769E-02
  3.3000E+01  7.5128E-03  1.5459E+00 -1.1518E-01 -7.7769E-02
  3.3000E+01  7.5128E-03  1.5459E+00 -1.1518E-01 -7.7769E-02
  3.3000E+01  7.5128E-03  1.5459E+00 -1.1518E-01 -7.7769E-02
  3.3000E+01  7.5128E-03  1.5459E+00 -1.1518E-01 -7.7769E-02
  3.3000E+01  7.5128E-03  1.5459E+00 -1.1518E-01 -7.7769E-02
  3.3000E+01  7.5128E-03  1.5459E+00 -1.1518E-01 -7.7769E-02
  3.4000E+01  7.5760E-03  1.5502E+00 -1.0680E-01 -7.4956E-02
  3.4000E+01  7.5760E-03  1.5502E+00 -1.0680E-01 -7.4956E-02
  3.4000E+01  7.5760E-03  1.5502E+00 -1.0680E-01 -7.4956E-02
  3.4000E+01  7.5760E-03  1.5502E+00 -1.0680E-01 -7.4956E-02
  3.4000E+01  7.5760E-03  1.5502E+00 -1.0680E-01 -7.4956E-02
  3.4000E+01  7.5760E-03  1.5502E+00 -1.0680E-01 -7.4956E-02
  3.4000E+01  7.5760E-03  1.5502E+00 -1.0680E-01 -7.4956E-02
  3.4000E+01  7.5760E-03  1.5502E+00 -1.0680E-01 -7.4956E-02
  3.4000E+01  7.5760E-03  1.5502E+00 -1.0680E-01 -7.4956E-02
  3.4000E+01  7.5760E-03  1.5502E+00 -1.0680E-01 -7.4956E-02
  3.5000E+01  9.3797E-03  1.9208E+00 -3.3032E-01 -2.1358E-01
  3.5000E+01  9.3797E-03  1.9208E+00 -3.3032E-01 -2.1358E-01
  3.5000E+01  9.3797E-03  1.9208E+00 -3.3032E-01 -2.1358E-01
  3.5000E+01  9.3797E-03  1.9208E+00 -3.3032E-01 -2.1358E-01
  3.5000E+01  9.3797E-03  1.9208E+00 -3.3032E-01 -2.1358E-01
  3.5000E+01  9.3797E-03  1.9208E+00 -3.3032E-01 -2.1358E-01
  3.5000E+01  9.3797E-03  1.9208E+00 -3.3032E-01 -2.1358E-01
  3.5000E+01  9.3797E-03  1.9208E+00 -3.3032E-01 -2.1358E-01
  3.5000E+01  9.3797E-03  1.9208E+00 -3.3032E-01 -2.1358E-01
  3.5000E+01  9.3797E-03  1.9208E+00 -3.3032E-01 -2.1358E-01
  3.5000E+01  9.3797E-03  1.9208E+00 -3.3032E-01 -2.1358E-01
  3.5000E+01  9.3797E-03  1.9208E+00 -3.3032E-01 -2.1358E-01
  3.6000E+01  7.8114E-03  1.5050E+00  6.5650E-02  1.0009E-02
  3.6000E+01  7.8114E-03  1.5050E+00  6.5650E-02  1.0009E-02
  3.6000E+01  7.8114E-03  1.5050E+00  6.5650E-02  1.0009E-02
  3.6000E+01  7.8114E-03  1.5050E+00  6.5650E-02  1.0009E-02
  3.6000E+01  7.8114E-03  1.5050E+00  6.5650E-02  1.0009E-02
  3.6000E+01  7.8114E-03  1.5050E+00  6.5650E-02  1.0009E-02
  3.6000E+01  7.8114E-03  1.5050E+00  6.5650E-02  1.0009E-02
  3.6000E+01  7.8114E-03  1.5050E+00  6.5650E-02  1.0009E-02
  3.6000E+01  7.8114E-03  1.5050E+00  6.5650E-02  1.0009E-02
  3.6000E+01  7.8114E-03  1.5050E+00  6.5650E-02  1.0009E-02
  3.6000E+01  7.8114E-03  1.5050E+00  6.5650E-02  1.0009E-02
  3.6000E+01  7.8114E-03  1.5050E+00  6.5650E-02  1.0009E-02
  3.6000E+01  7.8114E-03  1.5050E+00  6.5650E-02  1.0009E-02
  3.6000E+01  7.8114E-03  1.5050E+00  6.5650E-02  1.0009E-02
  3.6000E+01  7.8114E-03  1.5050E+00  6.5650E-02  1.0009E-02
  3.6000E+01  7.8114E-03  1.5050E+00  6.5650E-02  1.0009E-02
  3.7000E+01  5.5786E-03  1.2035E+00 -1.8104E-02 -9.3078E-03
  3.7000E+01  5.5786E-03  1.2035E+00 -1.8104E-02 -9.3078E-03
  3.7000E+01  5.5786E-03  1.2035E+00 -1.8104E-02 -9.3078E-03
  3.7000E+01  5.5786E-03  1.2035E+00 -1.8104E-02 -9.3078E-03
  3.7000E+01  5.5786E-03  1.2035E+00 -1.8104E-02 -9.3078E-03
  3.7000E+01  5.5786E-03  1.2035E+00 -1.8104E-02 -9.3078E-03
  3.7000E+01  5.5786E-03  1.2035E+00 -1.8104E-02 -9.3078E-03
  3.7000E+01  5.5786E-03  1.2035E+00 -1.8104E-02 -9.3078E-03
  3.7000E+01  5.5786E-03  1.2035E+00 -1.8104E-02 -9.3078E-03
  3.7000E+01  5.5786E-03  1.2035E+00 -1.8104E-02 -9.3078E-03
  3.7000E+01  5.5786E-03  1.2035E+00 -1.8104E-02 -9.3078E-03
  3.7000E+01  5.5786E-03  1.2035E+00 -1.8104E-02 -9.3078E-03
  3.7000E+01  5.5786E-03  1.2035E+00 -1.8104E-02 -9.3078E-03
  3.7000E+01  5.5786E-03  1.2035E+00 -1.8104E-02 -9.3078E-03
  3.7000E+01  5.5786E-03  1.2035E+00 -1.8104E-02 -9.3078E-03
  3.7000E+01  5.5786E-03  1.2035E+00 -1.8104E-02 -9.3078E-03
  3.7000E+01  5.5786E-03  1.2035E+00 -1.8104E-02 -9.3078E-03
  3.8000E+01  6.9473E-03  1.4046E+00  1.1059E-01  7.1932E-02
  3.8000E+01  6.9473E-03  1.4046E+00  1.1059E-01  7.1932E-02
  3.8000E+01  6.9473E-03  1.4046E+00  1.1059E-01  7.1932E-02
  3.8000E+01  6.9473E-03  1.4046E+00  1.1059E-01  7.1932E-02
  3.8000E+01  6.9473E-03  1.4046E+00  1.1059E-01  7.1932E-02
  3.8000E+01  6.9473E-03  1.4046E+00  1.1059E-01  7.1932E-02
  3.8000E+01  6.9473E-03  1.4046E+00  1.1059E-01  7.1932E-02
  3.8000E+01  6.9473E-03  1.4046E+00  1.1059E-01  7.1932E-02
  3.8000E+01  6.9473E-03  1.4046E+00  1.1059E-01  7.1932E-02
  3.8000E+01  6.9473E-03  1.4046E+00  1.1059E-01  7.1932E-02
  3.8000E+01  6.9473E-03  1.4046E+00  1.1059E-01  7.1932E-02
  3.8000E+01  6.9473E-03  1.4046E+00  1.1059E-01  7.1932E-02
  3.8000E+01  6.9473E-03  1.4046E+00  1.1059E-01  7.1932E-02
  3.8000E+01  6.9473E-03  1.4046E+00  1.1059E-01  7.1932E-02
  3.8000E+01  6.9473E-03  1.4046E+00  1.1059E-01  7.1932E-02
  3.8000E+01  6.9473E-03  1.4046E+00  1.1059E-01  7.1932E-02
  3.8000E+01  6.9473E-03  1.4046E+00  1.1059E-01  7.1932E-02
  3.8000E+01  6.9473E-03  1.4046E+00  1.1059E-01  7.1932E-02
  3.8000E+01  6.9473E-03  1.4046E+00  1.1059E-01  7.1932E-02
  3.8000E+01  6.9473E-03  1.4046E+00  1.1059E-01  7.1932E-02
  3.9000E+01  9.6273E-03  1.8409E+00  6.7664E-03 -4.8871E-03
  3.9000E+01  9.6273E-03  1.8409E+00  6.7664E-03 -4.8871E-03
  3.9000E+01  9.6273E-03  1.8409E+00  6.7664E-03 -4.8871E-03
  3.9000E+01  9.6273E-03  1.8409E+00  6.7664E-03 -4.8871E-03
  3.9000E+01  9.6273E-03  1.8409E+00  6.7664E-03 -4.8871E-03
  3.9000E+01  9.6273E-03  1.8409E+00  6.7664E-03 -4.8871E-03
  3.9000E+01  9.6273E-03  1.8409E+00  6.7664E-03 -4.8871E-03
  3.9000E+01  9.6273E-03  1.8409E+00  6.7664E-03 -4.8871E-03
  3.9000E+01  9.6273E-03  1.8409E+00  6.7664E-03 -4.8871E-03
  3.9000E+01  9.6273E-03  1.8409E+00  6.7664E-03 -4.8871E-03
  3.9000E+01  9.6273E-03  1.8409E+00  6.7664E-03 -4.8871E-03
  3.9000E+01  9.6273E-03  1.8409E+00  6.7664E-03 -4.8871E-03
  3.9000E+01  9.6273E-03  1.8409E+00  6.7664E-03 -4.8871E-03
  3.9000E+01  9.6273E-03  1.8409E+00  6.7664E-03 -4.8871E-03
  3.9000E+01  9.6273E-03  1.8409E+00  6.7664E-03 -4.8871E-03
  3.9000E+01  9.6273E-03  1.8409E+00  6.7664E-03 -4.8871E-03
  4.0000E+01  6.1886E-03  1.2898E+00  1.8427E-01  1.3955E-01
  4.0000E+01  6.1886E-03  1.2898E+00  1.8427E-01  1.3955E-01
  4.0000E+01  6.1886E-03  1.2898E+00  1.8427E-01  1.3955E-01
  4.0000E+01  6.1886E-03  1.2898E+00  1.8427E-01  1.3955E-01
  4.0000E+01  6.1886E-03  1.2898E+00  1.8427E-01  1.3955E-01
  4.0000E+01  6.1886E-03  1.2898E+00  1.8427E-01  1.3955E-01
  4.1000E+01  9.5028E-03  1.8251E+00  1.1981E-01  8.8273E-02
  4.1000E+01  9.5028E-03  1.8251E+00  1.1981E-01  8.8273E-02
  4.1000E+01  9.5028E-03  1.8251E+00  1.1981E-01  8.8273E-02
  4.1000E+01  9.5028E-03  1.8251E+00  1.1981E-01  8.8273E-02
  4.1000E+01  9.5028E-03  1.8251E+00  1.1981E-01  8.8273E-02
  4.1000E+01  9.5028E-03  1.8251E+00  1.1981E-01  8.8273E-02
  4.1000E+01  9.5028E-03  1.8251E+00  1.1981E-01  8.8273E-02
  4.1000E+01  9.5028E-03  1.8251E+00  1.1981E-01  8.8273E-02
  4.1000E+01  9.5028E-03  1.8251E+00  1.1981E-01  8.8273E-02
  4.1000E+01  9.5028E-03  1.8251E+00  1.1981E-01  8.8273E-02
  4.1000E+01  9.5028E-03  1.8251E+00  1.1981E-01  8.8273E-02
  4.2000E+01  2.3751E-02  3.6391E+00  4.7030E-01  3.2166E-01
  4.2000E+01  2.3751E-02  3.6391E+00  4.7030E-01  3.2166E-01
  4.2000E+01  2.3751E-02  3.6391E+00  4.7030E-01  3.2166E-01
  4.2000E+01  2.3751E-02  3.6391E+00  4.7030E-01  3.2166E-01
  4.2000E+01  2.3751E-02  3.6391E+00  4.7030E-01  3.2166E-01
  4.2000E+01  2.3751E-02  3.6391E+00  4.7030E-01  3.2166E-01
  4.2000E+01  2.3751E-02  3.6391E+00  4.7030E-01  3.2166E-01
  4.2000E+01  2.3751E-02  3.6391E+00  4.7030E-01  3.2166E-01
  4.2000E+01  2.3751E-02  3.6391E+00  4.7030E-01  3.2166E-01
  4.2000E+01  2.3751E-02  3.6391E+00  4.7030E-01  3.2166E-01
  4.2000E+01  2.3751E-02  3.6391E+00  4.7030E-01  3.2166E-01
  4.3000E+01  3.6466E-03  8.5426E-01 -1.1720E-01 -8.8770E-02
  4.3000E+01  3.6466E-03  8.5426E-01 -1.1720E-01 -8.8770E-02
  4.3000E+01  3.6466E-03  8.5426E-01 -1.1720E-01 -8.8770E-02
  4.4000E+01  6.9840E-03  1.4417E+00  3.1873E-02  3.0172E-02
  4.4000E+01  6.9840E-03  1.4417E+00  3.1873E-02  3.0172E-02
  4.4000E+01  6.9840E-03  1.4417E+00  3.1873E-02  3.0172E-02
  4.4000E+01  6.9840E-03  1.4417E+00  3.1873E-02  3.0172E-02
  4.4000E+01  6.9840E-03  1.4417E+00  3.1873E-02  3.0172E-02
  4.4000E+01  6.9840E-03  1.4417E+00  3.1873E-02  3.0172E-02
  4.4000E+01  6.9840E-03  1.4417E+00  3.1873E-02  3.0172E-02
  4.4000E+01  6.9840E-03  1.4417E+00  3.1873E-02  3.0172E-02
  4.4000E+01  6.9840E-03  1.4417E+00  3.1873E-02  3.0172E-02
  4.4000E+01  6.9840E-03  1.4417E+00  3.1873E-02  3.0172E-02
  4.4000E+01  6.9840E-03  1.4417E+00  3.1873E-02  3.0172E-02
  4.4000E+01  6.9840E-03  1.4417E+00  3.1873E-02  3.0172E-02
  4.4000E+01  6.9840E-03  1.4417E+00  3.1873E-02  3.0172E-02
  4.4000E+01  6.9840E-03  1.4417E+00  3.1873E-02  3.0172E-02
  4.4000E+01  6.9840E-03  1.4417E+00  3.1873E-02  3.0172E-02
  4.4000E+01  6.9840E-03  1.4417E+00  3.1873E-02  3.0172E-02
  4.5000E+01  4.0422E-03  9.1276E-01  1.1928E-01  8.5262E-02
  4.5000E+01  4.0422E-03  9.1276E-01  1.1928E-01  8.5262E-02
  4.5000E+01  4.0422E-03  9.1276E-01  1.1928E-01  8.5262E-02
  4.5000E+01  4.0422E-03  9.1276E-01  1.1928E-01  8.5262E-02
  4.5000E+01  4.0422E-03  9.1276E-01  1.1928E-01  8.5262E-02
  4.5000E+01  4.0422E-03  9.1276E-01  1.1928E-01  8.5262E-02
  4.5000E+01  4.0422E-03  9.1276E-01  1.1928E-01  8.5262E-02
  4.5000E+01  4.0422E-03  9.1276E-01  1.1928E-01  8.5262E-02
  4.5000E+01  4.0422E-03  9.1276E-01  1.1928E-01  8.5262E-02
  4.5000E+01  4.0422E-03  9.1276E-01  1.1928E-01  8.5262E-02
  4.5000E+01  4.0422E-03  9.1276E-01  1.1928E-01  8.5262E-02
  4.5000E+01  4.0422E-03  9.1276E-01  1.1928E-01  8.5262E-02
  4.5000E+01  4.0422E-03  9.1276E-01  1.1928E-01  8.5262E-02
  4.6000E+01  5.0425E-03  1.1045E+00 -2.0532E-02 -1.5554E-02
  4.6000E+01  5.0425E-03  1.1045E+00 -2.0532E-02 -1.5554E-02
  4.6000E+01  5.0425E-03  1.1045E+00 -2.0532E-02 -1.5554E-02
  4.6000E+01  5.0425E-03  1.1045E+00 -2.0532E-02 -1.5554E-02
  4.7000E+01  1.2816E-02  2.3563E+00 -6.2647E-02 -4.5142E-02
  4.7000E+01  1.2816E-02  2.3563E+00 -6.2647E-02 -4.5142E-02
  4.7000E+01  1.2816E-02  2.3563E+00 -6.2647E-02 -4.5142E-02
  4.7000E+01  1.2816E-02  2.3563E+00 -6.2647E-02 -4.5142E-02
  4.7000E+01  1.2816E-02  2.3563E+00 -6.2647E-02 -4.5142E-02
  4.7000E+01  1.2816E-02  2.3563E+00 -6.2647E-02 -4.5142E-02
  4.7000E+01  1.2816E-02  2.3563E+00 -6.2647E-02 -4.5142E-02
  4.8000E+01  2.5717E-03  6.8586E-01 -1.8164E-01 -7.8314E-02
  4.8000E+01  2.5717E-03  6.8586E-01 -1.8164E-01 -7.8314E-02
  4.8000E+01  2.5717E-03  6.8586E-01 -1.8164E-01 -7.8314E-02
  4.8000E+01  2.5717E-03  6.8586E-01 -1.8164E-01 -7.8314E-02
  4.8000E+01  2.5717E-03  6.8586E-01 -1.8164E-01 -7.8314E-02
  4.8000E+01  2.5717E-03  6.8586E-01 -1.8164E-01 -7.8314E-02
  4.8000E+01  2.5717E-03  6.8586E-01 -1.8164E-01 -7.8314E-02
  4.8000E+01  2.5717E-03  6.8586E-01 -1.8164E-01 -7.8314E-02
  4.8000E+01  2.5717E-03  6.8586E-01 -1.8164E-01 -7.8314E-02
  4.8000E+01  2.5717E-03  6.8586E-01 -1.8164E-01 -7.8314E-02
  4.8000E+01  2.5717E-03  6.8586E-01 -1.8164E-01 -7.8314E-02
  4.8000E+01  2.5717E-03  6.8586E-01 -1.8164E-01 -7.8314E-02
  4.8000E+01  2.5717E-03  6.8586E-01 -1.8164E-01 -7.8314E-02
  4.8000E+01  2.5717E-03  6.8586E-01 -1.8164E-01 -7.8314E-02
  4.9000E+01  6.5634E-03  1.3715E+00  5.3746E-02  4.8103E-02
  4.9000E+01  6.5634E-03  1.3715E+00  5.3746E-02  4.8103E-02
  4.9000E+01  6.5634E-03  1.3715E+00  5.3746E-02  4.8103E-02
  4.9000E+01  6.5634E-03  1.3715E+00  5.3746E-02  4.8103E-02
  4.9000E+01  6.5634E-03  1.3715E+00  5.3746E-02  4.8103E-02
  4.9000E+01  6.5634E-03  1.3715E+00  5.3746E-02  4.8103E-02
  4.9000E+01  6.5634E-03  1.3715E+00  5.3746E-02  4.8103E-02
  4.9000E+01  6.5634E-03  1.3715E+00  5.3746E-02  4.8103E-02
  4.9000E+01  6.5634E-03  1.3715E+00  5.3746E-02  4.8103E-02
  4.9000E+01  6.5634E-03  1.3715E+00  5.3746E-02  4.8103E-02
  4.9000E+01  6.5634E-03  1.3715E+00  5.3746E-02  4.8103E-02
  4.9000E+01  6.5634E-03  1.3715E+00  5.3746E-02  4.8103E-02
  4.9000E+01  6.5634E-03  1.3715E+00  5.3746E-02  4.8103E-02
  4.9000E+01  6.5634E-03  1.3715E+00  5.3746E-02  4.8103E-02
  4.9000E+01  6.5634E-03  1.3715E+00  5.3746E-02  4.8103E-02
  4.9000E+01  6.5634E-03  1.3715E+00  5.3746E-02  4.8103E-02
  4.9000E+01  6.5634E-03  1.3715E+00  5.3746E-02  4.8103E-02
  5.0000E+01  4.0571E-03  9.2807E-01 -2.3796E-01 -1.8957E-01
  5.0000E+01  4.0571E-03  9.2807E-01 -2.3796E-01 -1.8957E-01
  5.0000E+01  4.0571E-03  9.2807E-01 -2.3796E-01 -1.8957E-01
  5.0000E+01  4.0571E-03  9.2807E-01 -2.3796E-01 -1.8957E-01
  5.0000E+01  4.0571E-03  9.2807E-01 -2.3796E-01 -1.8957E-01
  5.0000E+01  4.0571E-03  9.2807E-01 -2.3796E-01 -1.8957E-01
  5.0000E+01  4.0571E-03  9.2807E-01 -2.3796E-01 -1.8957E-01
  5.0000E+01  4.0571E-03  9.2807E-01 -2.3796E-01 -1.8957E-01
  5.0000E+01  4.0571E-03  9.2807E-01 -2.3796E-01 -1.8957E-01
  5.0000E+01  4.0571E-03  9.2807E-01 -2.3796E-01 -1.8957E-01
  5.0000E+01  4.0571E-03  9.2807E-01 -2.3796E-01 -1.8957E-01
  5.0000E+01  4.0571E-03  9.2807E-01 -2.3796E-01 -1.8957E-01
  5.0000E+01  4.0571E-03  9.2807E-01 -2.3796E-01 -1.8957E-01
  5.0000E+01  4.0571E-03  9.2807E-01 -2.3796E-01 -1.8957E-01
  5.0000E+01  4.0571E-03  9.2807E-01 -2.3796E-01 -1.8957E-01
  5.0000E+01  4.0571E-03  9.2807E-01 -2.3796E-01 -1.8957E-01
  5.0000E+01  4.0571E-03  9.2807E-01 -2.3796E-01 -1.8957E-01
  5.0000E+01  4.0571E-03  9.2807E-01 -2.3796E-01 -1.8957E-01
  5.0000E+01  4.0571E-03  9.2807E-01 -2.3796E-01 -1.8957E-01
  5.0000E+01  4.0571E-03  9.2807E-01 -2.3796E-01 -1.8957E-01
  5.1000E+01  4.7790E-03  1.0514E+00  1.5324E-01  1.1888E-01
  5.1000E+01  4.7790E-03  1.0514E+00  1.5324E-01  1.1888E-01
  5.1000E+01  4.7790E-03  1.0514E+00  1.5324E-01  1.1888E-01
  5.1000E+01  4.7790E-03  1.0514E+00  1.5324E-01  1.1888E-01
  5.1000E+01  4.7790E-03  1.0514E+00  1.5324E-01  1.1888E-01
  5.1000E+01  4.7790E-03  1.0514E+00  1.5324E-01  1.1888E-01
  5.1000E+01  4.7790E-03  1.0514E+00  1.5324E-01  1.1888E-01
  5.1000E+01  4.7790E-03  1.0514E+00  1.5324E-01  1.1888E-01
  5.1000E+01  4.7790E-03  1.0514E+00  1.5324E-01  1.1888E-01
  5.1000E+01  4.7790E-03  1.0514E+00  1.5324E-01  1.1888E-01
  5.1000E+01  4.7790E-03  1.0514E+00  1.5324E-01  1.1888E-01
  5.1000E+01  4.7790E-03  1.0514E+00  1.5324E-01  1.1888E-01
  5.1000E+01  4.7790E-03  1.0514E+00  1.5324E-01  1.1888E-01
  5.1000E+01  4.7790E-03  1.0514E+00  1.5324E-01  1.1888E-01
  5.1000E+01  4.7790E-03  1.0514E+00  1.5324E-01  1.1888E-01
  5.1000E+01  4.7790E-03  1.0514E+00  1.5324E-01  1.1888E-01
  5.2000E+01  3.8671E-03  8.6442E-01 -5.8505E-02 -7.6948E-02
  5.2000E+01  3.8671E-03  8.6442E-01 -5.8505E-02 -7.6948E-02
  5.2000E+01  3.8671E-03  8.6442E-01 -5.8505E-02 -7.6948E-02
  5.2000E+01  3.8671E-03  8.6442E-01 -5.8505E-02 -7.6948E-02
  5.2000E+01  3.8671E-03  8.6442E-01 -5.8505E-02 -7.6948E-02
  5.2000E+01  3.8671E-03  8.6442E-01 -5.8505E-02 -7.6948E-02
  5.2000E+01  3.8671E-03  8.6442E-01 -5.8505E-02 -7.6948E-02
  5.2000E+01  3.8671E-03  8.6442E-01 -5.8505E-02 -7.6948E-02
  5.2000E+01  3.8671E-03  8.6442E-01 -5.8505E-02 -7.6948E-02
  5.2000E+01  3.8671E-03  8.6442E-01 -5.8505E-02 -7.6948E-02
  5.2000E+01  3.8671E-03  8.6442E-01 -5.8505E-02 -7.6948E-02
  5.2000E+01  3.8671E-03  8.6442E-01 -5.8505E-02 -7.6948E-02
  5.2000E+01  3.8671E-03  8.6442E-01 -5.8505E-02 -7.6948E-02
  5.2000E+01  3.8671E-03  8.6442E-01 -5.8505E-02 -7.6948E-02
  5.2000E+01  3.8671E-03  8.6442E-01 -5.8505E-02 -7.6948E-02
  5.2000E+01  3.8671E-03  8.6442E-01 -5.8505E-02 -7.6948E-02
  5.2000E+01  3.8671E-03  8.6442E-01 -5.8505E-02 -7.6948E-02
  5.3000E+01  7.3447E-03  1.5277E+00 -1.3780E-01 -8.9625E-02
  5.3000E+01  7.3447E-03  1.5277E+00 -1.3780E-01 -8.9625E-02
  5.3000E+01  7.3447E-03  1.5277E+00 -1.3780E-01 -8.9625E-02
  5.3000E+01  7.3447E-03  1.5277E+00 -1.3780E-01 -8.9625E-02
  5.3000E+01  7.3447E-03  1.5277E+00 -1.3780E-01 -8.9625E-02
  5.3000E+01  7.3447E-03  1.5277E+00 -1.3780E-01 -8.9625E-02
  5.3000E+01  7.3447E-03  1.5277E+00 -1.3780E-01 -8.9625E-02
  5.3000E+01  7.3447E-03  1.5277E+00 -1.3780E-01 -8.9625E-02
  5.3000E+01  7.3447E-03  1.5277E+00 -1.3780E-01 -8.9625E-02
  5.4000E+01  6.4905E-03  1.4038E+00 -3.2623E-01 -2.2646E-01
  5.4000E+01  6.4905E-03  1.4038E+00 -3.2623E-01 -2.2646E-01
  5.4000E+01  6.4905E-03  1.4038E+00 -3.2623E-01 -2.2646E-01
  5.4000E+01  6.4905E-03  1.4038E+00 -3.2623E-01 -2.2646E-01
  5.4000E+01  6.4905E-03  1.4038E+00 -3.2623E-01 -2.2646E-01
  5.4000E+01  6.4905E-03  1.4038E+00 -3.2623E-01 -2.2646E-01
  5.4000E+01  6.4905E-03  1.4038E+00 -3.2623E-01 -2.2646E-01
  5.4000E+01  6.4905E-03  1.4038E+00 -3.2623E-01 -2.2646E-01
  5.4000E+01  6.4905E-03  1.4038E+00 -3.2623E-01 -2.2646E-01
  5.4000E+01  6.4905E-03  1.4038E+00 -3.2623E-01 -2.2646E-01
  5.4000E+01  6.4905E-03  1.4038E+00 -3.2623E-01 -2.2646E-01
  5.4000E+01  6.4905E-03  1.4038E+00 -3.2623E-01 -2.2646E-01
  5.4000E+01  6.4905E-03  1.4038E+00 -3.2623E-01 -2.2646E-01
  5.4000E+01  6.4905E-03  1.4038E+00 -3.2623E-01 -2.2646E-01
  5.4000E+01  6.4905E-03  1.4038E+00 -3.2623E-01 -2.2646E-01
  5.5000E+01  6.9502E-03  1.3819E+00  3.0034E-01  2.0850E-01
  5.5000E+01  6.9502E-03  1.3819E+00  3.0034E-01  2.0850E-01
  5.5000E+01  6.9502E-03  1.3819E+00  3.0034E-01  2.0850E-01
  5.5000E+01  6.9502E-03  1.3819E+00  3.0034E-01  2.0850E-01
  5.5000E+01  6.9502E-03  1.3819E+00  3.0034E-01  2.0850E-01
  5.5000E+01  6.9502E-03  1.3819E+00  3.0034E-01  2.0850E-01
  5.5000E+01  6.9502E-03  1.3819E+00  3.0034E-01  2.0850E-01
  5.5000E+01  6.9502E-03  1.3819E+00  3.0034E-01  2.0850E-01
  5.5000E+01  6.9502E-03  1.3819E+00  3.0034E-01  2.0850E-01
  5.6000E+01  2.6660E-03  6.5813E-01  2.9093E-02  2.1502E-02
  5.6000E+01  2.6660E-03  6.5813E-01  2.9093E-02  2.1502E-02
  5.6000E+01  2.6660E-03  6.5813E-01  2.9093E-02  2.1502E-02
  5.6000E+01  2.6660E-03  6.5813E-01  2.9093E-02  2.1502E-02
  5.7000E+01  1.0544E-02  2.0021E+00 -1.5688E-02 -1.2556E-02
  5.7000E+01  1.0544E-02  2.0021E+00 -1.5688E-02 -1.2556E-02
  5.7000E+01  1.0544E-02  2.0021E+00 -1.5688E-02 -1.2556E-02
  5.7000E+01  1.0544E-02  2.0021E+00 -1.5688E-02 -1.2556E-02
  5.7000E+01  1.0544E-02  2.0021E+00 -1.5688E-02 -1.2556E-02
  5.7000E+01  1.0544E-02  2.0021E+00 -1.5688E-02 -1.2556E-02
  5.7000E+01  1.0544E-02  2.0021E+00 -1.5688E-02 -1.2556E-02
  5.7000E+01  1.0544E-02  2.0021E+00 -1.5688E-02 -1.2556E-02
  5.7000E+01  1.0544E-02  2.0021E+00 -1.5688E-02 -1.2556E-02
  5.7000E+01  1.0544E-02  2.0021E+00 -1.5688E-02 -1.2556E-02
  5.7000E+01  1.0544E-02  2.0021E+00 -1.5688E-02 -1.2556E-02
  5.7000E+01  1.0544E-02  2.0021E+00 -1.5688E-02 -1.2556E-02
  5.7000E+01  1.0544E-02  2.0021E+00 -1.5688E-02 -1.2556E-02
  5.8000E+01  5.9204E-03  1.2569E+00 -1.3335E-01 -1.0703E-01
  5.8000E+01  5.9204E-03  1.2569E+00 -1.3335E-01 -1.0703E-01
  5.8000E+01  5.9204E-03  1.2569E+00 -1.3335E-01 -1.0703E-01
  5.8000E+01  5.9204E-03  1.2569E+00 -1.3335E-01 -1.0703E-01
  5.8000E+01  5.9204E-03  1.2569E+00 -1.3335E-01 -1.0703E-01
  5.8000E+01  5.9204E-03  1.2569E+00 -1.3335E-01 -1.0703E-01
  5.8000E+01  5.9204E-03  1.2569E+00 -1.3335E-01 -1.0703E-01
  5.8000E+01  5.9204E-03  1.2569E+00 -1.3335E-01 -1.0703E-01
  5.8000E+01  5.9204E-03  1.2569E+00 -1.3335E-01 -1.0703E-01
  5.8000E+01  5.9204E-03  1.2569E+00 -1.3335E-01 -1.0703E-01
  5.8000E+01  5.9204E-03  1.2569E+00 -1.3335E-01 -1.0703E-01
  5.8000E+01  5.9204E-03  1.2569E+00 -1.3335E-01 -1.0703E-01
  5.8000E+01  5.9204E-03  1.2569E+00 -1.3335E-01 -1.0703E-01
  5.8000E+01  5.9204E-03  1.2569E+00 -1.3335E-01 -1.0703E-01
  5.8000E+01  5.9204E-03  1.2569E+00 -1.3335E-01 -1.0703E-01
  5.8000E+01  5.9204E-03  1.2569E+00 -1.3335E-01 -1.0703E-01
  5.9000E+01  4.2992E-03  9.9145E-01 -1.7999E-01 -1.2351E-01
  5.9000E+01  4.2992E-03  9.9145E-01 -1.7999E-01 -1.2351E-01
  5.9000E+01  4.2992E-03  9.9145E-01 -1.7999E-01 -1.2351E-01
  5.9000E+01  4.2992E-03  9.9145E-01 -1.7999E-01 -1.2351E-01
  5.9000E+01  4.2992E-03  9.9145E-01 -1.7999E-01 -1.2351E-01
  5.9000E+01  4.2992E-03  9.9145E-01 -1.7999E-01 -1.2351E-01
  5.9000E+01  4.2992E-03  9.9145E-01 -1.7999E-01 -1.2351E-01
  5.9000E+01  4.2992E-03  9.9145E-01 -1.7999E-01 -1.2351E-01
  5.9000E+01  4.2992E-03  9.9145E-01 -1.7999E-01 -1.2351E-01
  5.9000E+01  4.2992E-03  9.9145E-01 -1.7999E-01 -1.2351E-01
  5.9000E+01  4.2992E-03  9.9145E-01 -1.7999E-01 -1.2351E-01
  5.9000E+01  4.2992E-03  9.9145E-01 -1.7999E-01 -1.2351E-01
  5.9000E+01  4.2992E-03  9.9145E-01 -1.7999E-01 -1.2351E-01
  5.9000E+01  4.2992E-03  9.9145E-01 -1.7999E-01 -1.2351E-01
  5.9000E+01  4.2992E-03  9.9145E-01 -1.7999E-01 -1.2351E-01
  5.9000E+01  4.2992E-03  9.9145E-01 -1.7999E-01 -1.2351E-01
  5.9000E+01  4.2992E-03  9.9145E-01 -1.7999E-01 -1.2351E-01
