TABLE NO.  2
 ID          CL          V           ETA1        ETA2
  1.0000E+00  6.3299E-03  1.3288E+00 -7.1543E-02 -5.0482E-02
  1.0000E+00  6.3299E-03  1.3288E+00 -7.1543E-02 -5.0482E-02
  1.0000E+00  6.3299E-03  1.3288E+00 -7.1543E-02 -5.0482E-02
  1.0000E+00  6.3299E-03  1.3288E+00 -7.1543E-02 -5.0482E-02
  1.0000E+00  6.3299E-03  1.3288E+00 -7.1543E-02 -5.0482E-02
  1.0000E+00  6.3299E-03  1.3288E+00 -7.1543E-02 -5.0482E-02
  1.0000E+00  6.3299E-03  1.3288E+00 -7.1543E-02 -5.0482E-02
  1.0000E+00  6.3299E-03  1.3288E+00 -7.1543E-02 -5.0482E-02
  1.0000E+00  6.3299E-03  1.3288E+00 -7.1543E-02 -5.0482E-02
  1.0000E+00  6.3299E-03  1.3288E+00 -7.1543E-02 -5.0482E-02
  1.0000E+00  6.3299E-03  1.3288E+00 -7.1543E-02 -5.0482E-02
  1.0000E+00  6.3299E-03  1.3288E+00 -7.1543E-02 -5.0482E-02
  1.0000E+00  6.3299E-03  1.3288E+00 -7.1543E-02 -5.0482E-02
  2.0000E+00  5.5005E-03  1.1906E+00 -2.1199E-01 -1.6034E-01
  2.0000E+00  5.5005E-03  1.1906E+00 -2.1199E-01 -1.6034E-01
  2.0000E+00  5.5005E-03  1.1906E+00 -2.1199E-01 -1.6034E-01
  2.0000E+00  5.5005E-03  1.1906E+00 -2.1199E-01 -1.6034E-01
  2.0000E+00  5.5005E-03  1.1906E+00 -2.1199E-01 -1.6034E-01
  2.0000E+00  5.5005E-03  1.1906E+00 -2.1199E-01 -1.6034E-01
  2.0000E+00  5.5005E-03  1.1906E+00 -2.1199E-01 -1.6034E-01
  2.0000E+00  5.5005E-03  1.1906E+00 -2.1199E-01 -1.6034E-01
  2.0000E+00  5.5005E-03  1.1906E+00 -2.1199E-01 -1.6034E-01
  2.0000E+00  5.5005E-03  1.1906E+00 -2.1199E-01 -1.6034E-01
  2.0000E+00  5.5005E-03  1.1906E+00 -2.1199E-01 -1.6034E-01
  2.0000E+00  5.5005E-03  1.1906E+00 -2.1199E-01 -1.6034E-01
  2.0000E+00  5.5005E-03  1.1906E+00 -2.1199E-01 -1.6034E-01
  2.0000E+00  5.5005E-03  1.1906E+00 -2.1199E-01 -1.6034E-01
  2.0000E+00  5.5005E-03  1.1906E+00 -2.1199E-01 -1.6034E-01
  2.0000E+00  5.5005E-03  1.1906E+00 -2.1199E-01 -1.6034E-01
  3.0000E+00  8.7838E-03  1.7011E+00  2.5608E-01  1.9649E-01
  3.0000E+00  8.7838E-03  1.7011E+00  2.5608E-01  1.9649E-01
  3.0000E+00  8.7838E-03  1.7011E+00  2.5608E-01  1.9649E-01
  3.0000E+00  8.7838E-03  1.7011E+00  2.5608E-01  1.9649E-01
  3.0000E+00  8.7838E-03  1.7011E+00  2.5608E-01  1.9649E-01
  3.0000E+00  8.7838E-03  1.7011E+00  2.5608E-01  1.9649E-01
  3.0000E+00  8.7838E-03  1.7011E+00  2.5608E-01  1.9649E-01
  3.0000E+00  8.7838E-03  1.7011E+00  2.5608E-01  1.9649E-01
  3.0000E+00  8.7838E-03  1.7011E+00  2.5608E-01  1.9649E-01
  3.0000E+00  8.7838E-03  1.7011E+00  2.5608E-01  1.9649E-01
  3.0000E+00  8.7838E-03  1.7011E+00  2.5608E-01  1.9649E-01
  3.0000E+00  8.7838E-03  1.7011E+00  2.5608E-01  1.9649E-01
  3.0000E+00  8.7838E-03  1.7011E+00  2.5608E-01  1.9649E-01
  3.0000E+00  8.7838E-03  1.7011E+00  2.5608E-01  1.9649E-01
  3.0000E+00  8.7838E-03  1.7011E+00  2.5608E-01  1.9649E-01
  3.0000E+00  8.7838E-03  1.7011E+00  2.5608E-01  1.9649E-01
  4.0000E+00  3.9777E-03  9.1663E-01 -5.3611E-01 -4.2183E-01
  4.0000E+00  3.9777E-03  9.1663E-01 -5.3611E-01 -4.2183E-01
  4.0000E+00  3.9777E-03  9.1663E-01 -5.3611E-01 -4.2183E-01
  4.0000E+00  3.9777E-03  9.1663E-01 -5.3611E-01 -4.2183E-01
  4.0000E+00  3.9777E-03  9.1663E-01 -5.3611E-01 -4.2183E-01
  4.0000E+00  3.9777E-03  9.1663E-01 -5.3611E-01 -4.2183E-01
  4.0000E+00  3.9777E-03  9.1663E-01 -5.3611E-01 -4.2183E-01
  4.0000E+00  3.9777E-03  9.1663E-01 -5.3611E-01 -4.2183E-01
  4.0000E+00  3.9777E-03  9.1663E-01 -5.3611E-01 -4.2183E-01
  4.0000E+00  3.9777E-03  9.1663E-01 -5.3611E-01 -4.2183E-01
  4.0000E+00  3.9777E-03  9.1663E-01 -5.3611E-01 -4.2183E-01
  4.0000E+00  3.9777E-03  9.1663E-01 -5.3611E-01 -4.2183E-01
  4.0000E+00  3.9777E-03  9.1663E-01 -5.3611E-01 -4.2183E-01
  4.0000E+00  3.9777E-03  9.1663E-01 -5.3611E-01 -4.2183E-01
  4.0000E+00  3.9777E-03  9.1663E-01 -5.3611E-01 -4.2183E-01
  5.0000E+00  9.4752E-03  1.8142E+00  3.3185E-01  2.6088E-01
  5.0000E+00  9.4752E-03  1.8142E+00  3.3185E-01  2.6088E-01
  5.0000E+00  9.4752E-03  1.8142E+00  3.3185E-01  2.6088E-01
  5.0000E+00  9.4752E-03  1.8142E+00  3.3185E-01  2.6088E-01
  5.0000E+00  9.4752E-03  1.8142E+00  3.3185E-01  2.6088E-01
  5.0000E+00  9.4752E-03  1.8142E+00  3.3185E-01  2.6088E-01
  5.0000E+00  9.4752E-03  1.8142E+00  3.3185E-01  2.6088E-01
  5.0000E+00  9.4752E-03  1.8142E+00  3.3185E-01  2.6088E-01
  5.0000E+00  9.4752E-03  1.8142E+00  3.3185E-01  2.6088E-01
  5.0000E+00  9.4752E-03  1.8142E+00  3.3185E-01  2.6088E-01
  5.0000E+00  9.4752E-03  1.8142E+00  3.3185E-01  2.6088E-01
  5.0000E+00  9.4752E-03  1.8142E+00  3.3185E-01  2.6088E-01
  5.0000E+00  9.4752E-03  1.8142E+00  3.3185E-01  2.6088E-01
  5.0000E+00  9.4752E-03  1.8142E+00  3.3185E-01  2.6088E-01
  5.0000E+00  9.4752E-03  1.8142E+00  3.3185E-01  2.6088E-01
  6.0000E+00  5.9883E-03  1.2794E+00 -1.2702E-01 -8.8347E-02
  6.0000E+00  5.9883E-03  1.2794E+00 -1.2702E-01 -8.8347E-02
  6.0000E+00  5.9883E-03  1.2794E+00 -1.2702E-01 -8.8347E-02
  6.0000E+00  5.9883E-03  1.2794E+00 -1.2702E-01 -8.8347E-02
  6.0000E+00  5.9883E-03  1.2794E+00 -1.2702E-01 -8.8347E-02
  6.0000E+00  5.9883E-03  1.2794E+00 -1.2702E-01 -8.8347E-02
  6.0000E+00  5.9883E-03  1.2794E+00 -1.2702E-01 -8.8347E-02
  6.0000E+00  5.9883E-03  1.2794E+00 -1.2702E-01 -8.8347E-02
  6.0000E+00  5.9883E-03  1.2794E+00 -1.2702E-01 -8.8347E-02
  6.0000E+00  5.9883E-03  1.2794E+00 -1.2702E-01 -8.8347E-02
  6.0000E+00  5.9883E-03  1.2794E+00 -1.2702E-01 -8.8347E-02
  6.0000E+00  5.9883E-03  1.2794E+00 -1.2702E-01 -8.8347E-02
  6.0000E+00  5.9883E-03  1.2794E+00 -1.2702E-01 -8.8347E-02
  6.0000E+00  5.9883E-03  1.2794E+00 -1.2702E-01 -8.8347E-02
  6.0000E+00  5.9883E-03  1.2794E+00 -1.2702E-01 -8.8347E-02
  6.0000E+00  5.9883E-03  1.2794E+00 -1.2702E-01 -8.8347E-02
  7.0000E+00  4.9038E-03  1.0762E+00 -3.2682E-01 -2.6136E-01
  7.0000E+00  4.9038E-03  1.0762E+00 -3.2682E-01 -2.6136E-01
  7.0000E+00  4.9038E-03  1.0762E+00 -3.2682E-01 -2.6136E-01
  7.0000E+00  4.9038E-03  1.0762E+00 -3.2682E-01 -2.6136E-01
  7.0000E+00  4.9038E-03  1.0762E+00 -3.2682E-01 -2.6136E-01
  7.0000E+00  4.9038E-03  1.0762E+00 -3.2682E-01 -2.6136E-01
  7.0000E+00  4.9038E-03  1.0762E+00 -3.2682E-01 -2.6136E-01
  7.0000E+00  4.9038E-03  1.0762E+00 -3.2682E-01 -2.6136E-01
  7.0000E+00  4.9038E-03  1.0762E+00 -3.2682E-01 -2.6136E-01
  7.0000E+00  4.9038E-03  1.0762E+00 -3.2682E-01 -2.6136E-01
  7.0000E+00  4.9038E-03  1.0762E+00 -3.2682E-01 -2.6136E-01
  7.0000E+00  4.9038E-03  1.0762E+00 -3.2682E-01 -2.6136E-01
  7.0000E+00  4.9038E-03  1.0762E+00 -3.2682E-01 -2.6136E-01
  7.0000E+00  4.9038E-03  1.0762E+00 -3.2682E-01 -2.6136E-01
  7.0000E+00  4.9038E-03  1.0762E+00 -3.2682E-01 -2.6136E-01
  7.0000E+00  4.9038E-03  1.0762E+00 -3.2682E-01 -2.6136E-01
  7.0000E+00  4.9038E-03  1.0762E+00 -3.2682E-01 -2.6136E-01
  8.0000E+00  4.5718E-03  1.0084E+00 -3.9692E-01 -3.2642E-01
  8.0000E+00  4.5718E-03  1.0084E+00 -3.9692E-01 -3.2642E-01
  8.0000E+00  4.5718E-03  1.0084E+00 -3.9692E-01 -3.2642E-01
  8.0000E+00  4.5718E-03  1.0084E+00 -3.9692E-01 -3.2642E-01
  8.0000E+00  4.5718E-03  1.0084E+00 -3.9692E-01 -3.2642E-01
  8.0000E+00  4.5718E-03  1.0084E+00 -3.9692E-01 -3.2642E-01
  8.0000E+00  4.5718E-03  1.0084E+00 -3.9692E-01 -3.2642E-01
  8.0000E+00  4.5718E-03  1.0084E+00 -3.9692E-01 -3.2642E-01
  8.0000E+00  4.5718E-03  1.0084E+00 -3.9692E-01 -3.2642E-01
  8.0000E+00  4.5718E-03  1.0084E+00 -3.9692E-01 -3.2642E-01
  8.0000E+00  4.5718E-03  1.0084E+00 -3.9692E-01 -3.2642E-01
  8.0000E+00  4.5718E-03  1.0084E+00 -3.9692E-01 -3.2642E-01
  8.0000E+00  4.5718E-03  1.0084E+00 -3.9692E-01 -3.2642E-01
  8.0000E+00  4.5718E-03  1.0084E+00 -3.9692E-01 -3.2642E-01
  8.0000E+00  4.5718E-03  1.0084E+00 -3.9692E-01 -3.2642E-01
  8.0000E+00  4.5718E-03  1.0084E+00 -3.9692E-01 -3.2642E-01
  8.0000E+00  4.5718E-03  1.0084E+00 -3.9692E-01 -3.2642E-01
  9.0000E+00  5.2277E-03  1.1671E+00 -2.6287E-01 -1.8025E-01
  9.0000E+00  5.2277E-03  1.1671E+00 -2.6287E-01 -1.8025E-01
  9.0000E+00  5.2277E-03  1.1671E+00 -2.6287E-01 -1.8025E-01
  9.0000E+00  5.2277E-03  1.1671E+00 -2.6287E-01 -1.8025E-01
  9.0000E+00  5.2277E-03  1.1671E+00 -2.6287E-01 -1.8025E-01
  9.0000E+00  5.2277E-03  1.1671E+00 -2.6287E-01 -1.8025E-01
  9.0000E+00  5.2277E-03  1.1671E+00 -2.6287E-01 -1.8025E-01
  9.0000E+00  5.2277E-03  1.1671E+00 -2.6287E-01 -1.8025E-01
  9.0000E+00  5.2277E-03  1.1671E+00 -2.6287E-01 -1.8025E-01
  9.0000E+00  5.2277E-03  1.1671E+00 -2.6287E-01 -1.8025E-01
  9.0000E+00  5.2277E-03  1.1671E+00 -2.6287E-01 -1.8025E-01
  9.0000E+00  5.2277E-03  1.1671E+00 -2.6287E-01 -1.8025E-01
  9.0000E+00  5.2277E-03  1.1671E+00 -2.6287E-01 -1.8025E-01
  9.0000E+00  5.2277E-03  1.1671E+00 -2.6287E-01 -1.8025E-01
  9.0000E+00  5.2277E-03  1.1671E+00 -2.6287E-01 -1.8025E-01
  9.0000E+00  5.2277E-03  1.1671E+00 -2.6287E-01 -1.8025E-01
  9.0000E+00  5.2277E-03  1.1671E+00 -2.6287E-01 -1.8025E-01
  9.0000E+00  5.2277E-03  1.1671E+00 -2.6287E-01 -1.8025E-01
  1.0000E+01  6.6919E-03  1.3815E+00 -1.5928E-02 -1.1619E-02
  1.0000E+01  6.6919E-03  1.3815E+00 -1.5928E-02 -1.1619E-02
  1.0000E+01  6.6919E-03  1.3815E+00 -1.5928E-02 -1.1619E-02
  1.0000E+01  6.6919E-03  1.3815E+00 -1.5928E-02 -1.1619E-02
  1.0000E+01  6.6919E-03  1.3815E+00 -1.5928E-02 -1.1619E-02
  1.0000E+01  6.6919E-03  1.3815E+00 -1.5928E-02 -1.1619E-02
  1.0000E+01  6.6919E-03  1.3815E+00 -1.5928E-02 -1.1619E-02
  1.0000E+01  6.6919E-03  1.3815E+00 -1.5928E-02 -1.1619E-02
  1.0000E+01  6.6919E-03  1.3815E+00 -1.5928E-02 -1.1619E-02
  1.0000E+01  6.6919E-03  1.3815E+00 -1.5928E-02 -1.1619E-02
  1.0000E+01  6.6919E-03  1.3815E+00 -1.5928E-02 -1.1619E-02
  1.0000E+01  6.6919E-03  1.3815E+00 -1.5928E-02 -1.1619E-02
  1.0000E+01  6.6919E-03  1.3815E+00 -1.5928E-02 -1.1619E-02
  1.0000E+01  6.6919E-03  1.3815E+00 -1.5928E-02 -1.1619E-02
  1.0000E+01  6.6919E-03  1.3815E+00 -1.5928E-02 -1.1619E-02
  1.0000E+01  6.6919E-03  1.3815E+00 -1.5928E-02 -1.1619E-02
  1.1000E+01  9.4464E-03  1.8108E+00  3.2880E-01  2.5897E-01
  1.1000E+01  9.4464E-03  1.8108E+00  3.2880E-01  2.5897E-01
  1.1000E+01  9.4464E-03  1.8108E+00  3.2880E-01  2.5897E-01
  1.1000E+01  9.4464E-03  1.8108E+00  3.2880E-01  2.5897E-01
  1.1000E+01  9.4464E-03  1.8108E+00  3.2880E-01  2.5897E-01
  1.1000E+01  9.4464E-03  1.8108E+00  3.2880E-01  2.5897E-01
  1.1000E+01  9.4464E-03  1.8108E+00  3.2880E-01  2.5897E-01
  1.2000E+01  6.0475E-03  1.2971E+00 -1.1719E-01 -7.4636E-02
  1.2000E+01  6.0475E-03  1.2971E+00 -1.1719E-01 -7.4636E-02
  1.2000E+01  6.0475E-03  1.2971E+00 -1.1719E-01 -7.4636E-02
  1.2000E+01  6.0475E-03  1.2971E+00 -1.1719E-01 -7.4636E-02
  1.2000E+01  6.0475E-03  1.2971E+00 -1.1719E-01 -7.4636E-02
  1.2000E+01  6.0475E-03  1.2971E+00 -1.1719E-01 -7.4636E-02
  1.2000E+01  6.0475E-03  1.2971E+00 -1.1719E-01 -7.4636E-02
  1.2000E+01  6.0475E-03  1.2971E+00 -1.1719E-01 -7.4636E-02
  1.2000E+01  6.0475E-03  1.2971E+00 -1.1719E-01 -7.4636E-02
  1.2000E+01  6.0475E-03  1.2971E+00 -1.1719E-01 -7.4636E-02
  1.2000E+01  6.0475E-03  1.2971E+00 -1.1719E-01 -7.4636E-02
  1.2000E+01  6.0475E-03  1.2971E+00 -1.1719E-01 -7.4636E-02
  1.2000E+01  6.0475E-03  1.2971E+00 -1.1719E-01 -7.4636E-02
  1.2000E+01  6.0475E-03  1.2971E+00 -1.1719E-01 -7.4636E-02
  1.2000E+01  6.0475E-03  1.2971E+00 -1.1719E-01 -7.4636E-02
  1.2000E+01  6.0475E-03  1.2971E+00 -1.1719E-01 -7.4636E-02
  1.2000E+01  6.0475E-03  1.2971E+00 -1.1719E-01 -7.4636E-02
  1.3000E+01  4.0609E-03  9.3136E-01 -5.1542E-01 -4.0589E-01
  1.3000E+01  4.0609E-03  9.3136E-01 -5.1542E-01 -4.0589E-01
  1.3000E+01  4.0609E-03  9.3136E-01 -5.1542E-01 -4.0589E-01
  1.3000E+01  4.0609E-03  9.3136E-01 -5.1542E-01 -4.0589E-01
  1.3000E+01  4.0609E-03  9.3136E-01 -5.1542E-01 -4.0589E-01
  1.3000E+01  4.0609E-03  9.3136E-01 -5.1542E-01 -4.0589E-01
  1.3000E+01  4.0609E-03  9.3136E-01 -5.1542E-01 -4.0589E-01
  1.3000E+01  4.0609E-03  9.3136E-01 -5.1542E-01 -4.0589E-01
  1.3000E+01  4.0609E-03  9.3136E-01 -5.1542E-01 -4.0589E-01
  1.3000E+01  4.0609E-03  9.3136E-01 -5.1542E-01 -4.0589E-01
  1.3000E+01  4.0609E-03  9.3136E-01 -5.1542E-01 -4.0589E-01
  1.3000E+01  4.0609E-03  9.3136E-01 -5.1542E-01 -4.0589E-01
  1.3000E+01  4.0609E-03  9.3136E-01 -5.1542E-01 -4.0589E-01
  1.3000E+01  4.0609E-03  9.3136E-01 -5.1542E-01 -4.0589E-01
  1.3000E+01  4.0609E-03  9.3136E-01 -5.1542E-01 -4.0589E-01
  1.3000E+01  4.0609E-03  9.3136E-01 -5.1542E-01 -4.0589E-01
  1.3000E+01  4.0609E-03  9.3136E-01 -5.1542E-01 -4.0589E-01
  1.4000E+01  5.1810E-03  1.0820E+00 -2.7183E-01 -2.5592E-01
  1.4000E+01  5.1810E-03  1.0820E+00 -2.7183E-01 -2.5592E-01
  1.4000E+01  5.1810E-03  1.0820E+00 -2.7183E-01 -2.5592E-01
  1.4000E+01  5.1810E-03  1.0820E+00 -2.7183E-01 -2.5592E-01
  1.4000E+01  5.1810E-03  1.0820E+00 -2.7183E-01 -2.5592E-01
  1.4000E+01  5.1810E-03  1.0820E+00 -2.7183E-01 -2.5592E-01
  1.4000E+01  5.1810E-03  1.0820E+00 -2.7183E-01 -2.5592E-01
  1.4000E+01  5.1810E-03  1.0820E+00 -2.7183E-01 -2.5592E-01
  1.4000E+01  5.1810E-03  1.0820E+00 -2.7183E-01 -2.5592E-01
  1.4000E+01  5.1810E-03  1.0820E+00 -2.7183E-01 -2.5592E-01
  1.4000E+01  5.1810E-03  1.0820E+00 -2.7183E-01 -2.5592E-01
  1.4000E+01  5.1810E-03  1.0820E+00 -2.7183E-01 -2.5592E-01
  1.4000E+01  5.1810E-03  1.0820E+00 -2.7183E-01 -2.5592E-01
  1.4000E+01  5.1810E-03  1.0820E+00 -2.7183E-01 -2.5592E-01
  1.4000E+01  5.1810E-03  1.0820E+00 -2.7183E-01 -2.5592E-01
  1.4000E+01  5.1810E-03  1.0820E+00 -2.7183E-01 -2.5592E-01
  1.4000E+01  5.1810E-03  1.0820E+00 -2.7183E-01 -2.5592E-01
  1.4000E+01  5.1810E-03  1.0820E+00 -2.7183E-01 -2.5592E-01
  1.5000E+01  6.5558E-03  1.3597E+00 -3.6485E-02 -2.7527E-02
  1.5000E+01  6.5558E-03  1.3597E+00 -3.6485E-02 -2.7527E-02
  1.5000E+01  6.5558E-03  1.3597E+00 -3.6485E-02 -2.7527E-02
  1.5000E+01  6.5558E-03  1.3597E+00 -3.6485E-02 -2.7527E-02
  1.5000E+01  6.5558E-03  1.3597E+00 -3.6485E-02 -2.7527E-02
  1.5000E+01  6.5558E-03  1.3597E+00 -3.6485E-02 -2.7527E-02
  1.5000E+01  6.5558E-03  1.3597E+00 -3.6485E-02 -2.7527E-02
  1.5000E+01  6.5558E-03  1.3597E+00 -3.6485E-02 -2.7527E-02
  1.5000E+01  6.5558E-03  1.3597E+00 -3.6485E-02 -2.7527E-02
  1.5000E+01  6.5558E-03  1.3597E+00 -3.6485E-02 -2.7527E-02
  1.5000E+01  6.5558E-03  1.3597E+00 -3.6485E-02 -2.7527E-02
  1.5000E+01  6.5558E-03  1.3597E+00 -3.6485E-02 -2.7527E-02
  1.5000E+01  6.5558E-03  1.3597E+00 -3.6485E-02 -2.7527E-02
  1.5000E+01  6.5558E-03  1.3597E+00 -3.6485E-02 -2.7527E-02
  1.5000E+01  6.5558E-03  1.3597E+00 -3.6485E-02 -2.7527E-02
  1.6000E+01  5.2284E-03  1.1518E+00 -2.6273E-01 -1.9346E-01
  1.6000E+01  5.2284E-03  1.1518E+00 -2.6273E-01 -1.9346E-01
  1.6000E+01  5.2284E-03  1.1518E+00 -2.6273E-01 -1.9346E-01
  1.6000E+01  5.2284E-03  1.1518E+00 -2.6273E-01 -1.9346E-01
  1.6000E+01  5.2284E-03  1.1518E+00 -2.6273E-01 -1.9346E-01
  1.6000E+01  5.2284E-03  1.1518E+00 -2.6273E-01 -1.9346E-01
  1.6000E+01  5.2284E-03  1.1518E+00 -2.6273E-01 -1.9346E-01
  1.6000E+01  5.2284E-03  1.1518E+00 -2.6273E-01 -1.9346E-01
  1.6000E+01  5.2284E-03  1.1518E+00 -2.6273E-01 -1.9346E-01
  1.6000E+01  5.2284E-03  1.1518E+00 -2.6273E-01 -1.9346E-01
  1.6000E+01  5.2284E-03  1.1518E+00 -2.6273E-01 -1.9346E-01
  1.6000E+01  5.2284E-03  1.1518E+00 -2.6273E-01 -1.9346E-01
  1.6000E+01  5.2284E-03  1.1518E+00 -2.6273E-01 -1.9346E-01
  1.6000E+01  5.2284E-03  1.1518E+00 -2.6273E-01 -1.9346E-01
  1.6000E+01  5.2284E-03  1.1518E+00 -2.6273E-01 -1.9346E-01
  1.6000E+01  5.2284E-03  1.1518E+00 -2.6273E-01 -1.9346E-01
  1.6000E+01  5.2284E-03  1.1518E+00 -2.6273E-01 -1.9346E-01
  1.6000E+01  5.2284E-03  1.1518E+00 -2.6273E-01 -1.9346E-01
  1.6000E+01  5.2284E-03  1.1518E+00 -2.6273E-01 -1.9346E-01
  1.7000E+01  4.6186E-03  1.0368E+00 -3.8673E-01 -2.9862E-01
  1.7000E+01  4.6186E-03  1.0368E+00 -3.8673E-01 -2.9862E-01
  1.7000E+01  4.6186E-03  1.0368E+00 -3.8673E-01 -2.9862E-01
  1.7000E+01  4.6186E-03  1.0368E+00 -3.8673E-01 -2.9862E-01
  1.7000E+01  4.6186E-03  1.0368E+00 -3.8673E-01 -2.9862E-01
  1.7000E+01  4.6186E-03  1.0368E+00 -3.8673E-01 -2.9862E-01
  1.7000E+01  4.6186E-03  1.0368E+00 -3.8673E-01 -2.9862E-01
  1.7000E+01  4.6186E-03  1.0368E+00 -3.8673E-01 -2.9862E-01
  1.7000E+01  4.6186E-03  1.0368E+00 -3.8673E-01 -2.9862E-01
  1.7000E+01  4.6186E-03  1.0368E+00 -3.8673E-01 -2.9862E-01
  1.7000E+01  4.6186E-03  1.0368E+00 -3.8673E-01 -2.9862E-01
  1.7000E+01  4.6186E-03  1.0368E+00 -3.8673E-01 -2.9862E-01
  1.7000E+01  4.6186E-03  1.0368E+00 -3.8673E-01 -2.9862E-01
  1.7000E+01  4.6186E-03  1.0368E+00 -3.8673E-01 -2.9862E-01
  1.7000E+01  4.6186E-03  1.0368E+00 -3.8673E-01 -2.9862E-01
  1.7000E+01  4.6186E-03  1.0368E+00 -3.8673E-01 -2.9862E-01
  1.7000E+01  4.6186E-03  1.0368E+00 -3.8673E-01 -2.9862E-01
  1.8000E+01  6.5270E-03  1.2969E+00 -4.0883E-02 -7.4797E-02
  1.8000E+01  6.5270E-03  1.2969E+00 -4.0883E-02 -7.4797E-02
  1.8000E+01  6.5270E-03  1.2969E+00 -4.0883E-02 -7.4797E-02
  1.8000E+01  6.5270E-03  1.2969E+00 -4.0883E-02 -7.4797E-02
  1.8000E+01  6.5270E-03  1.2969E+00 -4.0883E-02 -7.4797E-02
  1.8000E+01  6.5270E-03  1.2969E+00 -4.0883E-02 -7.4797E-02
  1.8000E+01  6.5270E-03  1.2969E+00 -4.0883E-02 -7.4797E-02
  1.8000E+01  6.5270E-03  1.2969E+00 -4.0883E-02 -7.4797E-02
  1.8000E+01  6.5270E-03  1.2969E+00 -4.0883E-02 -7.4797E-02
  1.8000E+01  6.5270E-03  1.2969E+00 -4.0883E-02 -7.4797E-02
  1.8000E+01  6.5270E-03  1.2969E+00 -4.0883E-02 -7.4797E-02
  1.8000E+01  6.5270E-03  1.2969E+00 -4.0883E-02 -7.4797E-02
  1.8000E+01  6.5270E-03  1.2969E+00 -4.0883E-02 -7.4797E-02
  1.8000E+01  6.5270E-03  1.2969E+00 -4.0883E-02 -7.4797E-02
  1.8000E+01  6.5270E-03  1.2969E+00 -4.0883E-02 -7.4797E-02
  1.8000E+01  6.5270E-03  1.2969E+00 -4.0883E-02 -7.4797E-02
  1.8000E+01  6.5270E-03  1.2969E+00 -4.0883E-02 -7.4797E-02
  1.9000E+01  5.0516E-03  1.1056E+00 -2.9712E-01 -2.3439E-01
  1.9000E+01  5.0516E-03  1.1056E+00 -2.9712E-01 -2.3439E-01
  1.9000E+01  5.0516E-03  1.1056E+00 -2.9712E-01 -2.3439E-01
  1.9000E+01  5.0516E-03  1.1056E+00 -2.9712E-01 -2.3439E-01
  1.9000E+01  5.0516E-03  1.1056E+00 -2.9712E-01 -2.3439E-01
  1.9000E+01  5.0516E-03  1.1056E+00 -2.9712E-01 -2.3439E-01
  1.9000E+01  5.0516E-03  1.1056E+00 -2.9712E-01 -2.3439E-01
  1.9000E+01  5.0516E-03  1.1056E+00 -2.9712E-01 -2.3439E-01
  1.9000E+01  5.0516E-03  1.1056E+00 -2.9712E-01 -2.3439E-01
  1.9000E+01  5.0516E-03  1.1056E+00 -2.9712E-01 -2.3439E-01
  1.9000E+01  5.0516E-03  1.1056E+00 -2.9712E-01 -2.3439E-01
  1.9000E+01  5.0516E-03  1.1056E+00 -2.9712E-01 -2.3439E-01
  1.9000E+01  5.0516E-03  1.1056E+00 -2.9712E-01 -2.3439E-01
  1.9000E+01  5.0516E-03  1.1056E+00 -2.9712E-01 -2.3439E-01
  1.9000E+01  5.0516E-03  1.1056E+00 -2.9712E-01 -2.3439E-01
  1.9000E+01  5.0516E-03  1.1056E+00 -2.9712E-01 -2.3439E-01
  1.9000E+01  5.0516E-03  1.1056E+00 -2.9712E-01 -2.3439E-01
  1.9000E+01  5.0516E-03  1.1056E+00 -2.9712E-01 -2.3439E-01
  2.0000E+01  5.1182E-03  1.1108E+00 -2.8403E-01 -2.2967E-01
  2.0000E+01  5.1182E-03  1.1108E+00 -2.8403E-01 -2.2967E-01
  2.0000E+01  5.1182E-03  1.1108E+00 -2.8403E-01 -2.2967E-01
  2.0000E+01  5.1182E-03  1.1108E+00 -2.8403E-01 -2.2967E-01
  2.0000E+01  5.1182E-03  1.1108E+00 -2.8403E-01 -2.2967E-01
  2.0000E+01  5.1182E-03  1.1108E+00 -2.8403E-01 -2.2967E-01
  2.0000E+01  5.1182E-03  1.1108E+00 -2.8403E-01 -2.2967E-01
  2.0000E+01  5.1182E-03  1.1108E+00 -2.8403E-01 -2.2967E-01
  2.0000E+01  5.1182E-03  1.1108E+00 -2.8403E-01 -2.2967E-01
  2.0000E+01  5.1182E-03  1.1108E+00 -2.8403E-01 -2.2967E-01
  2.0000E+01  5.1182E-03  1.1108E+00 -2.8403E-01 -2.2967E-01
  2.0000E+01  5.1182E-03  1.1108E+00 -2.8403E-01 -2.2967E-01
  2.0000E+01  5.1182E-03  1.1108E+00 -2.8403E-01 -2.2967E-01
  2.0000E+01  5.1182E-03  1.1108E+00 -2.8403E-01 -2.2967E-01
  2.0000E+01  5.1182E-03  1.1108E+00 -2.8403E-01 -2.2967E-01
  2.0000E+01  5.1182E-03  1.1108E+00 -2.8403E-01 -2.2967E-01
  2.1000E+01  7.9996E-03  1.6001E+00  1.6257E-01  1.3526E-01
  2.1000E+01  7.9996E-03  1.6001E+00  1.6257E-01  1.3526E-01
  2.1000E+01  7.9996E-03  1.6001E+00  1.6257E-01  1.3526E-01
  2.1000E+01  7.9996E-03  1.6001E+00  1.6257E-01  1.3526E-01
  2.1000E+01  7.9996E-03  1.6001E+00  1.6257E-01  1.3526E-01
  2.1000E+01  7.9996E-03  1.6001E+00  1.6257E-01  1.3526E-01
  2.1000E+01  7.9996E-03  1.6001E+00  1.6257E-01  1.3526E-01
  2.1000E+01  7.9996E-03  1.6001E+00  1.6257E-01  1.3526E-01
  2.1000E+01  7.9996E-03  1.6001E+00  1.6257E-01  1.3526E-01
  2.1000E+01  7.9996E-03  1.6001E+00  1.6257E-01  1.3526E-01
  2.1000E+01  7.9996E-03  1.6001E+00  1.6257E-01  1.3526E-01
  2.1000E+01  7.9996E-03  1.6001E+00  1.6257E-01  1.3526E-01
  2.1000E+01  7.9996E-03  1.6001E+00  1.6257E-01  1.3526E-01
  2.1000E+01  7.9996E-03  1.6001E+00  1.6257E-01  1.3526E-01
  2.1000E+01  7.9996E-03  1.6001E+00  1.6257E-01  1.3526E-01
  2.1000E+01  7.9996E-03  1.6001E+00  1.6257E-01  1.3526E-01
  2.1000E+01  7.9996E-03  1.6001E+00  1.6257E-01  1.3526E-01
  2.1000E+01  7.9996E-03  1.6001E+00  1.6257E-01  1.3526E-01
  2.2000E+01  6.6440E-03  1.3715E+00 -2.3115E-02 -1.8857E-02
  2.2000E+01  6.6440E-03  1.3715E+00 -2.3115E-02 -1.8857E-02
  2.2000E+01  6.6440E-03  1.3715E+00 -2.3115E-02 -1.8857E-02
  2.2000E+01  6.6440E-03  1.3715E+00 -2.3115E-02 -1.8857E-02
  2.2000E+01  6.6440E-03  1.3715E+00 -2.3115E-02 -1.8857E-02
  2.2000E+01  6.6440E-03  1.3715E+00 -2.3115E-02 -1.8857E-02
  2.2000E+01  6.6440E-03  1.3715E+00 -2.3115E-02 -1.8857E-02
  2.2000E+01  6.6440E-03  1.3715E+00 -2.3115E-02 -1.8857E-02
  2.3000E+01  1.6032E-02  2.7081E+00  8.5776E-01  6.6146E-01
  2.3000E+01  1.6032E-02  2.7081E+00  8.5776E-01  6.6146E-01
  2.3000E+01  1.6032E-02  2.7081E+00  8.5776E-01  6.6146E-01
  2.3000E+01  1.6032E-02  2.7081E+00  8.5776E-01  6.6146E-01
  2.3000E+01  1.6032E-02  2.7081E+00  8.5776E-01  6.6146E-01
  2.3000E+01  1.6032E-02  2.7081E+00  8.5776E-01  6.6146E-01
  2.3000E+01  1.6032E-02  2.7081E+00  8.5776E-01  6.6146E-01
  2.3000E+01  1.6032E-02  2.7081E+00  8.5776E-01  6.6146E-01
  2.3000E+01  1.6032E-02  2.7081E+00  8.5776E-01  6.6146E-01
  2.3000E+01  1.6032E-02  2.7081E+00  8.5776E-01  6.6146E-01
  2.3000E+01  1.6032E-02  2.7081E+00  8.5776E-01  6.6146E-01
  2.3000E+01  1.6032E-02  2.7081E+00  8.5776E-01  6.6146E-01
  2.3000E+01  1.6032E-02  2.7081E+00  8.5776E-01  6.6146E-01
  2.3000E+01  1.6032E-02  2.7081E+00  8.5776E-01  6.6146E-01
  2.3000E+01  1.6032E-02  2.7081E+00  8.5776E-01  6.6146E-01
  2.3000E+01  1.6032E-02  2.7081E+00  8.5776E-01  6.6146E-01
  2.4000E+01  2.0535E-02  3.3477E+00  1.1053E+00  8.7351E-01
  2.4000E+01  2.0535E-02  3.3477E+00  1.1053E+00  8.7351E-01
  2.4000E+01  2.0535E-02  3.3477E+00  1.1053E+00  8.7351E-01
  2.4000E+01  2.0535E-02  3.3477E+00  1.1053E+00  8.7351E-01
  2.4000E+01  2.0535E-02  3.3477E+00  1.1053E+00  8.7351E-01
  2.4000E+01  2.0535E-02  3.3477E+00  1.1053E+00  8.7351E-01
  2.4000E+01  2.0535E-02  3.3477E+00  1.1053E+00  8.7351E-01
  2.4000E+01  2.0535E-02  3.3477E+00  1.1053E+00  8.7351E-01
  2.4000E+01  2.0535E-02  3.3477E+00  1.1053E+00  8.7351E-01
  2.4000E+01  2.0535E-02  3.3477E+00  1.1053E+00  8.7351E-01
  2.4000E+01  2.0535E-02  3.3477E+00  1.1053E+00  8.7351E-01
  2.4000E+01  2.0535E-02  3.3477E+00  1.1053E+00  8.7351E-01
  2.4000E+01  2.0535E-02  3.3477E+00  1.1053E+00  8.7351E-01
  2.4000E+01  2.0535E-02  3.3477E+00  1.1053E+00  8.7351E-01
  2.4000E+01  2.0535E-02  3.3477E+00  1.1053E+00  8.7351E-01
  2.4000E+01  2.0535E-02  3.3477E+00  1.1053E+00  8.7351E-01
  2.4000E+01  2.0535E-02  3.3477E+00  1.1053E+00  8.7351E-01
  2.4000E+01  2.0535E-02  3.3477E+00  1.1053E+00  8.7351E-01
  2.4000E+01  2.0535E-02  3.3477E+00  1.1053E+00  8.7351E-01
  2.5000E+01  4.4839E-03  1.0256E+00 -4.1633E-01 -3.0951E-01
  2.5000E+01  4.4839E-03  1.0256E+00 -4.1633E-01 -3.0951E-01
  2.5000E+01  4.4839E-03  1.0256E+00 -4.1633E-01 -3.0951E-01
  2.5000E+01  4.4839E-03  1.0256E+00 -4.1633E-01 -3.0951E-01
  2.5000E+01  4.4839E-03  1.0256E+00 -4.1633E-01 -3.0951E-01
  2.5000E+01  4.4839E-03  1.0256E+00 -4.1633E-01 -3.0951E-01
  2.5000E+01  4.4839E-03  1.0256E+00 -4.1633E-01 -3.0951E-01
  2.5000E+01  4.4839E-03  1.0256E+00 -4.1633E-01 -3.0951E-01
  2.5000E+01  4.4839E-03  1.0256E+00 -4.1633E-01 -3.0951E-01
  2.5000E+01  4.4839E-03  1.0256E+00 -4.1633E-01 -3.0951E-01
  2.5000E+01  4.4839E-03  1.0256E+00 -4.1633E-01 -3.0951E-01
  2.5000E+01  4.4839E-03  1.0256E+00 -4.1633E-01 -3.0951E-01
  2.5000E+01  4.4839E-03  1.0256E+00 -4.1633E-01 -3.0951E-01
  2.5000E+01  4.4839E-03  1.0256E+00 -4.1633E-01 -3.0951E-01
  2.5000E+01  4.4839E-03  1.0256E+00 -4.1633E-01 -3.0951E-01
  2.5000E+01  4.4839E-03  1.0256E+00 -4.1633E-01 -3.0951E-01
  2.5000E+01  4.4839E-03  1.0256E+00 -4.1633E-01 -3.0951E-01
  2.5000E+01  4.4839E-03  1.0256E+00 -4.1633E-01 -3.0951E-01
  2.5000E+01  4.4839E-03  1.0256E+00 -4.1633E-01 -3.0951E-01
  2.5000E+01  4.4839E-03  1.0256E+00 -4.1633E-01 -3.0951E-01
  2.5000E+01  4.4839E-03  1.0256E+00 -4.1633E-01 -3.0951E-01
  2.6000E+01  1.6250E-02  2.7747E+00  8.7128E-01  6.8578E-01
  2.6000E+01  1.6250E-02  2.7747E+00  8.7128E-01  6.8578E-01
  2.6000E+01  1.6250E-02  2.7747E+00  8.7128E-01  6.8578E-01
  2.6000E+01  1.6250E-02  2.7747E+00  8.7128E-01  6.8578E-01
  2.6000E+01  1.6250E-02  2.7747E+00  8.7128E-01  6.8578E-01
  2.6000E+01  1.6250E-02  2.7747E+00  8.7128E-01  6.8578E-01
  2.6000E+01  1.6250E-02  2.7747E+00  8.7128E-01  6.8578E-01
  2.6000E+01  1.6250E-02  2.7747E+00  8.7128E-01  6.8578E-01
  2.6000E+01  1.6250E-02  2.7747E+00  8.7128E-01  6.8578E-01
  2.6000E+01  1.6250E-02  2.7747E+00  8.7128E-01  6.8578E-01
  2.6000E+01  1.6250E-02  2.7747E+00  8.7128E-01  6.8578E-01
  2.6000E+01  1.6250E-02  2.7747E+00  8.7128E-01  6.8578E-01
  2.6000E+01  1.6250E-02  2.7747E+00  8.7128E-01  6.8578E-01
  2.7000E+01  6.8178E-03  1.3926E+00  2.7094E-03 -3.6245E-03
  2.7000E+01  6.8178E-03  1.3926E+00  2.7094E-03 -3.6245E-03
  2.7000E+01  6.8178E-03  1.3926E+00  2.7094E-03 -3.6245E-03
  2.7000E+01  6.8178E-03  1.3926E+00  2.7094E-03 -3.6245E-03
  2.7000E+01  6.8178E-03  1.3926E+00  2.7094E-03 -3.6245E-03
  2.7000E+01  6.8178E-03  1.3926E+00  2.7094E-03 -3.6245E-03
  2.7000E+01  6.8178E-03  1.3926E+00  2.7094E-03 -3.6245E-03
  2.7000E+01  6.8178E-03  1.3926E+00  2.7094E-03 -3.6245E-03
  2.7000E+01  6.8178E-03  1.3926E+00  2.7094E-03 -3.6245E-03
  2.7000E+01  6.8178E-03  1.3926E+00  2.7094E-03 -3.6245E-03
  2.8000E+01  1.9106E-02  3.1706E+00  1.0332E+00  8.1914E-01
  2.8000E+01  1.9106E-02  3.1706E+00  1.0332E+00  8.1914E-01
  2.8000E+01  1.9106E-02  3.1706E+00  1.0332E+00  8.1914E-01
  2.9000E+01  4.6284E-03  1.0318E+00 -3.8462E-01 -3.0344E-01
  2.9000E+01  4.6284E-03  1.0318E+00 -3.8462E-01 -3.0344E-01
  2.9000E+01  4.6284E-03  1.0318E+00 -3.8462E-01 -3.0344E-01
  2.9000E+01  4.6284E-03  1.0318E+00 -3.8462E-01 -3.0344E-01
  2.9000E+01  4.6284E-03  1.0318E+00 -3.8462E-01 -3.0344E-01
  2.9000E+01  4.6284E-03  1.0318E+00 -3.8462E-01 -3.0344E-01
  3.0000E+01  9.5197E-03  1.8364E+00  3.3653E-01  2.7302E-01
  3.0000E+01  9.5197E-03  1.8364E+00  3.3653E-01  2.7302E-01
  3.0000E+01  9.5197E-03  1.8364E+00  3.3653E-01  2.7302E-01
  3.0000E+01  9.5197E-03  1.8364E+00  3.3653E-01  2.7302E-01
  3.0000E+01  9.5197E-03  1.8364E+00  3.3653E-01  2.7302E-01
  3.0000E+01  9.5197E-03  1.8364E+00  3.3653E-01  2.7302E-01
  3.0000E+01  9.5197E-03  1.8364E+00  3.3653E-01  2.7302E-01
  3.0000E+01  9.5197E-03  1.8364E+00  3.3653E-01  2.7302E-01
  3.0000E+01  9.5197E-03  1.8364E+00  3.3653E-01  2.7302E-01
  3.0000E+01  9.5197E-03  1.8364E+00  3.3653E-01  2.7302E-01
  3.0000E+01  9.5197E-03  1.8364E+00  3.3653E-01  2.7302E-01
  3.0000E+01  9.5197E-03  1.8364E+00  3.3653E-01  2.7302E-01
  3.0000E+01  9.5197E-03  1.8364E+00  3.3653E-01  2.7302E-01
  3.0000E+01  9.5197E-03  1.8364E+00  3.3653E-01  2.7302E-01
  3.0000E+01  9.5197E-03  1.8364E+00  3.3653E-01  2.7302E-01
  3.0000E+01  9.5197E-03  1.8364E+00  3.3653E-01  2.7302E-01
  3.1000E+01  5.6074E-03  1.1995E+00 -1.9274E-01 -1.5284E-01
  3.1000E+01  5.6074E-03  1.1995E+00 -1.9274E-01 -1.5284E-01
  3.1000E+01  5.6074E-03  1.1995E+00 -1.9274E-01 -1.5284E-01
  3.2000E+01  3.0182E-02  4.5387E+00  1.4904E+00  1.1779E+00
  3.2000E+01  3.0182E-02  4.5387E+00  1.4904E+00  1.1779E+00
  3.2000E+01  3.0182E-02  4.5387E+00  1.4904E+00  1.1779E+00
  3.2000E+01  3.0182E-02  4.5387E+00  1.4904E+00  1.1779E+00
  3.2000E+01  3.0182E-02  4.5387E+00  1.4904E+00  1.1779E+00
  3.2000E+01  3.0182E-02  4.5387E+00  1.4904E+00  1.1779E+00
  3.2000E+01  3.0182E-02  4.5387E+00  1.4904E+00  1.1779E+00
  3.2000E+01  3.0182E-02  4.5387E+00  1.4904E+00  1.1779E+00
  3.2000E+01  3.0182E-02  4.5387E+00  1.4904E+00  1.1779E+00
  3.2000E+01  3.0182E-02  4.5387E+00  1.4904E+00  1.1779E+00
  3.2000E+01  3.0182E-02  4.5387E+00  1.4904E+00  1.1779E+00
  3.2000E+01  3.0182E-02  4.5387E+00  1.4904E+00  1.1779E+00
  3.3000E+01  7.4181E-03  1.5023E+00  8.7095E-02  7.2215E-02
  3.3000E+01  7.4181E-03  1.5023E+00  8.7095E-02  7.2215E-02
  3.3000E+01  7.4181E-03  1.5023E+00  8.7095E-02  7.2215E-02
  3.3000E+01  7.4181E-03  1.5023E+00  8.7095E-02  7.2215E-02
  3.3000E+01  7.4181E-03  1.5023E+00  8.7095E-02  7.2215E-02
  3.3000E+01  7.4181E-03  1.5023E+00  8.7095E-02  7.2215E-02
  3.3000E+01  7.4181E-03  1.5023E+00  8.7095E-02  7.2215E-02
  3.3000E+01  7.4181E-03  1.5023E+00  8.7095E-02  7.2215E-02
  3.3000E+01  7.4181E-03  1.5023E+00  8.7095E-02  7.2215E-02
  3.4000E+01  7.4839E-03  1.5091E+00  9.5931E-02  7.6740E-02
  3.4000E+01  7.4839E-03  1.5091E+00  9.5931E-02  7.6740E-02
  3.4000E+01  7.4839E-03  1.5091E+00  9.5931E-02  7.6740E-02
  3.4000E+01  7.4839E-03  1.5091E+00  9.5931E-02  7.6740E-02
  3.4000E+01  7.4839E-03  1.5091E+00  9.5931E-02  7.6740E-02
  3.4000E+01  7.4839E-03  1.5091E+00  9.5931E-02  7.6740E-02
  3.4000E+01  7.4839E-03  1.5091E+00  9.5931E-02  7.6740E-02
  3.4000E+01  7.4839E-03  1.5091E+00  9.5931E-02  7.6740E-02
  3.4000E+01  7.4839E-03  1.5091E+00  9.5931E-02  7.6740E-02
  3.4000E+01  7.4839E-03  1.5091E+00  9.5931E-02  7.6740E-02
  3.5000E+01  9.2259E-03  1.8008E+00  3.0519E-01  2.5348E-01
  3.5000E+01  9.2259E-03  1.8008E+00  3.0519E-01  2.5348E-01
  3.5000E+01  9.2259E-03  1.8008E+00  3.0519E-01  2.5348E-01
  3.5000E+01  9.2259E-03  1.8008E+00  3.0519E-01  2.5348E-01
  3.5000E+01  9.2259E-03  1.8008E+00  3.0519E-01  2.5348E-01
  3.5000E+01  9.2259E-03  1.8008E+00  3.0519E-01  2.5348E-01
  3.5000E+01  9.2259E-03  1.8008E+00  3.0519E-01  2.5348E-01
  3.5000E+01  9.2259E-03  1.8008E+00  3.0519E-01  2.5348E-01
  3.5000E+01  9.2259E-03  1.8008E+00  3.0519E-01  2.5348E-01
  3.5000E+01  9.2259E-03  1.8008E+00  3.0519E-01  2.5348E-01
  3.5000E+01  9.2259E-03  1.8008E+00  3.0519E-01  2.5348E-01
  3.5000E+01  9.2259E-03  1.8008E+00  3.0519E-01  2.5348E-01
  3.6000E+01  7.7720E-03  1.5170E+00  1.3370E-01  8.1927E-02
  3.6000E+01  7.7720E-03  1.5170E+00  1.3370E-01  8.1927E-02
  3.6000E+01  7.7720E-03  1.5170E+00  1.3370E-01  8.1927E-02
  3.6000E+01  7.7720E-03  1.5170E+00  1.3370E-01  8.1927E-02
  3.6000E+01  7.7720E-03  1.5170E+00  1.3370E-01  8.1927E-02
  3.6000E+01  7.7720E-03  1.5170E+00  1.3370E-01  8.1927E-02
  3.6000E+01  7.7720E-03  1.5170E+00  1.3370E-01  8.1927E-02
  3.6000E+01  7.7720E-03  1.5170E+00  1.3370E-01  8.1927E-02
  3.6000E+01  7.7720E-03  1.5170E+00  1.3370E-01  8.1927E-02
  3.6000E+01  7.7720E-03  1.5170E+00  1.3370E-01  8.1927E-02
  3.6000E+01  7.7720E-03  1.5170E+00  1.3370E-01  8.1927E-02
  3.6000E+01  7.7720E-03  1.5170E+00  1.3370E-01  8.1927E-02
  3.6000E+01  7.7720E-03  1.5170E+00  1.3370E-01  8.1927E-02
  3.6000E+01  7.7720E-03  1.5170E+00  1.3370E-01  8.1927E-02
  3.6000E+01  7.7720E-03  1.5170E+00  1.3370E-01  8.1927E-02
  3.6000E+01  7.7720E-03  1.5170E+00  1.3370E-01  8.1927E-02
  3.7000E+01  5.6061E-03  1.2035E+00 -1.9297E-01 -1.4958E-01
  3.7000E+01  5.6061E-03  1.2035E+00 -1.9297E-01 -1.4958E-01
  3.7000E+01  5.6061E-03  1.2035E+00 -1.9297E-01 -1.4958E-01
  3.7000E+01  5.6061E-03  1.2035E+00 -1.9297E-01 -1.4958E-01
  3.7000E+01  5.6061E-03  1.2035E+00 -1.9297E-01 -1.4958E-01
  3.7000E+01  5.6061E-03  1.2035E+00 -1.9297E-01 -1.4958E-01
  3.7000E+01  5.6061E-03  1.2035E+00 -1.9297E-01 -1.4958E-01
  3.7000E+01  5.6061E-03  1.2035E+00 -1.9297E-01 -1.4958E-01
  3.7000E+01  5.6061E-03  1.2035E+00 -1.9297E-01 -1.4958E-01
  3.7000E+01  5.6061E-03  1.2035E+00 -1.9297E-01 -1.4958E-01
  3.7000E+01  5.6061E-03  1.2035E+00 -1.9297E-01 -1.4958E-01
  3.7000E+01  5.6061E-03  1.2035E+00 -1.9297E-01 -1.4958E-01
  3.7000E+01  5.6061E-03  1.2035E+00 -1.9297E-01 -1.4958E-01
  3.7000E+01  5.6061E-03  1.2035E+00 -1.9297E-01 -1.4958E-01
  3.7000E+01  5.6061E-03  1.2035E+00 -1.9297E-01 -1.4958E-01
  3.7000E+01  5.6061E-03  1.2035E+00 -1.9297E-01 -1.4958E-01
  3.7000E+01  5.6061E-03  1.2035E+00 -1.9297E-01 -1.4958E-01
  3.8000E+01  6.9742E-03  1.4244E+00  2.5388E-02  1.8968E-02
  3.8000E+01  6.9742E-03  1.4244E+00  2.5388E-02  1.8968E-02
  3.8000E+01  6.9742E-03  1.4244E+00  2.5388E-02  1.8968E-02
  3.8000E+01  6.9742E-03  1.4244E+00  2.5388E-02  1.8968E-02
  3.8000E+01  6.9742E-03  1.4244E+00  2.5388E-02  1.8968E-02
  3.8000E+01  6.9742E-03  1.4244E+00  2.5388E-02  1.8968E-02
  3.8000E+01  6.9742E-03  1.4244E+00  2.5388E-02  1.8968E-02
  3.8000E+01  6.9742E-03  1.4244E+00  2.5388E-02  1.8968E-02
  3.8000E+01  6.9742E-03  1.4244E+00  2.5388E-02  1.8968E-02
  3.8000E+01  6.9742E-03  1.4244E+00  2.5388E-02  1.8968E-02
  3.8000E+01  6.9742E-03  1.4244E+00  2.5388E-02  1.8968E-02
  3.8000E+01  6.9742E-03  1.4244E+00  2.5388E-02  1.8968E-02
  3.8000E+01  6.9742E-03  1.4244E+00  2.5388E-02  1.8968E-02
  3.8000E+01  6.9742E-03  1.4244E+00  2.5388E-02  1.8968E-02
  3.8000E+01  6.9742E-03  1.4244E+00  2.5388E-02  1.8968E-02
  3.8000E+01  6.9742E-03  1.4244E+00  2.5388E-02  1.8968E-02
  3.8000E+01  6.9742E-03  1.4244E+00  2.5388E-02  1.8968E-02
  3.8000E+01  6.9742E-03  1.4244E+00  2.5388E-02  1.8968E-02
  3.8000E+01  6.9742E-03  1.4244E+00  2.5388E-02  1.8968E-02
  3.8000E+01  6.9742E-03  1.4244E+00  2.5388E-02  1.8968E-02
  3.9000E+01  9.5797E-03  1.8202E+00  3.4282E-01  2.6417E-01
  3.9000E+01  9.5797E-03  1.8202E+00  3.4282E-01  2.6417E-01
  3.9000E+01  9.5797E-03  1.8202E+00  3.4282E-01  2.6417E-01
  3.9000E+01  9.5797E-03  1.8202E+00  3.4282E-01  2.6417E-01
  3.9000E+01  9.5797E-03  1.8202E+00  3.4282E-01  2.6417E-01
  3.9000E+01  9.5797E-03  1.8202E+00  3.4282E-01  2.6417E-01
  3.9000E+01  9.5797E-03  1.8202E+00  3.4282E-01  2.6417E-01
  3.9000E+01  9.5797E-03  1.8202E+00  3.4282E-01  2.6417E-01
  3.9000E+01  9.5797E-03  1.8202E+00  3.4282E-01  2.6417E-01
  3.9000E+01  9.5797E-03  1.8202E+00  3.4282E-01  2.6417E-01
  3.9000E+01  9.5797E-03  1.8202E+00  3.4282E-01  2.6417E-01
  3.9000E+01  9.5797E-03  1.8202E+00  3.4282E-01  2.6417E-01
  3.9000E+01  9.5797E-03  1.8202E+00  3.4282E-01  2.6417E-01
  3.9000E+01  9.5797E-03  1.8202E+00  3.4282E-01  2.6417E-01
  3.9000E+01  9.5797E-03  1.8202E+00  3.4282E-01  2.6417E-01
  3.9000E+01  9.5797E-03  1.8202E+00  3.4282E-01  2.6417E-01
  4.0000E+01  6.5808E-03  1.3619E+00 -3.2668E-02 -2.5881E-02
  4.0000E+01  6.5808E-03  1.3619E+00 -3.2668E-02 -2.5881E-02
  4.0000E+01  6.5808E-03  1.3619E+00 -3.2668E-02 -2.5881E-02
  4.0000E+01  6.5808E-03  1.3619E+00 -3.2668E-02 -2.5881E-02
  4.0000E+01  6.5808E-03  1.3619E+00 -3.2668E-02 -2.5881E-02
  4.0000E+01  6.5808E-03  1.3619E+00 -3.2668E-02 -2.5881E-02
  4.1000E+01  9.6313E-03  1.8421E+00  3.4819E-01  2.7616E-01
  4.1000E+01  9.6313E-03  1.8421E+00  3.4819E-01  2.7616E-01
  4.1000E+01  9.6313E-03  1.8421E+00  3.4819E-01  2.7616E-01
  4.1000E+01  9.6313E-03  1.8421E+00  3.4819E-01  2.7616E-01
  4.1000E+01  9.6313E-03  1.8421E+00  3.4819E-01  2.7616E-01
  4.1000E+01  9.6313E-03  1.8421E+00  3.4819E-01  2.7616E-01
  4.1000E+01  9.6313E-03  1.8421E+00  3.4819E-01  2.7616E-01
  4.1000E+01  9.6313E-03  1.8421E+00  3.4819E-01  2.7616E-01
  4.1000E+01  9.6313E-03  1.8421E+00  3.4819E-01  2.7616E-01
  4.1000E+01  9.6313E-03  1.8421E+00  3.4819E-01  2.7616E-01
  4.1000E+01  9.6313E-03  1.8421E+00  3.4819E-01  2.7616E-01
  4.2000E+01  2.5706E-02  3.9678E+00  1.3299E+00  1.0434E+00
  4.2000E+01  2.5706E-02  3.9678E+00  1.3299E+00  1.0434E+00
  4.2000E+01  2.5706E-02  3.9678E+00  1.3299E+00  1.0434E+00
  4.2000E+01  2.5706E-02  3.9678E+00  1.3299E+00  1.0434E+00
  4.2000E+01  2.5706E-02  3.9678E+00  1.3299E+00  1.0434E+00
  4.2000E+01  2.5706E-02  3.9678E+00  1.3299E+00  1.0434E+00
  4.2000E+01  2.5706E-02  3.9678E+00  1.3299E+00  1.0434E+00
  4.2000E+01  2.5706E-02  3.9678E+00  1.3299E+00  1.0434E+00
  4.2000E+01  2.5706E-02  3.9678E+00  1.3299E+00  1.0434E+00
  4.2000E+01  2.5706E-02  3.9678E+00  1.3299E+00  1.0434E+00
  4.2000E+01  2.5706E-02  3.9678E+00  1.3299E+00  1.0434E+00
  4.3000E+01  3.5960E-03  8.4341E-01 -6.3699E-01 -5.0508E-01
  4.3000E+01  3.5960E-03  8.4341E-01 -6.3699E-01 -5.0508E-01
  4.3000E+01  3.5960E-03  8.4341E-01 -6.3699E-01 -5.0508E-01
  4.4000E+01  7.0400E-03  1.4453E+00  3.4783E-02  3.3573E-02
  4.4000E+01  7.0400E-03  1.4453E+00  3.4783E-02  3.3573E-02
  4.4000E+01  7.0400E-03  1.4453E+00  3.4783E-02  3.3573E-02
  4.4000E+01  7.0400E-03  1.4453E+00  3.4783E-02  3.3573E-02
  4.4000E+01  7.0400E-03  1.4453E+00  3.4783E-02  3.3573E-02
  4.4000E+01  7.0400E-03  1.4453E+00  3.4783E-02  3.3573E-02
  4.4000E+01  7.0400E-03  1.4453E+00  3.4783E-02  3.3573E-02
  4.4000E+01  7.0400E-03  1.4453E+00  3.4783E-02  3.3573E-02
  4.4000E+01  7.0400E-03  1.4453E+00  3.4783E-02  3.3573E-02
  4.4000E+01  7.0400E-03  1.4453E+00  3.4783E-02  3.3573E-02
  4.4000E+01  7.0400E-03  1.4453E+00  3.4783E-02  3.3573E-02
  4.4000E+01  7.0400E-03  1.4453E+00  3.4783E-02  3.3573E-02
  4.4000E+01  7.0400E-03  1.4453E+00  3.4783E-02  3.3573E-02
  4.4000E+01  7.0400E-03  1.4453E+00  3.4783E-02  3.3573E-02
  4.4000E+01  7.0400E-03  1.4453E+00  3.4783E-02  3.3573E-02
  4.4000E+01  7.0400E-03  1.4453E+00  3.4783E-02  3.3573E-02
  4.5000E+01  4.1353E-03  9.4458E-01 -4.9728E-01 -3.9179E-01
  4.5000E+01  4.1353E-03  9.4458E-01 -4.9728E-01 -3.9179E-01
  4.5000E+01  4.1353E-03  9.4458E-01 -4.9728E-01 -3.9179E-01
  4.5000E+01  4.1353E-03  9.4458E-01 -4.9728E-01 -3.9179E-01
  4.5000E+01  4.1353E-03  9.4458E-01 -4.9728E-01 -3.9179E-01
  4.5000E+01  4.1353E-03  9.4458E-01 -4.9728E-01 -3.9179E-01
  4.5000E+01  4.1353E-03  9.4458E-01 -4.9728E-01 -3.9179E-01
  4.5000E+01  4.1353E-03  9.4458E-01 -4.9728E-01 -3.9179E-01
  4.5000E+01  4.1353E-03  9.4458E-01 -4.9728E-01 -3.9179E-01
  4.5000E+01  4.1353E-03  9.4458E-01 -4.9728E-01 -3.9179E-01
  4.5000E+01  4.1353E-03  9.4458E-01 -4.9728E-01 -3.9179E-01
  4.5000E+01  4.1353E-03  9.4458E-01 -4.9728E-01 -3.9179E-01
  4.5000E+01  4.1353E-03  9.4458E-01 -4.9728E-01 -3.9179E-01
  4.6000E+01  5.1278E-03  1.1175E+00 -2.8214E-01 -2.2372E-01
  4.6000E+01  5.1278E-03  1.1175E+00 -2.8214E-01 -2.2372E-01
  4.6000E+01  5.1278E-03  1.1175E+00 -2.8214E-01 -2.2372E-01
  4.6000E+01  5.1278E-03  1.1175E+00 -2.8214E-01 -2.2372E-01
  4.7000E+01  1.2181E-02  2.2148E+00  5.8308E-01  4.6040E-01
  4.7000E+01  1.2181E-02  2.2148E+00  5.8308E-01  4.6040E-01
  4.7000E+01  1.2181E-02  2.2148E+00  5.8308E-01  4.6040E-01
  4.7000E+01  1.2181E-02  2.2148E+00  5.8308E-01  4.6040E-01
  4.7000E+01  1.2181E-02  2.2148E+00  5.8308E-01  4.6040E-01
  4.7000E+01  1.2181E-02  2.2148E+00  5.8308E-01  4.6040E-01
  4.7000E+01  1.2181E-02  2.2148E+00  5.8308E-01  4.6040E-01
  4.8000E+01  2.6151E-03  6.8072E-01 -9.5552E-01 -7.1939E-01
  4.8000E+01  2.6151E-03  6.8072E-01 -9.5552E-01 -7.1939E-01
  4.8000E+01  2.6151E-03  6.8072E-01 -9.5552E-01 -7.1939E-01
  4.8000E+01  2.6151E-03  6.8072E-01 -9.5552E-01 -7.1939E-01
  4.8000E+01  2.6151E-03  6.8072E-01 -9.5552E-01 -7.1939E-01
  4.8000E+01  2.6151E-03  6.8072E-01 -9.5552E-01 -7.1939E-01
  4.8000E+01  2.6151E-03  6.8072E-01 -9.5552E-01 -7.1939E-01
  4.8000E+01  2.6151E-03  6.8072E-01 -9.5552E-01 -7.1939E-01
  4.8000E+01  2.6151E-03  6.8072E-01 -9.5552E-01 -7.1939E-01
  4.8000E+01  2.6151E-03  6.8072E-01 -9.5552E-01 -7.1939E-01
  4.8000E+01  2.6151E-03  6.8072E-01 -9.5552E-01 -7.1939E-01
  4.8000E+01  2.6151E-03  6.8072E-01 -9.5552E-01 -7.1939E-01
  4.8000E+01  2.6151E-03  6.8072E-01 -9.5552E-01 -7.1939E-01
  4.8000E+01  2.6151E-03  6.8072E-01 -9.5552E-01 -7.1939E-01
  4.9000E+01  6.6251E-03  1.3796E+00 -2.5958E-02 -1.2965E-02
  4.9000E+01  6.6251E-03  1.3796E+00 -2.5958E-02 -1.2965E-02
  4.9000E+01  6.6251E-03  1.3796E+00 -2.5958E-02 -1.2965E-02
  4.9000E+01  6.6251E-03  1.3796E+00 -2.5958E-02 -1.2965E-02
  4.9000E+01  6.6251E-03  1.3796E+00 -2.5958E-02 -1.2965E-02
  4.9000E+01  6.6251E-03  1.3796E+00 -2.5958E-02 -1.2965E-02
  4.9000E+01  6.6251E-03  1.3796E+00 -2.5958E-02 -1.2965E-02
  4.9000E+01  6.6251E-03  1.3796E+00 -2.5958E-02 -1.2965E-02
  4.9000E+01  6.6251E-03  1.3796E+00 -2.5958E-02 -1.2965E-02
  4.9000E+01  6.6251E-03  1.3796E+00 -2.5958E-02 -1.2965E-02
  4.9000E+01  6.6251E-03  1.3796E+00 -2.5958E-02 -1.2965E-02
  4.9000E+01  6.6251E-03  1.3796E+00 -2.5958E-02 -1.2965E-02
  4.9000E+01  6.6251E-03  1.3796E+00 -2.5958E-02 -1.2965E-02
  4.9000E+01  6.6251E-03  1.3796E+00 -2.5958E-02 -1.2965E-02
  4.9000E+01  6.6251E-03  1.3796E+00 -2.5958E-02 -1.2965E-02
  4.9000E+01  6.6251E-03  1.3796E+00 -2.5958E-02 -1.2965E-02
  4.9000E+01  6.6251E-03  1.3796E+00 -2.5958E-02 -1.2965E-02
  5.0000E+01  4.0473E-03  9.1451E-01 -5.1878E-01 -4.2415E-01
  5.0000E+01  4.0473E-03  9.1451E-01 -5.1878E-01 -4.2415E-01
  5.0000E+01  4.0473E-03  9.1451E-01 -5.1878E-01 -4.2415E-01
  5.0000E+01  4.0473E-03  9.1451E-01 -5.1878E-01 -4.2415E-01
  5.0000E+01  4.0473E-03  9.1451E-01 -5.1878E-01 -4.2415E-01
  5.0000E+01  4.0473E-03  9.1451E-01 -5.1878E-01 -4.2415E-01
  5.0000E+01  4.0473E-03  9.1451E-01 -5.1878E-01 -4.2415E-01
  5.0000E+01  4.0473E-03  9.1451E-01 -5.1878E-01 -4.2415E-01
  5.0000E+01  4.0473E-03  9.1451E-01 -5.1878E-01 -4.2415E-01
  5.0000E+01  4.0473E-03  9.1451E-01 -5.1878E-01 -4.2415E-01
  5.0000E+01  4.0473E-03  9.1451E-01 -5.1878E-01 -4.2415E-01
  5.0000E+01  4.0473E-03  9.1451E-01 -5.1878E-01 -4.2415E-01
  5.0000E+01  4.0473E-03  9.1451E-01 -5.1878E-01 -4.2415E-01
  5.0000E+01  4.0473E-03  9.1451E-01 -5.1878E-01 -4.2415E-01
  5.0000E+01  4.0473E-03  9.1451E-01 -5.1878E-01 -4.2415E-01
  5.0000E+01  4.0473E-03  9.1451E-01 -5.1878E-01 -4.2415E-01
  5.0000E+01  4.0473E-03  9.1451E-01 -5.1878E-01 -4.2415E-01
  5.0000E+01  4.0473E-03  9.1451E-01 -5.1878E-01 -4.2415E-01
  5.0000E+01  4.0473E-03  9.1451E-01 -5.1878E-01 -4.2415E-01
  5.0000E+01  4.0473E-03  9.1451E-01 -5.1878E-01 -4.2415E-01
  5.1000E+01  4.8597E-03  1.0803E+00 -3.3585E-01 -2.5753E-01
  5.1000E+01  4.8597E-03  1.0803E+00 -3.3585E-01 -2.5753E-01
  5.1000E+01  4.8597E-03  1.0803E+00 -3.3585E-01 -2.5753E-01
  5.1000E+01  4.8597E-03  1.0803E+00 -3.3585E-01 -2.5753E-01
  5.1000E+01  4.8597E-03  1.0803E+00 -3.3585E-01 -2.5753E-01
  5.1000E+01  4.8597E-03  1.0803E+00 -3.3585E-01 -2.5753E-01
  5.1000E+01  4.8597E-03  1.0803E+00 -3.3585E-01 -2.5753E-01
  5.1000E+01  4.8597E-03  1.0803E+00 -3.3585E-01 -2.5753E-01
  5.1000E+01  4.8597E-03  1.0803E+00 -3.3585E-01 -2.5753E-01
  5.1000E+01  4.8597E-03  1.0803E+00 -3.3585E-01 -2.5753E-01
  5.1000E+01  4.8597E-03  1.0803E+00 -3.3585E-01 -2.5753E-01
  5.1000E+01  4.8597E-03  1.0803E+00 -3.3585E-01 -2.5753E-01
  5.1000E+01  4.8597E-03  1.0803E+00 -3.3585E-01 -2.5753E-01
  5.1000E+01  4.8597E-03  1.0803E+00 -3.3585E-01 -2.5753E-01
  5.1000E+01  4.8597E-03  1.0803E+00 -3.3585E-01 -2.5753E-01
  5.1000E+01  4.8597E-03  1.0803E+00 -3.3585E-01 -2.5753E-01
  5.2000E+01  3.8508E-03  8.7261E-01 -5.6854E-01 -4.7104E-01
  5.2000E+01  3.8508E-03  8.7261E-01 -5.6854E-01 -4.7104E-01
  5.2000E+01  3.8508E-03  8.7261E-01 -5.6854E-01 -4.7104E-01
  5.2000E+01  3.8508E-03  8.7261E-01 -5.6854E-01 -4.7104E-01
  5.2000E+01  3.8508E-03  8.7261E-01 -5.6854E-01 -4.7104E-01
  5.2000E+01  3.8508E-03  8.7261E-01 -5.6854E-01 -4.7104E-01
  5.2000E+01  3.8508E-03  8.7261E-01 -5.6854E-01 -4.7104E-01
  5.2000E+01  3.8508E-03  8.7261E-01 -5.6854E-01 -4.7104E-01
  5.2000E+01  3.8508E-03  8.7261E-01 -5.6854E-01 -4.7104E-01
  5.2000E+01  3.8508E-03  8.7261E-01 -5.6854E-01 -4.7104E-01
  5.2000E+01  3.8508E-03  8.7261E-01 -5.6854E-01 -4.7104E-01
  5.2000E+01  3.8508E-03  8.7261E-01 -5.6854E-01 -4.7104E-01
  5.2000E+01  3.8508E-03  8.7261E-01 -5.6854E-01 -4.7104E-01
  5.2000E+01  3.8508E-03  8.7261E-01 -5.6854E-01 -4.7104E-01
  5.2000E+01  3.8508E-03  8.7261E-01 -5.6854E-01 -4.7104E-01
  5.2000E+01  3.8508E-03  8.7261E-01 -5.6854E-01 -4.7104E-01
  5.2000E+01  3.8508E-03  8.7261E-01 -5.6854E-01 -4.7104E-01
  5.3000E+01  7.2651E-03  1.4830E+00  6.6257E-02  5.9294E-02
  5.3000E+01  7.2651E-03  1.4830E+00  6.6257E-02  5.9294E-02
  5.3000E+01  7.2651E-03  1.4830E+00  6.6257E-02  5.9294E-02
  5.3000E+01  7.2651E-03  1.4830E+00  6.6257E-02  5.9294E-02
  5.3000E+01  7.2651E-03  1.4830E+00  6.6257E-02  5.9294E-02
  5.3000E+01  7.2651E-03  1.4830E+00  6.6257E-02  5.9294E-02
  5.3000E+01  7.2651E-03  1.4830E+00  6.6257E-02  5.9294E-02
  5.3000E+01  7.2651E-03  1.4830E+00  6.6257E-02  5.9294E-02
  5.3000E+01  7.2651E-03  1.4830E+00  6.6257E-02  5.9294E-02
  5.4000E+01  6.5166E-03  1.3576E+00 -4.2473E-02 -2.9037E-02
  5.4000E+01  6.5166E-03  1.3576E+00 -4.2473E-02 -2.9037E-02
  5.4000E+01  6.5166E-03  1.3576E+00 -4.2473E-02 -2.9037E-02
  5.4000E+01  6.5166E-03  1.3576E+00 -4.2473E-02 -2.9037E-02
  5.4000E+01  6.5166E-03  1.3576E+00 -4.2473E-02 -2.9037E-02
  5.4000E+01  6.5166E-03  1.3576E+00 -4.2473E-02 -2.9037E-02
  5.4000E+01  6.5166E-03  1.3576E+00 -4.2473E-02 -2.9037E-02
  5.4000E+01  6.5166E-03  1.3576E+00 -4.2473E-02 -2.9037E-02
  5.4000E+01  6.5166E-03  1.3576E+00 -4.2473E-02 -2.9037E-02
  5.4000E+01  6.5166E-03  1.3576E+00 -4.2473E-02 -2.9037E-02
  5.4000E+01  6.5166E-03  1.3576E+00 -4.2473E-02 -2.9037E-02
  5.4000E+01  6.5166E-03  1.3576E+00 -4.2473E-02 -2.9037E-02
  5.4000E+01  6.5166E-03  1.3576E+00 -4.2473E-02 -2.9037E-02
  5.4000E+01  6.5166E-03  1.3576E+00 -4.2473E-02 -2.9037E-02
  5.4000E+01  6.5166E-03  1.3576E+00 -4.2473E-02 -2.9037E-02
  5.5000E+01  7.8227E-03  1.5607E+00  1.4020E-01  1.1035E-01
  5.5000E+01  7.8227E-03  1.5607E+00  1.4020E-01  1.1035E-01
  5.5000E+01  7.8227E-03  1.5607E+00  1.4020E-01  1.1035E-01
  5.5000E+01  7.8227E-03  1.5607E+00  1.4020E-01  1.1035E-01
  5.5000E+01  7.8227E-03  1.5607E+00  1.4020E-01  1.1035E-01
  5.5000E+01  7.8227E-03  1.5607E+00  1.4020E-01  1.1035E-01
  5.5000E+01  7.8227E-03  1.5607E+00  1.4020E-01  1.1035E-01
  5.5000E+01  7.8227E-03  1.5607E+00  1.4020E-01  1.1035E-01
  5.5000E+01  7.8227E-03  1.5607E+00  1.4020E-01  1.1035E-01
  5.6000E+01  2.9705E-03  7.2578E-01 -8.2810E-01 -6.5528E-01
  5.6000E+01  2.9705E-03  7.2578E-01 -8.2810E-01 -6.5528E-01
  5.6000E+01  2.9705E-03  7.2578E-01 -8.2810E-01 -6.5528E-01
  5.6000E+01  2.9705E-03  7.2578E-01 -8.2810E-01 -6.5528E-01
  5.7000E+01  1.0459E-02  1.9606E+00  4.3062E-01  3.3849E-01
  5.7000E+01  1.0459E-02  1.9606E+00  4.3062E-01  3.3849E-01
  5.7000E+01  1.0459E-02  1.9606E+00  4.3062E-01  3.3849E-01
  5.7000E+01  1.0459E-02  1.9606E+00  4.3062E-01  3.3849E-01
  5.7000E+01  1.0459E-02  1.9606E+00  4.3062E-01  3.3849E-01
  5.7000E+01  1.0459E-02  1.9606E+00  4.3062E-01  3.3849E-01
  5.7000E+01  1.0459E-02  1.9606E+00  4.3062E-01  3.3849E-01
  5.7000E+01  1.0459E-02  1.9606E+00  4.3062E-01  3.3849E-01
  5.7000E+01  1.0459E-02  1.9606E+00  4.3062E-01  3.3849E-01
  5.7000E+01  1.0459E-02  1.9606E+00  4.3062E-01  3.3849E-01
  5.7000E+01  1.0459E-02  1.9606E+00  4.3062E-01  3.3849E-01
  5.7000E+01  1.0459E-02  1.9606E+00  4.3062E-01  3.3849E-01
  5.7000E+01  1.0459E-02  1.9606E+00  4.3062E-01  3.3849E-01
  5.8000E+01  5.8790E-03  1.2356E+00 -1.4545E-01 -1.2322E-01
  5.8000E+01  5.8790E-03  1.2356E+00 -1.4545E-01 -1.2322E-01
  5.8000E+01  5.8790E-03  1.2356E+00 -1.4545E-01 -1.2322E-01
  5.8000E+01  5.8790E-03  1.2356E+00 -1.4545E-01 -1.2322E-01
  5.8000E+01  5.8790E-03  1.2356E+00 -1.4545E-01 -1.2322E-01
  5.8000E+01  5.8790E-03  1.2356E+00 -1.4545E-01 -1.2322E-01
  5.8000E+01  5.8790E-03  1.2356E+00 -1.4545E-01 -1.2322E-01
  5.8000E+01  5.8790E-03  1.2356E+00 -1.4545E-01 -1.2322E-01
  5.8000E+01  5.8790E-03  1.2356E+00 -1.4545E-01 -1.2322E-01
  5.8000E+01  5.8790E-03  1.2356E+00 -1.4545E-01 -1.2322E-01
  5.8000E+01  5.8790E-03  1.2356E+00 -1.4545E-01 -1.2322E-01
  5.8000E+01  5.8790E-03  1.2356E+00 -1.4545E-01 -1.2322E-01
  5.8000E+01  5.8790E-03  1.2356E+00 -1.4545E-01 -1.2322E-01
  5.8000E+01  5.8790E-03  1.2356E+00 -1.4545E-01 -1.2322E-01
  5.8000E+01  5.8790E-03  1.2356E+00 -1.4545E-01 -1.2322E-01
  5.8000E+01  5.8790E-03  1.2356E+00 -1.4545E-01 -1.2322E-01
  5.9000E+01  4.2986E-03  9.7601E-01 -4.5854E-01 -3.5905E-01
  5.9000E+01  4.2986E-03  9.7601E-01 -4.5854E-01 -3.5905E-01
  5.9000E+01  4.2986E-03  9.7601E-01 -4.5854E-01 -3.5905E-01
  5.9000E+01  4.2986E-03  9.7601E-01 -4.5854E-01 -3.5905E-01
  5.9000E+01  4.2986E-03  9.7601E-01 -4.5854E-01 -3.5905E-01
  5.9000E+01  4.2986E-03  9.7601E-01 -4.5854E-01 -3.5905E-01
  5.9000E+01  4.2986E-03  9.7601E-01 -4.5854E-01 -3.5905E-01
  5.9000E+01  4.2986E-03  9.7601E-01 -4.5854E-01 -3.5905E-01
  5.9000E+01  4.2986E-03  9.7601E-01 -4.5854E-01 -3.5905E-01
  5.9000E+01  4.2986E-03  9.7601E-01 -4.5854E-01 -3.5905E-01
  5.9000E+01  4.2986E-03  9.7601E-01 -4.5854E-01 -3.5905E-01
  5.9000E+01  4.2986E-03  9.7601E-01 -4.5854E-01 -3.5905E-01
  5.9000E+01  4.2986E-03  9.7601E-01 -4.5854E-01 -3.5905E-01
  5.9000E+01  4.2986E-03  9.7601E-01 -4.5854E-01 -3.5905E-01
  5.9000E+01  4.2986E-03  9.7601E-01 -4.5854E-01 -3.5905E-01
  5.9000E+01  4.2986E-03  9.7601E-01 -4.5854E-01 -3.5905E-01
  5.9000E+01  4.2986E-03  9.7601E-01 -4.5854E-01 -3.5905E-01
