TABLE NO.  3
 ID          WT          PMA         AGE
  1.0000E+00  2.8200E+00  3.6100E+01  1.4000E-02
  1.0000E+00  2.8200E+00  3.6100E+01  1.4000E-02
  1.0000E+00  2.8200E+00  3.6100E+01  1.4000E-02
  1.0000E+00  2.8200E+00  3.6100E+01  1.4000E-02
  2.0000E+00  2.3100E+00  3.2900E+01  5.3000E-02
  2.0000E+00  2.3100E+00  3.2900E+01  5.3000E-02
  2.0000E+00  2.3100E+00  3.2900E+01  5.3000E-02
  3.0000E+00  1.9200E+00  3.1800E+01  3.5000E-02
  3.0000E+00  1.9200E+00  3.1800E+01  3.5000E-02
  3.0000E+00  1.9200E+00  3.1800E+01  3.5000E-02
  3.0000E+00  1.9200E+00  3.1800E+01  3.5000E-02
  4.0000E+00  1.1500E+00  2.8200E+01  2.4000E-02
  4.0000E+00  1.1500E+00  2.8200E+01  2.4000E-02
  4.0000E+00  1.1500E+00  2.8200E+01  2.4000E-02
  5.0000E+00  2.6000E+00  3.5100E+01  2.0000E-02
  5.0000E+00  2.6000E+00  3.5100E+01  2.0000E-02
  5.0000E+00  2.6000E+00  3.5100E+01  2.0000E-02
  6.0000E+00  2.2400E+00  3.4900E+01  5.2000E-02
  6.0000E+00  2.2400E+00  3.4900E+01  5.2000E-02
  6.0000E+00  2.2400E+00  3.4900E+01  5.2000E-02
  6.0000E+00  2.2400E+00  3.4900E+01  5.2000E-02
  7.0000E+00  3.8000E+00  4.2800E+01  5.6000E-02
  7.0000E+00  3.8000E+00  4.2800E+01  5.6000E-02
  7.0000E+00  3.8000E+00  4.2800E+01  5.6000E-02
  8.0000E+00  1.8000E+00  3.1100E+01  1.8000E-02
  8.0000E+00  1.8000E+00  3.1100E+01  1.8000E-02
  8.0000E+00  1.8000E+00  3.1100E+01  1.8000E-02
  9.0000E+00  2.2700E+00  3.5600E+01  2.3000E-02
  9.0000E+00  2.2700E+00  3.5600E+01  2.3000E-02
  9.0000E+00  2.2700E+00  3.5600E+01  2.3000E-02
  9.0000E+00  2.2700E+00  3.5600E+01  2.3000E-02
  1.0000E+01  1.7500E+00  2.9800E+01  7.2000E-02
  1.0000E+01  1.7500E+00  2.9800E+01  7.2000E-02
  1.0000E+01  1.7500E+00  2.9800E+01  7.2000E-02
  1.1000E+01  4.1300E+00  4.4200E+01  6.1000E-02
  1.1000E+01  4.1300E+00  4.4200E+01  6.1000E-02
  1.1000E+01  4.1300E+00  4.4200E+01  6.1000E-02
  1.1000E+01  4.1300E+00  4.4200E+01  6.1000E-02
  1.2000E+01  3.6600E+00  4.0100E+01  2.1000E-02
  1.2000E+01  3.6600E+00  4.0100E+01  2.1000E-02
  1.2000E+01  3.6600E+00  4.0100E+01  2.1000E-02
  1.2000E+01  3.6600E+00  4.0100E+01  2.1000E-02
  1.3000E+01  3.5500E+00  4.0600E+01  5.6000E-02
  1.3000E+01  3.5500E+00  4.0600E+01  5.6000E-02
  1.3000E+01  3.5500E+00  4.0600E+01  5.6000E-02
  1.3000E+01  3.5500E+00  4.0600E+01  5.6000E-02
  1.4000E+01  2.5900E+00  3.6400E+01  2.0000E-03
  1.4000E+01  2.5900E+00  3.6400E+01  2.0000E-03
  1.4000E+01  2.5900E+00  3.6400E+01  2.0000E-03
  1.4000E+01  2.5900E+00  3.6400E+01  2.0000E-03
  1.5000E+01  2.7500E+00  3.6900E+01  6.7000E-02
  1.5000E+01  2.7500E+00  3.6900E+01  6.7000E-02
  1.5000E+01  2.7500E+00  3.6900E+01  6.7000E-02
  1.5000E+01  2.7500E+00  3.6900E+01  6.7000E-02
  1.6000E+01  2.5200E+00  3.3300E+01  4.4000E-02
  1.6000E+01  2.5200E+00  3.3300E+01  4.4000E-02
  1.6000E+01  2.5200E+00  3.3300E+01  4.4000E-02
  1.7000E+01  2.7700E+00  3.4900E+01  6.3000E-02
  1.7000E+01  2.7700E+00  3.4900E+01  6.3000E-02
  1.7000E+01  2.7700E+00  3.4900E+01  6.3000E-02
  1.7000E+01  2.7700E+00  3.4900E+01  6.3000E-02
  1.8000E+01  2.9100E+00  3.6400E+01  5.8000E-02
  1.8000E+01  2.9100E+00  3.6400E+01  5.8000E-02
  1.8000E+01  2.9100E+00  3.6400E+01  5.8000E-02
  1.8000E+01  2.9100E+00  3.6400E+01  5.8000E-02
  1.9000E+01  3.8600E+00  4.1500E+01  1.0000E-02
  1.9000E+01  3.8600E+00  4.1500E+01  1.0000E-02
  1.9000E+01  3.8600E+00  4.1500E+01  1.0000E-02
  2.0000E+01  3.0800E+00  3.6600E+01  4.7000E-02
  2.0000E+01  3.0800E+00  3.6600E+01  4.7000E-02
  2.0000E+01  3.0800E+00  3.6600E+01  4.7000E-02
  2.0000E+01  3.0800E+00  3.6600E+01  4.7000E-02
  2.1000E+01  3.3200E+00  3.9100E+01  6.2000E-02
  2.1000E+01  3.3200E+00  3.9100E+01  6.2000E-02
  2.1000E+01  3.3200E+00  3.9100E+01  6.2000E-02
  2.1000E+01  3.3200E+00  3.9100E+01  6.2000E-02
  2.2000E+01  2.0800E+00  3.2200E+01  5.8000E-02
  2.2000E+01  2.0800E+00  3.2200E+01  5.8000E-02
  2.2000E+01  2.0800E+00  3.2200E+01  5.8000E-02
  2.3000E+01  1.8800E+00  2.9800E+01  4.8000E-02
  2.3000E+01  1.8800E+00  2.9800E+01  4.8000E-02
  2.3000E+01  1.8800E+00  2.9800E+01  4.8000E-02
  2.3000E+01  1.8800E+00  2.9800E+01  4.8000E-02
  2.4000E+01  3.4000E+00  4.0700E+01  1.8000E-02
  2.4000E+01  3.4000E+00  4.0700E+01  1.8000E-02
  2.4000E+01  3.4000E+00  4.0700E+01  1.8000E-02
  2.5000E+01  2.0100E+00  3.1800E+01  5.1000E-02
  2.5000E+01  2.0100E+00  3.1800E+01  5.1000E-02
  2.5000E+01  2.0100E+00  3.1800E+01  5.1000E-02
  2.6000E+01  2.5400E+00  3.5300E+01  6.1000E-02
  2.6000E+01  2.5400E+00  3.5300E+01  6.1000E-02
  2.6000E+01  2.5400E+00  3.5300E+01  6.1000E-02
  2.6000E+01  2.5400E+00  3.5300E+01  6.1000E-02
  2.7000E+01  3.5300E+00  4.1600E+01  4.3000E-02
  2.7000E+01  3.5300E+00  4.1600E+01  4.3000E-02
  2.7000E+01  3.5300E+00  4.1600E+01  4.3000E-02
  2.7000E+01  3.5300E+00  4.1600E+01  4.3000E-02
  2.8000E+01  3.4500E+00  4.1300E+01  1.0000E-02
  2.8000E+01  3.4500E+00  4.1300E+01  1.0000E-02
  2.8000E+01  3.4500E+00  4.1300E+01  1.0000E-02
  2.9000E+01  4.1300E+00  4.2000E+01  4.2000E-02
  2.9000E+01  4.1300E+00  4.2000E+01  4.2000E-02
  2.9000E+01  4.1300E+00  4.2000E+01  4.2000E-02
  2.9000E+01  4.1300E+00  4.2000E+01  4.2000E-02
  3.0000E+01  1.7000E+00  3.1900E+01  1.6000E-02
  3.0000E+01  1.7000E+00  3.1900E+01  1.6000E-02
  3.0000E+01  1.7000E+00  3.1900E+01  1.6000E-02
  3.0000E+01  1.7000E+00  3.1900E+01  1.6000E-02
