TABLE NO.  2
 ID          CL          V           ETA1        ETA2        MAT
  1.0000E+00  9.0449E-02  2.2243E+00 -1.4647E-01  3.8960E-01  2.7523E-01
  1.0000E+00  9.0449E-02  2.2243E+00 -1.4647E-01  3.8960E-01  2.7523E-01
  1.0000E+00  9.0449E-02  2.2243E+00 -1.4647E-01  3.8960E-01  2.7523E-01
  1.0000E+00  9.0449E-02  2.2243E+00 -1.4647E-01  3.8960E-01  2.7523E-01
  2.0000E+00  5.7142E-02  1.4459E+00 -2.1792E-01  1.5836E-01  2.1689E-01
  2.0000E+00  5.7142E-02  1.4459E+00 -2.1792E-01  1.5836E-01  2.1689E-01
  2.0000E+00  5.7142E-02  1.4459E+00 -2.1792E-01  1.5836E-01  2.1689E-01
  3.0000E+00  6.1159E-02  8.8132E-01  8.0370E-02 -1.5177E-01  1.9790E-01
  3.0000E+00  6.1159E-02  8.8132E-01  8.0370E-02 -1.5177E-01  1.9790E-01
  3.0000E+00  6.1159E-02  8.8132E-01  8.0370E-02 -1.5177E-01  1.9790E-01
  3.0000E+00  6.1159E-02  8.8132E-01  8.0370E-02 -1.5177E-01  1.9790E-01
  4.0000E+00  3.0586E-02  5.5301E-01  1.1169E-01 -1.0525E-01  1.4088E-01
  4.0000E+00  3.0586E-02  5.5301E-01  1.1169E-01 -1.0525E-01  1.4088E-01
  4.0000E+00  3.0586E-02  5.5301E-01  1.1169E-01 -1.0525E-01  1.4088E-01
  5.0000E+00  5.8640E-02  1.1676E+00 -4.4880E-01 -1.7365E-01  2.5659E-01
  5.0000E+00  5.8640E-02  1.1676E+00 -4.4880E-01 -1.7365E-01  2.5659E-01
  5.0000E+00  5.8640E-02  1.1676E+00 -4.4880E-01 -1.7365E-01  2.5659E-01
  6.0000E+00  9.0613E-02  1.3883E+00  1.1264E-01  1.4848E-01  2.5290E-01
  6.0000E+00  9.0613E-02  1.3883E+00  1.1264E-01  1.4848E-01  2.5290E-01
  6.0000E+00  9.0613E-02  1.3883E+00  1.1264E-01  1.4848E-01  2.5290E-01
  6.0000E+00  9.0613E-02  1.3883E+00  1.1264E-01  1.4848E-01  2.5290E-01
  7.0000E+00  3.1965E-01  1.6533E+00  5.0883E-01 -2.0531E-01  4.0385E-01
  7.0000E+00  3.1965E-01  1.6533E+00  5.0883E-01 -2.0531E-01  4.0385E-01
  7.0000E+00  3.1965E-01  1.6533E+00  5.0883E-01 -2.0531E-01  4.0385E-01
  8.0000E+00  5.1812E-02  9.7362E-01  2.4060E-02  1.2367E-02  1.8616E-01
  8.0000E+00  5.1812E-02  9.7362E-01  2.4060E-02  1.2367E-02  1.8616E-01
  8.0000E+00  5.1812E-02  9.7362E-01  2.4060E-02  1.2367E-02  1.8616E-01
  9.0000E+00  9.5825E-02  9.4145E-01  1.0858E-01 -2.5322E-01  2.6587E-01
  9.0000E+00  9.5825E-02  9.4145E-01  1.0858E-01 -2.5322E-01  2.6587E-01
  9.0000E+00  9.5825E-02  9.4145E-01  1.0858E-01 -2.5322E-01  2.6587E-01
  9.0000E+00  9.5825E-02  9.4145E-01  1.0858E-01 -2.5322E-01  2.6587E-01
  1.0000E+01  5.6051E-02  9.1737E-01  2.4353E-01 -1.8968E-02  1.6516E-01
  1.0000E+01  5.6051E-02  9.1737E-01  2.4353E-01 -1.8968E-02  1.6516E-01
  1.0000E+01  5.6051E-02  9.1737E-01  2.4353E-01 -1.8968E-02  1.6516E-01
  1.1000E+01  2.4936E-01  1.8585E+00  1.3424E-01 -1.7161E-01  4.3045E-01
  1.1000E+01  2.4936E-01  1.8585E+00  1.3424E-01 -1.7161E-01  4.3045E-01
  1.1000E+01  2.4936E-01  1.8585E+00  1.3424E-01 -1.7161E-01  4.3045E-01
  1.1000E+01  2.4936E-01  1.8585E+00  1.3424E-01 -1.7161E-01  4.3045E-01
  1.2000E+01  1.3362E-01  2.1867E+00 -1.9739E-01  1.1183E-01  3.5183E-01
  1.2000E+01  1.3362E-01  2.1867E+00 -1.9739E-01  1.1183E-01  3.5183E-01
  1.2000E+01  1.3362E-01  2.1867E+00 -1.9739E-01  1.1183E-01  3.5183E-01
  1.2000E+01  1.3362E-01  2.1867E+00 -1.9739E-01  1.1183E-01  3.5183E-01
  1.3000E+01  1.5324E-01  1.4550E+00 -6.4592E-02 -2.6502E-01  3.6150E-01
  1.3000E+01  1.5324E-01  1.4550E+00 -6.4592E-02 -2.6502E-01  3.6150E-01
  1.3000E+01  1.5324E-01  1.4550E+00 -6.4592E-02 -2.6502E-01  3.6150E-01
  1.3000E+01  1.5324E-01  1.4550E+00 -6.4592E-02 -2.6502E-01  3.6150E-01
  1.4000E+01  1.1359E-01  1.2759E+00  1.2487E-01 -8.1088E-02  2.8087E-01
  1.4000E+01  1.1359E-01  1.2759E+00  1.2487E-01 -8.1088E-02  2.8087E-01
  1.4000E+01  1.1359E-01  1.2759E+00  1.2487E-01 -8.1088E-02  2.8087E-01
  1.4000E+01  1.1359E-01  1.2759E+00  1.2487E-01 -8.1088E-02  2.8087E-01
  1.5000E+01  9.9657E-02  1.6079E+00 -8.4125E-02  9.0229E-02  2.9034E-01
  1.5000E+01  9.9657E-02  1.6079E+00 -8.4125E-02  9.0229E-02  2.9034E-01
  1.5000E+01  9.9657E-02  1.6079E+00 -8.4125E-02  9.0229E-02  2.9034E-01
  1.5000E+01  9.9657E-02  1.6079E+00 -8.4125E-02  9.0229E-02  2.9034E-01
  1.6000E+01  3.8409E-02  9.7307E-01 -7.1245E-01 -3.2467E-01  2.2395E-01
  1.6000E+01  3.8409E-02  9.7307E-01 -7.1245E-01 -3.2467E-01  2.2395E-01
  1.6000E+01  3.8409E-02  9.7307E-01 -7.1245E-01 -3.2467E-01  2.2395E-01
  1.7000E+01  8.0727E-02  1.4476E+00 -1.6216E-01 -2.2051E-02  2.5290E-01
  1.7000E+01  8.0727E-02  1.4476E+00 -1.6216E-01 -2.2051E-02  2.5290E-01
  1.7000E+01  8.0727E-02  1.4476E+00 -1.6216E-01 -2.2051E-02  2.5290E-01
  1.7000E+01  8.0727E-02  1.4476E+00 -1.6216E-01 -2.2051E-02  2.5290E-01
  1.8000E+01  1.0042E-01  1.4315E+00 -8.5806E-02 -8.2542E-02  2.8087E-01
  1.8000E+01  1.0042E-01  1.4315E+00 -8.5806E-02 -8.2542E-02  2.8087E-01
  1.8000E+01  1.0042E-01  1.4315E+00 -8.5806E-02 -8.2542E-02  2.8087E-01
  1.8000E+01  1.0042E-01  1.4315E+00 -8.5806E-02 -8.2542E-02  2.8087E-01
  1.9000E+01  1.9276E-01  2.0106E+00  5.5117E-02 -2.5341E-02  3.7888E-01
  1.9000E+01  1.9276E-01  2.0106E+00  5.5117E-02 -2.5341E-02  3.7888E-01
  1.9000E+01  1.9276E-01  2.0106E+00  5.5117E-02 -2.5341E-02  3.7888E-01
  2.0000E+01  1.1845E-01  2.0762E+00  2.3412E-02  2.3251E-01  2.8465E-01
  2.0000E+01  1.1845E-01  2.0762E+00  2.3412E-02  2.3251E-01  2.8465E-01
  2.0000E+01  1.1845E-01  2.0762E+00  2.3412E-02  2.3251E-01  2.8465E-01
  2.0000E+01  1.1845E-01  2.0762E+00  2.3412E-02  2.3251E-01  2.8465E-01
  2.1000E+01  1.3949E-01  1.5686E+00 -2.4794E-02 -1.2286E-01  3.3251E-01
  2.1000E+01  1.3949E-01  1.5686E+00 -2.4794E-02 -1.2286E-01  3.3251E-01
  2.1000E+01  1.3949E-01  1.5686E+00 -2.4794E-02 -1.2286E-01  3.3251E-01
  2.1000E+01  1.3949E-01  1.5686E+00 -2.4794E-02 -1.2286E-01  3.3251E-01
  2.2000E+01  6.7245E-02  1.1922E+00  8.1248E-02  7.0301E-02  2.0473E-01
  2.2000E+01  6.7245E-02  1.1922E+00  8.1248E-02  7.0301E-02  2.0473E-01
  2.2000E+01  6.7245E-02  1.1922E+00  8.1248E-02  7.0301E-02  2.0473E-01
  2.3000E+01  4.2525E-02  1.0614E+00 -8.6387E-02  5.5226E-02  1.6516E-01
  2.3000E+01  4.2525E-02  1.0614E+00 -8.6387E-02  5.5226E-02  1.6516E-01
  2.3000E+01  4.2525E-02  1.0614E+00 -8.6387E-02  5.5226E-02  1.6516E-01
  2.3000E+01  4.2525E-02  1.0614E+00 -8.6387E-02  5.5226E-02  1.6516E-01
  2.4000E+01  1.4542E-01  1.8736E+00 -8.9909E-02  3.0960E-02  3.6343E-01
  2.4000E+01  1.4542E-01  1.8736E+00 -8.9909E-02  3.0960E-02  3.6343E-01
  2.4000E+01  1.4542E-01  1.8736E+00 -8.9909E-02  3.0960E-02  3.6343E-01
  2.5000E+01  5.5358E-02  1.4187E+00 -5.3645E-02  2.7851E-01  1.9790E-01
  2.5000E+01  5.5358E-02  1.4187E+00 -5.3645E-02  2.7851E-01  1.9790E-01
  2.5000E+01  5.5358E-02  1.4187E+00 -5.3645E-02  2.7851E-01  1.9790E-01
  2.6000E+01  1.0990E-01  1.6618E+00  1.8254E-01  2.0265E-01  2.6029E-01
  2.6000E+01  1.0990E-01  1.6618E+00  1.8254E-01  2.0265E-01  2.6029E-01
  2.6000E+01  1.0990E-01  1.6618E+00  1.8254E-01  2.0265E-01  2.6029E-01
  2.6000E+01  1.0990E-01  1.6618E+00  1.8254E-01  2.0265E-01  2.6029E-01
  2.7000E+01  2.1458E-01  1.5814E+00  2.2431E-01 -1.7612E-01  3.8081E-01
  2.7000E+01  2.1458E-01  1.5814E+00  2.2431E-01 -1.7612E-01  3.8081E-01
  2.7000E+01  2.1458E-01  1.5814E+00  2.2431E-01 -1.7612E-01  3.8081E-01
  2.7000E+01  2.1458E-01  1.5814E+00  2.2431E-01 -1.7612E-01  3.8081E-01
  2.8000E+01  1.2259E-01  2.0559E+00 -3.0307E-01  1.0921E-01  3.7502E-01
  2.8000E+01  1.2259E-01  2.0559E+00 -3.0307E-01  1.0921E-01  3.7502E-01
  2.8000E+01  1.2259E-01  2.0559E+00 -3.0307E-01  1.0921E-01  3.7502E-01
  2.9000E+01  1.6189E-01  2.4237E+00 -1.9521E-01  9.3922E-02  3.8851E-01
  2.9000E+01  1.6189E-01  2.4237E+00 -1.9521E-01  9.3922E-02  3.8851E-01
  2.9000E+01  1.6189E-01  2.4237E+00 -1.9521E-01  9.3922E-02  3.8851E-01
  2.9000E+01  1.6189E-01  2.4237E+00 -1.9521E-01  9.3922E-02  3.8851E-01
  3.0000E+01  9.6601E-02  1.0235E+00  6.2020E-01  1.1948E-01  1.9960E-01
  3.0000E+01  9.6601E-02  1.0235E+00  6.2020E-01  1.1948E-01  1.9960E-01
  3.0000E+01  9.6601E-02  1.0235E+00  6.2020E-01  1.1948E-01  1.9960E-01
  3.0000E+01  9.6601E-02  1.0235E+00  6.2020E-01  1.1948E-01  1.9960E-01
