TABLE NO.  1
 ID          TIME        AMT         DV          MDV         EVID        IPRE        IWRE        CWRES       DV          PRED        RES         WRES
  1.0000E+00  0.0000E+00  1.4100E+01  0.0000E+00  1.0000E+00  1.0000E+00  6.3390E+00 -9.2148E+00  0.0000E+00  0.0000E+00  9.3589E+00  0.0000E+00  0.0000E+00
  1.0000E+00  1.0000E+00  0.0000E+00  6.5160E+00  0.0000E+00  0.0000E+00  6.0864E+00  6.4885E-01 -4.8129E-01  6.5160E+00  8.7305E+00 -2.2145E+00 -6.8973E-01
  1.0000E+00  6.0000E+00  0.0000E+00  4.0380E+00  0.0000E+00  0.0000E+00  4.9667E+00 -1.6943E+00 -2.1870E+00  4.0380E+00  6.1675E+00 -2.1295E+00 -1.6153E+00
  1.0000E+00  7.2000E+01  0.0000E+00  4.7600E-01  0.0000E+00  0.0000E+00  3.3924E-01  8.3231E-01  1.5844E+00  4.7600E-01  6.2782E-02  4.1322E-01  2.3707E+00
  2.0000E+00  0.0000E+00  1.1550E+01  0.0000E+00  1.0000E+00  1.0000E+00  7.9882E+00 -9.3090E+00  0.0000E+00  0.0000E+00  9.3589E+00  0.0000E+00  0.0000E+00
  2.0000E+00  1.2000E+01  0.0000E+00  4.9100E+00  0.0000E+00  0.0000E+00  4.9715E+00 -1.1211E-01 -7.2651E-02  4.9100E+00  4.6899E+00  2.2005E-01  6.0836E-02
  2.0000E+00  7.2000E+01  0.0000E+00  5.4700E-01  0.0000E+00  0.0000E+00  4.6416E-01  4.9400E-01  1.1806E+00  5.4700E-01  1.4821E-01  3.9879E-01  1.6499E+00
  3.0000E+00  0.0000E+00  9.6000E+00  0.0000E+00  1.0000E+00  1.0000E+00  1.0893E+01 -9.3850E+00  0.0000E+00  0.0000E+00  9.3589E+00  0.0000E+00  0.0000E+00
  3.0000E+00  1.0000E+00  0.0000E+00  1.0785E+01  0.0000E+00  0.0000E+00  1.0162E+01  5.7407E-01  9.0057E-01  1.0785E+01  8.8579E+00  1.9271E+00  1.0280E+00
  3.0000E+00  1.2000E+01  0.0000E+00  4.6330E+00  0.0000E+00  0.0000E+00  4.7368E+00 -1.9769E-01 -3.8773E-01  4.6330E+00  4.8361E+00 -2.0307E-01 -4.8300E-01
  3.0000E+00  7.2000E+01  0.0000E+00  1.3400E-01  0.0000E+00  0.0000E+00  7.3656E-02  3.7583E-01  3.4067E-01  1.3400E-01  1.7817E-01 -4.4167E-02  4.6686E-01
  4.0000E+00  0.0000E+00  5.7500E+00  0.0000E+00  1.0000E+00  1.0000E+00  1.0398E+01 -9.3763E+00  0.0000E+00  0.0000E+00  9.3589E+00  0.0000E+00  0.0000E+00
  4.0000E+00  1.0000E+00  0.0000E+00  1.0078E+01  0.0000E+00  0.0000E+00  9.8382E+00  2.2826E-01  4.9074E-01  1.0078E+01  8.9514E+00  1.1266E+00  5.1585E-01
  4.0000E+00  7.2000E+01  0.0000E+00  1.4500E-01  0.0000E+00  0.0000E+00  1.9385E-01 -3.0216E-01 -5.4238E-01  1.4500E-01  3.7935E-01 -2.3435E-01 -4.3178E-01
  5.0000E+00  0.0000E+00  1.3000E+01  0.0000E+00  1.0000E+00  1.0000E+00  1.1134E+01 -9.3889E+00  0.0000E+00  0.0000E+00  9.3589E+00  0.0000E+00  0.0000E+00
  5.0000E+00  1.0000E+00  0.0000E+00  1.0698E+01  0.0000E+00  0.0000E+00  1.0588E+01  9.7057E-02  5.8006E-01  1.0698E+01  8.7601E+00  1.9379E+00  7.8683E-01
  5.0000E+00  1.2000E+01  0.0000E+00  6.7790E+00  0.0000E+00  0.0000E+00  6.0941E+00  1.0333E+00  1.9921E+00  6.7790E+00  4.2325E+00  2.5465E+00  2.2853E+00
  6.0000E+00  0.0000E+00  1.1200E+01  0.0000E+00  1.0000E+00  1.0000E+00  8.0675E+00 -9.3122E+00  0.0000E+00  0.0000E+00  9.3589E+00  0.0000E+00  0.0000E+00
  6.0000E+00  2.4000E+01  0.0000E+00  1.3870E+00  0.0000E+00  0.0000E+00  1.6843E+00 -1.2420E+00 -1.2144E+00  1.3870E+00  1.8454E+00 -4.5838E-01 -1.1210E+00
  6.0000E+00  4.8000E+01  0.0000E+00  6.4100E-01  0.0000E+00  0.0000E+00  3.5165E-01  1.7578E+00  1.9516E+00  6.4100E-01  3.6387E-01  2.7713E-01  1.9208E+00
  6.0000E+00  7.2000E+01  0.0000E+00  5.0000E-02  0.0000E+00  0.0000E+00  7.3417E-02 -1.4585E-01 -6.6952E-02  5.0000E-02  7.1747E-02 -2.1747E-02 -7.8723E-02
  7.0000E+00  0.0000E+00  1.9000E+01  0.0000E+00  1.0000E+00  1.0000E+00  1.1492E+01 -9.3942E+00  0.0000E+00  0.0000E+00  9.3589E+00  0.0000E+00  0.0000E+00
  7.0000E+00  6.0000E+00  0.0000E+00  3.7070E+00  0.0000E+00  0.0000E+00  3.6024E+00  2.5344E-01 -1.0618E+00  3.7070E+00  5.3035E+00 -1.5965E+00 -8.7828E-01
  7.0000E+00  1.2000E+01  0.0000E+00  1.0130E+00  0.0000E+00  0.0000E+00  1.1293E+00 -5.8195E-01 -1.8707E+00  1.0130E+00  3.0054E+00 -1.9924E+00 -1.7442E+00
  8.0000E+00  0.0000E+00  9.0000E+00  0.0000E+00  1.0000E+00  1.0000E+00  9.2439E+00 -9.3504E+00  0.0000E+00  0.0000E+00  9.3589E+00  0.0000E+00  0.0000E+00
  8.0000E+00  1.2000E+01  0.0000E+00  4.9000E+00  0.0000E+00  0.0000E+00  4.8811E+00  3.5007E-02 -7.1871E-02  4.9000E+00  4.9787E+00 -7.8676E-02 -7.1182E-02
  8.0000E+00  7.2000E+01  0.0000E+00  2.0500E-01  0.0000E+00  0.0000E+00  2.0037E-01  2.8604E-02  1.9908E-03  2.0500E-01  2.1211E-01 -7.1061E-03  1.2894E-03
  9.0000E+00  0.0000E+00  1.1350E+01  0.0000E+00  1.0000E+00  1.0000E+00  1.2056E+01 -9.4015E+00  0.0000E+00  0.0000E+00  9.3589E+00  0.0000E+00  0.0000E+00
  9.0000E+00  1.0000E+00  0.0000E+00  1.1570E+01  0.0000E+00  0.0000E+00  1.0889E+01  5.8676E-01  1.2174E+00  1.1570E+01  8.7185E+00  2.8515E+00  1.4046E+00
  9.0000E+00  2.4000E+01  0.0000E+00  1.0300E+00  0.0000E+00  0.0000E+00  1.0478E+00 -9.1548E-02 -6.3623E-01  1.0300E+00  1.7076E+00 -6.7760E-01 -6.4014E-01
  9.0000E+00  7.2000E+01  0.0000E+00  5.0000E-02  0.0000E+00  0.0000E+00  7.9155E-03  2.6242E-01  2.4819E-01  5.0000E-02  5.6847E-02 -6.8472E-03  4.8439E-01
  1.0000E+01  0.0000E+00  8.7500E+00  0.0000E+00  1.0000E+00  1.0000E+00  9.5381E+00 -9.3579E+00  0.0000E+00  0.0000E+00  9.3589E+00  0.0000E+00  0.0000E+00
  1.0000E+01  1.2000E+01  0.0000E+00  4.4950E+00  0.0000E+00  0.0000E+00  4.5818E+00 -1.7047E-01 -7.5563E-01  4.4950E+00  5.3250E+00 -8.2999E-01 -6.7779E-01
  1.0000E+01  7.2000E+01  0.0000E+00  5.0000E-02  0.0000E+00  0.0000E+00  1.1720E-01 -4.1778E-01 -6.2810E-01  5.0000E-02  3.1753E-01 -2.6753E-01 -5.2777E-01
  1.1000E+01  0.0000E+00  2.0650E+01  0.0000E+00  1.0000E+00  1.0000E+00  1.1111E+01 -9.3885E+00  0.0000E+00  0.0000E+00  9.3589E+00  0.0000E+00  0.0000E+00
  1.1000E+01  1.0000E+00  0.0000E+00  1.0101E+01  0.0000E+00  0.0000E+00  9.7160E+00  3.7101E-01  7.5085E-01  1.0101E+01  8.4783E+00  1.6227E+00  8.2240E-01
  1.1000E+01  2.4000E+01  0.0000E+00  4.0700E-01  0.0000E+00  0.0000E+00  4.4388E-01 -2.2074E-01 -6.9873E-01  4.0700E-01  8.7346E-01 -4.6646E-01 -5.9939E-01
  1.1000E+01  7.2000E+01  0.0000E+00  2.0000E-01  0.0000E+00  0.0000E+00  7.0841E-04  1.2427E+00  1.2403E+00  2.0000E-01  7.6082E-03  1.9239E-01  1.2744E+00
  1.2000E+01  0.0000E+00  1.8300E+01  0.0000E+00  1.0000E+00  1.0000E+00  8.3687E+00 -9.3235E+00  0.0000E+00  0.0000E+00  9.3589E+00  0.0000E+00  0.0000E+00
  1.2000E+01  1.2000E+01  0.0000E+00  3.9410E+00  0.0000E+00  0.0000E+00  4.0199E+00 -1.7393E-01  2.4908E-02  3.9410E+00  3.4466E+00  4.9443E-01  5.5643E-03
  1.2000E+01  2.4000E+01  0.0000E+00  2.0230E+00  0.0000E+00  0.0000E+00  1.9309E+00  3.5502E-01  8.3651E-01  2.0230E+00  1.2693E+00  7.5375E-01  9.7392E-01
  1.2000E+01  4.8000E+01  0.0000E+00  4.7600E-01  0.0000E+00  0.0000E+00  4.4553E-01  1.8230E-01  4.9605E-01  4.7600E-01  1.7214E-01  3.0386E-01  7.9800E-01
  1.3000E+01  0.0000E+00  1.7750E+01  0.0000E+00  1.0000E+00  1.0000E+00  1.2199E+01 -9.4033E+00  0.0000E+00  0.0000E+00  9.3589E+00  0.0000E+00  0.0000E+00
  1.3000E+01  1.0000E+00  0.0000E+00  1.1898E+01  0.0000E+00  0.0000E+00  1.0980E+01  7.8520E-01  1.4807E+00  1.1898E+01  8.5861E+00  3.3119E+00  1.7264E+00
  1.3000E+01  1.2000E+01  0.0000E+00  3.4600E+00  0.0000E+00  0.0000E+00  3.4472E+00  3.2177E-02  2.2397E-02  3.4600E+00  3.3270E+00  1.3300E-01 -3.2194E-02
  1.3000E+01  7.2000E+01  0.0000E+00  4.4100E-01  0.0000E+00  0.0000E+00  6.2115E-03  2.7111E+00  2.7079E+00  4.4100E-01  1.8888E-02  4.2211E-01  2.7629E+00
  1.4000E+01  0.0000E+00  1.2950E+01  0.0000E+00  1.0000E+00  1.0000E+00  1.0149E+01 -9.3715E+00  0.0000E+00  0.0000E+00  9.3589E+00  0.0000E+00  0.0000E+00
  1.4000E+01  6.0000E+00  0.0000E+00  6.0330E+00  0.0000E+00  0.0000E+00  5.9492E+00  1.2938E-01  5.5542E-02  6.0330E+00  6.0593E+00 -2.6260E-02  7.7032E-02
  1.4000E+01  1.2000E+01  0.0000E+00  3.5430E+00  0.0000E+00  0.0000E+00  3.4871E+00  1.3914E-01 -3.3687E-01  3.5430E+00  3.9230E+00 -3.7995E-01 -2.9941E-01
  1.4000E+01  4.8000E+01  0.0000E+00  5.0000E-02  0.0000E+00  0.0000E+00  1.4143E-01 -5.6769E-01 -7.5330E-01  5.0000E-02  2.8892E-01 -2.3892E-01 -6.0179E-01
  1.5000E+01  0.0000E+00  1.3750E+01  0.0000E+00  1.0000E+00  1.0000E+00  8.5515E+00 -9.3298E+00  0.0000E+00  0.0000E+00  9.3589E+00  0.0000E+00  0.0000E+00
  1.5000E+01  1.0000E+00  0.0000E+00  7.8520E+00  0.0000E+00  0.0000E+00  8.0375E+00 -2.1493E-01 -4.8318E-01  7.8520E+00  8.6932E+00 -8.4124E-01 -4.3964E-01
  1.5000E+01  1.2000E+01  0.0000E+00  4.2290E+00  0.0000E+00  0.0000E+00  4.0648E+00  3.5863E-01  4.0394E-01  4.2290E+00  3.8610E+00  3.6803E-01  3.7179E-01
  1.5000E+01  2.4000E+01  0.0000E+00  1.9410E+00  0.0000E+00  0.0000E+00  1.9321E+00  3.4298E-02  1.5745E-01  1.9410E+00  1.5928E+00  3.4818E-01  1.6721E-01
  1.6000E+01  0.0000E+00  1.2600E+01  0.0000E+00  1.0000E+00  1.0000E+00  1.2949E+01 -9.4113E+00  0.0000E+00  0.0000E+00  9.3589E+00  0.0000E+00  0.0000E+00
  1.6000E+01  1.2000E+01  0.0000E+00  9.3860E+00  0.0000E+00  0.0000E+00  8.0634E+00  1.5274E+00  3.2152E+00  9.3860E+00  4.6566E+00  4.7294E+00  4.2555E+00
  1.6000E+01  7.2000E+01  0.0000E+00  7.9000E-01  0.0000E+00  0.0000E+00  7.5503E-01  1.9526E-01  8.9813E-01  7.9000E-01  1.4200E-01  6.4800E-01  1.1044E+00
  1.7000E+01  0.0000E+00  1.3850E+01  0.0000E+00  1.0000E+00  1.0000E+00  9.5676E+00 -9.3586E+00  0.0000E+00  0.0000E+00  9.3589E+00  0.0000E+00  0.0000E+00
  1.7000E+01  1.0000E+00  0.0000E+00  8.5500E+00  0.0000E+00  0.0000E+00  9.0487E+00 -5.1499E-01 -4.6121E-01  8.5500E+00  8.7774E+00 -2.2737E-01 -4.3749E-01
  1.7000E+01  6.0000E+00  0.0000E+00  7.5720E+00  0.0000E+00  0.0000E+00  6.8468E+00  9.7980E-01  1.1402E+00  7.5720E+00  6.3688E+00  1.2032E+00  1.1947E+00
  1.7000E+01  1.2000E+01  0.0000E+00  4.8980E+00  0.0000E+00  0.0000E+00  4.8998E+00 -3.2523E-03  2.2529E-01  4.8980E+00  4.3340E+00  5.6402E-01  1.9081E-01
  1.8000E+01  0.0000E+00  1.4550E+01  0.0000E+00  1.0000E+00  1.0000E+00  1.0164E+01 -9.3718E+00  0.0000E+00  0.0000E+00  9.3589E+00  0.0000E+00  0.0000E+00
  1.8000E+01  1.0000E+00  0.0000E+00  1.0103E+01  0.0000E+00  0.0000E+00  9.4756E+00  6.1946E-01  7.1178E-01  1.0103E+01  8.7229E+00  1.3801E+00  7.5186E-01
  1.8000E+01  6.0000E+00  0.0000E+00  6.5170E+00  0.0000E+00  0.0000E+00  6.6724E+00 -2.1523E-01 -1.7831E-02  6.5170E+00  6.1353E+00  3.8165E-01 -2.4469E-02
  1.8000E+01  4.8000E+01  0.0000E+00  3.9900E-01  0.0000E+00  0.0000E+00  3.5056E-01  2.9434E-01  4.8953E-01  3.9900E-01  3.1925E-01  7.9751E-02  5.0927E-01
  1.9000E+01  0.0000E+00  1.9300E+01  0.0000E+00  1.0000E+00  1.0000E+00  9.5991E+00 -9.3594E+00  0.0000E+00  0.0000E+00  9.3589E+00  0.0000E+00  0.0000E+00
  1.9000E+01  4.8000E+01  0.0000E+00  5.0000E-02  0.0000E+00  0.0000E+00  9.6310E-02 -2.8819E-01 -3.7765E-01  5.0000E-02  1.3402E-01 -8.4019E-02 -3.5911E-01
  1.9000E+01  7.2000E+01  0.0000E+00  5.0000E-02  0.0000E+00  0.0000E+00  9.6470E-03  2.5162E-01  2.3783E-01  5.0000E-02  1.6038E-02  3.3962E-02  2.4190E-01
  2.0000E+01  0.0000E+00  1.5400E+01  0.0000E+00  1.0000E+00  1.0000E+00  7.4173E+00 -9.2831E+00  0.0000E+00  0.0000E+00  9.3589E+00  0.0000E+00  0.0000E+00
  2.0000E+01  1.0000E+00  0.0000E+00  6.6490E+00  0.0000E+00  0.0000E+00  7.0060E+00 -4.7191E-01 -1.1309E+00  6.6490E+00  8.7234E+00 -2.0744E+00 -9.9004E-01
  2.0000E+01  6.0000E+00  0.0000E+00  5.3020E+00  0.0000E+00  0.0000E+00  5.2673E+00  5.9997E-02 -3.2904E-01  5.3020E+00  6.1375E+00 -8.3550E-01 -3.2188E-01
  2.0000E+01  1.2000E+01  0.0000E+00  3.7900E+00  0.0000E+00  0.0000E+00  3.7405E+00  1.1625E-01 -4.8610E-02  3.7900E+00  4.0249E+00 -2.3492E-01 -4.2121E-02
  2.1000E+01  0.0000E+00  1.6600E+01  0.0000E+00  1.0000E+00  1.0000E+00  1.0582E+01 -9.3797E+00  0.0000E+00  0.0000E+00  9.3589E+00  0.0000E+00  0.0000E+00
  2.1000E+01  1.0000E+00  0.0000E+00  1.0165E+01  0.0000E+00  0.0000E+00  9.6820E+00  4.6697E-01  7.4168E-01  1.0165E+01  8.6341E+00  1.5309E+00  7.9581E-01
  2.1000E+01  1.2000E+01  0.0000E+00  3.6200E+00  0.0000E+00  0.0000E+00  3.6405E+00 -4.9350E-02 -5.8892E-02  3.6200E+00  3.5571E+00  6.2890E-02 -7.3840E-02
  2.1000E+01  2.4000E+01  0.0000E+00  1.2880E+00  0.0000E+00  0.0000E+00  1.2524E+00  1.7123E-01  1.0867E-01  1.2880E+00  1.3520E+00 -6.3975E-02  1.2038E-01
  2.2000E+01  0.0000E+00  1.0400E+01  0.0000E+00  1.0000E+00  1.0000E+00  8.7236E+00 -9.3353E+00  0.0000E+00  0.0000E+00  9.3589E+00  0.0000E+00  0.0000E+00
  2.2000E+01  1.0000E+00  0.0000E+00  8.3940E+00  0.0000E+00  0.0000E+00  8.2451E+00  1.6825E-01 -9.2787E-02  8.3940E+00  8.8511E+00 -4.5708E-01 -9.4474E-02
  2.2000E+01  6.0000E+00  0.0000E+00  6.0500E+00  0.0000E+00  0.0000E+00  6.2189E+00 -2.5005E-01 -5.0700E-01  6.0500E+00  6.6965E+00 -6.4650E-01 -4.7928E-01
  2.3000E+01  0.0000E+00  9.4000E+00  0.0000E+00  1.0000E+00  1.0000E+00  8.8561E+00 -9.3394E+00  0.0000E+00  0.0000E+00  9.3589E+00  0.0000E+00  0.0000E+00
  2.3000E+01  2.4000E+01  0.0000E+00  3.4440E+00  0.0000E+00  0.0000E+00  3.3857E+00  1.4880E-01  2.4559E-01  3.4440E+00  3.0911E+00  3.5294E-01  2.4635E-01
  2.3000E+01  4.8000E+01  0.0000E+00  1.2270E+00  0.0000E+00  0.0000E+00  1.2944E+00 -3.1985E-01 -1.2807E-01  1.2270E+00  1.0209E+00  2.0608E-01 -1.0983E-01
  2.3000E+01  7.2000E+01  0.0000E+00  6.0100E-01  0.0000E+00  0.0000E+00  4.9485E-01  6.2939E-01  7.7123E-01  6.0100E-01  3.3719E-01  2.6381E-01  8.6142E-01
  2.4000E+01  0.0000E+00  1.7000E+01  0.0000E+00  1.0000E+00  1.0000E+00  9.0736E+00 -9.3458E+00  0.0000E+00  0.0000E+00  9.3589E+00  0.0000E+00  0.0000E+00
  2.4000E+01  2.4000E+01  0.0000E+00  1.4360E+00  0.0000E+00  0.0000E+00  1.4085E+00  1.2556E-01  3.3772E-01  1.4360E+00  1.1436E+00  2.9239E-01  3.5108E-01
  2.4000E+01  4.8000E+01  0.0000E+00  2.3700E-01  0.0000E+00  0.0000E+00  2.1866E-01  1.1322E-01  1.8515E-01  2.3700E-01  1.3974E-01  9.7258E-02  2.2891E-01
  2.5000E+01  0.0000E+00  1.0050E+01  0.0000E+00  1.0000E+00  1.0000E+00  7.0839E+00 -9.2651E+00  0.0000E+00  0.0000E+00  9.3589E+00  0.0000E+00  0.0000E+00
  2.5000E+01  1.2000E+01  0.0000E+00  4.0340E+00  0.0000E+00  0.0000E+00  4.4353E+00 -8.1099E-01 -1.2187E+00  4.0340E+00  4.8726E+00 -8.3857E-01 -1.0478E+00
  2.5000E+01  4.8000E+01  0.0000E+00  1.1790E+00  0.0000E+00  0.0000E+00  1.0886E+00  4.5841E-01  1.0432E+00  1.1790E+00  6.8763E-01  4.9137E-01  1.3398E+00
  2.6000E+01  0.0000E+00  1.2700E+01  0.0000E+00  1.0000E+00  1.0000E+00  7.6422E+00 -9.2940E+00  0.0000E+00  0.0000E+00  9.3589E+00  0.0000E+00  0.0000E+00
  2.6000E+01  1.2000E+01  0.0000E+00  2.8930E+00  0.0000E+00  0.0000E+00  3.4560E+00 -1.4130E+00 -1.8166E+00  2.8930E+00  4.1646E+00 -1.2716E+00 -1.5766E+00
  2.6000E+01  2.4000E+01  0.0000E+00  1.7450E+00  0.0000E+00  0.0000E+00  1.5629E+00  7.9170E-01  8.1762E-01  1.7450E+00  1.8532E+00 -1.0823E-01  7.1199E-01
  2.6000E+01  4.8000E+01  0.0000E+00  2.8300E-01  0.0000E+00  0.0000E+00  3.1962E-01 -2.2344E-01 -1.1457E-01  2.8300E-01  3.6697E-01 -8.3970E-02 -1.0801E-01
  2.7000E+01  0.0000E+00  1.7650E+01  0.0000E+00  1.0000E+00  1.0000E+00  1.1161E+01 -9.3893E+00  0.0000E+00  0.0000E+00  9.3589E+00  0.0000E+00  0.0000E+00
  2.7000E+01  1.0000E+00  0.0000E+00  1.0169E+01  0.0000E+00  0.0000E+00  9.7450E+00  4.0733E-01  7.3477E-01  1.0169E+01  8.5456E+00  1.6234E+00  8.8023E-01
  2.7000E+01  1.2000E+01  0.0000E+00  2.1380E+00  0.0000E+00  0.0000E+00  2.1905E+00 -1.8653E-01 -9.8742E-01  2.1380E+00  3.1434E+00 -1.0054E+00 -1.0816E+00
  2.7000E+01  4.8000E+01  0.0000E+00  5.0000E-02  0.0000E+00  0.0000E+00  1.6558E-02  2.0851E-01  1.7797E-01  5.0000E-02  1.1910E-01 -6.9099E-02  5.7245E-01
  2.8000E+01  0.0000E+00  1.7250E+01  0.0000E+00  1.0000E+00  1.0000E+00  8.3907E+00 -9.3242E+00  0.0000E+00  0.0000E+00  9.3589E+00  0.0000E+00  0.0000E+00
  2.8000E+01  1.2000E+01  0.0000E+00  4.0240E+00  0.0000E+00  0.0000E+00  4.1025E+00 -1.6999E-01  2.3133E-01  4.0240E+00  3.1762E+00  8.4776E-01  1.7437E-01
  2.8000E+01  2.4000E+01  0.0000E+00  2.1580E+00  0.0000E+00  0.0000E+00  2.0058E+00  5.7295E-01  1.3153E+00  2.1580E+00  1.0780E+00  1.0800E+00  1.6632E+00
  2.9000E+01  0.0000E+00  2.0650E+01  0.0000E+00  1.0000E+00  1.0000E+00  8.5199E+00 -9.3287E+00  0.0000E+00  0.0000E+00  9.3589E+00  0.0000E+00  0.0000E+00
  2.9000E+01  1.0000E+00  0.0000E+00  6.9520E+00  0.0000E+00  0.0000E+00  7.9694E+00 -1.1884E+00 -1.2839E+00  6.9520E+00  8.5604E+00 -1.6084E+00 -1.0914E+00
  2.9000E+01  6.0000E+00  0.0000E+00  6.4650E+00  0.0000E+00  0.0000E+00  5.7067E+00  1.2167E+00  1.3955E+00  6.4650E+00  5.4805E+00  9.8447E-01  1.2626E+00
  2.9000E+01  4.8000E+01  0.0000E+00  3.1400E-01  0.0000E+00  0.0000E+00  3.4517E-01 -1.8951E-01 -9.0226E-02  3.1400E-01  1.2942E-01  1.8458E-01  4.1183E-02
  3.0000E+01  0.0000E+00  8.5000E+00  0.0000E+00  1.0000E+00  1.0000E+00  8.3049E+00 -9.3212E+00  0.0000E+00  0.0000E+00  9.3589E+00  0.0000E+00  0.0000E+00
  3.0000E+01  6.0000E+00  0.0000E+00  4.2740E+00  0.0000E+00  0.0000E+00  4.7140E+00 -8.4185E-01 -1.9343E+00  4.2740E+00  6.6399E+00 -2.3659E+00 -1.3969E+00
  3.0000E+01  1.2000E+01  0.0000E+00  2.6040E+00  0.0000E+00  0.0000E+00  2.6758E+00 -2.2100E-01 -1.4609E+00  2.6040E+00  4.7108E+00 -2.1068E+00 -1.4731E+00
  3.0000E+01  4.8000E+01  0.0000E+00  5.0000E-02  0.0000E+00  0.0000E+00  8.9493E-02 -2.4583E-01 -4.2450E-01  5.0000E-02  6.0077E-01 -5.5077E-01 -4.3964E-01
