TABLE NO.  2
 ID          D1          CL          V           ETA1        ETA2        ETA3
  1.0000E+00  9.0540E-01  1.5812E+00  3.0541E+01 -2.9388E-02 -5.0006E-01 -1.1422E-01
  1.0000E+00  9.0540E-01  1.5812E+00  3.0541E+01 -2.9388E-02 -5.0006E-01 -1.1422E-01
  1.0000E+00  9.0540E-01  1.5812E+00  3.0541E+01 -2.9388E-02 -5.0006E-01 -1.1422E-01
  1.0000E+00  9.0540E-01  1.5812E+00  3.0541E+01 -2.9388E-02 -5.0006E-01 -1.1422E-01
  1.0000E+00  9.0540E-01  1.5812E+00  3.0541E+01 -2.9388E-02 -5.0006E-01 -1.1422E-01
  1.0000E+00  9.0540E-01  1.5812E+00  3.0541E+01 -2.9388E-02 -5.0006E-01 -1.1422E-01
  1.0000E+00  9.0540E-01  1.5812E+00  3.0541E+01 -2.9388E-02 -5.0006E-01 -1.1422E-01
  1.0000E+00  9.0540E-01  1.5812E+00  3.0541E+01 -2.9388E-02 -5.0006E-01 -1.1422E-01
  1.0000E+00  9.0540E-01  1.5812E+00  3.0541E+01 -2.9388E-02 -5.0006E-01 -1.1422E-01
  1.0000E+00  9.0540E-01  1.5812E+00  3.0541E+01 -2.9388E-02 -5.0006E-01 -1.1422E-01
  1.0000E+00  9.0540E-01  1.5812E+00  3.0541E+01 -2.9388E-02 -5.0006E-01 -1.1422E-01
  1.0000E+00  9.0540E-01  1.5812E+00  3.0541E+01 -2.9388E-02 -5.0006E-01 -1.1422E-01
  2.0000E+00  6.9966E-01  3.0337E+00  3.4587E+01 -2.8717E-01  1.5152E-01  1.0189E-02
  2.0000E+00  6.9966E-01  3.0337E+00  3.4587E+01 -2.8717E-01  1.5152E-01  1.0189E-02
  2.0000E+00  6.9966E-01  3.0337E+00  3.4587E+01 -2.8717E-01  1.5152E-01  1.0189E-02
  2.0000E+00  6.9966E-01  3.0337E+00  3.4587E+01 -2.8717E-01  1.5152E-01  1.0189E-02
  2.0000E+00  6.9966E-01  3.0337E+00  3.4587E+01 -2.8717E-01  1.5152E-01  1.0189E-02
  2.0000E+00  6.9966E-01  3.0337E+00  3.4587E+01 -2.8717E-01  1.5152E-01  1.0189E-02
  2.0000E+00  6.9966E-01  3.0337E+00  3.4587E+01 -2.8717E-01  1.5152E-01  1.0189E-02
  2.0000E+00  6.9966E-01  3.0337E+00  3.4587E+01 -2.8717E-01  1.5152E-01  1.0189E-02
  2.0000E+00  6.9966E-01  3.0337E+00  3.4587E+01 -2.8717E-01  1.5152E-01  1.0189E-02
  2.0000E+00  6.9966E-01  3.0337E+00  3.4587E+01 -2.8717E-01  1.5152E-01  1.0189E-02
  2.0000E+00  6.9966E-01  3.0337E+00  3.4587E+01 -2.8717E-01  1.5152E-01  1.0189E-02
  2.0000E+00  6.9966E-01  3.0337E+00  3.4587E+01 -2.8717E-01  1.5152E-01  1.0189E-02
  3.0000E+00  6.8727E-01  2.7445E+00  3.5180E+01 -3.0504E-01  5.1327E-02  2.7202E-02
  3.0000E+00  6.8727E-01  2.7445E+00  3.5180E+01 -3.0504E-01  5.1327E-02  2.7202E-02
  3.0000E+00  6.8727E-01  2.7445E+00  3.5180E+01 -3.0504E-01  5.1327E-02  2.7202E-02
  3.0000E+00  6.8727E-01  2.7445E+00  3.5180E+01 -3.0504E-01  5.1327E-02  2.7202E-02
  3.0000E+00  6.8727E-01  2.7445E+00  3.5180E+01 -3.0504E-01  5.1327E-02  2.7202E-02
  3.0000E+00  6.8727E-01  2.7445E+00  3.5180E+01 -3.0504E-01  5.1327E-02  2.7202E-02
  3.0000E+00  6.8727E-01  2.7445E+00  3.5180E+01 -3.0504E-01  5.1327E-02  2.7202E-02
  3.0000E+00  6.8727E-01  2.7445E+00  3.5180E+01 -3.0504E-01  5.1327E-02  2.7202E-02
  3.0000E+00  6.8727E-01  2.7445E+00  3.5180E+01 -3.0504E-01  5.1327E-02  2.7202E-02
  3.0000E+00  6.8727E-01  2.7445E+00  3.5180E+01 -3.0504E-01  5.1327E-02  2.7202E-02
  3.0000E+00  6.8727E-01  2.7445E+00  3.5180E+01 -3.0504E-01  5.1327E-02  2.7202E-02
  3.0000E+00  6.8727E-01  2.7445E+00  3.5180E+01 -3.0504E-01  5.1327E-02  2.7202E-02
  4.0000E+00  1.2008E+00  2.5560E+00  3.3759E+01  2.5297E-01 -1.9821E-02 -1.4021E-02
  4.0000E+00  1.2008E+00  2.5560E+00  3.3759E+01  2.5297E-01 -1.9821E-02 -1.4021E-02
  4.0000E+00  1.2008E+00  2.5560E+00  3.3759E+01  2.5297E-01 -1.9821E-02 -1.4021E-02
  4.0000E+00  1.2008E+00  2.5560E+00  3.3759E+01  2.5297E-01 -1.9821E-02 -1.4021E-02
  4.0000E+00  1.2008E+00  2.5560E+00  3.3759E+01  2.5297E-01 -1.9821E-02 -1.4021E-02
  4.0000E+00  1.2008E+00  2.5560E+00  3.3759E+01  2.5297E-01 -1.9821E-02 -1.4021E-02
  4.0000E+00  1.2008E+00  2.5560E+00  3.3759E+01  2.5297E-01 -1.9821E-02 -1.4021E-02
  4.0000E+00  1.2008E+00  2.5560E+00  3.3759E+01  2.5297E-01 -1.9821E-02 -1.4021E-02
  4.0000E+00  1.2008E+00  2.5560E+00  3.3759E+01  2.5297E-01 -1.9821E-02 -1.4021E-02
  4.0000E+00  1.2008E+00  2.5560E+00  3.3759E+01  2.5297E-01 -1.9821E-02 -1.4021E-02
  4.0000E+00  1.2008E+00  2.5560E+00  3.3759E+01  2.5297E-01 -1.9821E-02 -1.4021E-02
  4.0000E+00  1.2008E+00  2.5560E+00  3.3759E+01  2.5297E-01 -1.9821E-02 -1.4021E-02
  5.0000E+00  1.0000E+00  2.2432E+00  2.9724E+01  6.9991E-02 -1.5034E-01 -1.4134E-01
  5.0000E+00  1.0000E+00  2.2432E+00  2.9724E+01  6.9991E-02 -1.5034E-01 -1.4134E-01
  5.0000E+00  1.0000E+00  2.2432E+00  2.9724E+01  6.9991E-02 -1.5034E-01 -1.4134E-01
  5.0000E+00  1.0000E+00  2.2432E+00  2.9724E+01  6.9991E-02 -1.5034E-01 -1.4134E-01
  5.0000E+00  1.0000E+00  2.2432E+00  2.9724E+01  6.9991E-02 -1.5034E-01 -1.4134E-01
  5.0000E+00  1.0000E+00  2.2432E+00  2.9724E+01  6.9991E-02 -1.5034E-01 -1.4134E-01
  5.0000E+00  1.0000E+00  2.2432E+00  2.9724E+01  6.9991E-02 -1.5034E-01 -1.4134E-01
  5.0000E+00  1.0000E+00  2.2432E+00  2.9724E+01  6.9991E-02 -1.5034E-01 -1.4134E-01
  5.0000E+00  1.0000E+00  2.2432E+00  2.9724E+01  6.9991E-02 -1.5034E-01 -1.4134E-01
  5.0000E+00  1.0000E+00  2.2432E+00  2.9724E+01  6.9991E-02 -1.5034E-01 -1.4134E-01
  5.0000E+00  1.0000E+00  2.2432E+00  2.9724E+01  6.9991E-02 -1.5034E-01 -1.4134E-01
  5.0000E+00  1.0000E+00  2.2432E+00  2.9724E+01  6.9991E-02 -1.5034E-01 -1.4134E-01
  6.0000E+00  1.2829E+00  3.7734E+00  4.3260E+01  3.1914E-01  3.6972E-01  2.3395E-01
  6.0000E+00  1.2829E+00  3.7734E+00  4.3260E+01  3.1914E-01  3.6972E-01  2.3395E-01
  6.0000E+00  1.2829E+00  3.7734E+00  4.3260E+01  3.1914E-01  3.6972E-01  2.3395E-01
  6.0000E+00  1.2829E+00  3.7734E+00  4.3260E+01  3.1914E-01  3.6972E-01  2.3395E-01
  6.0000E+00  1.2829E+00  3.7734E+00  4.3260E+01  3.1914E-01  3.6972E-01  2.3395E-01
  6.0000E+00  1.2829E+00  3.7734E+00  4.3260E+01  3.1914E-01  3.6972E-01  2.3395E-01
  6.0000E+00  1.2829E+00  3.7734E+00  4.3260E+01  3.1914E-01  3.6972E-01  2.3395E-01
  6.0000E+00  1.2829E+00  3.7734E+00  4.3260E+01  3.1914E-01  3.6972E-01  2.3395E-01
  6.0000E+00  1.2829E+00  3.7734E+00  4.3260E+01  3.1914E-01  3.6972E-01  2.3395E-01
  6.0000E+00  1.2829E+00  3.7734E+00  4.3260E+01  3.1914E-01  3.6972E-01  2.3395E-01
  6.0000E+00  1.2829E+00  3.7734E+00  4.3260E+01  3.1914E-01  3.6972E-01  2.3395E-01
  6.0000E+00  1.2829E+00  3.7734E+00  4.3260E+01  3.1914E-01  3.6972E-01  2.3395E-01
  7.0000E+00  1.6439E+00  2.9066E+00  3.8613E+01  5.6705E-01  1.0875E-01  1.2031E-01
  7.0000E+00  1.6439E+00  2.9066E+00  3.8613E+01  5.6705E-01  1.0875E-01  1.2031E-01
  7.0000E+00  1.6439E+00  2.9066E+00  3.8613E+01  5.6705E-01  1.0875E-01  1.2031E-01
  7.0000E+00  1.6439E+00  2.9066E+00  3.8613E+01  5.6705E-01  1.0875E-01  1.2031E-01
  7.0000E+00  1.6439E+00  2.9066E+00  3.8613E+01  5.6705E-01  1.0875E-01  1.2031E-01
  7.0000E+00  1.6439E+00  2.9066E+00  3.8613E+01  5.6705E-01  1.0875E-01  1.2031E-01
  7.0000E+00  1.6439E+00  2.9066E+00  3.8613E+01  5.6705E-01  1.0875E-01  1.2031E-01
  7.0000E+00  1.6439E+00  2.9066E+00  3.8613E+01  5.6705E-01  1.0875E-01  1.2031E-01
  7.0000E+00  1.6439E+00  2.9066E+00  3.8613E+01  5.6705E-01  1.0875E-01  1.2031E-01
  7.0000E+00  1.6439E+00  2.9066E+00  3.8613E+01  5.6705E-01  1.0875E-01  1.2031E-01
  7.0000E+00  1.6439E+00  2.9066E+00  3.8613E+01  5.6705E-01  1.0875E-01  1.2031E-01
  7.0000E+00  1.6439E+00  2.9066E+00  3.8613E+01  5.6705E-01  1.0875E-01  1.2031E-01
  8.0000E+00  1.1175E+00  3.1080E+00  3.7265E+01  1.8112E-01  1.7572E-01  8.4768E-02
  8.0000E+00  1.1175E+00  3.1080E+00  3.7265E+01  1.8112E-01  1.7572E-01  8.4768E-02
  8.0000E+00  1.1175E+00  3.1080E+00  3.7265E+01  1.8112E-01  1.7572E-01  8.4768E-02
  8.0000E+00  1.1175E+00  3.1080E+00  3.7265E+01  1.8112E-01  1.7572E-01  8.4768E-02
  8.0000E+00  1.1175E+00  3.1080E+00  3.7265E+01  1.8112E-01  1.7572E-01  8.4768E-02
  8.0000E+00  1.1175E+00  3.1080E+00  3.7265E+01  1.8112E-01  1.7572E-01  8.4768E-02
  8.0000E+00  1.1175E+00  3.1080E+00  3.7265E+01  1.8112E-01  1.7572E-01  8.4768E-02
  8.0000E+00  1.1175E+00  3.1080E+00  3.7265E+01  1.8112E-01  1.7572E-01  8.4768E-02
  8.0000E+00  1.1175E+00  3.1080E+00  3.7265E+01  1.8112E-01  1.7572E-01  8.4768E-02
  8.0000E+00  1.1175E+00  3.1080E+00  3.7265E+01  1.8112E-01  1.7572E-01  8.4768E-02
  8.0000E+00  1.1175E+00  3.1080E+00  3.7265E+01  1.8112E-01  1.7572E-01  8.4768E-02
  8.0000E+00  1.1175E+00  3.1080E+00  3.7265E+01  1.8112E-01  1.7572E-01  8.4768E-02
  9.0000E+00  3.4005E-01  2.8038E+00  3.2697E+01 -1.0087E+00  7.2719E-02 -4.5995E-02
  9.0000E+00  3.4005E-01  2.8038E+00  3.2697E+01 -1.0087E+00  7.2719E-02 -4.5995E-02
  9.0000E+00  3.4005E-01  2.8038E+00  3.2697E+01 -1.0087E+00  7.2719E-02 -4.5995E-02
  9.0000E+00  3.4005E-01  2.8038E+00  3.2697E+01 -1.0087E+00  7.2719E-02 -4.5995E-02
  9.0000E+00  3.4005E-01  2.8038E+00  3.2697E+01 -1.0087E+00  7.2719E-02 -4.5995E-02
  9.0000E+00  3.4005E-01  2.8038E+00  3.2697E+01 -1.0087E+00  7.2719E-02 -4.5995E-02
  9.0000E+00  3.4005E-01  2.8038E+00  3.2697E+01 -1.0087E+00  7.2719E-02 -4.5995E-02
  9.0000E+00  3.4005E-01  2.8038E+00  3.2697E+01 -1.0087E+00  7.2719E-02 -4.5995E-02
  9.0000E+00  3.4005E-01  2.8038E+00  3.2697E+01 -1.0087E+00  7.2719E-02 -4.5995E-02
  9.0000E+00  3.4005E-01  2.8038E+00  3.2697E+01 -1.0087E+00  7.2719E-02 -4.5995E-02
  9.0000E+00  3.4005E-01  2.8038E+00  3.2697E+01 -1.0087E+00  7.2719E-02 -4.5995E-02
  9.0000E+00  3.4005E-01  2.8038E+00  3.2697E+01 -1.0087E+00  7.2719E-02 -4.5995E-02
  1.0000E+01  1.5751E+00  1.7062E+00  2.9795E+01  5.2429E-01 -4.2400E-01 -1.3895E-01
  1.0000E+01  1.5751E+00  1.7062E+00  2.9795E+01  5.2429E-01 -4.2400E-01 -1.3895E-01
  1.0000E+01  1.5751E+00  1.7062E+00  2.9795E+01  5.2429E-01 -4.2400E-01 -1.3895E-01
  1.0000E+01  1.5751E+00  1.7062E+00  2.9795E+01  5.2429E-01 -4.2400E-01 -1.3895E-01
  1.0000E+01  1.5751E+00  1.7062E+00  2.9795E+01  5.2429E-01 -4.2400E-01 -1.3895E-01
  1.0000E+01  1.5751E+00  1.7062E+00  2.9795E+01  5.2429E-01 -4.2400E-01 -1.3895E-01
  1.0000E+01  1.5751E+00  1.7062E+00  2.9795E+01  5.2429E-01 -4.2400E-01 -1.3895E-01
  1.0000E+01  1.5751E+00  1.7062E+00  2.9795E+01  5.2429E-01 -4.2400E-01 -1.3895E-01
  1.0000E+01  1.5751E+00  1.7062E+00  2.9795E+01  5.2429E-01 -4.2400E-01 -1.3895E-01
  1.0000E+01  1.5751E+00  1.7062E+00  2.9795E+01  5.2429E-01 -4.2400E-01 -1.3895E-01
  1.0000E+01  1.5751E+00  1.7062E+00  2.9795E+01  5.2429E-01 -4.2400E-01 -1.3895E-01
  1.0000E+01  1.5751E+00  1.7062E+00  2.9795E+01  5.2429E-01 -4.2400E-01 -1.3895E-01
  1.1000E+01  4.3040E-01  3.5408E+00  3.9318E+01 -7.7306E-01  3.0609E-01  1.3839E-01
  1.1000E+01  4.3040E-01  3.5408E+00  3.9318E+01 -7.7306E-01  3.0609E-01  1.3839E-01
  1.1000E+01  4.3040E-01  3.5408E+00  3.9318E+01 -7.7306E-01  3.0609E-01  1.3839E-01
  1.1000E+01  4.3040E-01  3.5408E+00  3.9318E+01 -7.7306E-01  3.0609E-01  1.3839E-01
  1.1000E+01  4.3040E-01  3.5408E+00  3.9318E+01 -7.7306E-01  3.0609E-01  1.3839E-01
  1.1000E+01  4.3040E-01  3.5408E+00  3.9318E+01 -7.7306E-01  3.0609E-01  1.3839E-01
  1.1000E+01  4.3040E-01  3.5408E+00  3.9318E+01 -7.7306E-01  3.0609E-01  1.3839E-01
  1.1000E+01  4.3040E-01  3.5408E+00  3.9318E+01 -7.7306E-01  3.0609E-01  1.3839E-01
  1.1000E+01  4.3040E-01  3.5408E+00  3.9318E+01 -7.7306E-01  3.0609E-01  1.3839E-01
  1.1000E+01  4.3040E-01  3.5408E+00  3.9318E+01 -7.7306E-01  3.0609E-01  1.3839E-01
  1.1000E+01  4.3040E-01  3.5408E+00  3.9318E+01 -7.7306E-01  3.0609E-01  1.3839E-01
  1.1000E+01  4.3040E-01  3.5408E+00  3.9318E+01 -7.7306E-01  3.0609E-01  1.3839E-01
  1.2000E+01  1.4412E+00  2.3077E+00  2.8135E+01  4.3549E-01 -1.2202E-01 -1.9625E-01
  1.2000E+01  1.4412E+00  2.3077E+00  2.8135E+01  4.3549E-01 -1.2202E-01 -1.9625E-01
  1.2000E+01  1.4412E+00  2.3077E+00  2.8135E+01  4.3549E-01 -1.2202E-01 -1.9625E-01
  1.2000E+01  1.4412E+00  2.3077E+00  2.8135E+01  4.3549E-01 -1.2202E-01 -1.9625E-01
  1.2000E+01  1.4412E+00  2.3077E+00  2.8135E+01  4.3549E-01 -1.2202E-01 -1.9625E-01
  1.2000E+01  1.4412E+00  2.3077E+00  2.8135E+01  4.3549E-01 -1.2202E-01 -1.9625E-01
  1.2000E+01  1.4412E+00  2.3077E+00  2.8135E+01  4.3549E-01 -1.2202E-01 -1.9625E-01
  1.2000E+01  1.4412E+00  2.3077E+00  2.8135E+01  4.3549E-01 -1.2202E-01 -1.9625E-01
  1.2000E+01  1.4412E+00  2.3077E+00  2.8135E+01  4.3549E-01 -1.2202E-01 -1.9625E-01
  1.2000E+01  1.4412E+00  2.3077E+00  2.8135E+01  4.3549E-01 -1.2202E-01 -1.9625E-01
  1.2000E+01  1.4412E+00  2.3077E+00  2.8135E+01  4.3549E-01 -1.2202E-01 -1.9625E-01
  1.2000E+01  1.4412E+00  2.3077E+00  2.8135E+01  4.3549E-01 -1.2202E-01 -1.9625E-01
