TABLE NO.  1
 ID          TIME        AMT         DV          MDV         EVID        IPRE        IWRE        CWRES       DV          PRED        RES         WRES
  1.0000E+00  0.0000E+00  3.1999E+02  0.0000E+00  1.0000E+00  1.0000E+00  0.0000E+00  0.0000E+00  0.0000E+00  0.0000E+00  0.0000E+00  0.0000E+00  0.0000E+00
  1.0000E+00  0.0000E+00  0.0000E+00  7.4000E-01  1.0000E+00  0.0000E+00  0.0000E+00  1.6191E+00  0.0000E+00  7.4000E-01  0.0000E+00  0.0000E+00  0.0000E+00
  1.0000E+00  2.5000E-01  0.0000E+00  2.8400E+00  0.0000E+00  0.0000E+00  2.8744E+00 -7.1003E-02 -8.9232E-03  2.8400E+00  2.4823E+00  3.5766E-01  2.1617E-02
  1.0000E+00  5.7000E-01  0.0000E+00  6.5700E+00  0.0000E+00  0.0000E+00  6.4998E+00  1.2021E-01  2.7470E-01  6.5700E+00  5.5915E+00  9.7845E-01  3.3879E-01
  1.0000E+00  1.1200E+00  0.0000E+00  1.0500E+01  0.0000E+00  0.0000E+00  1.0123E+01  5.1840E-01  7.2974E-01  1.0500E+01  8.8945E+00  1.6055E+00  9.5331E-01
  1.0000E+00  2.0200E+00  0.0000E+00  9.6600E+00  0.0000E+00  0.0000E+00  9.6617E+00 -2.4276E-03  2.7598E-01  9.6600E+00  8.3053E+00  1.3547E+00  4.2012E-01
  1.0000E+00  3.8200E+00  0.0000E+00  8.5800E+00  0.0000E+00  0.0000E+00  8.8020E+00 -3.3030E-01  6.6575E-02  8.5800E+00  7.2414E+00  1.3386E+00  1.1132E-01
  1.0000E+00  5.1000E+00  0.0000E+00  8.3600E+00  0.0000E+00  0.0000E+00  8.2376E+00  1.8853E-01  6.5765E-01  8.3600E+00  6.5689E+00  1.7911E+00  7.1911E-01
  1.0000E+00  7.0300E+00  0.0000E+00  7.4700E+00  0.0000E+00  0.0000E+00  7.4542E+00  2.5449E-02  5.8617E-01  7.4700E+00  5.6710E+00  1.7990E+00  5.9526E-01
  1.0000E+00  9.0500E+00  0.0000E+00  6.8900E+00  0.0000E+00  0.0000E+00  6.7140E+00  2.9735E-01  9.3362E-01  6.8900E+00  4.8625E+00  2.0275E+00  9.5751E-01
  1.0000E+00  1.2120E+01  0.0000E+00  5.9400E+00  0.0000E+00  0.0000E+00  5.7274E+00  3.8086E-01  1.0974E+00  5.9400E+00  3.8488E+00  2.0912E+00  1.1376E+00
  1.0000E+00  2.4370E+01  0.0000E+00  3.2800E+00  0.0000E+00  0.0000E+00  3.0375E+00  4.9734E-01  1.2555E+00  3.2800E+00  1.5142E+00  1.7658E+00  1.4538E+00
  2.0000E+00  0.0000E+00  3.1856E+02  0.0000E+00  1.0000E+00  1.0000E+00  0.0000E+00  0.0000E+00  0.0000E+00  0.0000E+00  0.0000E+00  0.0000E+00  0.0000E+00
  2.0000E+00  0.0000E+00  0.0000E+00  0.0000E+00  1.0000E+00  0.0000E+00  0.0000E+00  0.0000E+00  0.0000E+00  0.0000E+00  0.0000E+00  0.0000E+00  0.0000E+00
  2.0000E+00  2.7000E-01  0.0000E+00  1.7200E+00  0.0000E+00  0.0000E+00  3.5126E+00 -3.6027E+00 -3.3849E+00  1.7200E+00  2.6669E+00 -9.4692E-01 -3.5157E+00
  2.0000E+00  5.2000E-01  0.0000E+00  7.9100E+00  0.0000E+00  0.0000E+00  6.6916E+00  2.0616E+00  2.4492E+00  7.9100E+00  5.0879E+00  2.8221E+00  2.6221E+00
  2.0000E+00  1.0000E+00  0.0000E+00  8.3100E+00  0.0000E+00  0.0000E+00  8.7013E+00 -5.8575E-01 -6.6693E-01  8.3100E+00  8.9360E+00 -6.2602E-01 -6.4682E-01
  2.0000E+00  1.9200E+00  0.0000E+00  8.3300E+00  0.0000E+00  0.0000E+00  8.0267E+00  4.7318E-01  3.5791E-01  8.3300E+00  8.3314E+00 -1.3912E-03  3.5631E-01
  2.0000E+00  3.5000E+00  0.0000E+00  6.8500E+00  0.0000E+00  0.0000E+00  6.9880E+00 -2.2931E-01 -3.9190E-01  6.8500E+00  7.3869E+00 -5.3692E-01 -3.8017E-01
  2.0000E+00  5.0200E+00  0.0000E+00  6.0800E+00  0.0000E+00  0.0000E+00  6.1157E+00 -6.2582E-02 -2.5878E-01  6.0800E+00  6.5795E+00 -4.9951E-01 -2.5155E-01
  2.0000E+00  7.0300E+00  0.0000E+00  5.4000E+00  0.0000E+00  0.0000E+00  5.1272E+00  5.0541E-01  2.7985E-01  5.4000E+00  5.6457E+00 -2.4570E-01  2.7177E-01
  2.0000E+00  9.0000E+00  0.0000E+00  4.5500E+00  0.0000E+00  0.0000E+00  4.3136E+00  4.5734E-01  2.1646E-01  4.5500E+00  4.8592E+00 -3.0921E-01  2.1352E-01
  2.0000E+00  1.2000E+01  0.0000E+00  3.0100E+00  0.0000E+00  0.0000E+00  3.3156E+00 -6.1945E-01 -8.6488E-01  3.0100E+00  3.8668E+00 -8.5677E-01 -8.3149E-01
  2.0000E+00  2.4300E+01  0.0000E+00  9.0000E-01  0.0000E+00  0.0000E+00  1.1272E+00 -4.9251E-01 -6.5952E-01  9.0000E-01  1.5155E+00 -6.1551E-01 -6.1276E-01
  3.0000E+00  0.0000E+00  3.1936E+02  0.0000E+00  1.0000E+00  1.0000E+00  0.0000E+00  0.0000E+00  0.0000E+00  0.0000E+00  0.0000E+00  0.0000E+00  0.0000E+00
  3.0000E+00  0.0000E+00  0.0000E+00  0.0000E+00  1.0000E+00  0.0000E+00  0.0000E+00  0.0000E+00  0.0000E+00  0.0000E+00  0.0000E+00  0.0000E+00  0.0000E+00
  3.0000E+00  2.7000E-01  0.0000E+00  4.4000E+00  0.0000E+00  0.0000E+00  3.5290E+00  1.7492E+00  2.0363E+00  4.4000E+00  2.6736E+00  1.7264E+00  2.1536E+00
  3.0000E+00  5.8000E-01  0.0000E+00  6.9000E+00  0.0000E+00  0.0000E+00  7.4902E+00 -9.5153E-01 -3.7746E-01  6.9000E+00  5.6763E+00  1.2237E+00 -3.5917E-01
  3.0000E+00  1.0200E+00  0.0000E+00  8.2000E+00  0.0000E+00  0.0000E+00  8.6123E+00 -6.2059E-01 -7.5006E-01  8.2000E+00  8.9448E+00 -7.4483E-01 -7.3335E-01
  3.0000E+00  2.0200E+00  0.0000E+00  7.8000E+00  0.0000E+00  0.0000E+00  7.9660E+00 -2.5992E-01 -3.8815E-01  7.8000E+00  8.2890E+00 -4.8895E-01 -3.7984E-01
  3.0000E+00  3.6200E+00  0.0000E+00  7.5000E+00  0.0000E+00  0.0000E+00  7.0312E+00  7.7713E-01  6.5158E-01  7.5000E+00  7.3381E+00  1.6190E-01  6.3897E-01
  3.0000E+00  5.0800E+00  0.0000E+00  6.2000E+00  0.0000E+00  0.0000E+00  6.2743E+00 -1.2893E-01 -2.5135E-01  6.2000E+00  6.5660E+00 -3.6596E-01 -2.4580E-01
  3.0000E+00  7.0700E+00  0.0000E+00  5.3000E+00  0.0000E+00  0.0000E+00  5.3721E+00 -1.3181E-01 -2.4904E-01  5.3000E+00  5.6427E+00 -3.4267E-01 -2.4326E-01
  3.0000E+00  9.0000E+00  0.0000E+00  4.9000E+00  0.0000E+00  0.0000E+00  4.6212E+00  5.3079E-01  4.1945E-01  4.9000E+00  4.8714E+00  2.8590E-02  4.1588E-01
  3.0000E+00  1.2150E+01  0.0000E+00  3.7000E+00  0.0000E+00  0.0000E+00  3.6144E+00  1.7126E-01  7.0712E-02  3.7000E+00  3.8325E+00 -1.3245E-01  7.3434E-02
  3.0000E+00  2.4170E+01  0.0000E+00  1.0500E+00  0.0000E+00  0.0000E+00  1.4151E+00 -7.8716E-01 -8.4612E-01  1.0500E+00  1.5344E+00 -4.8443E-01 -8.3930E-01
  4.0000E+00  0.0000E+00  3.1988E+02  0.0000E+00  1.0000E+00  1.0000E+00  0.0000E+00  0.0000E+00  0.0000E+00  0.0000E+00  0.0000E+00  0.0000E+00  0.0000E+00
  4.0000E+00  0.0000E+00  0.0000E+00  0.0000E+00  1.0000E+00  0.0000E+00  0.0000E+00  0.0000E+00  0.0000E+00  0.0000E+00  0.0000E+00  0.0000E+00  0.0000E+00
  4.0000E+00  3.5000E-01  0.0000E+00  1.8900E+00  0.0000E+00  0.0000E+00  2.7255E+00 -1.7340E+00 -1.9003E+00  1.8900E+00  3.4609E+00 -1.5709E+00 -1.4576E+00
  4.0000E+00  6.0000E-01  0.0000E+00  4.6000E+00  0.0000E+00  0.0000E+00  4.6286E+00 -5.4394E-02 -3.3169E-01  4.6000E+00  5.8771E+00 -1.2771E+00  2.2398E-01
  4.0000E+00  1.0700E+00  0.0000E+00  8.6000E+00  0.0000E+00  0.0000E+00  8.1103E+00  7.6017E-01  2.9693E-01  8.6000E+00  8.9253E+00 -3.2534E-01 -5.0234E-01
  4.0000E+00  2.1300E+00  0.0000E+00  8.3800E+00  0.0000E+00  0.0000E+00  8.4420E+00 -9.4328E-02 -2.7197E-03  8.3800E+00  8.2332E+00  1.4681E-01  1.6305E-01
  4.0000E+00  3.5000E+00  0.0000E+00  7.5400E+00  0.0000E+00  0.0000E+00  7.6103E+00 -1.1244E-01 -4.0184E-02  7.5400E+00  7.4175E+00  1.2247E-01  8.8704E-02
  4.0000E+00  5.0200E+00  0.0000E+00  6.8800E+00  0.0000E+00  0.0000E+00  6.7830E+00  1.6328E-01  2.1659E-01  6.8800E+00  6.6068E+00  2.7323E-01  3.0952E-01
  4.0000E+00  7.0200E+00  0.0000E+00  5.7800E+00  0.0000E+00  0.0000E+00  5.8299E+00 -8.8773E-02 -5.6461E-02  5.7800E+00  5.6734E+00  1.0659E-01 -1.1768E-02
  4.0000E+00  9.0200E+00  0.0000E+00  5.3300E+00  0.0000E+00  0.0000E+00  5.0107E+00  5.9546E-01  6.1093E-01  5.3300E+00  4.8719E+00  4.5808E-01  6.2073E-01
  4.0000E+00  1.1980E+01  0.0000E+00  4.1900E+00  0.0000E+00  0.0000E+00  4.0047E+00  3.6403E-01  3.6122E-01  4.1900E+00  3.8887E+00  3.0129E-01  3.2362E-01
  4.0000E+00  2.4650E+01  0.0000E+00  1.1500E+00  0.0000E+00  0.0000E+00  1.5345E+00 -8.2677E-01 -8.5338E-01  1.1500E+00  1.4818E+00 -3.3177E-01 -9.5132E-01
  5.0000E+00  0.0000E+00  3.1996E+02  0.0000E+00  1.0000E+00  1.0000E+00  0.0000E+00  0.0000E+00  0.0000E+00  0.0000E+00  0.0000E+00  0.0000E+00  0.0000E+00
  5.0000E+00  0.0000E+00  0.0000E+00  0.0000E+00  1.0000E+00  0.0000E+00  0.0000E+00  0.0000E+00  0.0000E+00  0.0000E+00  0.0000E+00  0.0000E+00  0.0000E+00
  5.0000E+00  3.0000E-01  0.0000E+00  2.0200E+00  0.0000E+00  0.0000E+00  3.1931E+00 -2.3903E+00 -2.5536E+00  2.0200E+00  2.9729E+00 -9.5288E-01 -1.9079E+00
  5.0000E+00  5.2000E-01  0.0000E+00  5.6300E+00  0.0000E+00  0.0000E+00  5.4891E+00  2.5577E-01  3.5406E-03  5.6300E+00  5.1102E+00  5.1976E-01  1.0214E+00
  5.0000E+00  1.0000E+00  0.0000E+00  1.1400E+01  0.0000E+00  0.0000E+00  1.0368E+01  1.3964E+00  1.0419E+00  1.1400E+01  8.9753E+00  2.4247E+00  1.7321E+00
  5.0000E+00  2.0200E+00  0.0000E+00  9.3300E+00  0.0000E+00  0.0000E+00  9.6001E+00 -3.8290E-01  2.1884E-01  9.3300E+00  8.3045E+00  1.0255E+00 -1.9839E-01
  5.0000E+00  3.5000E+00  0.0000E+00  8.7400E+00  0.0000E+00  0.0000E+00  8.5856E+00  2.3283E-01  7.4060E-01  8.7400E+00  7.4194E+00  1.3206E+00  4.6442E-01
  5.0000E+00  5.0200E+00  0.0000E+00  7.5600E+00  0.0000E+00  0.0000E+00  7.6551E+00 -1.5174E-01  2.6743E-01  7.5600E+00  6.6084E+00  9.5158E-01  5.5100E-02
  5.0000E+00  7.0200E+00  0.0000E+00  7.0900E+00  0.0000E+00  0.0000E+00  6.5826E+00  8.6423E-01  1.1798E+00  7.0900E+00  5.6748E+00  1.4152E+00  1.1307E+00
  5.0000E+00  9.1000E+00  0.0000E+00  5.9000E+00  0.0000E+00  0.0000E+00  5.6263E+00  4.9308E-01  7.1687E-01  5.9000E+00  4.8435E+00  1.0565E+00  7.3790E-01
  5.0000E+00  1.2000E+01  0.0000E+00  4.3700E+00  0.0000E+00  0.0000E+00  4.5203E+00 -2.8778E-01 -1.6576E-01  4.3700E+00  3.8838E+00  4.8624E-01 -7.2580E-02
  5.0000E+00  2.4350E+01  0.0000E+00  1.5700E+00  0.0000E+00  0.0000E+00  1.7799E+00 -4.4863E-01 -5.1082E-01  1.5700E+00  1.5164E+00  5.3614E-02 -2.7792E-01
  6.0000E+00  0.0000E+00  3.2000E+02  0.0000E+00  1.0000E+00  1.0000E+00  0.0000E+00  0.0000E+00  0.0000E+00  0.0000E+00  0.0000E+00  0.0000E+00  0.0000E+00
  6.0000E+00  0.0000E+00  0.0000E+00  0.0000E+00  1.0000E+00  0.0000E+00  0.0000E+00  0.0000E+00  0.0000E+00  0.0000E+00  0.0000E+00  0.0000E+00  0.0000E+00
  6.0000E+00  2.7000E-01  0.0000E+00  1.2900E+00  0.0000E+00  0.0000E+00  1.5386E+00 -5.3447E-01 -7.5718E-01  1.2900E+00  2.6790E+00 -1.3890E+00 -6.4379E-01
  6.0000E+00  5.8000E-01  0.0000E+00  3.0800E+00  0.0000E+00  0.0000E+00  3.2610E+00 -3.6774E-01 -8.3709E-01  3.0800E+00  5.6877E+00 -2.6077E+00 -6.4025E-01
  6.0000E+00  1.1500E+00  0.0000E+00  6.4400E+00  0.0000E+00  0.0000E+00  6.3090E+00  2.2684E-01 -6.6201E-01  6.4400E+00  8.8745E+00 -2.4345E+00 -1.2712E+00
  6.0000E+00  2.0300E+00  0.0000E+00  6.3200E+00  0.0000E+00  0.0000E+00  6.5568E+00 -4.0392E-01 -1.1259E+00  6.3200E+00  8.2992E+00 -1.9792E+00 -7.1152E-01
  6.0000E+00  3.5700E+00  0.0000E+00  5.5300E+00  0.0000E+00  0.0000E+00  5.7326E+00 -3.6280E-01 -1.0361E+00  5.5300E+00  7.3809E+00 -1.8509E+00 -7.1144E-01
  6.0000E+00  5.0000E+00  0.0000E+00  4.9400E+00  0.0000E+00  0.0000E+00  5.0604E+00 -2.2384E-01 -8.5162E-01  4.9400E+00  6.6193E+00 -1.6793E+00 -6.1168E-01
  6.0000E+00  7.0000E+00  0.0000E+00  4.0200E+00  0.0000E+00  0.0000E+00  4.2503E+00 -4.4691E-01 -1.0121E+00  4.0200E+00  5.6842E+00 -1.6642E+00 -8.4270E-01
  6.0000E+00  9.2200E+00  0.0000E+00  3.4600E+00  0.0000E+00  0.0000E+00  3.5020E+00 -8.4523E-02 -5.8357E-01  3.4600E+00  4.8001E+00 -1.3401E+00 -5.1897E-01
  6.0000E+00  1.2100E+01  0.0000E+00  2.7800E+00  0.0000E+00  0.0000E+00  2.7241E+00  1.1604E-01 -3.0458E-01  2.7800E+00  3.8548E+00 -1.0748E+00 -3.2290E-01
  6.0000E+00  2.3850E+01  0.0000E+00  9.2000E-01  0.0000E+00  0.0000E+00  9.7748E-01 -1.2488E-01 -3.2069E-01  9.2000E-01  1.5754E+00 -6.5543E-01 -4.1823E-01
  7.0000E+00  0.0000E+00  3.1977E+02  0.0000E+00  1.0000E+00  1.0000E+00  0.0000E+00  0.0000E+00  0.0000E+00  0.0000E+00  0.0000E+00  0.0000E+00  0.0000E+00
  7.0000E+00  0.0000E+00  0.0000E+00  1.5000E-01  1.0000E+00  0.0000E+00  0.0000E+00  3.2819E-01  0.0000E+00  1.5000E-01  0.0000E+00  0.0000E+00  0.0000E+00
  7.0000E+00  2.5000E-01  0.0000E+00  8.5000E-01  0.0000E+00  0.0000E+00  1.2477E+00 -8.6005E-01 -1.1266E+00  8.5000E-01  2.4806E+00 -1.6306E+00 -9.9510E-01
  7.0000E+00  5.0000E-01  0.0000E+00  2.3500E+00  0.0000E+00  0.0000E+00  2.4720E+00 -2.5556E-01 -7.8121E-01  2.3500E+00  4.9145E+00 -2.5645E+00 -6.0050E-01
  7.0000E+00  1.0200E+00  0.0000E+00  5.0200E+00  0.0000E+00  0.0000E+00  4.9462E+00  1.3819E-01 -8.9377E-01  5.0200E+00  8.9563E+00 -3.9363E+00 -3.6632E+00
  7.0000E+00  2.0200E+00  0.0000E+00  6.5800E+00  0.0000E+00  0.0000E+00  7.5721E+00 -1.5914E+00 -1.8126E+00  6.5800E+00  8.2996E+00 -1.7196E+00 -7.1547E-01
  7.0000E+00  3.4800E+00  0.0000E+00  7.0900E+00  0.0000E+00  0.0000E+00  6.7840E+00  5.1498E-01  3.0592E-01  7.0900E+00  7.4263E+00 -3.3628E-01  1.0775E+00
  7.0000E+00  5.0000E+00  0.0000E+00  6.6600E+00  0.0000E+00  0.0000E+00  6.0505E+00  1.0714E+00  8.7409E-01  6.6600E+00  6.6146E+00  4.5436E-02  1.4013E+00
  7.0000E+00  6.9800E+00  0.0000E+00  5.2500E+00  0.0000E+00  0.0000E+00  5.2127E+00  6.8817E-02 -1.1407E-01  5.2500E+00  5.6888E+00 -4.3877E-01  1.7945E-01
  7.0000E+00  9.0000E+00  0.0000E+00  4.3900E+00  0.0000E+00  0.0000E+00  4.4774E+00 -1.6761E-01 -3.3662E-01  4.3900E+00  4.8777E+00 -4.8766E-01 -2.7140E-01
  7.0000E+00  1.2050E+01  0.0000E+00  3.5300E+00  0.0000E+00  0.0000E+00  3.5589E+00 -5.7903E-02 -2.0712E-01  3.5300E+00  3.8667E+00 -3.3671E-01 -4.1683E-01
  7.0000E+00  2.4220E+01  0.0000E+00  1.1500E+00  0.0000E+00  0.0000E+00  1.4238E+00 -5.9015E-01 -6.7396E-01  1.1500E+00  1.5306E+00 -3.8056E-01 -1.2224E+00
  8.0000E+00  0.0000E+00  3.1936E+02  0.0000E+00  1.0000E+00  1.0000E+00  0.0000E+00  0.0000E+00  0.0000E+00  0.0000E+00  0.0000E+00  0.0000E+00  0.0000E+00
  8.0000E+00  0.0000E+00  0.0000E+00  0.0000E+00  1.0000E+00  0.0000E+00  0.0000E+00  0.0000E+00  0.0000E+00  0.0000E+00  0.0000E+00  0.0000E+00  0.0000E+00
  8.0000E+00  2.5000E-01  0.0000E+00  3.0500E+00  0.0000E+00  0.0000E+00  1.8973E+00  2.4565E+00  2.3566E+00  3.0500E+00  2.4775E+00  5.7255E-01  2.3552E+00
  8.0000E+00  5.2000E-01  0.0000E+00  3.0500E+00  0.0000E+00  0.0000E+00  3.9025E+00 -1.6827E+00 -1.8890E+00  3.0500E+00  5.1007E+00 -2.0507E+00 -1.7048E+00
  8.0000E+00  9.8000E-01  0.0000E+00  7.3100E+00  0.0000E+00  0.0000E+00  7.2163E+00  1.5356E-01 -2.2758E-01  7.3100E+00  8.9721E+00 -1.6621E+00 -1.2665E+00
  8.0000E+00  2.0200E+00  0.0000E+00  7.5600E+00  0.0000E+00  0.0000E+00  7.5895E+00 -4.7210E-02 -3.2333E-01  7.5600E+00  8.2890E+00 -7.2895E-01  4.1776E-02
  8.0000E+00  3.5300E+00  0.0000E+00  6.5900E+00  0.0000E+00  0.0000E+00  6.6914E+00 -1.7157E-01 -4.4981E-01  6.5900E+00  7.3886E+00 -7.9857E-01 -1.6648E-01
  8.0000E+00  5.0500E+00  0.0000E+00  5.8800E+00  0.0000E+00  0.0000E+00  5.8947E+00 -2.6031E-02 -3.0199E-01  5.8800E+00  6.5810E+00 -7.0098E-01 -1.0635E-01
  8.0000E+00  7.1500E+00  0.0000E+00  4.7300E+00  0.0000E+00  0.0000E+00  4.9476E+00 -4.0716E-01 -6.7440E-01  4.7300E+00  5.6084E+00 -8.7839E-01 -5.6413E-01
  8.0000E+00  9.0700E+00  0.0000E+00  4.5700E+00  0.0000E+00  0.0000E+00  4.2155E+00  6.8916E-01  4.3395E-01  4.5700E+00  4.8455E+00 -2.7551E-01  4.2985E-01
  8.0000E+00  1.2100E+01  0.0000E+00  3.0000E+00  0.0000E+00  0.0000E+00  3.2741E+00 -5.5671E-01 -7.8823E-01  3.0000E+00  3.8471E+00 -8.4707E-01 -8.4589E-01
  8.0000E+00  2.4120E+01  0.0000E+00  1.2500E+00  0.0000E+00  0.0000E+00  1.2015E+00  1.0503E-01 -2.6928E-02  1.2500E+00  1.5403E+00 -2.9029E-01 -2.0481E-01
  9.0000E+00  0.0000E+00  2.6784E+02  0.0000E+00  1.0000E+00  1.0000E+00  0.0000E+00  0.0000E+00  0.0000E+00  0.0000E+00  0.0000E+00  0.0000E+00  0.0000E+00
  9.0000E+00  0.0000E+00  0.0000E+00  0.0000E+00  1.0000E+00  0.0000E+00  0.0000E+00  0.0000E+00  0.0000E+00  0.0000E+00  0.0000E+00  0.0000E+00  0.0000E+00
  9.0000E+00  3.0000E-01  0.0000E+00  7.3700E+00  0.0000E+00  0.0000E+00  7.1346E+00  3.8785E-01  2.1257E+00  7.3700E+00  2.4886E+00  4.8814E+00  5.8464E+00
  9.0000E+00  6.3000E-01  0.0000E+00  9.0300E+00  0.0000E+00  0.0000E+00  7.8750E+00  1.8187E+00  1.8127E+00  9.0300E+00  5.1612E+00  3.8688E+00 -6.6509E-01
  9.0000E+00  1.0500E+00  0.0000E+00  7.1400E+00  0.0000E+00  0.0000E+00  7.5964E+00 -7.3112E-01 -7.4608E-01  7.1400E+00  7.4847E+00 -3.4470E-01 -2.0751E-01
  9.0000E+00  2.0200E+00  0.0000E+00  6.3300E+00  0.0000E+00  0.0000E+00  6.9902E+00 -1.0971E+00 -1.1306E+00  6.3300E+00  6.9518E+00 -6.2176E-01 -6.7802E-01
  9.0000E+00  3.5300E+00  0.0000E+00  5.6600E+00  0.0000E+00  0.0000E+00  6.1412E+00 -8.4135E-01 -8.9809E-01  5.6600E+00  6.1966E+00 -5.3663E-01 -5.6984E-01
  9.0000E+00  5.0200E+00  0.0000E+00  5.6700E+00  0.0000E+00  0.0000E+00  5.4046E+00  4.8418E-01  4.1002E-01  5.6700E+00  5.5319E+00  1.3806E-01  6.1631E-01
  9.0000E+00  7.1700E+00  0.0000E+00  4.2400E+00  0.0000E+00  0.0000E+00  4.4946E+00 -4.8807E-01 -5.7930E-01  4.2400E+00  4.6965E+00 -4.5647E-01 -5.0445E-01
  9.0000E+00  8.8000E+00  0.0000E+00  4.1100E+00  0.0000E+00  0.0000E+00  3.9083E+00  3.9795E-01  2.9892E-01  4.1100E+00  4.1482E+00 -3.8242E-02  2.7627E-01
  9.0000E+00  1.1600E+01  0.0000E+00  3.1600E+00  0.0000E+00  0.0000E+00  3.0741E+00  1.7589E-01  7.1161E-02  3.1600E+00  3.3517E+00 -1.9167E-01 -6.1222E-02
  9.0000E+00  2.4430E+01  0.0000E+00  1.1200E+00  0.0000E+00  0.0000E+00  1.0231E+00  2.1038E-01  1.3459E-01  1.1200E+00  1.2617E+00 -1.4166E-01 -1.1836E-01
  1.0000E+01  0.0000E+00  3.2010E+02  0.0000E+00  1.0000E+00  1.0000E+00  0.0000E+00  0.0000E+00  0.0000E+00  0.0000E+00  0.0000E+00  0.0000E+00  0.0000E+00
  1.0000E+01  0.0000E+00  0.0000E+00  2.4000E-01  1.0000E+00  0.0000E+00  0.0000E+00  5.2510E-01  0.0000E+00  2.4000E-01  0.0000E+00  0.0000E+00  0.0000E+00
  1.0000E+01  3.7000E-01  0.0000E+00  2.8900E+00  0.0000E+00  0.0000E+00  2.4972E+00  8.2183E-01  6.3623E-01  2.8900E+00  3.6584E+00 -7.6844E-01  3.2999E-01
  1.0000E+01  7.7000E-01  0.0000E+00  5.2200E+00  0.0000E+00  0.0000E+00  5.1380E+00  1.5181E-01 -2.2252E-01  5.2200E+00  7.4993E+00 -2.2793E+00 -7.3783E-01
  1.0000E+01  1.0200E+00  0.0000E+00  6.4100E+00  0.0000E+00  0.0000E+00  6.7581E+00 -5.8663E-01 -1.0713E+00  6.4100E+00  8.9656E+00 -2.5556E+00 -3.6845E+00
  1.0000E+01  2.0500E+00  0.0000E+00  7.8300E+00  0.0000E+00  0.0000E+00  9.9976E+00 -2.9996E+00 -2.2965E+00  7.8300E+00  8.2892E+00 -4.5920E-01 -1.1337E+00
  1.0000E+01  3.5500E+00  0.0000E+00  1.0210E+01  0.0000E+00  0.0000E+00  9.1747E+00  1.5058E+00  2.2079E+00  1.0210E+01  7.3944E+00  2.8156E+00  3.4536E+00
  1.0000E+01  5.0500E+00  0.0000E+00  9.1800E+00  0.0000E+00  0.0000E+00  8.4195E+00  1.1582E+00  1.8526E+00  9.1800E+00  6.5962E+00  2.5838E+00  2.6866E+00
  1.0000E+01  7.0800E+00  0.0000E+00  8.0200E+00  0.0000E+00  0.0000E+00  7.4955E+00  8.4525E-01  1.5203E+00  8.0200E+00  5.6514E+00  2.3686E+00  1.8750E+00
  1.0000E+01  9.3800E+00  0.0000E+00  7.1400E+00  0.0000E+00  0.0000E+00  6.5706E+00  9.7057E-01  1.6149E+00  7.1400E+00  4.7434E+00  2.3966E+00  1.5774E+00
  1.0000E+01  1.2100E+01  0.0000E+00  5.6800E+00  0.0000E+00  0.0000E+00  5.6229E+00  1.0294E-01  7.0344E-01  5.6800E+00  3.8560E+00  1.8240E+00  2.3284E-01
  1.0000E+01  2.3700E+01  0.0000E+00  2.4200E+00  0.0000E+00  0.0000E+00  2.8938E+00 -9.7713E-01 -5.7772E-01  2.4200E+00  1.5940E+00  8.2597E-01 -1.4007E+00
  1.1000E+01  0.0000E+00  3.1980E+02  0.0000E+00  1.0000E+00  1.0000E+00  0.0000E+00  0.0000E+00  0.0000E+00  0.0000E+00  0.0000E+00  0.0000E+00  0.0000E+00
  1.1000E+01  0.0000E+00  0.0000E+00  0.0000E+00  1.0000E+00  0.0000E+00  0.0000E+00  0.0000E+00  0.0000E+00  0.0000E+00  0.0000E+00  0.0000E+00  0.0000E+00
  1.1000E+01  2.5000E-01  0.0000E+00  4.8600E+00  0.0000E+00  0.0000E+00  4.6718E+00  3.5744E-01  1.4055E+00  4.8600E+00  2.4809E+00  2.3791E+00  2.4874E+00
  1.1000E+01  5.0000E-01  0.0000E+00  7.2400E+00  0.0000E+00  0.0000E+00  7.9283E+00 -1.0803E+00 -1.5736E+00  7.2400E+00  4.9149E+00  2.3251E+00  3.6974E-02
  1.1000E+01  9.8000E-01  0.0000E+00  8.0000E+00  0.0000E+00  0.0000E+00  7.5929E+00  6.5227E-01  1.5649E-01  8.0000E+00  8.9845E+00 -9.8448E-01 -1.2735E-01
  1.1000E+01  1.9800E+00  0.0000E+00  6.8100E+00  0.0000E+00  0.0000E+00  6.9390E+00 -2.1502E-01 -7.1280E-01  6.8100E+00  8.3257E+00 -1.5157E+00 -8.9297E-01
  1.1000E+01  3.6000E+00  0.0000E+00  5.8700E+00  0.0000E+00  0.0000E+00  5.9970E+00 -2.2400E-01 -7.1727E-01  5.8700E+00  7.3594E+00 -1.4894E+00 -8.4696E-01
  1.1000E+01  5.0200E+00  0.0000E+00  5.2200E+00  0.0000E+00  0.0000E+00  5.2771E+00 -1.0501E-01 -5.8793E-01  5.2200E+00  6.6051E+00 -1.3851E+00 -6.8419E-01
  1.1000E+01  7.0300E+00  0.0000E+00  4.4500E+00  0.0000E+00  0.0000E+00  4.4034E+00  8.9753E-02 -3.7092E-01  4.4500E+00  5.6677E+00 -1.2177E+00 -4.2307E-01
  1.1000E+01  9.0300E+00  0.0000E+00  3.6200E+00  0.0000E+00  0.0000E+00  3.6776E+00 -1.1493E-01 -5.4748E-01  3.6200E+00  4.8670E+00 -1.2470E+00 -5.3453E-01
  1.1000E+01  1.2120E+01  0.0000E+00  2.6900E+00  0.0000E+00  0.0000E+00  2.7843E+00 -1.9526E-01 -5.7823E-01  2.6900E+00  3.8465E+00 -1.1565E+00 -4.9651E-01
  1.1000E+01  2.4080E+01  0.0000E+00  8.6000E-01  0.0000E+00  0.0000E+00  9.4832E-01 -1.9194E-01 -3.9400E-01  8.6000E-01  1.5471E+00 -6.8711E-01 -2.1584E-01
  1.2000E+01  0.0000E+00  3.2065E+02  0.0000E+00  1.0000E+00  1.0000E+00  0.0000E+00  0.0000E+00  0.0000E+00  0.0000E+00  0.0000E+00  0.0000E+00  0.0000E+00
  1.2000E+01  0.0000E+00  0.0000E+00  0.0000E+00  1.0000E+00  0.0000E+00  0.0000E+00  0.0000E+00  0.0000E+00  0.0000E+00  0.0000E+00  0.0000E+00  0.0000E+00
  1.2000E+01  2.5000E-01  0.0000E+00  1.2500E+00  0.0000E+00  0.0000E+00  1.9568E+00 -1.5038E+00 -1.6212E+00  1.2500E+00  2.4875E+00 -1.2375E+00 -1.4551E+00
  1.2000E+01  5.0000E-01  0.0000E+00  3.9600E+00  0.0000E+00  0.0000E+00  3.8738E+00  1.7033E-01 -6.1849E-02  3.9600E+00  4.9280E+00 -9.6801E-01  1.4551E-01
  1.2000E+01  1.0000E+00  0.0000E+00  7.8200E+00  0.0000E+00  0.0000E+00  7.5920E+00  3.6529E-01 -8.0220E-02  7.8200E+00  8.9946E+00 -1.1746E+00 -2.7248E+00
  1.2000E+01  2.0000E+00  0.0000E+00  9.7200E+00  0.0000E+00  0.0000E+00  1.0267E+01 -7.4531E-01  7.7269E-02  9.7200E+00  8.3351E+00  1.3849E+00  1.0238E+00
  1.2000E+01  3.5200E+00  0.0000E+00  9.7500E+00  0.0000E+00  0.0000E+00  9.0639E+00  1.0047E+00  1.6532E+00  9.7500E+00  7.4241E+00  2.3259E+00  2.5511E+00
  1.2000E+01  5.0700E+00  0.0000E+00  8.5700E+00  0.0000E+00  0.0000E+00  7.9818E+00  9.2015E-01  1.4142E+00  8.5700E+00  6.5975E+00  1.9725E+00  2.0527E+00
  1.2000E+01  7.0700E+00  0.0000E+00  6.5900E+00  0.0000E+00  0.0000E+00  6.7742E+00 -3.1022E-01  1.6993E-02  6.5900E+00  5.6655E+00  9.2454E-01  2.8177E-01
  1.2000E+01  9.0300E+00  0.0000E+00  6.1100E+00  0.0000E+00  0.0000E+00  5.7683E+00  6.1066E-01  8.0678E-01  6.1100E+00  4.8799E+00  1.2301E+00  8.9233E-01
  1.2000E+01  1.2050E+01  0.0000E+00  4.5700E+00  0.0000E+00  0.0000E+00  4.5027E+00  1.2900E-01  1.7701E-01  4.5700E+00  3.8773E+00  6.9265E-01 -3.9546E-02
  1.2000E+01  2.4150E+01  0.0000E+00  1.1700E+00  0.0000E+00  0.0000E+00  1.6690E+00 -1.0697E+00 -1.2167E+00  1.1700E+00  1.5430E+00 -3.7298E-01 -1.7924E+00
