TABLE NO.  2
 ID          LAM         RH
  1.0000E+00  5.0400E-02  1.0000E+00
  1.0000E+00  5.0400E-02  1.0000E+00
  2.0000E+00  5.0400E-02  1.0000E+00
  2.0000E+00  5.0400E-02  1.0000E+00
  3.0000E+00  5.0400E-02  1.0000E+00
  3.0000E+00  5.0400E-02  1.0000E+00
  4.0000E+00  5.0400E-02  1.0000E+00
  4.0000E+00  5.0400E-02  1.0000E+00
  5.0000E+00  5.0400E-02  1.0000E+00
  5.0000E+00  5.0400E-02  1.0000E+00
  6.0000E+00  5.0400E-02  1.0000E+00
  6.0000E+00  5.0400E-02  1.0000E+00
  7.0000E+00  5.0400E-02  1.0000E+00
  7.0000E+00  5.0400E-02  1.0000E+00
  8.0000E+00  5.0400E-02  1.0000E+00
  8.0000E+00  5.0400E-02  1.0000E+00
  9.0000E+00  5.0400E-02  1.0000E+00
  9.0000E+00  5.0400E-02  1.0000E+00
  1.0000E+01  5.0400E-02  1.0000E+00
  1.0000E+01  5.0400E-02  1.0000E+00
  1.1000E+01  5.0400E-02  1.0000E+00
  1.1000E+01  5.0400E-02  1.0000E+00
  1.2000E+01  5.0400E-02  1.0000E+00
  1.2000E+01  5.0400E-02  1.0000E+00
  1.3000E+01  5.0400E-02  1.0000E+00
  1.3000E+01  5.0400E-02  1.0000E+00
  1.4000E+01  5.0400E-02  1.0000E+00
  1.4000E+01  5.0400E-02  1.0000E+00
  1.5000E+01  5.0400E-02  1.0000E+00
  1.5000E+01  5.0400E-02  1.0000E+00
  1.6000E+01  5.0400E-02  1.0000E+00
  1.6000E+01  5.0400E-02  1.0000E+00
  1.7000E+01  5.0400E-02  1.0000E+00
  1.7000E+01  5.0400E-02  1.0000E+00
  1.8000E+01  5.0400E-02  1.0000E+00
  1.8000E+01  5.0400E-02  1.0000E+00
  1.9000E+01  5.0400E-02  1.0000E+00
  1.9000E+01  5.0400E-02  1.0000E+00
  2.0000E+01  5.0400E-02  1.0000E+00
  2.0000E+01  5.0400E-02  1.0000E+00
  2.1000E+01  5.0400E-02  1.0000E+00
  2.1000E+01  5.0400E-02  1.0000E+00
  2.2000E+01  5.0400E-02  1.0000E+00
  2.2000E+01  5.0400E-02  1.0000E+00
  2.3000E+01  5.0400E-02  1.0000E+00
  2.3000E+01  5.0400E-02  1.0000E+00
  2.4000E+01  5.0400E-02  1.0000E+00
  2.4000E+01  5.0400E-02  1.0000E+00
  2.5000E+01  5.0400E-02  1.0000E+00
  2.5000E+01  5.0400E-02  1.0000E+00
  2.6000E+01  5.0400E-02  1.0000E+00
  2.6000E+01  5.0400E-02  1.0000E+00
  2.7000E+01  5.0400E-02  1.0000E+00
  2.7000E+01  5.0400E-02  1.0000E+00
  2.8000E+01  5.0400E-02  1.0000E+00
  2.8000E+01  5.0400E-02  1.0000E+00
  2.9000E+01  5.0400E-02  1.0000E+00
  2.9000E+01  5.0400E-02  1.0000E+00
  3.0000E+01  5.0400E-02  1.0000E+00
  3.0000E+01  5.0400E-02  1.0000E+00
  3.1000E+01  5.0400E-02  1.0000E+00
  3.1000E+01  5.0400E-02  1.0000E+00
  3.2000E+01  5.0400E-02  1.0000E+00
  3.2000E+01  5.0400E-02  1.0000E+00
  3.3000E+01  5.0400E-02  1.0000E+00
  3.3000E+01  5.0400E-02  1.0000E+00
  3.4000E+01  5.0400E-02  1.0000E+00
  3.4000E+01  5.0400E-02  1.0000E+00
  3.5000E+01  5.0400E-02  1.0000E+00
  3.5000E+01  5.0400E-02  1.0000E+00
  3.6000E+01  5.0400E-02  1.0000E+00
  3.6000E+01  5.0400E-02  1.0000E+00
  3.7000E+01  5.0400E-02  1.0000E+00
  3.7000E+01  5.0400E-02  1.0000E+00
  3.8000E+01  5.0400E-02  1.0000E+00
  3.8000E+01  5.0400E-02  1.0000E+00
  3.9000E+01  5.0400E-02  1.0000E+00
  3.9000E+01  5.0400E-02  1.0000E+00
  4.0000E+01  5.0400E-02  1.0000E+00
  4.0000E+01  5.0400E-02  1.0000E+00
  4.1000E+01  5.0400E-02  1.0000E+00
  4.1000E+01  5.0400E-02  1.0000E+00
  4.2000E+01  5.0400E-02  1.0000E+00
  4.2000E+01  5.0400E-02  1.0000E+00
  4.3000E+01  5.0400E-02  1.0000E+00
  4.3000E+01  5.0400E-02  1.0000E+00
  4.4000E+01  5.0400E-02  1.0000E+00
  4.4000E+01  5.0400E-02  1.0000E+00
  4.5000E+01  5.0400E-02  1.0000E+00
  4.5000E+01  5.0400E-02  1.0000E+00
  4.6000E+01  5.0400E-02  1.0000E+00
  4.6000E+01  5.0400E-02  1.0000E+00
  4.7000E+01  5.0400E-02  1.0000E+00
  4.7000E+01  5.0400E-02  1.0000E+00
  4.8000E+01  5.0400E-02  1.0000E+00
  4.8000E+01  5.0400E-02  1.0000E+00
  4.9000E+01  5.0400E-02  1.0000E+00
  4.9000E+01  5.0400E-02  1.0000E+00
  5.0000E+01  5.0400E-02  1.0000E+00
  5.0000E+01  5.0400E-02  1.0000E+00
  5.1000E+01  5.0400E-02  1.0000E+00
  5.1000E+01  5.0400E-02  1.0000E+00
  5.2000E+01  5.0400E-02  1.0000E+00
  5.2000E+01  5.0400E-02  1.0000E+00
  5.3000E+01  5.0400E-02  1.0000E+00
  5.3000E+01  5.0400E-02  1.0000E+00
  5.4000E+01  5.0400E-02  1.0000E+00
  5.4000E+01  5.0400E-02  1.0000E+00
  5.5000E+01  5.0400E-02  1.0000E+00
  5.5000E+01  5.0400E-02  1.0000E+00
  5.6000E+01  5.0400E-02  1.0000E+00
  5.6000E+01  5.0400E-02  1.0000E+00
  5.7000E+01  5.0400E-02  1.0000E+00
  5.7000E+01  5.0400E-02  1.0000E+00
  5.8000E+01  5.0400E-02  1.0000E+00
  5.8000E+01  5.0400E-02  1.0000E+00
  5.9000E+01  5.0400E-02  1.0000E+00
  5.9000E+01  5.0400E-02  1.0000E+00
  6.0000E+01  5.0400E-02  1.0000E+00
  6.0000E+01  5.0400E-02  1.0000E+00
  6.1000E+01  5.0400E-02  1.0000E+00
  6.1000E+01  5.0400E-02  1.0000E+00
  6.2000E+01  5.0400E-02  1.0000E+00
  6.2000E+01  5.0400E-02  1.0000E+00
  6.3000E+01  5.0400E-02  1.0000E+00
  6.3000E+01  5.0400E-02  1.0000E+00
  6.4000E+01  5.0400E-02  1.0000E+00
  6.4000E+01  5.0400E-02  1.0000E+00
  6.5000E+01  5.0400E-02  1.0000E+00
  6.5000E+01  5.0400E-02  1.0000E+00
  6.6000E+01  5.0400E-02  1.0000E+00
  6.6000E+01  5.0400E-02  1.0000E+00
  6.7000E+01  5.0400E-02  1.0000E+00
  6.7000E+01  5.0400E-02  1.0000E+00
  6.8000E+01  5.0400E-02  1.0000E+00
  6.8000E+01  5.0400E-02  1.0000E+00
  6.9000E+01  5.0400E-02  1.0000E+00
  6.9000E+01  5.0400E-02  1.0000E+00
  7.0000E+01  5.0400E-02  1.0000E+00
  7.0000E+01  5.0400E-02  1.0000E+00
  7.1000E+01  5.0400E-02  1.0000E+00
  7.1000E+01  5.0400E-02  1.0000E+00
  7.2000E+01  5.0400E-02  1.0000E+00
  7.2000E+01  5.0400E-02  1.0000E+00
  7.3000E+01  5.0400E-02  1.0000E+00
  7.3000E+01  5.0400E-02  1.0000E+00
  7.4000E+01  5.0400E-02  1.0000E+00
  7.4000E+01  5.0400E-02  1.0000E+00
  7.5000E+01  5.0400E-02  1.0000E+00
  7.5000E+01  5.0400E-02  1.0000E+00
  7.6000E+01  5.0400E-02  1.0000E+00
  7.6000E+01  5.0400E-02  1.0000E+00
  7.7000E+01  5.0400E-02  1.0000E+00
  7.7000E+01  5.0400E-02  1.0000E+00
  7.8000E+01  5.0400E-02  1.0000E+00
  7.8000E+01  5.0400E-02  1.0000E+00
  7.9000E+01  5.0400E-02  1.0000E+00
  7.9000E+01  5.0400E-02  1.0000E+00
  8.0000E+01  5.0400E-02  1.0000E+00
  8.0000E+01  5.0400E-02  1.0000E+00
  8.1000E+01  5.0400E-02  1.0000E+00
  8.1000E+01  5.0400E-02  1.0000E+00
  8.2000E+01  5.0400E-02  1.0000E+00
  8.2000E+01  5.0400E-02  1.0000E+00
  8.3000E+01  5.0400E-02  1.0000E+00
  8.3000E+01  5.0400E-02  1.0000E+00
  8.4000E+01  5.0400E-02  1.0000E+00
  8.4000E+01  5.0400E-02  1.0000E+00
  8.5000E+01  5.0400E-02  1.0000E+00
  8.5000E+01  5.0400E-02  1.0000E+00
  8.6000E+01  5.0400E-02  1.0000E+00
  8.6000E+01  5.0400E-02  1.0000E+00
  8.7000E+01  5.0400E-02  1.0000E+00
  8.7000E+01  5.0400E-02  1.0000E+00
  8.8000E+01  5.0400E-02  1.0000E+00
  8.8000E+01  5.0400E-02  1.0000E+00
  8.9000E+01  5.0400E-02  1.0000E+00
  8.9000E+01  5.0400E-02  1.0000E+00
  9.0000E+01  5.0400E-02  1.0000E+00
  9.0000E+01  5.0400E-02  1.0000E+00
  9.1000E+01  5.0400E-02  1.0000E+00
  9.1000E+01  5.0400E-02  1.0000E+00
  9.2000E+01  5.0400E-02  1.0000E+00
  9.2000E+01  5.0400E-02  1.0000E+00
  9.3000E+01  5.0400E-02  1.0000E+00
  9.3000E+01  5.0400E-02  1.0000E+00
  9.4000E+01  5.0400E-02  1.0000E+00
  9.4000E+01  5.0400E-02  1.0000E+00
  9.5000E+01  5.0400E-02  1.0000E+00
  9.5000E+01  5.0400E-02  1.0000E+00
  9.6000E+01  5.0400E-02  1.0000E+00
  9.6000E+01  5.0400E-02  1.0000E+00
  9.7000E+01  5.0400E-02  1.0000E+00
  9.7000E+01  5.0400E-02  1.0000E+00
  9.8000E+01  5.0400E-02  1.0000E+00
  9.8000E+01  5.0400E-02  1.0000E+00
  9.9000E+01  5.0400E-02  1.0000E+00
  9.9000E+01  5.0400E-02  1.0000E+00
  1.0000E+02  5.0400E-02  1.0000E+00
  1.0000E+02  5.0400E-02  1.0000E+00
  1.0100E+02  5.0400E-02  4.7191E-01
  1.0100E+02  5.0400E-02  4.7191E-01
  1.0200E+02  5.0400E-02  5.4591E-01
  1.0200E+02  5.0400E-02  5.4591E-01
  1.0300E+02  5.0400E-02  5.6809E-01
  1.0300E+02  5.0400E-02  5.6809E-01
  1.0400E+02  5.0400E-02  5.1417E-01
  1.0400E+02  5.0400E-02  5.1417E-01
  1.0500E+02  5.0400E-02  3.5608E-01
  1.0500E+02  5.0400E-02  3.5608E-01
  1.0600E+02  5.0400E-02  5.4129E-01
  1.0600E+02  5.0400E-02  5.4129E-01
  1.0700E+02  5.0400E-02  3.8383E-01
  1.0700E+02  5.0400E-02  3.8383E-01
  1.0800E+02  5.0400E-02  4.7039E-01
  1.0800E+02  5.0400E-02  4.7039E-01
  1.0900E+02  5.0400E-02  4.7862E-01
  1.0900E+02  5.0400E-02  4.7862E-01
  1.1000E+02  5.0400E-02  4.4018E-01
  1.1000E+02  5.0400E-02  4.4018E-01
  1.1100E+02  5.0400E-02  4.4470E-01
  1.1100E+02  5.0400E-02  4.4470E-01
  1.1200E+02  5.0400E-02  7.2140E-01
  1.1200E+02  5.0400E-02  7.2140E-01
  1.1300E+02  5.0400E-02  3.1150E-01
  1.1300E+02  5.0400E-02  3.1150E-01
  1.1400E+02  5.0400E-02  4.2149E-01
  1.1400E+02  5.0400E-02  4.2149E-01
  1.1500E+02  5.0400E-02  5.4101E-01
  1.1500E+02  5.0400E-02  5.4101E-01
  1.1600E+02  5.0400E-02  5.8736E-01
  1.1600E+02  5.0400E-02  5.8736E-01
  1.1700E+02  5.0400E-02  6.0357E-01
  1.1700E+02  5.0400E-02  6.0357E-01
  1.1800E+02  5.0400E-02  4.0483E-01
  1.1800E+02  5.0400E-02  4.0483E-01
  1.1900E+02  5.0400E-02  5.8846E-01
  1.1900E+02  5.0400E-02  5.8846E-01
  1.2000E+02  5.0400E-02  4.0058E-01
  1.2000E+02  5.0400E-02  4.0058E-01
  1.2100E+02  5.0400E-02  4.0912E-01
  1.2100E+02  5.0400E-02  4.0912E-01
  1.2200E+02  5.0400E-02  6.8247E-01
  1.2200E+02  5.0400E-02  6.8247E-01
  1.2300E+02  5.0400E-02  3.4516E-01
  1.2300E+02  5.0400E-02  3.4516E-01
  1.2400E+02  5.0400E-02  6.0966E-01
  1.2400E+02  5.0400E-02  6.0966E-01
  1.2500E+02  5.0400E-02  6.5728E-01
  1.2500E+02  5.0400E-02  6.5728E-01
  1.2600E+02  5.0400E-02  2.7690E-01
  1.2600E+02  5.0400E-02  2.7690E-01
  1.2700E+02  5.0400E-02  5.5396E-01
  1.2700E+02  5.0400E-02  5.5396E-01
  1.2800E+02  5.0400E-02  6.1508E-01
  1.2800E+02  5.0400E-02  6.1508E-01
  1.2900E+02  5.0400E-02  4.7936E-01
  1.2900E+02  5.0400E-02  4.7936E-01
  1.3000E+02  5.0400E-02  4.7538E-01
  1.3000E+02  5.0400E-02  4.7538E-01
  1.3100E+02  5.0400E-02  2.8266E-01
  1.3100E+02  5.0400E-02  2.8266E-01
  1.3200E+02  5.0400E-02  6.3152E-01
  1.3200E+02  5.0400E-02  6.3152E-01
  1.3300E+02  5.0400E-02  4.9217E-01
  1.3300E+02  5.0400E-02  4.9217E-01
  1.3400E+02  5.0400E-02  5.4027E-01
  1.3400E+02  5.0400E-02  5.4027E-01
  1.3500E+02  5.0400E-02  5.4666E-01
  1.3500E+02  5.0400E-02  5.4666E-01
  1.3600E+02  5.0400E-02  5.6356E-01
  1.3600E+02  5.0400E-02  5.6356E-01
  1.3700E+02  5.0400E-02  5.7705E-01
  1.3700E+02  5.0400E-02  5.7705E-01
  1.3800E+02  5.0400E-02  5.7558E-01
  1.3800E+02  5.0400E-02  5.7558E-01
  1.3900E+02  5.0400E-02  3.8396E-01
  1.3900E+02  5.0400E-02  3.8396E-01
  1.4000E+02  5.0400E-02  5.5048E-01
  1.4000E+02  5.0400E-02  5.5048E-01
  1.4100E+02  5.0400E-02  5.3215E-01
  1.4100E+02  5.0400E-02  5.3215E-01
  1.4200E+02  5.0400E-02  4.0490E-01
  1.4200E+02  5.0400E-02  4.0490E-01
  1.4300E+02  5.0400E-02  5.2809E-01
  1.4300E+02  5.0400E-02  5.2809E-01
  1.4400E+02  5.0400E-02  4.2358E-01
  1.4400E+02  5.0400E-02  4.2358E-01
  1.4500E+02  5.0400E-02  3.7729E-01
  1.4500E+02  5.0400E-02  3.7729E-01
  1.4600E+02  5.0400E-02  3.5073E-01
  1.4600E+02  5.0400E-02  3.5073E-01
  1.4700E+02  5.0400E-02  2.5797E-01
  1.4700E+02  5.0400E-02  2.5797E-01
  1.4800E+02  5.0400E-02  5.3233E-01
  1.4800E+02  5.0400E-02  5.3233E-01
  1.4900E+02  5.0400E-02  4.9318E-01
  1.4900E+02  5.0400E-02  4.9318E-01
  1.5000E+02  5.0400E-02  5.5321E-01
  1.5000E+02  5.0400E-02  5.5321E-01
  1.5100E+02  5.0400E-02  3.8013E-01
  1.5100E+02  5.0400E-02  3.8013E-01
  1.5200E+02  5.0400E-02  4.8601E-01
  1.5200E+02  5.0400E-02  4.8601E-01
  1.5300E+02  5.0400E-02  6.2691E-01
  1.5300E+02  5.0400E-02  6.2691E-01
  1.5400E+02  5.0400E-02  3.7390E-01
  1.5400E+02  5.0400E-02  3.7390E-01
  1.5500E+02  5.0400E-02  4.8883E-01
  1.5500E+02  5.0400E-02  4.8883E-01
  1.5600E+02  5.0400E-02  5.7509E-01
  1.5600E+02  5.0400E-02  5.7509E-01
  1.5700E+02  5.0400E-02  4.9301E-01
  1.5700E+02  5.0400E-02  4.9301E-01
  1.5800E+02  5.0400E-02  5.7197E-01
  1.5800E+02  5.0400E-02  5.7197E-01
  1.5900E+02  5.0400E-02  6.4061E-01
  1.5900E+02  5.0400E-02  6.4061E-01
  1.6000E+02  5.0400E-02  3.4119E-01
  1.6000E+02  5.0400E-02  3.4119E-01
  1.6100E+02  5.0400E-02  3.1561E-01
  1.6100E+02  5.0400E-02  3.1561E-01
  1.6200E+02  5.0400E-02  6.3843E-01
  1.6200E+02  5.0400E-02  6.3843E-01
  1.6300E+02  5.0400E-02  3.4003E-01
  1.6300E+02  5.0400E-02  3.4003E-01
  1.6400E+02  5.0400E-02  5.4471E-01
  1.6400E+02  5.0400E-02  5.4471E-01
  1.6500E+02  5.0400E-02  4.4304E-01
  1.6500E+02  5.0400E-02  4.4304E-01
  1.6600E+02  5.0400E-02  6.6890E-01
  1.6600E+02  5.0400E-02  6.6890E-01
  1.6700E+02  5.0400E-02  5.4341E-01
  1.6700E+02  5.0400E-02  5.4341E-01
  1.6800E+02  5.0400E-02  3.6578E-01
  1.6800E+02  5.0400E-02  3.6578E-01
  1.6900E+02  5.0400E-02  5.0164E-01
  1.6900E+02  5.0400E-02  5.0164E-01
  1.7000E+02  5.0400E-02  4.7586E-01
  1.7000E+02  5.0400E-02  4.7586E-01
  1.7100E+02  5.0400E-02  5.2747E-01
  1.7100E+02  5.0400E-02  5.2747E-01
  1.7200E+02  5.0400E-02  5.4712E-01
  1.7200E+02  5.0400E-02  5.4712E-01
  1.7300E+02  5.0400E-02  6.1529E-01
  1.7300E+02  5.0400E-02  6.1529E-01
  1.7400E+02  5.0400E-02  6.1090E-01
  1.7400E+02  5.0400E-02  6.1090E-01
  1.7500E+02  5.0400E-02  6.1351E-01
  1.7500E+02  5.0400E-02  6.1351E-01
  1.7600E+02  5.0400E-02  5.1795E-01
  1.7600E+02  5.0400E-02  5.1795E-01
  1.7700E+02  5.0400E-02  4.2314E-01
  1.7700E+02  5.0400E-02  4.2314E-01
  1.7800E+02  5.0400E-02  4.4781E-01
  1.7800E+02  5.0400E-02  4.4781E-01
  1.7900E+02  5.0400E-02  4.6403E-01
  1.7900E+02  5.0400E-02  4.6403E-01
  1.8000E+02  5.0400E-02  4.5488E-01
  1.8000E+02  5.0400E-02  4.5488E-01
  1.8100E+02  5.0400E-02  4.9790E-01
  1.8100E+02  5.0400E-02  4.9790E-01
  1.8200E+02  5.0400E-02  6.1163E-01
  1.8200E+02  5.0400E-02  6.1163E-01
  1.8300E+02  5.0400E-02  3.9820E-01
  1.8300E+02  5.0400E-02  3.9820E-01
  1.8400E+02  5.0400E-02  6.3724E-01
  1.8400E+02  5.0400E-02  6.3724E-01
  1.8500E+02  5.0400E-02  5.0284E-01
  1.8500E+02  5.0400E-02  5.0284E-01
  1.8600E+02  5.0400E-02  5.6722E-01
  1.8600E+02  5.0400E-02  5.6722E-01
  1.8700E+02  5.0400E-02  4.8362E-01
  1.8700E+02  5.0400E-02  4.8362E-01
  1.8800E+02  5.0400E-02  3.2125E-01
  1.8800E+02  5.0400E-02  3.2125E-01
  1.8900E+02  5.0400E-02  4.6214E-01
  1.8900E+02  5.0400E-02  4.6214E-01
  1.9000E+02  5.0400E-02  7.6087E-01
  1.9000E+02  5.0400E-02  7.6087E-01
  1.9100E+02  5.0400E-02  5.4535E-01
  1.9100E+02  5.0400E-02  5.4535E-01
  1.9200E+02  5.0400E-02  5.2818E-01
  1.9200E+02  5.0400E-02  5.2818E-01
  1.9300E+02  5.0400E-02  5.4796E-01
  1.9300E+02  5.0400E-02  5.4796E-01
  1.9400E+02  5.0400E-02  2.7084E-01
  1.9400E+02  5.0400E-02  2.7084E-01
  1.9500E+02  5.0400E-02  3.9376E-01
  1.9500E+02  5.0400E-02  3.9376E-01
  1.9600E+02  5.0400E-02  4.0154E-01
  1.9600E+02  5.0400E-02  4.0154E-01
  1.9700E+02  5.0400E-02  5.2478E-01
  1.9700E+02  5.0400E-02  5.2478E-01
  1.9800E+02  5.0400E-02  4.3750E-01
  1.9800E+02  5.0400E-02  4.3750E-01
  1.9900E+02  5.0400E-02  4.2300E-01
  1.9900E+02  5.0400E-02  4.2300E-01
  2.0000E+02  5.0400E-02  4.9866E-01
  2.0000E+02  5.0400E-02  4.9866E-01
  2.0100E+02  5.0400E-02  2.3262E-01
  2.0100E+02  5.0400E-02  2.3262E-01
  2.0200E+02  5.0400E-02  2.2900E-01
  2.0200E+02  5.0400E-02  2.2900E-01
  2.0300E+02  5.0400E-02  8.7154E-02
  2.0300E+02  5.0400E-02  8.7154E-02
  2.0400E+02  5.0400E-02  3.0381E-01
  2.0400E+02  5.0400E-02  3.0381E-01
  2.0500E+02  5.0400E-02  2.1144E-01
  2.0500E+02  5.0400E-02  2.1144E-01
  2.0600E+02  5.0400E-02  1.9759E-01
  2.0600E+02  5.0400E-02  1.9759E-01
  2.0700E+02  5.0400E-02  1.3723E-01
  2.0700E+02  5.0400E-02  1.3723E-01
  2.0800E+02  5.0400E-02  2.7464E-01
  2.0800E+02  5.0400E-02  2.7464E-01
  2.0900E+02  5.0400E-02  2.9006E-01
  2.0900E+02  5.0400E-02  2.9006E-01
  2.1000E+02  5.0400E-02  1.2557E-01
  2.1000E+02  5.0400E-02  1.2557E-01
  2.1100E+02  5.0400E-02  3.4452E-01
  2.1100E+02  5.0400E-02  3.4452E-01
  2.1200E+02  5.0400E-02  2.7325E-01
  2.1200E+02  5.0400E-02  2.7325E-01
  2.1300E+02  5.0400E-02  1.6579E-01
  2.1300E+02  5.0400E-02  1.6579E-01
  2.1400E+02  5.0400E-02  3.7137E-01
  2.1400E+02  5.0400E-02  3.7137E-01
  2.1500E+02  5.0400E-02  2.2285E-01
  2.1500E+02  5.0400E-02  2.2285E-01
  2.1600E+02  5.0400E-02  3.0246E-01
  2.1600E+02  5.0400E-02  3.0246E-01
  2.1700E+02  5.0400E-02  3.5608E-01
  2.1700E+02  5.0400E-02  3.5608E-01
  2.1800E+02  5.0400E-02  3.7543E-01
  2.1800E+02  5.0400E-02  3.7543E-01
  2.1900E+02  5.0400E-02  2.5194E-01
  2.1900E+02  5.0400E-02  2.5194E-01
  2.2000E+02  5.0400E-02  1.6047E-01
  2.2000E+02  5.0400E-02  1.6047E-01
  2.2100E+02  5.0400E-02  2.0208E-01
  2.2100E+02  5.0400E-02  2.0208E-01
  2.2200E+02  5.0400E-02  1.3513E-01
  2.2200E+02  5.0400E-02  1.3513E-01
  2.2300E+02  5.0400E-02  2.6781E-01
  2.2300E+02  5.0400E-02  2.6781E-01
  2.2400E+02  5.0400E-02  3.0149E-01
  2.2400E+02  5.0400E-02  3.0149E-01
  2.2500E+02  5.0400E-02  3.2715E-01
  2.2500E+02  5.0400E-02  3.2715E-01
  2.2600E+02  5.0400E-02  3.2537E-01
  2.2600E+02  5.0400E-02  3.2537E-01
  2.2700E+02  5.0400E-02  2.2939E-01
  2.2700E+02  5.0400E-02  2.2939E-01
  2.2800E+02  5.0400E-02  2.4215E-01
  2.2800E+02  5.0400E-02  2.4215E-01
  2.2900E+02  5.0400E-02  2.6080E-01
  2.2900E+02  5.0400E-02  2.6080E-01
  2.3000E+02  5.0400E-02  2.1642E-01
  2.3000E+02  5.0400E-02  2.1642E-01
  2.3100E+02  5.0400E-02  9.6934E-02
  2.3100E+02  5.0400E-02  9.6934E-02
  2.3200E+02  5.0400E-02  2.7084E-01
  2.3200E+02  5.0400E-02  2.7084E-01
  2.3300E+02  5.0400E-02  2.4989E-01
  2.3300E+02  5.0400E-02  2.4989E-01
  2.3400E+02  5.0400E-02  1.7271E-01
  2.3400E+02  5.0400E-02  1.7271E-01
  2.3500E+02  5.0400E-02  1.8446E-01
  2.3500E+02  5.0400E-02  1.8446E-01
  2.3600E+02  5.0400E-02  1.3547E-01
  2.3600E+02  5.0400E-02  1.3547E-01
  2.3700E+02  5.0400E-02  2.7353E-01
  2.3700E+02  5.0400E-02  2.7353E-01
  2.3800E+02  5.0400E-02  2.7530E-01
  2.3800E+02  5.0400E-02  2.7530E-01
  2.3900E+02  5.0400E-02  1.7392E-01
  2.3900E+02  5.0400E-02  1.7392E-01
  2.4000E+02  5.0400E-02  3.0515E-01
  2.4000E+02  5.0400E-02  3.0515E-01
  2.4100E+02  5.0400E-02  3.0082E-01
  2.4100E+02  5.0400E-02  3.0082E-01
  2.4200E+02  5.0400E-02  2.7255E-01
  2.4200E+02  5.0400E-02  2.7255E-01
  2.4300E+02  5.0400E-02  2.7450E-01
  2.4300E+02  5.0400E-02  2.7450E-01
  2.4400E+02  5.0400E-02  2.1727E-01
  2.4400E+02  5.0400E-02  2.1727E-01
  2.4500E+02  5.0400E-02  2.0180E-01
  2.4500E+02  5.0400E-02  2.0180E-01
  2.4600E+02  5.0400E-02  1.8362E-01
  2.4600E+02  5.0400E-02  1.8362E-01
  2.4700E+02  5.0400E-02  2.5049E-01
  2.4700E+02  5.0400E-02  2.5049E-01
  2.4800E+02  5.0400E-02  2.9269E-01
  2.4800E+02  5.0400E-02  2.9269E-01
  2.4900E+02  5.0400E-02  2.7176E-01
  2.4900E+02  5.0400E-02  2.7176E-01
  2.5000E+02  5.0400E-02  1.6442E-01
  2.5000E+02  5.0400E-02  1.6442E-01
  2.5100E+02  5.0400E-02  1.1771E-01
  2.5100E+02  5.0400E-02  1.1771E-01
  2.5200E+02  5.0400E-02  3.6816E-01
  2.5200E+02  5.0400E-02  3.6816E-01
  2.5300E+02  5.0400E-02  2.5758E-01
  2.5300E+02  5.0400E-02  2.5758E-01
  2.5400E+02  5.0400E-02  1.0063E-01
  2.5400E+02  5.0400E-02  1.0063E-01
  2.5500E+02  5.0400E-02  3.6635E-01
  2.5500E+02  5.0400E-02  3.6635E-01
  2.5600E+02  5.0400E-02  2.2104E-01
  2.5600E+02  5.0400E-02  2.2104E-01
  2.5700E+02  5.0400E-02  3.0011E-01
  2.5700E+02  5.0400E-02  3.0011E-01
  2.5800E+02  5.0400E-02  1.9585E-01
  2.5800E+02  5.0400E-02  1.9585E-01
  2.5900E+02  5.0400E-02  3.7200E-01
  2.5900E+02  5.0400E-02  3.7200E-01
  2.6000E+02  5.0400E-02  1.7887E-01
  2.6000E+02  5.0400E-02  1.7887E-01
  2.6100E+02  5.0400E-02  3.4823E-01
  2.6100E+02  5.0400E-02  3.4823E-01
  2.6200E+02  5.0400E-02  2.1532E-01
  2.6200E+02  5.0400E-02  2.1532E-01
  2.6300E+02  5.0400E-02  2.0201E-01
  2.6300E+02  5.0400E-02  2.0201E-01
  2.6400E+02  5.0400E-02  2.7172E-01
  2.6400E+02  5.0400E-02  2.7172E-01
  2.6500E+02  5.0400E-02  6.5383E-02
  2.6500E+02  5.0400E-02  6.5383E-02
  2.6600E+02  5.0400E-02  2.8131E-01
  2.6600E+02  5.0400E-02  2.8131E-01
  2.6700E+02  5.0400E-02  2.7195E-01
  2.6700E+02  5.0400E-02  2.7195E-01
  2.6800E+02  5.0400E-02  2.2312E-01
  2.6800E+02  5.0400E-02  2.2312E-01
  2.6900E+02  5.0400E-02  3.8724E-01
  2.6900E+02  5.0400E-02  3.8724E-01
  2.7000E+02  5.0400E-02  2.2048E-01
  2.7000E+02  5.0400E-02  2.2048E-01
  2.7100E+02  5.0400E-02  3.2532E-01
  2.7100E+02  5.0400E-02  3.2532E-01
  2.7200E+02  5.0400E-02  2.8864E-01
  2.7200E+02  5.0400E-02  2.8864E-01
  2.7300E+02  5.0400E-02  2.6478E-01
  2.7300E+02  5.0400E-02  2.6478E-01
  2.7400E+02  5.0400E-02  3.2810E-01
  2.7400E+02  5.0400E-02  3.2810E-01
  2.7500E+02  5.0400E-02  3.9188E-01
  2.7500E+02  5.0400E-02  3.9188E-01
  2.7600E+02  5.0400E-02  1.1334E-01
  2.7600E+02  5.0400E-02  1.1334E-01
  2.7700E+02  5.0400E-02  2.9244E-01
  2.7700E+02  5.0400E-02  2.9244E-01
  2.7800E+02  5.0400E-02  1.6662E-01
  2.7800E+02  5.0400E-02  1.6662E-01
  2.7900E+02  5.0400E-02  2.8223E-01
  2.7900E+02  5.0400E-02  2.8223E-01
  2.8000E+02  5.0400E-02  3.2185E-01
  2.8000E+02  5.0400E-02  3.2185E-01
  2.8100E+02  5.0400E-02  2.5815E-01
  2.8100E+02  5.0400E-02  2.5815E-01
  2.8200E+02  5.0400E-02  3.4084E-01
  2.8200E+02  5.0400E-02  3.4084E-01
  2.8300E+02  5.0400E-02  1.9439E-01
  2.8300E+02  5.0400E-02  1.9439E-01
  2.8400E+02  5.0400E-02  2.0222E-01
  2.8400E+02  5.0400E-02  2.0222E-01
  2.8500E+02  5.0400E-02  3.6803E-01
  2.8500E+02  5.0400E-02  3.6803E-01
  2.8600E+02  5.0400E-02  4.2698E-01
  2.8600E+02  5.0400E-02  4.2698E-01
  2.8700E+02  5.0400E-02  4.1650E-01
  2.8700E+02  5.0400E-02  4.1650E-01
  2.8800E+02  5.0400E-02  2.6276E-01
  2.8800E+02  5.0400E-02  2.6276E-01
  2.8900E+02  5.0400E-02  3.6361E-01
  2.8900E+02  5.0400E-02  3.6361E-01
  2.9000E+02  5.0400E-02  8.3240E-02
  2.9000E+02  5.0400E-02  8.3240E-02
  2.9100E+02  5.0400E-02  4.0801E-01
  2.9100E+02  5.0400E-02  4.0801E-01
  2.9200E+02  5.0400E-02  2.9444E-01
  2.9200E+02  5.0400E-02  2.9444E-01
  2.9300E+02  5.0400E-02  2.1393E-01
  2.9300E+02  5.0400E-02  2.1393E-01
  2.9400E+02  5.0400E-02  3.3807E-01
  2.9400E+02  5.0400E-02  3.3807E-01
  2.9500E+02  5.0400E-02  2.2191E-01
  2.9500E+02  5.0400E-02  2.2191E-01
  2.9600E+02  5.0400E-02  1.5674E-01
  2.9600E+02  5.0400E-02  1.5674E-01
  2.9700E+02  5.0400E-02  1.8674E-01
  2.9700E+02  5.0400E-02  1.8674E-01
  2.9800E+02  5.0400E-02  3.4918E-01
  2.9800E+02  5.0400E-02  3.4918E-01
  2.9900E+02  5.0400E-02  3.5427E-01
  2.9900E+02  5.0400E-02  3.5427E-01
  3.0000E+02  5.0400E-02  1.7460E-01
  3.0000E+02  5.0400E-02  1.7460E-01
