TABLE NO.  2
 ID          KA          CL          V           ETA1        ETA2        ETA3
  1.0000E+00  1.4332E+00  1.9130E+00  2.6571E+01 -8.0788E-02 -3.7105E-01 -1.7960E-01
  1.0000E+00  1.4332E+00  1.9130E+00  2.6571E+01 -8.0788E-02 -3.7105E-01 -1.7960E-01
  1.0000E+00  1.4332E+00  1.9130E+00  2.6571E+01 -8.0788E-02 -3.7105E-01 -1.7960E-01
  1.0000E+00  1.4332E+00  1.9130E+00  2.6571E+01 -8.0788E-02 -3.7105E-01 -1.7960E-01
  1.0000E+00  1.4332E+00  1.9130E+00  2.6571E+01 -8.0788E-02 -3.7105E-01 -1.7960E-01
  1.0000E+00  1.4332E+00  1.9130E+00  2.6571E+01 -8.0788E-02 -3.7105E-01 -1.7960E-01
  1.0000E+00  1.4332E+00  1.9130E+00  2.6571E+01 -8.0788E-02 -3.7105E-01 -1.7960E-01
  1.0000E+00  1.4332E+00  1.9130E+00  2.6571E+01 -8.0788E-02 -3.7105E-01 -1.7960E-01
  1.0000E+00  1.4332E+00  1.9130E+00  2.6571E+01 -8.0788E-02 -3.7105E-01 -1.7960E-01
  1.0000E+00  1.4332E+00  1.9130E+00  2.6571E+01 -8.0788E-02 -3.7105E-01 -1.7960E-01
  1.0000E+00  1.4332E+00  1.9130E+00  2.6571E+01 -8.0788E-02 -3.7105E-01 -1.7960E-01
  1.0000E+00  1.4332E+00  1.9130E+00  2.6571E+01 -8.0788E-02 -3.7105E-01 -1.7960E-01
  2.0000E+00  2.0430E+00  3.0312E+00  3.3530E+01  2.7368E-01  8.9257E-02  5.3045E-02
  2.0000E+00  2.0430E+00  3.0312E+00  3.3530E+01  2.7368E-01  8.9257E-02  5.3045E-02
  2.0000E+00  2.0430E+00  3.0312E+00  3.3530E+01  2.7368E-01  8.9257E-02  5.3045E-02
  2.0000E+00  2.0430E+00  3.0312E+00  3.3530E+01  2.7368E-01  8.9257E-02  5.3045E-02
  2.0000E+00  2.0430E+00  3.0312E+00  3.3530E+01  2.7368E-01  8.9257E-02  5.3045E-02
  2.0000E+00  2.0430E+00  3.0312E+00  3.3530E+01  2.7368E-01  8.9257E-02  5.3045E-02
  2.0000E+00  2.0430E+00  3.0312E+00  3.3530E+01  2.7368E-01  8.9257E-02  5.3045E-02
  2.0000E+00  2.0430E+00  3.0312E+00  3.3530E+01  2.7368E-01  8.9257E-02  5.3045E-02
  2.0000E+00  2.0430E+00  3.0312E+00  3.3530E+01  2.7368E-01  8.9257E-02  5.3045E-02
  2.0000E+00  2.0430E+00  3.0312E+00  3.3530E+01  2.7368E-01  8.9257E-02  5.3045E-02
  2.0000E+00  2.0430E+00  3.0312E+00  3.3530E+01  2.7368E-01  8.9257E-02  5.3045E-02
  2.0000E+00  2.0430E+00  3.0312E+00  3.3530E+01  2.7368E-01  8.9257E-02  5.3045E-02
  3.0000E+00  2.2224E+00  2.9174E+00  3.3033E+01  3.5787E-01  5.0976E-02  3.8097E-02
  3.0000E+00  2.2224E+00  2.9174E+00  3.3033E+01  3.5787E-01  5.0976E-02  3.8097E-02
  3.0000E+00  2.2224E+00  2.9174E+00  3.3033E+01  3.5787E-01  5.0976E-02  3.8097E-02
  3.0000E+00  2.2224E+00  2.9174E+00  3.3033E+01  3.5787E-01  5.0976E-02  3.8097E-02
  3.0000E+00  2.2224E+00  2.9174E+00  3.3033E+01  3.5787E-01  5.0976E-02  3.8097E-02
  3.0000E+00  2.2224E+00  2.9174E+00  3.3033E+01  3.5787E-01  5.0976E-02  3.8097E-02
  3.0000E+00  2.2224E+00  2.9174E+00  3.3033E+01  3.5787E-01  5.0976E-02  3.8097E-02
  3.0000E+00  2.2224E+00  2.9174E+00  3.3033E+01  3.5787E-01  5.0976E-02  3.8097E-02
  3.0000E+00  2.2224E+00  2.9174E+00  3.3033E+01  3.5787E-01  5.0976E-02  3.8097E-02
  3.0000E+00  2.2224E+00  2.9174E+00  3.3033E+01  3.5787E-01  5.0976E-02  3.8097E-02
  3.0000E+00  2.2224E+00  2.9174E+00  3.3033E+01  3.5787E-01  5.0976E-02  3.8097E-02
  3.0000E+00  2.2224E+00  2.9174E+00  3.3033E+01  3.5787E-01  5.0976E-02  3.8097E-02
  4.0000E+00  1.1448E+00  2.7188E+00  3.1134E+01 -3.0554E-01 -1.9517E-02 -2.1110E-02
  4.0000E+00  1.1448E+00  2.7188E+00  3.1134E+01 -3.0554E-01 -1.9517E-02 -2.1110E-02
  4.0000E+00  1.1448E+00  2.7188E+00  3.1134E+01 -3.0554E-01 -1.9517E-02 -2.1110E-02
  4.0000E+00  1.1448E+00  2.7188E+00  3.1134E+01 -3.0554E-01 -1.9517E-02 -2.1110E-02
  4.0000E+00  1.1448E+00  2.7188E+00  3.1134E+01 -3.0554E-01 -1.9517E-02 -2.1110E-02
  4.0000E+00  1.1448E+00  2.7188E+00  3.1134E+01 -3.0554E-01 -1.9517E-02 -2.1110E-02
  4.0000E+00  1.1448E+00  2.7188E+00  3.1134E+01 -3.0554E-01 -1.9517E-02 -2.1110E-02
  4.0000E+00  1.1448E+00  2.7188E+00  3.1134E+01 -3.0554E-01 -1.9517E-02 -2.1110E-02
  4.0000E+00  1.1448E+00  2.7188E+00  3.1134E+01 -3.0554E-01 -1.9517E-02 -2.1110E-02
  4.0000E+00  1.1448E+00  2.7188E+00  3.1134E+01 -3.0554E-01 -1.9517E-02 -2.1110E-02
  4.0000E+00  1.1448E+00  2.7188E+00  3.1134E+01 -3.0554E-01 -1.9517E-02 -2.1110E-02
  4.0000E+00  1.1448E+00  2.7188E+00  3.1134E+01 -3.0554E-01 -1.9517E-02 -2.1110E-02
  5.0000E+00  1.5381E+00  2.2343E+00  2.8685E+01 -1.0213E-02 -2.1579E-01 -1.0303E-01
  5.0000E+00  1.5381E+00  2.2343E+00  2.8685E+01 -1.0213E-02 -2.1579E-01 -1.0303E-01
  5.0000E+00  1.5381E+00  2.2343E+00  2.8685E+01 -1.0213E-02 -2.1579E-01 -1.0303E-01
  5.0000E+00  1.5381E+00  2.2343E+00  2.8685E+01 -1.0213E-02 -2.1579E-01 -1.0303E-01
  5.0000E+00  1.5381E+00  2.2343E+00  2.8685E+01 -1.0213E-02 -2.1579E-01 -1.0303E-01
  5.0000E+00  1.5381E+00  2.2343E+00  2.8685E+01 -1.0213E-02 -2.1579E-01 -1.0303E-01
  5.0000E+00  1.5381E+00  2.2343E+00  2.8685E+01 -1.0213E-02 -2.1579E-01 -1.0303E-01
  5.0000E+00  1.5381E+00  2.2343E+00  2.8685E+01 -1.0213E-02 -2.1579E-01 -1.0303E-01
  5.0000E+00  1.5381E+00  2.2343E+00  2.8685E+01 -1.0213E-02 -2.1579E-01 -1.0303E-01
  5.0000E+00  1.5381E+00  2.2343E+00  2.8685E+01 -1.0213E-02 -2.1579E-01 -1.0303E-01
  5.0000E+00  1.5381E+00  2.2343E+00  2.8685E+01 -1.0213E-02 -2.1579E-01 -1.0303E-01
  5.0000E+00  1.5381E+00  2.2343E+00  2.8685E+01 -1.0213E-02 -2.1579E-01 -1.0303E-01
  6.0000E+00  1.0438E+00  4.1645E+00  3.7997E+01 -3.9784E-01  4.0687E-01  1.7811E-01
  6.0000E+00  1.0438E+00  4.1645E+00  3.7997E+01 -3.9784E-01  4.0687E-01  1.7811E-01
  6.0000E+00  1.0438E+00  4.1645E+00  3.7997E+01 -3.9784E-01  4.0687E-01  1.7811E-01
  6.0000E+00  1.0438E+00  4.1645E+00  3.7997E+01 -3.9784E-01  4.0687E-01  1.7811E-01
  6.0000E+00  1.0438E+00  4.1645E+00  3.7997E+01 -3.9784E-01  4.0687E-01  1.7811E-01
  6.0000E+00  1.0438E+00  4.1645E+00  3.7997E+01 -3.9784E-01  4.0687E-01  1.7811E-01
  6.0000E+00  1.0438E+00  4.1645E+00  3.7997E+01 -3.9784E-01  4.0687E-01  1.7811E-01
  6.0000E+00  1.0438E+00  4.1645E+00  3.7997E+01 -3.9784E-01  4.0687E-01  1.7811E-01
  6.0000E+00  1.0438E+00  4.1645E+00  3.7997E+01 -3.9784E-01  4.0687E-01  1.7811E-01
  6.0000E+00  1.0438E+00  4.1645E+00  3.7997E+01 -3.9784E-01  4.0687E-01  1.7811E-01
  6.0000E+00  1.0438E+00  4.1645E+00  3.7997E+01 -3.9784E-01  4.0687E-01  1.7811E-01
  6.0000E+00  1.0438E+00  4.1645E+00  3.7997E+01 -3.9784E-01  4.0687E-01  1.7811E-01
  7.0000E+00  7.1008E-01  3.2445E+00  3.3244E+01 -7.8310E-01  1.5726E-01  4.4479E-02
  7.0000E+00  7.1008E-01  3.2445E+00  3.3244E+01 -7.8310E-01  1.5726E-01  4.4479E-02
  7.0000E+00  7.1008E-01  3.2445E+00  3.3244E+01 -7.8310E-01  1.5726E-01  4.4479E-02
  7.0000E+00  7.1008E-01  3.2445E+00  3.3244E+01 -7.8310E-01  1.5726E-01  4.4479E-02
  7.0000E+00  7.1008E-01  3.2445E+00  3.3244E+01 -7.8310E-01  1.5726E-01  4.4479E-02
  7.0000E+00  7.1008E-01  3.2445E+00  3.3244E+01 -7.8310E-01  1.5726E-01  4.4479E-02
  7.0000E+00  7.1008E-01  3.2445E+00  3.3244E+01 -7.8310E-01  1.5726E-01  4.4479E-02
  7.0000E+00  7.1008E-01  3.2445E+00  3.3244E+01 -7.8310E-01  1.5726E-01  4.4479E-02
  7.0000E+00  7.1008E-01  3.2445E+00  3.3244E+01 -7.8310E-01  1.5726E-01  4.4479E-02
  7.0000E+00  7.1008E-01  3.2445E+00  3.3244E+01 -7.8310E-01  1.5726E-01  4.4479E-02
  7.0000E+00  7.1008E-01  3.2445E+00  3.3244E+01 -7.8310E-01  1.5726E-01  4.4479E-02
  7.0000E+00  7.1008E-01  3.2445E+00  3.3244E+01 -7.8310E-01  1.5726E-01  4.4479E-02
  8.0000E+00  1.3196E+00  3.3331E+00  3.4490E+01 -1.6342E-01  1.8418E-01  8.1270E-02
  8.0000E+00  1.3196E+00  3.3331E+00  3.4490E+01 -1.6342E-01  1.8418E-01  8.1270E-02
  8.0000E+00  1.3196E+00  3.3331E+00  3.4490E+01 -1.6342E-01  1.8418E-01  8.1270E-02
  8.0000E+00  1.3196E+00  3.3331E+00  3.4490E+01 -1.6342E-01  1.8418E-01  8.1270E-02
  8.0000E+00  1.3196E+00  3.3331E+00  3.4490E+01 -1.6342E-01  1.8418E-01  8.1270E-02
  8.0000E+00  1.3196E+00  3.3331E+00  3.4490E+01 -1.6342E-01  1.8418E-01  8.1270E-02
  8.0000E+00  1.3196E+00  3.3331E+00  3.4490E+01 -1.6342E-01  1.8418E-01  8.1270E-02
  8.0000E+00  1.3196E+00  3.3331E+00  3.4490E+01 -1.6342E-01  1.8418E-01  8.1270E-02
  8.0000E+00  1.3196E+00  3.3331E+00  3.4490E+01 -1.6342E-01  1.8418E-01  8.1270E-02
  8.0000E+00  1.3196E+00  3.3331E+00  3.4490E+01 -1.6342E-01  1.8418E-01  8.1270E-02
  8.0000E+00  1.3196E+00  3.3331E+00  3.4490E+01 -1.6342E-01  1.8418E-01  8.1270E-02
  8.0000E+00  1.3196E+00  3.3331E+00  3.4490E+01 -1.6342E-01  1.8418E-01  8.1270E-02
  9.0000E+00  6.2084E+00  2.7074E+00  3.3173E+01  1.3852E+00 -2.3720E-02  4.2338E-02
  9.0000E+00  6.2084E+00  2.7074E+00  3.3173E+01  1.3852E+00 -2.3720E-02  4.2338E-02
  9.0000E+00  6.2084E+00  2.7074E+00  3.3173E+01  1.3852E+00 -2.3720E-02  4.2338E-02
  9.0000E+00  6.2084E+00  2.7074E+00  3.3173E+01  1.3852E+00 -2.3720E-02  4.2338E-02
  9.0000E+00  6.2084E+00  2.7074E+00  3.3173E+01  1.3852E+00 -2.3720E-02  4.2338E-02
  9.0000E+00  6.2084E+00  2.7074E+00  3.3173E+01  1.3852E+00 -2.3720E-02  4.2338E-02
  9.0000E+00  6.2084E+00  2.7074E+00  3.3173E+01  1.3852E+00 -2.3720E-02  4.2338E-02
  9.0000E+00  6.2084E+00  2.7074E+00  3.3173E+01  1.3852E+00 -2.3720E-02  4.2338E-02
  9.0000E+00  6.2084E+00  2.7074E+00  3.3173E+01  1.3852E+00 -2.3720E-02  4.2338E-02
  9.0000E+00  6.2084E+00  2.7074E+00  3.3173E+01  1.3852E+00 -2.3720E-02  4.2338E-02
  9.0000E+00  6.2084E+00  2.7074E+00  3.3173E+01  1.3852E+00 -2.3720E-02  4.2338E-02
  9.0000E+00  6.2084E+00  2.7074E+00  3.3173E+01  1.3852E+00 -2.3720E-02  4.2338E-02
  1.0000E+01  7.3130E-01  1.9367E+00  2.6039E+01 -7.5366E-01 -3.5875E-01 -1.9980E-01
  1.0000E+01  7.3130E-01  1.9367E+00  2.6039E+01 -7.5366E-01 -3.5875E-01 -1.9980E-01
  1.0000E+01  7.3130E-01  1.9367E+00  2.6039E+01 -7.5366E-01 -3.5875E-01 -1.9980E-01
  1.0000E+01  7.3130E-01  1.9367E+00  2.6039E+01 -7.5366E-01 -3.5875E-01 -1.9980E-01
  1.0000E+01  7.3130E-01  1.9367E+00  2.6039E+01 -7.5366E-01 -3.5875E-01 -1.9980E-01
  1.0000E+01  7.3130E-01  1.9367E+00  2.6039E+01 -7.5366E-01 -3.5875E-01 -1.9980E-01
  1.0000E+01  7.3130E-01  1.9367E+00  2.6039E+01 -7.5366E-01 -3.5875E-01 -1.9980E-01
  1.0000E+01  7.3130E-01  1.9367E+00  2.6039E+01 -7.5366E-01 -3.5875E-01 -1.9980E-01
  1.0000E+01  7.3130E-01  1.9367E+00  2.6039E+01 -7.5366E-01 -3.5875E-01 -1.9980E-01
  1.0000E+01  7.3130E-01  1.9367E+00  2.6039E+01 -7.5366E-01 -3.5875E-01 -1.9980E-01
  1.0000E+01  7.3130E-01  1.9367E+00  2.6039E+01 -7.5366E-01 -3.5875E-01 -1.9980E-01
  1.0000E+01  7.3130E-01  1.9367E+00  2.6039E+01 -7.5366E-01 -3.5875E-01 -1.9980E-01
  1.1000E+01  3.4989E+00  3.6571E+00  3.7432E+01  8.1170E-01  2.7695E-01  1.6314E-01
  1.1000E+01  3.4989E+00  3.6571E+00  3.7432E+01  8.1170E-01  2.7695E-01  1.6314E-01
  1.1000E+01  3.4989E+00  3.6571E+00  3.7432E+01  8.1170E-01  2.7695E-01  1.6314E-01
  1.1000E+01  3.4989E+00  3.6571E+00  3.7432E+01  8.1170E-01  2.7695E-01  1.6314E-01
  1.1000E+01  3.4989E+00  3.6571E+00  3.7432E+01  8.1170E-01  2.7695E-01  1.6314E-01
  1.1000E+01  3.4989E+00  3.6571E+00  3.7432E+01  8.1170E-01  2.7695E-01  1.6314E-01
  1.1000E+01  3.4989E+00  3.6571E+00  3.7432E+01  8.1170E-01  2.7695E-01  1.6314E-01
  1.1000E+01  3.4989E+00  3.6571E+00  3.7432E+01  8.1170E-01  2.7695E-01  1.6314E-01
  1.1000E+01  3.4989E+00  3.6571E+00  3.7432E+01  8.1170E-01  2.7695E-01  1.6314E-01
  1.1000E+01  3.4989E+00  3.6571E+00  3.7432E+01  8.1170E-01  2.7695E-01  1.6314E-01
  1.1000E+01  3.4989E+00  3.6571E+00  3.7432E+01  8.1170E-01  2.7695E-01  1.6314E-01
  1.1000E+01  3.4989E+00  3.6571E+00  3.7432E+01  8.1170E-01  2.7695E-01  1.6314E-01
  1.2000E+01  1.0103E+00  2.2386E+00  2.8248E+01 -4.3049E-01 -2.1387E-01 -1.1838E-01
  1.2000E+01  1.0103E+00  2.2386E+00  2.8248E+01 -4.3049E-01 -2.1387E-01 -1.1838E-01
  1.2000E+01  1.0103E+00  2.2386E+00  2.8248E+01 -4.3049E-01 -2.1387E-01 -1.1838E-01
  1.2000E+01  1.0103E+00  2.2386E+00  2.8248E+01 -4.3049E-01 -2.1387E-01 -1.1838E-01
  1.2000E+01  1.0103E+00  2.2386E+00  2.8248E+01 -4.3049E-01 -2.1387E-01 -1.1838E-01
  1.2000E+01  1.0103E+00  2.2386E+00  2.8248E+01 -4.3049E-01 -2.1387E-01 -1.1838E-01
  1.2000E+01  1.0103E+00  2.2386E+00  2.8248E+01 -4.3049E-01 -2.1387E-01 -1.1838E-01
  1.2000E+01  1.0103E+00  2.2386E+00  2.8248E+01 -4.3049E-01 -2.1387E-01 -1.1838E-01
  1.2000E+01  1.0103E+00  2.2386E+00  2.8248E+01 -4.3049E-01 -2.1387E-01 -1.1838E-01
  1.2000E+01  1.0103E+00  2.2386E+00  2.8248E+01 -4.3049E-01 -2.1387E-01 -1.1838E-01
  1.2000E+01  1.0103E+00  2.2386E+00  2.8248E+01 -4.3049E-01 -2.1387E-01 -1.1838E-01
  1.2000E+01  1.0103E+00  2.2386E+00  2.8248E+01 -4.3049E-01 -2.1387E-01 -1.1838E-01
