TABLE NO.  1
 ID          TIME        AMT         DV          MDV         EVID        IPRE        IWRE        CWRES       DV          PRED        RES         WRES
  1.0000E+00  0.0000E+00  3.1999E+02  0.0000E+00  1.0000E+00  1.0000E+00  0.0000E+00  0.0000E+00  0.0000E+00  0.0000E+00  0.0000E+00  0.0000E+00  0.0000E+00
  1.0000E+00  0.0000E+00  0.0000E+00  7.4000E-01  1.0000E+00  0.0000E+00  0.0000E+00  1.2316E+00  0.0000E+00  7.4000E-01  0.0000E+00  0.0000E+00  0.0000E+00
  1.0000E+00  2.5000E-01  0.0000E+00  2.8400E+00  0.0000E+00  0.0000E+00  3.5923E+00 -1.1518E+00 -1.1468E+00  2.8400E+00  3.2021E+00 -3.6206E-01 -1.1540E+00
  1.0000E+00  5.7000E-01  0.0000E+00  6.5700E+00  0.0000E+00  0.0000E+00  6.5684E+00  2.0438E-03  9.0408E-02  6.5700E+00  5.7475E+00  8.2252E-01  1.1363E-01
  1.0000E+00  1.1200E+00  0.0000E+00  1.0500E+01  0.0000E+00  0.0000E+00  9.1510E+00  1.5206E+00  1.7760E+00  1.0500E+01  7.7989E+00  2.7011E+00  1.9382E+00
  1.0000E+00  2.0200E+00  0.0000E+00  9.6600E+00  0.0000E+00  0.0000E+00  1.0263E+01 -6.3636E-01 -2.0204E-01  9.6600E+00  8.4778E+00  1.1822E+00 -2.0581E-01
  1.0000E+00  3.8200E+00  0.0000E+00  8.5800E+00  0.0000E+00  0.0000E+00  9.5780E+00 -1.0969E+00 -5.5455E-01  8.5800E+00  7.6132E+00  9.6679E-01 -6.0329E-01
  1.0000E+00  5.1000E+00  0.0000E+00  8.3600E+00  0.0000E+00  0.0000E+00  8.7747E+00 -4.7802E-01  7.2290E-02  8.3600E+00  6.8306E+00  1.5294E+00  1.0696E-01
  1.0000E+00  7.0300E+00  0.0000E+00  7.4700E+00  0.0000E+00  0.0000E+00  7.6432E+00 -2.1351E-01  3.2616E-01  7.4700E+00  5.7758E+00  1.6942E+00  4.0625E-01
  1.0000E+00  9.0500E+00  0.0000E+00  6.8900E+00  0.0000E+00  0.0000E+00  6.6091E+00  3.6778E-01  8.8704E-01  6.8900E+00  4.8432E+00  2.0468E+00  1.0411E+00
  1.0000E+00  1.2120E+01  0.0000E+00  5.9400E+00  0.0000E+00  0.0000E+00  5.2985E+00  9.0373E-01  1.3834E+00  5.9400E+00  3.7059E+00  2.2341E+00  1.5916E+00
  1.0000E+00  2.4370E+01  0.0000E+00  3.2800E+00  0.0000E+00  0.0000E+00  2.1934E+00  1.7501E+00  2.0498E+00  3.2800E+00  1.2736E+00  2.0064E+00  2.2440E+00
  2.0000E+00  0.0000E+00  3.1856E+02  0.0000E+00  1.0000E+00  1.0000E+00  0.0000E+00  0.0000E+00  0.0000E+00  0.0000E+00  0.0000E+00  0.0000E+00  0.0000E+00
  2.0000E+00  0.0000E+00  0.0000E+00  0.0000E+00  1.0000E+00  0.0000E+00  0.0000E+00  0.0000E+00  0.0000E+00  0.0000E+00  0.0000E+00  0.0000E+00  0.0000E+00
  2.0000E+00  2.7000E-01  0.0000E+00  1.7200E+00  0.0000E+00  0.0000E+00  3.9749E+00 -3.3940E+00 -3.1500E+00  1.7200E+00  3.3899E+00 -1.6699E+00 -3.3438E+00
  2.0000E+00  5.2000E-01  0.0000E+00  7.9100E+00  0.0000E+00  0.0000E+00  6.0482E+00  2.5170E+00  2.7422E+00  7.9100E+00  5.4123E+00  2.4977E+00  2.6585E+00
  2.0000E+00  1.0000E+00  0.0000E+00  8.3100E+00  0.0000E+00  0.0000E+00  7.7926E+00  6.3206E-01  6.9988E-01  8.3100E+00  7.4835E+00  8.2649E-01  5.5580E-01
  2.0000E+00  1.9200E+00  0.0000E+00  8.3300E+00  0.0000E+00  0.0000E+00  8.1599E+00  2.0337E-01  7.6612E-02  8.3300E+00  8.4405E+00 -1.1054E-01  1.8483E-02
  2.0000E+00  3.5000E+00  0.0000E+00  6.8500E+00  0.0000E+00  0.0000E+00  7.2365E+00 -4.8794E-01 -6.7738E-01  6.8500E+00  7.7763E+00 -9.2635E-01 -6.0747E-01
  2.0000E+00  5.0200E+00  0.0000E+00  6.0800E+00  0.0000E+00  0.0000E+00  6.3139E+00 -3.1144E-01 -4.9658E-01  6.0800E+00  6.8472E+00 -7.6720E-01 -4.0860E-01
  2.0000E+00  7.0300E+00  0.0000E+00  5.4000E+00  0.0000E+00  0.0000E+00  5.2650E+00  1.9046E-01  1.9020E-02  5.4000E+00  5.7500E+00 -3.4996E-01  9.2367E-02
  2.0000E+00  9.0000E+00  0.0000E+00  4.5500E+00  0.0000E+00  0.0000E+00  4.4061E+00  2.1218E-01  5.5341E-02  4.5500E+00  4.8427E+00 -2.9266E-01  1.2430E-01
  2.0000E+00  1.2000E+01  0.0000E+00  3.0100E+00  0.0000E+00  0.0000E+00  3.3595E+00 -5.4027E-01 -6.7475E-01  3.0100E+00  3.7281E+00 -7.1811E-01 -6.0095E-01
  2.0000E+00  2.4300E+01  0.0000E+00  9.0000E-01  0.0000E+00  0.0000E+00  1.1050E+00 -3.3825E-01 -4.0085E-01  9.0000E-01  1.2757E+00 -3.7569E-01 -3.6755E-01
  3.0000E+00  0.0000E+00  3.1936E+02  0.0000E+00  1.0000E+00  1.0000E+00  0.0000E+00  0.0000E+00  0.0000E+00  0.0000E+00  0.0000E+00  0.0000E+00  0.0000E+00
  3.0000E+00  0.0000E+00  0.0000E+00  0.0000E+00  1.0000E+00  0.0000E+00  0.0000E+00  0.0000E+00  0.0000E+00  0.0000E+00  0.0000E+00  0.0000E+00  0.0000E+00
  3.0000E+00  2.7000E-01  0.0000E+00  4.4000E+00  0.0000E+00  0.0000E+00  4.3057E+00  1.3979E-01  3.7351E-01  4.4000E+00  3.3984E+00  1.0016E+00  5.2864E-01
  3.0000E+00  5.8000E-01  0.0000E+00  6.9000E+00  0.0000E+00  0.0000E+00  6.7912E+00  1.4103E-01  3.5458E-01  6.9000E+00  5.7950E+00  1.1050E+00  4.2147E-01
  3.0000E+00  1.0200E+00  0.0000E+00  8.2000E+00  0.0000E+00  0.0000E+00  8.1574E+00  5.0961E-02  1.3134E-01  8.2000E+00  7.5542E+00  6.4584E-01  7.6836E-02
  3.0000E+00  2.0200E+00  0.0000E+00  7.8000E+00  0.0000E+00  0.0000E+00  8.3100E+00 -6.0426E-01 -6.9664E-01  7.8000E+00  8.4611E+00 -6.6113E-01 -7.7709E-01
  3.0000E+00  3.6200E+00  0.0000E+00  7.5000E+00  0.0000E+00  0.0000E+00  7.3098E+00  2.3904E-01  1.1125E-01  7.5000E+00  7.7221E+00 -2.2212E-01  9.7208E-02
  3.0000E+00  5.0800E+00  0.0000E+00  6.2000E+00  0.0000E+00  0.0000E+00  6.4282E+00 -3.0196E-01 -4.2376E-01  6.2000E+00  6.8289E+00 -6.2895E-01 -3.9751E-01
  3.0000E+00  7.0700E+00  0.0000E+00  5.3000E+00  0.0000E+00  0.0000E+00  5.3923E+00 -1.2932E-01 -2.4020E-01  5.3000E+00  5.7443E+00 -4.4434E-01 -2.1278E-01
  3.0000E+00  9.0000E+00  0.0000E+00  4.9000E+00  0.0000E+00  0.0000E+00  4.5472E+00  5.1672E-01  4.1623E-01  4.9000E+00  4.8548E+00  4.5182E-02  4.3228E-01
  3.0000E+00  1.2150E+01  0.0000E+00  3.7000E+00  0.0000E+00  0.0000E+00  3.4429E+00  3.9614E-01  3.1161E-01  3.7000E+00  3.6889E+00  1.1093E-02  3.3033E-01
  3.0000E+00  2.4170E+01  0.0000E+00  1.0500E+00  0.0000E+00  0.0000E+00  1.1909E+00 -2.3221E-01 -2.7177E-01  1.0500E+00  1.2935E+00 -2.4347E-01 -2.5800E-01
  4.0000E+00  0.0000E+00  3.1988E+02  0.0000E+00  1.0000E+00  1.0000E+00  0.0000E+00  0.0000E+00  0.0000E+00  0.0000E+00  0.0000E+00  0.0000E+00  0.0000E+00
  4.0000E+00  0.0000E+00  0.0000E+00  0.0000E+00  1.0000E+00  0.0000E+00  0.0000E+00  0.0000E+00  0.0000E+00  0.0000E+00  0.0000E+00  0.0000E+00  0.0000E+00
  4.0000E+00  3.5000E-01  0.0000E+00  1.8900E+00  0.0000E+00  0.0000E+00  3.3371E+00 -2.2392E+00 -2.4411E+00  1.8900E+00  4.1505E+00 -2.2605E+00 -2.1159E+00
  4.0000E+00  6.0000E-01  0.0000E+00  4.6000E+00  0.0000E+00  0.0000E+00  4.9586E+00 -5.1426E-01 -7.6540E-01  4.6000E+00  5.9192E+00 -1.3192E+00 -5.4647E-01
  4.0000E+00  1.0700E+00  0.0000E+00  8.6000E+00  0.0000E+00  0.0000E+00  6.8629E+00  2.2414E+00  2.0021E+00  8.6000E+00  7.6873E+00  9.1267E-01  1.9433E+00
  4.0000E+00  2.1300E+00  0.0000E+00  8.3800E+00  0.0000E+00  0.0000E+00  8.2639E+00  1.3793E-01  4.5283E-02  8.3800E+00  8.4622E+00 -8.2169E-02 -2.0790E-02
  4.0000E+00  3.5000E+00  0.0000E+00  7.5400E+00  0.0000E+00  0.0000E+00  7.9913E+00 -5.4493E-01 -5.1943E-01  7.5400E+00  7.8086E+00 -2.6857E-01 -5.7378E-01
  4.0000E+00  5.0200E+00  0.0000E+00  6.8800E+00  0.0000E+00  0.0000E+00  7.1396E+00 -3.2966E-01 -2.6708E-01  6.8800E+00  6.8756E+00  4.4253E-03 -2.9351E-01
  4.0000E+00  7.0200E+00  0.0000E+00  5.7800E+00  0.0000E+00  0.0000E+00  6.0217E+00 -3.2729E-01 -2.6468E-01  5.7800E+00  5.7788E+00  1.1798E-03 -2.7759E-01
  4.0000E+00  9.0200E+00  0.0000E+00  5.3300E+00  0.0000E+00  0.0000E+00  5.0594E+00  3.8610E-01  4.3886E-01  5.3300E+00  4.8543E+00  4.7575E-01  4.3766E-01
  4.0000E+00  1.1980E+01  0.0000E+00  4.1900E+00  0.0000E+00  0.0000E+00  3.9072E+00  4.2695E-01  4.6607E-01  4.1900E+00  3.7501E+00  4.3991E-01  4.6757E-01
  4.0000E+00  2.4650E+01  0.0000E+00  1.1500E+00  0.0000E+00  0.0000E+00  1.2923E+00 -2.3403E-01 -2.2362E-01  1.1500E+00  1.2425E+00 -9.2472E-02 -2.2047E-01
  5.0000E+00  0.0000E+00  3.1996E+02  0.0000E+00  1.0000E+00  1.0000E+00  0.0000E+00  0.0000E+00  0.0000E+00  0.0000E+00  0.0000E+00  0.0000E+00  0.0000E+00
  5.0000E+00  0.0000E+00  0.0000E+00  0.0000E+00  1.0000E+00  0.0000E+00  0.0000E+00  0.0000E+00  0.0000E+00  0.0000E+00  0.0000E+00  0.0000E+00  0.0000E+00
  5.0000E+00  3.0000E-01  0.0000E+00  2.0200E+00  0.0000E+00  0.0000E+00  4.0713E+00 -3.0738E+00 -2.9483E+00  2.0200E+00  3.6968E+00 -1.6768E+00 -2.9987E+00
  5.0000E+00  5.2000E-01  0.0000E+00  5.6300E+00  0.0000E+00  0.0000E+00  6.0025E+00 -5.0489E-01 -3.4147E-01  5.6300E+00  5.4361E+00  1.9395E-01 -3.5918E-01
  5.0000E+00  1.0000E+00  0.0000E+00  1.1400E+01  0.0000E+00  0.0000E+00  8.3451E+00  3.6119E+00  3.8187E+00  1.1400E+01  7.5164E+00  3.8836E+00  3.9777E+00
  5.0000E+00  2.0200E+00  0.0000E+00  9.3300E+00  0.0000E+00  0.0000E+00  9.5131E+00 -2.0202E-01  4.6031E-02  9.3300E+00  8.4770E+00  8.5298E-01  3.5694E-02
  5.0000E+00  3.5000E+00  0.0000E+00  8.7400E+00  0.0000E+00  0.0000E+00  8.8918E+00 -1.7372E-01  8.6719E-02  8.7400E+00  7.8105E+00  9.2948E-01  7.8504E-02
  5.0000E+00  5.0200E+00  0.0000E+00  7.5600E+00  0.0000E+00  0.0000E+00  7.9417E+00 -4.6223E-01 -2.0363E-01  7.5600E+00  6.8773E+00  6.8271E-01 -2.2745E-01
  5.0000E+00  7.0200E+00  0.0000E+00  7.0900E+00  0.0000E+00  0.0000E+00  6.8003E+00  3.7516E-01  6.2612E-01  7.0900E+00  5.7803E+00  1.3097E+00  6.5639E-01
  5.0000E+00  9.1000E+00  0.0000E+00  5.9000E+00  0.0000E+00  0.0000E+00  5.7834E+00  1.6001E-01  3.9976E-01  5.9000E+00  4.8217E+00  1.0783E+00  4.2181E-01
  5.0000E+00  1.2000E+01  0.0000E+00  4.3700E+00  0.0000E+00  0.0000E+00  4.6141E+00 -3.5625E-01 -1.3555E-01  4.3700E+00  3.7445E+00  6.2551E-01 -1.2861E-01
  5.0000E+00  2.4350E+01  0.0000E+00  1.5700E+00  0.0000E+00  0.0000E+00  1.7633E+00 -3.1481E-01 -1.8248E-01  1.5700E+00  1.2757E+00  2.9428E-01 -1.4644E-01
  6.0000E+00  0.0000E+00  3.2000E+02  0.0000E+00  1.0000E+00  1.0000E+00  0.0000E+00  0.0000E+00  0.0000E+00  0.0000E+00  0.0000E+00  0.0000E+00  0.0000E+00
  6.0000E+00  0.0000E+00  0.0000E+00  0.0000E+00  1.0000E+00  0.0000E+00  0.0000E+00  0.0000E+00  0.0000E+00  0.0000E+00  0.0000E+00  0.0000E+00  0.0000E+00
  6.0000E+00  2.7000E-01  0.0000E+00  1.2900E+00  0.0000E+00  0.0000E+00  2.0367E+00 -1.2079E+00 -1.5306E+00  1.2900E+00  3.4052E+00 -2.1152E+00 -1.2260E+00
  6.0000E+00  5.8000E-01  0.0000E+00  3.0800E+00  0.0000E+00  0.0000E+00  3.6939E+00 -9.3576E-01 -1.4631E+00  3.0800E+00  5.8066E+00 -2.7266E+00 -1.1654E+00
  6.0000E+00  1.1500E+00  0.0000E+00  6.4400E+00  0.0000E+00  0.0000E+00  5.4624E+00  1.3651E+00  7.1200E-01  6.4400E+00  7.8591E+00 -1.4191E+00  5.6293E-01
  6.0000E+00  2.0300E+00  0.0000E+00  6.3200E+00  0.0000E+00  0.0000E+00  6.4021E+00 -1.0877E-01 -7.3000E-01  6.3200E+00  8.4774E+00 -2.1574E+00 -7.6995E-01
  6.0000E+00  3.5700E+00  0.0000E+00  5.5300E+00  0.0000E+00  0.0000E+00  6.1363E+00 -8.1556E-01 -1.3247E+00  5.5300E+00  7.7685E+00 -2.2385E+00 -1.2475E+00
  6.0000E+00  5.0000E+00  0.0000E+00  4.9400E+00  0.0000E+00  0.0000E+00  5.3889E+00 -6.2933E-01 -1.0899E+00  4.9400E+00  6.8900E+00 -1.9500E+00 -9.9306E-01
  6.0000E+00  7.0000E+00  0.0000E+00  4.0200E+00  0.0000E+00  0.0000E+00  4.3627E+00 -5.0652E-01 -9.3750E-01  4.0200E+00  5.7911E+00 -1.7711E+00 -8.3577E-01
  6.0000E+00  9.2200E+00  0.0000E+00  3.4600E+00  0.0000E+00  0.0000E+00  3.4248E+00  5.4225E-02 -3.4811E-01  3.4600E+00  4.7721E+00 -1.3121E+00 -2.7751E-01
  6.0000E+00  1.2100E+01  0.0000E+00  2.7800E+00  0.0000E+00  0.0000E+00  2.4982E+00  4.4964E-01  9.3174E-02  2.7800E+00  3.7124E+00 -9.3245E-01  1.5900E-01
  6.0000E+00  2.3850E+01  0.0000E+00  9.2000E-01  0.0000E+00  0.0000E+00  6.8921E-01  3.8284E-01  2.1434E-01  9.2000E-01  1.3327E+00 -4.1273E-01  3.2574E-01
  7.0000E+00  0.0000E+00  3.1977E+02  0.0000E+00  1.0000E+00  1.0000E+00  0.0000E+00  0.0000E+00  0.0000E+00  0.0000E+00  0.0000E+00  0.0000E+00  0.0000E+00
  7.0000E+00  0.0000E+00  0.0000E+00  1.5000E-01  1.0000E+00  0.0000E+00  0.0000E+00  2.4965E-01  0.0000E+00  1.5000E-01  0.0000E+00  0.0000E+00  0.0000E+00
  7.0000E+00  2.5000E-01  0.0000E+00  8.5000E-01  0.0000E+00  0.0000E+00  1.5451E+00 -1.1379E+00 -1.4674E+00  8.5000E-01  3.1999E+00 -2.3499E+00 -9.2074E-01
  7.0000E+00  5.0000E-01  0.0000E+00  2.3500E+00  0.0000E+00  0.0000E+00  2.8016E+00 -7.1320E-01 -1.2590E+00  2.3500E+00  5.3007E+00 -2.9507E+00 -8.3521E-01
  7.0000E+00  1.0200E+00  0.0000E+00  5.0200E+00  0.0000E+00  0.0000E+00  4.6901E+00  4.7976E-01 -2.6989E-01  5.0200E+00  7.5639E+00 -2.5439E+00 -5.0565E-01
  7.0000E+00  2.0200E+00  0.0000E+00  6.5800E+00  0.0000E+00  0.0000E+00  6.4992E+00  1.0648E-01 -5.9379E-01  6.5800E+00  8.4720E+00 -1.8920E+00 -1.0482E+00
  7.0000E+00  3.4800E+00  0.0000E+00  7.0900E+00  0.0000E+00  0.0000E+00  6.9980E+00  1.1777E-01 -2.9669E-01  7.0900E+00  7.8181E+00 -7.2813E-01 -4.2841E-01
  7.0000E+00  5.0000E+00  0.0000E+00  6.6600E+00  0.0000E+00  0.0000E+00  6.5253E+00  1.7719E-01 -2.9933E-02  6.6600E+00  6.8851E+00 -2.2508E-01  1.0209E-01
  7.0000E+00  6.9800E+00  0.0000E+00  5.2500E+00  0.0000E+00  0.0000E+00  5.5641E+00 -4.3627E-01 -5.3156E-01  5.2500E+00  5.7970E+00 -5.4700E-01 -2.8585E-01
  7.0000E+00  9.0000E+00  0.0000E+00  4.3900E+00  0.0000E+00  0.0000E+00  4.6143E+00 -3.2741E-01 -3.9766E-01  4.3900E+00  4.8611E+00 -4.7105E-01 -1.4946E-01
  7.0000E+00  1.2050E+01  0.0000E+00  3.5300E+00  0.0000E+00  0.0000E+00  3.4381E+00  1.4166E-01  6.5598E-02  3.5300E+00  3.7260E+00 -1.9599E-01  2.8003E-01
  7.0000E+00  2.4220E+01  0.0000E+00  1.1500E+00  0.0000E+00  0.0000E+00  1.0489E+00  1.6692E-01  9.7713E-02  1.1500E+00  1.2895E+00 -1.3949E-01  2.1074E-01
  8.0000E+00  0.0000E+00  3.1936E+02  0.0000E+00  1.0000E+00  1.0000E+00  0.0000E+00  0.0000E+00  0.0000E+00  0.0000E+00  0.0000E+00  0.0000E+00  0.0000E+00
  8.0000E+00  0.0000E+00  0.0000E+00  0.0000E+00  1.0000E+00  0.0000E+00  0.0000E+00  0.0000E+00  0.0000E+00  0.0000E+00  0.0000E+00  0.0000E+00  0.0000E+00
  8.0000E+00  2.5000E-01  0.0000E+00  3.0500E+00  0.0000E+00  0.0000E+00  2.5690E+00  7.6568E-01  6.3310E-01  3.0500E+00  3.1958E+00 -1.4576E-01  6.6252E-01
  8.0000E+00  5.2000E-01  0.0000E+00  3.0500E+00  0.0000E+00  0.0000E+00  4.4710E+00 -2.0890E+00 -2.3026E+00  3.0500E+00  5.4259E+00 -2.3759E+00 -2.1498E+00
  8.0000E+00  9.8000E-01  0.0000E+00  7.3100E+00  0.0000E+00  0.0000E+00  6.3469E+00  1.2803E+00  1.0134E+00  7.3100E+00  7.4483E+00 -1.3831E-01  9.3536E-01
  8.0000E+00  2.0200E+00  0.0000E+00  7.5600E+00  0.0000E+00  0.0000E+00  7.5244E+00  4.4214E-02 -2.1643E-01  7.5600E+00  8.4611E+00 -9.0113E-01 -2.3364E-01
  8.0000E+00  3.5300E+00  0.0000E+00  6.5900E+00  0.0000E+00  0.0000E+00  7.0086E+00 -5.3559E-01 -7.7033E-01  6.5900E+00  7.7775E+00 -1.1875E+00 -7.4696E-01
  8.0000E+00  5.0500E+00  0.0000E+00  5.8800E+00  0.0000E+00  0.0000E+00  6.1202E+00 -3.2346E-01 -5.5022E-01  5.8800E+00  6.8467E+00 -9.6665E-01 -5.2894E-01
  8.0000E+00  7.1500E+00  0.0000E+00  4.7300E+00  0.0000E+00  0.0000E+00  5.0057E+00 -3.9448E-01 -6.1390E-01  4.7300E+00  5.7044E+00 -9.7444E-01 -5.8783E-01
  8.0000E+00  9.0700E+00  0.0000E+00  4.5700E+00  0.0000E+00  0.0000E+00  4.1586E+00  6.1397E-01  4.0465E-01  4.5700E+00  4.8253E+00 -2.5528E-01  3.9630E-01
  8.0000E+00  1.2100E+01  0.0000E+00  3.0000E+00  0.0000E+00  0.0000E+00  3.1030E+00 -1.6089E-01 -3.4875E-01  3.0000E+00  3.7050E+00 -7.0502E-01 -3.2933E-01
  8.0000E+00  2.4120E+01  0.0000E+00  1.2500E+00  0.0000E+00  0.0000E+00  9.7120E-01  4.6096E-01  3.6401E-01  1.2500E+00  1.2991E+00 -4.9118E-02  3.8473E-01
  9.0000E+00  0.0000E+00  2.6784E+02  0.0000E+00  1.0000E+00  1.0000E+00  0.0000E+00  0.0000E+00  0.0000E+00  0.0000E+00  0.0000E+00  0.0000E+00  0.0000E+00
  9.0000E+00  0.0000E+00  0.0000E+00  0.0000E+00  1.0000E+00  0.0000E+00  0.0000E+00  0.0000E+00  0.0000E+00  0.0000E+00  0.0000E+00  0.0000E+00  0.0000E+00
  9.0000E+00  3.0000E-01  0.0000E+00  7.3700E+00  0.0000E+00  0.0000E+00  6.7133E+00  8.5479E-01  2.0886E+00  7.3700E+00  3.0946E+00  4.2754E+00  3.2549E+00
  9.0000E+00  6.3000E-01  0.0000E+00  9.0300E+00  0.0000E+00  0.0000E+00  7.6078E+00  1.7566E+00  1.9169E+00  9.0300E+00  5.0941E+00  3.9359E+00  1.9390E+00
  9.0000E+00  1.0500E+00  0.0000E+00  7.1400E+00  0.0000E+00  0.0000E+00  7.4976E+00 -4.4456E-01 -6.1074E-01  7.1400E+00  6.3975E+00  7.4252E-01 -1.6391E+00
  9.0000E+00  2.0200E+00  0.0000E+00  6.3300E+00  0.0000E+00  0.0000E+00  6.9380E+00 -7.8114E-01 -9.6758E-01  6.3300E+00  7.0962E+00 -7.6615E-01 -1.4569E+00
  9.0000E+00  3.5300E+00  0.0000E+00  5.6600E+00  0.0000E+00  0.0000E+00  6.1336E+00 -6.3724E-01 -7.8683E-01  5.6600E+00  6.5228E+00 -8.6281E-01 -4.9102E-01
  9.0000E+00  5.0200E+00  0.0000E+00  5.6700E+00  0.0000E+00  0.0000E+00  5.4313E+00  3.3388E-01  2.1564E-01  5.6700E+00  5.7570E+00 -8.7015E-02  6.5578E-01
  9.0000E+00  7.1700E+00  0.0000E+00  4.2400E+00  0.0000E+00  0.0000E+00  4.5572E+00 -4.6433E-01 -5.4545E-01  4.2400E+00  4.7758E+00 -5.3585E-01 -8.2140E-02
  9.0000E+00  8.8000E+00  0.0000E+00  4.1100E+00  0.0000E+00  0.0000E+00  3.9895E+00  1.8119E-01  1.2266E-01  4.1100E+00  4.1432E+00 -3.3246E-02  5.6000E-01
  9.0000E+00  1.1600E+01  0.0000E+00  3.1600E+00  0.0000E+00  0.0000E+00  3.1745E+00 -2.2600E-02 -5.1560E-02  3.1600E+00  3.2458E+00 -8.5776E-02  3.4503E-01
  9.0000E+00  2.4430E+01  0.0000E+00  1.1200E+00  0.0000E+00  0.0000E+00  1.1141E+00  9.7578E-03  2.9284E-02  1.1200E+00  1.0605E+00  5.9513E-02  2.2975E-01
  1.0000E+01  0.0000E+00  3.2010E+02  0.0000E+00  1.0000E+00  1.0000E+00  0.0000E+00  0.0000E+00  0.0000E+00  0.0000E+00  0.0000E+00  0.0000E+00  0.0000E+00
  1.0000E+01  0.0000E+00  0.0000E+00  2.4000E-01  1.0000E+00  0.0000E+00  0.0000E+00  3.9944E-01  0.0000E+00  2.4000E-01  0.0000E+00  0.0000E+00  0.0000E+00
  1.0000E+01  3.7000E-01  0.0000E+00  2.8900E+00  0.0000E+00  0.0000E+00  2.8727E+00  2.7233E-02 -2.4978E-01  2.8900E+00  4.3248E+00 -1.4348E+00  9.2044E-02
  1.0000E+01  7.7000E-01  0.0000E+00  5.2200E+00  0.0000E+00  0.0000E+00  5.1304E+00  1.2733E-01 -2.4801E-01  5.2200E+00  6.7490E+00 -1.5290E+00 -3.8703E-01
  1.0000E+01  1.0200E+00  0.0000E+00  6.4100E+00  0.0000E+00  0.0000E+00  6.1944E+00  2.8908E-01 -8.2641E-02  6.4100E+00  7.5717E+00 -1.1617E+00 -4.7633E-01
  1.0000E+01  2.0500E+00  0.0000E+00  7.8300E+00  0.0000E+00  0.0000E+00  8.6935E+00 -1.0001E+00 -1.1402E+00  7.8300E+00  8.4784E+00 -6.4842E-01 -1.7599E+00
  1.0000E+01  3.5500E+00  0.0000E+00  1.0210E+01  0.0000E+00  0.0000E+00  9.4889E+00  7.9679E-01  1.0455E+00  1.0210E+01  7.7832E+00  2.4268E+00  9.9248E-01
  1.0000E+01  5.0500E+00  0.0000E+00  9.1800E+00  0.0000E+00  0.0000E+00  9.0592E+00  1.3695E-01  6.0896E-01  9.1800E+00  6.8625E+00  2.3175E+00  8.3859E-01
  1.0000E+01  7.0800E+00  0.0000E+00  8.0200E+00  0.0000E+00  0.0000E+00  8.0054E+00  1.7616E-02  5.9547E-01  8.0200E+00  5.7526E+00  2.2674E+00  9.7288E-01
  1.0000E+01  9.3800E+00  0.0000E+00  7.1400E+00  0.0000E+00  0.0000E+00  6.7974E+00  4.4373E-01  1.0219E+00  7.1400E+00  4.7075E+00  2.4325E+00  1.4860E+00
  1.0000E+01  1.2100E+01  0.0000E+00  5.6800E+00  0.0000E+00  0.0000E+00  5.5622E+00  1.6356E-01  6.9457E-01  5.6800E+00  3.7136E+00  1.9664E+00  1.1173E+00
  1.0000E+01  2.3700E+01  0.0000E+00  2.4200E+00  0.0000E+00  0.0000E+00  2.3481E+00  1.1527E-01  4.2343E-01  2.4200E+00  1.3507E+00  1.0693E+00  7.2379E-01
  1.1000E+01  0.0000E+00  3.1980E+02  0.0000E+00  1.0000E+00  1.0000E+00  0.0000E+00  0.0000E+00  0.0000E+00  0.0000E+00  0.0000E+00  0.0000E+00  0.0000E+00
  1.1000E+01  0.0000E+00  0.0000E+00  0.0000E+00  1.0000E+00  0.0000E+00  0.0000E+00  0.0000E+00  0.0000E+00  0.0000E+00  0.0000E+00  0.0000E+00  0.0000E+00
  1.1000E+01  2.5000E-01  0.0000E+00  4.8600E+00  0.0000E+00  0.0000E+00  4.9120E+00 -7.4737E-02  4.4746E-01  4.8600E+00  3.2002E+00  1.6598E+00  8.9530E-01
  1.1000E+01  5.0000E-01  0.0000E+00  7.2400E+00  0.0000E+00  0.0000E+00  6.8417E+00  5.1460E-01  7.7177E-01  7.2400E+00  5.3012E+00  1.9388E+00  9.1924E-01
  1.1000E+01  9.8000E-01  0.0000E+00  8.0000E+00  0.0000E+00  0.0000E+00  7.7014E+00  3.6677E-01  1.3657E-01  8.0000E+00  7.4586E+00  5.4142E-01 -2.5660E-01
  1.1000E+01  1.9800E+00  0.0000E+00  6.8100E+00  0.0000E+00  0.0000E+00  7.2344E+00 -5.3586E-01 -9.9466E-01  6.8100E+00  8.4744E+00 -1.6644E+00 -1.2847E+00
  1.1000E+01  3.6000E+00  0.0000E+00  5.8700E+00  0.0000E+00  0.0000E+00  6.1828E+00 -4.1962E-01 -8.6836E-01  5.8700E+00  7.7451E+00 -1.8751E+00 -7.6737E-01
  1.1000E+01  5.0200E+00  0.0000E+00  5.2200E+00  0.0000E+00  0.0000E+00  5.3819E+00 -2.2703E-01 -6.5120E-01  5.2200E+00  6.8739E+00 -1.6539E+00 -4.7497E-01
  1.1000E+01  7.0300E+00  0.0000E+00  4.4500E+00  0.0000E+00  0.0000E+00  4.4223E+00  4.0794E-02 -3.4632E-01  4.4500E+00  5.7723E+00 -1.3223E+00 -1.6794E-01
  1.1000E+01  9.0300E+00  0.0000E+00  3.6200E+00  0.0000E+00  0.0000E+00  3.6374E+00 -2.6578E-02 -3.7613E-01  3.6200E+00  4.8488E+00 -1.2288E+00 -1.9040E-01
  1.1000E+01  1.2120E+01  0.0000E+00  2.6900E+00  0.0000E+00  0.0000E+00  2.6896E+00  6.8480E-04 -2.9271E-01  2.6900E+00  3.7037E+00 -1.0137E+00 -1.1300E-01
  1.1000E+01  2.4080E+01  0.0000E+00  8.6000E-01  0.0000E+00  0.0000E+00  8.3603E-01  3.9696E-02 -9.2000E-02  8.6000E-01  1.3055E+00 -4.4545E-01  3.1263E-02
  1.2000E+01  0.0000E+00  3.2065E+02  0.0000E+00  1.0000E+00  1.0000E+00  0.0000E+00  0.0000E+00  0.0000E+00  0.0000E+00  0.0000E+00  0.0000E+00  0.0000E+00
  1.2000E+01  0.0000E+00  0.0000E+00  0.0000E+00  1.0000E+00  0.0000E+00  0.0000E+00  0.0000E+00  0.0000E+00  0.0000E+00  0.0000E+00  0.0000E+00  0.0000E+00
  1.2000E+01  2.5000E-01  0.0000E+00  1.2500E+00  0.0000E+00  0.0000E+00  2.5076E+00 -2.0061E+00 -2.2138E+00  1.2500E+00  3.2087E+00 -1.9587E+00 -1.7042E+00
  1.2000E+01  5.0000E-01  0.0000E+00  3.9600E+00  0.0000E+00  0.0000E+00  4.4064E+00 -6.5832E-01 -9.5554E-01  3.9600E+00  5.3153E+00 -1.3553E+00 -4.9061E-01
  1.2000E+01  1.0000E+00  0.0000E+00  7.8200E+00  0.0000E+00  0.0000E+00  6.8941E+00  1.1925E+00  9.0656E-01  7.8200E+00  7.5326E+00  2.8739E-01  9.9705E-01
  1.2000E+01  2.0000E+00  0.0000E+00  9.7200E+00  0.0000E+00  0.0000E+00  8.8791E+00  9.6326E-01  9.1056E-01  9.7200E+00  8.4963E+00  1.2237E+00  7.7818E-01
  1.2000E+01  3.5200E+00  0.0000E+00  9.7500E+00  0.0000E+00  0.0000E+00  8.9675E+00  8.9163E-01  1.0948E+00  9.7500E+00  7.8151E+00  1.9349E+00  1.0227E+00
  1.2000E+01  5.0700E+00  0.0000E+00  8.5700E+00  0.0000E+00  0.0000E+00  8.1685E+00  4.7973E-01  7.7113E-01  8.5700E+00  6.8625E+00  1.7075E+00  7.4170E-01
  1.2000E+01  7.0700E+00  0.0000E+00  6.5900E+00  0.0000E+00  0.0000E+00  7.0242E+00 -5.5495E-01 -2.5298E-01  6.5900E+00  5.7675E+00  8.2245E-01 -3.2319E-01
  1.2000E+01  9.0300E+00  0.0000E+00  6.1100E+00  0.0000E+00  0.0000E+00  6.0206E+00  1.2102E-01  4.0365E-01  6.1100E+00  4.8617E+00  1.2483E+00  3.9841E-01
  1.2000E+01  1.2050E+01  0.0000E+00  4.5700E+00  0.0000E+00  0.0000E+00  4.7402E+00 -2.4682E-01 -1.7253E-03  4.5700E+00  3.7362E+00  8.3376E-01 -6.7385E-03
  1.2000E+01  2.4150E+01  0.0000E+00  1.1700E+00  0.0000E+00  0.0000E+00  1.8170E+00 -1.0526E+00 -9.2690E-01  1.1700E+00  1.3010E+00 -1.3096E-01 -8.9757E-01
