TABLE NO.  4
 ID          GRP
  3.1000E+01  2.0000E+00
  3.1000E+01  2.0000E+00
  3.1000E+01  2.0000E+00
  3.1000E+01  2.0000E+00
  3.1000E+01  2.0000E+00
  3.2000E+01  2.0000E+00
  3.2000E+01  2.0000E+00
  3.2000E+01  2.0000E+00
  3.2000E+01  2.0000E+00
  3.2000E+01  2.0000E+00
  3.3000E+01  2.0000E+00
  3.3000E+01  2.0000E+00
  3.3000E+01  2.0000E+00
  3.3000E+01  2.0000E+00
  3.4000E+01  2.0000E+00
  3.4000E+01  2.0000E+00
  3.4000E+01  2.0000E+00
  3.4000E+01  2.0000E+00
  3.5000E+01  2.0000E+00
  3.5000E+01  2.0000E+00
  3.5000E+01  2.0000E+00
  3.5000E+01  2.0000E+00
  3.6000E+01  2.0000E+00
  3.6000E+01  2.0000E+00
  3.6000E+01  2.0000E+00
  3.6000E+01  2.0000E+00
  3.6000E+01  2.0000E+00
  3.7000E+01  2.0000E+00
  3.7000E+01  2.0000E+00
  3.7000E+01  2.0000E+00
  3.7000E+01  2.0000E+00
  3.7000E+01  2.0000E+00
  3.8000E+01  2.0000E+00
  3.8000E+01  2.0000E+00
  3.8000E+01  2.0000E+00
  3.8000E+01  2.0000E+00
  3.9000E+01  2.0000E+00
  3.9000E+01  2.0000E+00
  3.9000E+01  2.0000E+00
  3.9000E+01  2.0000E+00
  4.0000E+01  2.0000E+00
  4.0000E+01  2.0000E+00
  4.0000E+01  2.0000E+00
  4.0000E+01  2.0000E+00
  4.0000E+01  2.0000E+00
  4.1000E+01  2.0000E+00
  4.1000E+01  2.0000E+00
  4.1000E+01  2.0000E+00
  4.1000E+01  2.0000E+00
  4.1000E+01  2.0000E+00
  4.2000E+01  2.0000E+00
  4.2000E+01  2.0000E+00
  4.2000E+01  2.0000E+00
  4.2000E+01  2.0000E+00
  4.3000E+01  2.0000E+00
  4.3000E+01  2.0000E+00
  4.3000E+01  2.0000E+00
  4.3000E+01  2.0000E+00
  4.3000E+01  2.0000E+00
  4.4000E+01  2.0000E+00
  4.4000E+01  2.0000E+00
  4.4000E+01  2.0000E+00
  4.4000E+01  2.0000E+00
  4.4000E+01  2.0000E+00
  4.5000E+01  2.0000E+00
  4.5000E+01  2.0000E+00
  4.5000E+01  2.0000E+00
  4.5000E+01  2.0000E+00
  4.6000E+01  2.0000E+00
  4.6000E+01  2.0000E+00
  4.6000E+01  2.0000E+00
  4.6000E+01  2.0000E+00
  4.6000E+01  2.0000E+00
  4.7000E+01  2.0000E+00
  4.7000E+01  2.0000E+00
  4.7000E+01  2.0000E+00
  4.7000E+01  2.0000E+00
  4.8000E+01  2.0000E+00
  4.8000E+01  2.0000E+00
  4.8000E+01  2.0000E+00
  4.8000E+01  2.0000E+00
  4.8000E+01  2.0000E+00
  4.9000E+01  2.0000E+00
  4.9000E+01  2.0000E+00
  4.9000E+01  2.0000E+00
  4.9000E+01  2.0000E+00
  4.9000E+01  2.0000E+00
  5.0000E+01  2.0000E+00
  5.0000E+01  2.0000E+00
  5.0000E+01  2.0000E+00
  5.0000E+01  2.0000E+00
  5.1000E+01  2.0000E+00
  5.1000E+01  2.0000E+00
  5.1000E+01  2.0000E+00
  5.1000E+01  2.0000E+00
  5.1000E+01  2.0000E+00
  5.2000E+01  2.0000E+00
  5.2000E+01  2.0000E+00
  5.2000E+01  2.0000E+00
  5.2000E+01  2.0000E+00
  5.3000E+01  2.0000E+00
  5.3000E+01  2.0000E+00
  5.3000E+01  2.0000E+00
  5.3000E+01  2.0000E+00
  5.4000E+01  2.0000E+00
  5.4000E+01  2.0000E+00
  5.4000E+01  2.0000E+00
  5.4000E+01  2.0000E+00
  5.5000E+01  2.0000E+00
  5.5000E+01  2.0000E+00
  5.5000E+01  2.0000E+00
  5.5000E+01  2.0000E+00
  5.6000E+01  2.0000E+00
  5.6000E+01  2.0000E+00
  5.6000E+01  2.0000E+00
  5.6000E+01  2.0000E+00
  5.6000E+01  2.0000E+00
  5.7000E+01  2.0000E+00
  5.7000E+01  2.0000E+00
  5.7000E+01  2.0000E+00
  5.7000E+01  2.0000E+00
  5.7000E+01  2.0000E+00
  5.8000E+01  2.0000E+00
  5.8000E+01  2.0000E+00
  5.8000E+01  2.0000E+00
  5.8000E+01  2.0000E+00
  5.9000E+01  2.0000E+00
  5.9000E+01  2.0000E+00
  5.9000E+01  2.0000E+00
  5.9000E+01  2.0000E+00
  5.9000E+01  2.0000E+00
  6.0000E+01  2.0000E+00
  6.0000E+01  2.0000E+00
  6.0000E+01  2.0000E+00
  6.0000E+01  2.0000E+00
  6.1000E+01  3.0000E+00
  6.1000E+01  3.0000E+00
  6.1000E+01  3.0000E+00
  6.1000E+01  3.0000E+00
  6.1000E+01  3.0000E+00
  6.1000E+01  3.0000E+00
  6.1000E+01  3.0000E+00
  6.2000E+01  3.0000E+00
  6.2000E+01  3.0000E+00
  6.2000E+01  3.0000E+00
  6.2000E+01  3.0000E+00
  6.2000E+01  3.0000E+00
  6.2000E+01  3.0000E+00
  6.2000E+01  3.0000E+00
  6.3000E+01  3.0000E+00
  6.3000E+01  3.0000E+00
  6.3000E+01  3.0000E+00
  6.3000E+01  3.0000E+00
  6.3000E+01  3.0000E+00
  6.3000E+01  3.0000E+00
  6.3000E+01  3.0000E+00
  6.4000E+01  3.0000E+00
  6.4000E+01  3.0000E+00
  6.4000E+01  3.0000E+00
  6.4000E+01  3.0000E+00
  6.4000E+01  3.0000E+00
  6.4000E+01  3.0000E+00
  6.4000E+01  3.0000E+00
  6.5000E+01  3.0000E+00
  6.5000E+01  3.0000E+00
  6.5000E+01  3.0000E+00
  6.5000E+01  3.0000E+00
  6.5000E+01  3.0000E+00
  6.5000E+01  3.0000E+00
  6.5000E+01  3.0000E+00
  6.6000E+01  3.0000E+00
  6.6000E+01  3.0000E+00
  6.6000E+01  3.0000E+00
  6.6000E+01  3.0000E+00
  6.6000E+01  3.0000E+00
  6.6000E+01  3.0000E+00
  6.6000E+01  3.0000E+00
  6.7000E+01  3.0000E+00
  6.7000E+01  3.0000E+00
  6.7000E+01  3.0000E+00
  6.7000E+01  3.0000E+00
  6.7000E+01  3.0000E+00
  6.7000E+01  3.0000E+00
  6.7000E+01  3.0000E+00
  6.8000E+01  3.0000E+00
  6.8000E+01  3.0000E+00
  6.8000E+01  3.0000E+00
  6.8000E+01  3.0000E+00
  6.8000E+01  3.0000E+00
  6.8000E+01  3.0000E+00
  6.8000E+01  3.0000E+00
  6.9000E+01  3.0000E+00
  6.9000E+01  3.0000E+00
  6.9000E+01  3.0000E+00
  6.9000E+01  3.0000E+00
  6.9000E+01  3.0000E+00
  6.9000E+01  3.0000E+00
  6.9000E+01  3.0000E+00
  7.0000E+01  3.0000E+00
  7.0000E+01  3.0000E+00
  7.0000E+01  3.0000E+00
  7.0000E+01  3.0000E+00
  7.0000E+01  3.0000E+00
  7.0000E+01  3.0000E+00
  7.0000E+01  3.0000E+00
  7.1000E+01  3.0000E+00
  7.1000E+01  3.0000E+00
  7.1000E+01  3.0000E+00
  7.1000E+01  3.0000E+00
  7.1000E+01  3.0000E+00
  7.1000E+01  3.0000E+00
  7.1000E+01  3.0000E+00
  7.2000E+01  3.0000E+00
  7.2000E+01  3.0000E+00
  7.2000E+01  3.0000E+00
  7.2000E+01  3.0000E+00
  7.2000E+01  3.0000E+00
  7.2000E+01  3.0000E+00
  7.2000E+01  3.0000E+00
  7.3000E+01  3.0000E+00
  7.3000E+01  3.0000E+00
  7.3000E+01  3.0000E+00
  7.3000E+01  3.0000E+00
  7.3000E+01  3.0000E+00
  7.3000E+01  3.0000E+00
  7.3000E+01  3.0000E+00
  7.4000E+01  3.0000E+00
  7.4000E+01  3.0000E+00
  7.4000E+01  3.0000E+00
  7.4000E+01  3.0000E+00
  7.4000E+01  3.0000E+00
  7.4000E+01  3.0000E+00
  7.4000E+01  3.0000E+00
  7.5000E+01  3.0000E+00
  7.5000E+01  3.0000E+00
  7.5000E+01  3.0000E+00
  7.5000E+01  3.0000E+00
  7.5000E+01  3.0000E+00
  7.5000E+01  3.0000E+00
  7.5000E+01  3.0000E+00
  7.6000E+01  3.0000E+00
  7.6000E+01  3.0000E+00
  7.6000E+01  3.0000E+00
  7.6000E+01  3.0000E+00
  7.6000E+01  3.0000E+00
  7.6000E+01  3.0000E+00
  7.6000E+01  3.0000E+00
  7.7000E+01  3.0000E+00
  7.7000E+01  3.0000E+00
  7.7000E+01  3.0000E+00
  7.7000E+01  3.0000E+00
  7.7000E+01  3.0000E+00
  7.7000E+01  3.0000E+00
  7.7000E+01  3.0000E+00
  7.8000E+01  3.0000E+00
  7.8000E+01  3.0000E+00
  7.8000E+01  3.0000E+00
  7.8000E+01  3.0000E+00
  7.8000E+01  3.0000E+00
  7.8000E+01  3.0000E+00
  7.8000E+01  3.0000E+00
  7.9000E+01  3.0000E+00
  7.9000E+01  3.0000E+00
  7.9000E+01  3.0000E+00
  7.9000E+01  3.0000E+00
  7.9000E+01  3.0000E+00
  7.9000E+01  3.0000E+00
  7.9000E+01  3.0000E+00
  8.0000E+01  3.0000E+00
  8.0000E+01  3.0000E+00
  8.0000E+01  3.0000E+00
  8.0000E+01  3.0000E+00
  8.0000E+01  3.0000E+00
  8.0000E+01  3.0000E+00
  8.0000E+01  3.0000E+00
  8.1000E+01  3.0000E+00
  8.1000E+01  3.0000E+00
  8.1000E+01  3.0000E+00
  8.1000E+01  3.0000E+00
  8.1000E+01  3.0000E+00
  8.1000E+01  3.0000E+00
  8.1000E+01  3.0000E+00
  8.2000E+01  3.0000E+00
  8.2000E+01  3.0000E+00
  8.2000E+01  3.0000E+00
  8.2000E+01  3.0000E+00
  8.2000E+01  3.0000E+00
  8.2000E+01  3.0000E+00
  8.2000E+01  3.0000E+00
  8.3000E+01  3.0000E+00
  8.3000E+01  3.0000E+00
  8.3000E+01  3.0000E+00
  8.3000E+01  3.0000E+00
  8.3000E+01  3.0000E+00
  8.3000E+01  3.0000E+00
  8.3000E+01  3.0000E+00
  8.4000E+01  3.0000E+00
  8.4000E+01  3.0000E+00
  8.4000E+01  3.0000E+00
  8.4000E+01  3.0000E+00
  8.4000E+01  3.0000E+00
  8.4000E+01  3.0000E+00
  8.4000E+01  3.0000E+00
  8.5000E+01  3.0000E+00
  8.5000E+01  3.0000E+00
  8.5000E+01  3.0000E+00
  8.5000E+01  3.0000E+00
  8.5000E+01  3.0000E+00
  8.5000E+01  3.0000E+00
  8.5000E+01  3.0000E+00
  8.6000E+01  3.0000E+00
  8.6000E+01  3.0000E+00
  8.6000E+01  3.0000E+00
  8.6000E+01  3.0000E+00
  8.6000E+01  3.0000E+00
  8.6000E+01  3.0000E+00
  8.6000E+01  3.0000E+00
  8.7000E+01  3.0000E+00
  8.7000E+01  3.0000E+00
  8.7000E+01  3.0000E+00
  8.7000E+01  3.0000E+00
  8.7000E+01  3.0000E+00
  8.7000E+01  3.0000E+00
  8.7000E+01  3.0000E+00
  8.8000E+01  3.0000E+00
  8.8000E+01  3.0000E+00
  8.8000E+01  3.0000E+00
  8.8000E+01  3.0000E+00
  8.8000E+01  3.0000E+00
  8.8000E+01  3.0000E+00
  8.8000E+01  3.0000E+00
  8.9000E+01  3.0000E+00
  8.9000E+01  3.0000E+00
  8.9000E+01  3.0000E+00
  8.9000E+01  3.0000E+00
  8.9000E+01  3.0000E+00
  8.9000E+01  3.0000E+00
  8.9000E+01  3.0000E+00
  9.0000E+01  3.0000E+00
  9.0000E+01  3.0000E+00
  9.0000E+01  3.0000E+00
  9.0000E+01  3.0000E+00
  9.0000E+01  3.0000E+00
  9.0000E+01  3.0000E+00
  9.0000E+01  3.0000E+00
  9.1000E+01  4.0000E+00
  9.1000E+01  4.0000E+00
  9.1000E+01  4.0000E+00
  9.1000E+01  4.0000E+00
  9.1000E+01  4.0000E+00
  9.1000E+01  4.0000E+00
  9.1000E+01  4.0000E+00
  9.2000E+01  4.0000E+00
  9.2000E+01  4.0000E+00
  9.2000E+01  4.0000E+00
  9.2000E+01  4.0000E+00
  9.2000E+01  4.0000E+00
  9.2000E+01  4.0000E+00
  9.2000E+01  4.0000E+00
  9.3000E+01  4.0000E+00
  9.3000E+01  4.0000E+00
  9.3000E+01  4.0000E+00
  9.3000E+01  4.0000E+00
  9.3000E+01  4.0000E+00
  9.3000E+01  4.0000E+00
  9.3000E+01  4.0000E+00
  9.4000E+01  4.0000E+00
  9.4000E+01  4.0000E+00
  9.4000E+01  4.0000E+00
  9.4000E+01  4.0000E+00
  9.4000E+01  4.0000E+00
  9.4000E+01  4.0000E+00
  9.4000E+01  4.0000E+00
  9.5000E+01  4.0000E+00
  9.5000E+01  4.0000E+00
  9.5000E+01  4.0000E+00
  9.5000E+01  4.0000E+00
  9.5000E+01  4.0000E+00
  9.5000E+01  4.0000E+00
  9.5000E+01  4.0000E+00
  9.6000E+01  4.0000E+00
  9.6000E+01  4.0000E+00
  9.6000E+01  4.0000E+00
  9.6000E+01  4.0000E+00
  9.6000E+01  4.0000E+00
  9.6000E+01  4.0000E+00
  9.6000E+01  4.0000E+00
  9.7000E+01  4.0000E+00
  9.7000E+01  4.0000E+00
  9.7000E+01  4.0000E+00
  9.7000E+01  4.0000E+00
  9.7000E+01  4.0000E+00
  9.7000E+01  4.0000E+00
  9.7000E+01  4.0000E+00
  9.8000E+01  4.0000E+00
  9.8000E+01  4.0000E+00
  9.8000E+01  4.0000E+00
  9.8000E+01  4.0000E+00
  9.8000E+01  4.0000E+00
  9.8000E+01  4.0000E+00
  9.8000E+01  4.0000E+00
  9.9000E+01  4.0000E+00
  9.9000E+01  4.0000E+00
  9.9000E+01  4.0000E+00
  9.9000E+01  4.0000E+00
  9.9000E+01  4.0000E+00
  9.9000E+01  4.0000E+00
  9.9000E+01  4.0000E+00
  1.0000E+02  4.0000E+00
  1.0000E+02  4.0000E+00
  1.0000E+02  4.0000E+00
  1.0000E+02  4.0000E+00
  1.0000E+02  4.0000E+00
  1.0000E+02  4.0000E+00
  1.0000E+02  4.0000E+00
  1.0100E+02  4.0000E+00
  1.0100E+02  4.0000E+00
  1.0100E+02  4.0000E+00
  1.0100E+02  4.0000E+00
  1.0100E+02  4.0000E+00
  1.0100E+02  4.0000E+00
  1.0100E+02  4.0000E+00
  1.0200E+02  4.0000E+00
  1.0200E+02  4.0000E+00
  1.0200E+02  4.0000E+00
  1.0200E+02  4.0000E+00
  1.0200E+02  4.0000E+00
  1.0200E+02  4.0000E+00
  1.0200E+02  4.0000E+00
  1.0300E+02  4.0000E+00
  1.0300E+02  4.0000E+00
  1.0300E+02  4.0000E+00
  1.0300E+02  4.0000E+00
  1.0300E+02  4.0000E+00
  1.0300E+02  4.0000E+00
  1.0300E+02  4.0000E+00
  1.0400E+02  4.0000E+00
  1.0400E+02  4.0000E+00
  1.0400E+02  4.0000E+00
  1.0400E+02  4.0000E+00
  1.0400E+02  4.0000E+00
  1.0400E+02  4.0000E+00
  1.0400E+02  4.0000E+00
  1.0500E+02  4.0000E+00
  1.0500E+02  4.0000E+00
  1.0500E+02  4.0000E+00
  1.0500E+02  4.0000E+00
  1.0500E+02  4.0000E+00
  1.0500E+02  4.0000E+00
  1.0500E+02  4.0000E+00
  1.0600E+02  4.0000E+00
  1.0600E+02  4.0000E+00
  1.0600E+02  4.0000E+00
  1.0600E+02  4.0000E+00
  1.0600E+02  4.0000E+00
  1.0600E+02  4.0000E+00
  1.0600E+02  4.0000E+00
  1.0700E+02  4.0000E+00
  1.0700E+02  4.0000E+00
  1.0700E+02  4.0000E+00
  1.0700E+02  4.0000E+00
  1.0700E+02  4.0000E+00
  1.0700E+02  4.0000E+00
  1.0700E+02  4.0000E+00
  1.0800E+02  4.0000E+00
  1.0800E+02  4.0000E+00
  1.0800E+02  4.0000E+00
  1.0800E+02  4.0000E+00
  1.0800E+02  4.0000E+00
  1.0800E+02  4.0000E+00
  1.0800E+02  4.0000E+00
  1.0900E+02  4.0000E+00
  1.0900E+02  4.0000E+00
  1.0900E+02  4.0000E+00
  1.0900E+02  4.0000E+00
  1.0900E+02  4.0000E+00
  1.0900E+02  4.0000E+00
  1.0900E+02  4.0000E+00
  1.1000E+02  4.0000E+00
  1.1000E+02  4.0000E+00
  1.1000E+02  4.0000E+00
  1.1000E+02  4.0000E+00
  1.1000E+02  4.0000E+00
  1.1000E+02  4.0000E+00
  1.1000E+02  4.0000E+00
  1.1100E+02  4.0000E+00
  1.1100E+02  4.0000E+00
  1.1100E+02  4.0000E+00
  1.1100E+02  4.0000E+00
  1.1100E+02  4.0000E+00
  1.1100E+02  4.0000E+00
  1.1100E+02  4.0000E+00
  1.1200E+02  4.0000E+00
  1.1200E+02  4.0000E+00
  1.1200E+02  4.0000E+00
  1.1200E+02  4.0000E+00
  1.1200E+02  4.0000E+00
  1.1200E+02  4.0000E+00
  1.1200E+02  4.0000E+00
  1.1300E+02  4.0000E+00
  1.1300E+02  4.0000E+00
  1.1300E+02  4.0000E+00
  1.1300E+02  4.0000E+00
  1.1300E+02  4.0000E+00
  1.1300E+02  4.0000E+00
  1.1300E+02  4.0000E+00
  1.1400E+02  4.0000E+00
  1.1400E+02  4.0000E+00
  1.1400E+02  4.0000E+00
  1.1400E+02  4.0000E+00
  1.1400E+02  4.0000E+00
  1.1400E+02  4.0000E+00
  1.1400E+02  4.0000E+00
  1.1500E+02  4.0000E+00
  1.1500E+02  4.0000E+00
  1.1500E+02  4.0000E+00
  1.1500E+02  4.0000E+00
  1.1500E+02  4.0000E+00
  1.1500E+02  4.0000E+00
  1.1500E+02  4.0000E+00
  1.1600E+02  4.0000E+00
  1.1600E+02  4.0000E+00
  1.1600E+02  4.0000E+00
  1.1600E+02  4.0000E+00
  1.1600E+02  4.0000E+00
  1.1600E+02  4.0000E+00
  1.1600E+02  4.0000E+00
  1.1700E+02  4.0000E+00
  1.1700E+02  4.0000E+00
  1.1700E+02  4.0000E+00
  1.1700E+02  4.0000E+00
  1.1700E+02  4.0000E+00
  1.1700E+02  4.0000E+00
  1.1700E+02  4.0000E+00
  1.1800E+02  4.0000E+00
  1.1800E+02  4.0000E+00
  1.1800E+02  4.0000E+00
  1.1800E+02  4.0000E+00
  1.1800E+02  4.0000E+00
  1.1800E+02  4.0000E+00
  1.1800E+02  4.0000E+00
  1.1900E+02  4.0000E+00
  1.1900E+02  4.0000E+00
  1.1900E+02  4.0000E+00
  1.1900E+02  4.0000E+00
  1.1900E+02  4.0000E+00
  1.1900E+02  4.0000E+00
  1.1900E+02  4.0000E+00
  1.2000E+02  4.0000E+00
  1.2000E+02  4.0000E+00
  1.2000E+02  4.0000E+00
  1.2000E+02  4.0000E+00
  1.2000E+02  4.0000E+00
  1.2000E+02  4.0000E+00
  1.2000E+02  4.0000E+00
