TABLE NO.  2
 ID          CL          V           ETA1        ETA2        MAT
  3.1000E+01  1.3976E+00  6.9729E+00 -1.7186E-02 -3.8638E-02  9.1148E-01
  3.1000E+01  1.3976E+00  6.9729E+00 -1.7186E-02 -3.8638E-02  9.1148E-01
  3.1000E+01  1.3976E+00  6.9729E+00 -1.7186E-02 -3.8638E-02  9.1148E-01
  3.1000E+01  1.3976E+00  6.9729E+00 -1.7186E-02 -3.8638E-02  9.1148E-01
  3.1000E+01  1.3976E+00  6.9729E+00 -1.7186E-02 -3.8638E-02  9.1148E-01
  3.2000E+01  1.0221E+00  7.4324E+00 -1.5953E-01  1.4539E-01  8.4106E-01
  3.2000E+01  1.0221E+00  7.4324E+00 -1.5953E-01  1.4539E-01  8.4106E-01
  3.2000E+01  1.0221E+00  7.4324E+00 -1.5953E-01  1.4539E-01  8.4106E-01
  3.2000E+01  1.0221E+00  7.4324E+00 -1.5953E-01  1.4539E-01  8.4106E-01
  3.2000E+01  1.0221E+00  7.4324E+00 -1.5953E-01  1.4539E-01  8.4106E-01
  3.3000E+01  2.0742E+00  6.7913E+00  3.3143E-01 -6.0980E-02  9.5748E-01
  3.3000E+01  2.0742E+00  6.7913E+00  3.3143E-01 -6.0980E-02  9.5748E-01
  3.3000E+01  2.0742E+00  6.7913E+00  3.3143E-01 -6.0980E-02  9.5748E-01
  3.3000E+01  2.0742E+00  6.7913E+00  3.3143E-01 -6.0980E-02  9.5748E-01
  3.4000E+01  7.2006E-01  6.1417E+00  3.1783E-02  3.1157E-01  6.3955E-01
  3.4000E+01  7.2006E-01  6.1417E+00  3.1783E-02  3.1157E-01  6.3955E-01
  3.4000E+01  7.2006E-01  6.1417E+00  3.1783E-02  3.1157E-01  6.3955E-01
  3.4000E+01  7.2006E-01  6.1417E+00  3.1783E-02  3.1157E-01  6.3955E-01
  3.5000E+01  1.7127E+00  8.7699E+00  8.8982E-02  1.2565E-01  9.5669E-01
  3.5000E+01  1.7127E+00  8.7699E+00  8.8982E-02  1.2565E-01  9.5669E-01
  3.5000E+01  1.7127E+00  8.7699E+00  8.8982E-02  1.2565E-01  9.5669E-01
  3.5000E+01  1.7127E+00  8.7699E+00  8.8982E-02  1.2565E-01  9.5669E-01
  3.6000E+01  1.0818E+00  6.9131E+00 -3.9255E-01 -1.3028E-01  9.6491E-01
  3.6000E+01  1.0818E+00  6.9131E+00 -3.9255E-01 -1.3028E-01  9.6491E-01
  3.6000E+01  1.0818E+00  6.9131E+00 -3.9255E-01 -1.3028E-01  9.6491E-01
  3.6000E+01  1.0818E+00  6.9131E+00 -3.9255E-01 -1.3028E-01  9.6491E-01
  3.6000E+01  1.0818E+00  6.9131E+00 -3.9255E-01 -1.3028E-01  9.6491E-01
  3.7000E+01  8.6062E-01  3.1486E+00  5.7409E-01 -2.4788E-01  4.8218E-01
  3.7000E+01  8.6062E-01  3.1486E+00  5.7409E-01 -2.4788E-01  4.8218E-01
  3.7000E+01  8.6062E-01  3.1486E+00  5.7409E-01 -2.4788E-01  4.8218E-01
  3.7000E+01  8.6062E-01  3.1486E+00  5.7409E-01 -2.4788E-01  4.8218E-01
  3.7000E+01  8.6062E-01  3.1486E+00  5.7409E-01 -2.4788E-01  4.8218E-01
  3.8000E+01  7.4907E-01  5.6240E+00  2.6450E-02  1.1608E-01  6.1709E-01
  3.8000E+01  7.4907E-01  5.6240E+00  2.6450E-02  1.1608E-01  6.1709E-01
  3.8000E+01  7.4907E-01  5.6240E+00  2.6450E-02  1.1608E-01  6.1709E-01
  3.8000E+01  7.4907E-01  5.6240E+00  2.6450E-02  1.1608E-01  6.1709E-01
  3.9000E+01  1.1236E+00  6.9086E+00  1.0416E-01  1.1139E-01  7.3140E-01
  3.9000E+01  1.1236E+00  6.9086E+00  1.0416E-01  1.1139E-01  7.3140E-01
  3.9000E+01  1.1236E+00  6.9086E+00  1.0416E-01  1.1139E-01  7.3140E-01
  3.9000E+01  1.1236E+00  6.9086E+00  1.0416E-01  1.1139E-01  7.3140E-01
  4.0000E+01  1.5662E+00  8.7198E+00 -8.3528E-02  6.1149E-03  9.5453E-01
  4.0000E+01  1.5662E+00  8.7198E+00 -8.3528E-02  6.1149E-03  9.5453E-01
  4.0000E+01  1.5662E+00  8.7198E+00 -8.3528E-02  6.1149E-03  9.5453E-01
  4.0000E+01  1.5662E+00  8.7198E+00 -8.3528E-02  6.1149E-03  9.5453E-01
  4.0000E+01  1.5662E+00  8.7198E+00 -8.3528E-02  6.1149E-03  9.5453E-01
  4.1000E+01  6.8607E-01  6.2507E+00  3.6318E-02  3.8687E-01  6.3343E-01
  4.1000E+01  6.8607E-01  6.2507E+00  3.6318E-02  3.8687E-01  6.3343E-01
  4.1000E+01  6.8607E-01  6.2507E+00  3.6318E-02  3.8687E-01  6.3343E-01
  4.1000E+01  6.8607E-01  6.2507E+00  3.6318E-02  3.8687E-01  6.3343E-01
  4.1000E+01  6.8607E-01  6.2507E+00  3.6318E-02  3.8687E-01  6.3343E-01
  4.2000E+01  7.9246E-01  4.3732E+00 -3.1862E-02 -3.3236E-02  7.4719E-01
  4.2000E+01  7.9246E-01  4.3732E+00 -3.1862E-02 -3.3236E-02  7.4719E-01
  4.2000E+01  7.9246E-01  4.3732E+00 -3.1862E-02 -3.3236E-02  7.4719E-01
  4.2000E+01  7.9246E-01  4.3732E+00 -3.1862E-02 -3.3236E-02  7.4719E-01
  4.3000E+01  1.3040E+00  6.0405E+00 -2.2617E-01 -3.0034E-01  9.5919E-01
  4.3000E+01  1.3040E+00  6.0405E+00 -2.2617E-01 -3.0034E-01  9.5919E-01
  4.3000E+01  1.3040E+00  6.0405E+00 -2.2617E-01 -3.0034E-01  9.5919E-01
  4.3000E+01  1.3040E+00  6.0405E+00 -2.2617E-01 -3.0034E-01  9.5919E-01
  4.3000E+01  1.3040E+00  6.0405E+00 -2.2617E-01 -3.0034E-01  9.5919E-01
  4.4000E+01  4.0321E-01  5.4037E+00 -1.2122E-01  3.4907E-01  4.7250E-01
  4.4000E+01  4.0321E-01  5.4037E+00 -1.2122E-01  3.4907E-01  4.7250E-01
  4.4000E+01  4.0321E-01  5.4037E+00 -1.2122E-01  3.4907E-01  4.7250E-01
  4.4000E+01  4.0321E-01  5.4037E+00 -1.2122E-01  3.4907E-01  4.7250E-01
  4.4000E+01  4.0321E-01  5.4037E+00 -1.2122E-01  3.4907E-01  4.7250E-01
  4.5000E+01  4.1842E-01  3.4783E+00 -1.9641E-01 -1.5408E-01  5.0436E-01
  4.5000E+01  4.1842E-01  3.4783E+00 -1.9641E-01 -1.5408E-01  5.0436E-01
  4.5000E+01  4.1842E-01  3.4783E+00 -1.9641E-01 -1.5408E-01  5.0436E-01
  4.5000E+01  4.1842E-01  3.4783E+00 -1.9641E-01 -1.5408E-01  5.0436E-01
  4.6000E+01  7.9950E-01  4.1391E+00 -8.0720E-02 -1.9866E-01  7.2867E-01
  4.6000E+01  7.9950E-01  4.1391E+00 -8.0720E-02 -1.9866E-01  7.2867E-01
  4.6000E+01  7.9950E-01  4.1391E+00 -8.0720E-02 -1.9866E-01  7.2867E-01
  4.6000E+01  7.9950E-01  4.1391E+00 -8.0720E-02 -1.9866E-01  7.2867E-01
  4.6000E+01  7.9950E-01  4.1391E+00 -8.0720E-02 -1.9866E-01  7.2867E-01
  4.7000E+01  1.2806E+00  7.5289E+00  7.9267E-02  1.3842E-01  8.1766E-01
  4.7000E+01  1.2806E+00  7.5289E+00  7.9267E-02  1.3842E-01  8.1766E-01
  4.7000E+01  1.2806E+00  7.5289E+00  7.9267E-02  1.3842E-01  8.1766E-01
  4.7000E+01  1.2806E+00  7.5289E+00  7.9267E-02  1.3842E-01  8.1766E-01
  4.8000E+01  3.3550E-01  3.3036E+00 -5.8987E-01 -2.7942E-01  5.6710E-01
  4.8000E+01  3.3550E-01  3.3036E+00 -5.8987E-01 -2.7942E-01  5.6710E-01
  4.8000E+01  3.3550E-01  3.3036E+00 -5.8987E-01 -2.7942E-01  5.6710E-01
  4.8000E+01  3.3550E-01  3.3036E+00 -5.8987E-01 -2.7942E-01  5.6710E-01
  4.8000E+01  3.3550E-01  3.3036E+00 -5.8987E-01 -2.7942E-01  5.6710E-01
  4.9000E+01  9.0715E-01  7.0264E+00 -3.7618E-01  4.5477E-02  8.9713E-01
  4.9000E+01  9.0715E-01  7.0264E+00 -3.7618E-01  4.5477E-02  8.9713E-01
  4.9000E+01  9.0715E-01  7.0264E+00 -3.7618E-01  4.5477E-02  8.9713E-01
  4.9000E+01  9.0715E-01  7.0264E+00 -3.7618E-01  4.5477E-02  8.9713E-01
  4.9000E+01  9.0715E-01  7.0264E+00 -3.7618E-01  4.5477E-02  8.9713E-01
  5.0000E+01  9.4263E-01  7.9654E+00 -4.5660E-01  1.0092E-01  9.5863E-01
  5.0000E+01  9.4263E-01  7.9654E+00 -4.5660E-01  1.0092E-01  9.5863E-01
  5.0000E+01  9.4263E-01  7.9654E+00 -4.5660E-01  1.0092E-01  9.5863E-01
  5.0000E+01  9.4263E-01  7.9654E+00 -4.5660E-01  1.0092E-01  9.5863E-01
  5.1000E+01  1.6901E+00  6.4932E+00  3.9272E-02 -2.1212E-01  9.6483E-01
  5.1000E+01  1.6901E+00  6.4932E+00  3.9272E-02 -2.1212E-01  9.6483E-01
  5.1000E+01  1.6901E+00  6.4932E+00  3.9272E-02 -2.1212E-01  9.6483E-01
  5.1000E+01  1.6901E+00  6.4932E+00  3.9272E-02 -2.1212E-01  9.6483E-01
  5.1000E+01  1.6901E+00  6.4932E+00  3.9272E-02 -2.1212E-01  9.6483E-01
  5.2000E+01  6.6582E-01  6.8262E+00 -2.4953E-02  3.4314E-01  5.9206E-01
  5.2000E+01  6.6582E-01  6.8262E+00 -2.4953E-02  3.4314E-01  5.9206E-01
  5.2000E+01  6.6582E-01  6.8262E+00 -2.4953E-02  3.4314E-01  5.9206E-01
  5.2000E+01  6.6582E-01  6.8262E+00 -2.4953E-02  3.4314E-01  5.9206E-01
  5.3000E+01  5.1452E-01  3.4974E+00 -4.7612E-02 -1.2521E-01  5.4392E-01
  5.3000E+01  5.1452E-01  3.4974E+00 -4.7612E-02 -1.2521E-01  5.4392E-01
  5.3000E+01  5.1452E-01  3.4974E+00 -4.7612E-02 -1.2521E-01  5.4392E-01
  5.3000E+01  5.1452E-01  3.4974E+00 -4.7612E-02 -1.2521E-01  5.4392E-01
  5.4000E+01  1.3928E+00  7.5757E+00 -4.0037E-02  7.7351E-03  9.0423E-01
  5.4000E+01  1.3928E+00  7.5757E+00 -4.0037E-02  7.7351E-03  9.0423E-01
  5.4000E+01  1.3928E+00  7.5757E+00 -4.0037E-02  7.7351E-03  9.0423E-01
  5.4000E+01  1.3928E+00  7.5757E+00 -4.0037E-02  7.7351E-03  9.0423E-01
  5.5000E+01  1.2005E+00  6.9639E+00  1.3098E-01  7.6640E-02  7.3678E-01
  5.5000E+01  1.2005E+00  6.9639E+00  1.3098E-01  7.6640E-02  7.3678E-01
  5.5000E+01  1.2005E+00  6.9639E+00  1.3098E-01  7.6640E-02  7.3678E-01
  5.5000E+01  1.2005E+00  6.9639E+00  1.3098E-01  7.6640E-02  7.3678E-01
  5.6000E+01  1.2446E+00  6.6934E+00 -1.2783E-01 -4.7493E-02  9.2873E-01
  5.6000E+01  1.2446E+00  6.6934E+00 -1.2783E-01 -4.7493E-02  9.2873E-01
  5.6000E+01  1.2446E+00  6.6934E+00 -1.2783E-01 -4.7493E-02  9.2873E-01
  5.6000E+01  1.2446E+00  6.6934E+00 -1.2783E-01 -4.7493E-02  9.2873E-01
  5.6000E+01  1.2446E+00  6.6934E+00 -1.2783E-01 -4.7493E-02  9.2873E-01
  5.7000E+01  2.1175E+00  9.6641E+00  4.5949E-01  2.6455E-01  8.4256E-01
  5.7000E+01  2.1175E+00  9.6641E+00  4.5949E-01  2.6455E-01  8.4256E-01
  5.7000E+01  2.1175E+00  9.6641E+00  4.5949E-01  2.6455E-01  8.4256E-01
  5.7000E+01  2.1175E+00  9.6641E+00  4.5949E-01  2.6455E-01  8.4256E-01
  5.7000E+01  2.1175E+00  9.6641E+00  4.5949E-01  2.6455E-01  8.4256E-01
  5.8000E+01  1.5426E+00  6.2047E+00  1.9718E-01 -1.4888E-01  8.1588E-01
  5.8000E+01  1.5426E+00  6.2047E+00  1.9718E-01 -1.4888E-01  8.1588E-01
  5.8000E+01  1.5426E+00  6.2047E+00  1.9718E-01 -1.4888E-01  8.1588E-01
  5.8000E+01  1.5426E+00  6.2047E+00  1.9718E-01 -1.4888E-01  8.1588E-01
  5.9000E+01  1.3321E+00  6.1547E+00  1.5416E-01  2.1783E-02  8.4106E-01
  5.9000E+01  1.3321E+00  6.1547E+00  1.5416E-01  2.1783E-02  8.4106E-01
  5.9000E+01  1.3321E+00  6.1547E+00  1.5416E-01  2.1783E-02  8.4106E-01
  5.9000E+01  1.3321E+00  6.1547E+00  1.5416E-01  2.1783E-02  8.4106E-01
  5.9000E+01  1.3321E+00  6.1547E+00  1.5416E-01  2.1783E-02  8.4106E-01
  6.0000E+01  2.0942E+00  1.0115E+01  1.3896E-01  6.7175E-02  9.5689E-01
  6.0000E+01  2.0942E+00  1.0115E+01  1.3896E-01  6.7175E-02  9.5689E-01
  6.0000E+01  2.0942E+00  1.0115E+01  1.3896E-01  6.7175E-02  9.5689E-01
  6.0000E+01  2.0942E+00  1.0115E+01  1.3896E-01  6.7175E-02  9.5689E-01
  6.1000E+01  4.5740E+00  2.2191E+01  3.7348E-01  1.8221E-01  9.9967E-01
  6.1000E+01  4.5740E+00  2.2191E+01  3.7348E-01  1.8221E-01  9.9967E-01
  6.1000E+01  4.5740E+00  2.2191E+01  3.7348E-01  1.8221E-01  9.9967E-01
  6.1000E+01  4.5740E+00  2.2191E+01  3.7348E-01  1.8221E-01  9.9967E-01
  6.1000E+01  4.5740E+00  2.2191E+01  3.7348E-01  1.8221E-01  9.9967E-01
  6.1000E+01  4.5740E+00  2.2191E+01  3.7348E-01  1.8221E-01  9.9967E-01
  6.1000E+01  4.5740E+00  2.2191E+01  3.7348E-01  1.8221E-01  9.9967E-01
  6.2000E+01  2.4486E+00  1.9080E+01 -1.6166E-01  1.4986E-01  9.9897E-01
  6.2000E+01  2.4486E+00  1.9080E+01 -1.6166E-01  1.4986E-01  9.9897E-01
  6.2000E+01  2.4486E+00  1.9080E+01 -1.6166E-01  1.4986E-01  9.9897E-01
  6.2000E+01  2.4486E+00  1.9080E+01 -1.6166E-01  1.4986E-01  9.9897E-01
  6.2000E+01  2.4486E+00  1.9080E+01 -1.6166E-01  1.4986E-01  9.9897E-01
  6.2000E+01  2.4486E+00  1.9080E+01 -1.6166E-01  1.4986E-01  9.9897E-01
  6.2000E+01  2.4486E+00  1.9080E+01 -1.6166E-01  1.4986E-01  9.9897E-01
  6.3000E+01  4.3288E+00  2.3362E+01  2.7010E-01  1.6920E-01  9.9961E-01
  6.3000E+01  4.3288E+00  2.3362E+01  2.7010E-01  1.6920E-01  9.9961E-01
  6.3000E+01  4.3288E+00  2.3362E+01  2.7010E-01  1.6920E-01  9.9961E-01
  6.3000E+01  4.3288E+00  2.3362E+01  2.7010E-01  1.6920E-01  9.9961E-01
  6.3000E+01  4.3288E+00  2.3362E+01  2.7010E-01  1.6920E-01  9.9961E-01
  6.3000E+01  4.3288E+00  2.3362E+01  2.7010E-01  1.6920E-01  9.9961E-01
  6.3000E+01  4.3288E+00  2.3362E+01  2.7010E-01  1.6920E-01  9.9961E-01
  6.4000E+01  3.1603E+00  1.5080E+01  2.6410E-01  1.4165E-01  9.9864E-01
  6.4000E+01  3.1603E+00  1.5080E+01  2.6410E-01  1.4165E-01  9.9864E-01
  6.4000E+01  3.1603E+00  1.5080E+01  2.6410E-01  1.4165E-01  9.9864E-01
  6.4000E+01  3.1603E+00  1.5080E+01  2.6410E-01  1.4165E-01  9.9864E-01
  6.4000E+01  3.1603E+00  1.5080E+01  2.6410E-01  1.4165E-01  9.9864E-01
  6.4000E+01  3.1603E+00  1.5080E+01  2.6410E-01  1.4165E-01  9.9864E-01
  6.4000E+01  3.1603E+00  1.5080E+01  2.6410E-01  1.4165E-01  9.9864E-01
  6.5000E+01  1.7959E+00  9.5247E+00 -5.6479E-02 -1.0822E-02  9.8444E-01
  6.5000E+01  1.7959E+00  9.5247E+00 -5.6479E-02 -1.0822E-02  9.8444E-01
  6.5000E+01  1.7959E+00  9.5247E+00 -5.6479E-02 -1.0822E-02  9.8444E-01
  6.5000E+01  1.7959E+00  9.5247E+00 -5.6479E-02 -1.0822E-02  9.8444E-01
  6.5000E+01  1.7959E+00  9.5247E+00 -5.6479E-02 -1.0822E-02  9.8444E-01
  6.5000E+01  1.7959E+00  9.5247E+00 -5.6479E-02 -1.0822E-02  9.8444E-01
  6.5000E+01  1.7959E+00  9.5247E+00 -5.6479E-02 -1.0822E-02  9.8444E-01
  6.6000E+01  2.7086E+00  1.7270E+01 -6.6659E-02  4.3101E-02  9.9952E-01
  6.6000E+01  2.7086E+00  1.7270E+01 -6.6659E-02  4.3101E-02  9.9952E-01
  6.6000E+01  2.7086E+00  1.7270E+01 -6.6659E-02  4.3101E-02  9.9952E-01
  6.6000E+01  2.7086E+00  1.7270E+01 -6.6659E-02  4.3101E-02  9.9952E-01
  6.6000E+01  2.7086E+00  1.7270E+01 -6.6659E-02  4.3101E-02  9.9952E-01
  6.6000E+01  2.7086E+00  1.7270E+01 -6.6659E-02  4.3101E-02  9.9952E-01
  6.6000E+01  2.7086E+00  1.7270E+01 -6.6659E-02  4.3101E-02  9.9952E-01
  6.7000E+01  5.1195E+00  2.0214E+01  5.0431E-01  1.1296E-01  9.9956E-01
  6.7000E+01  5.1195E+00  2.0214E+01  5.0431E-01  1.1296E-01  9.9956E-01
  6.7000E+01  5.1195E+00  2.0214E+01  5.0431E-01  1.1296E-01  9.9956E-01
  6.7000E+01  5.1195E+00  2.0214E+01  5.0431E-01  1.1296E-01  9.9956E-01
  6.7000E+01  5.1195E+00  2.0214E+01  5.0431E-01  1.1296E-01  9.9956E-01
  6.7000E+01  5.1195E+00  2.0214E+01  5.0431E-01  1.1296E-01  9.9956E-01
  6.7000E+01  5.1195E+00  2.0214E+01  5.0431E-01  1.1296E-01  9.9956E-01
  6.8000E+01  2.5603E+00  1.3601E+01 -1.4138E-01 -2.2063E-01  9.9930E-01
  6.8000E+01  2.5603E+00  1.3601E+01 -1.4138E-01 -2.2063E-01  9.9930E-01
  6.8000E+01  2.5603E+00  1.3601E+01 -1.4138E-01 -2.2063E-01  9.9930E-01
  6.8000E+01  2.5603E+00  1.3601E+01 -1.4138E-01 -2.2063E-01  9.9930E-01
  6.8000E+01  2.5603E+00  1.3601E+01 -1.4138E-01 -2.2063E-01  9.9930E-01
  6.8000E+01  2.5603E+00  1.3601E+01 -1.4138E-01 -2.2063E-01  9.9930E-01
  6.8000E+01  2.5603E+00  1.3601E+01 -1.4138E-01 -2.2063E-01  9.9930E-01
  6.9000E+01  1.7324E+00  9.7573E+00  5.2484E-03  1.5295E-01  9.9134E-01
  6.9000E+01  1.7324E+00  9.7573E+00  5.2484E-03  1.5295E-01  9.9134E-01
  6.9000E+01  1.7324E+00  9.7573E+00  5.2484E-03  1.5295E-01  9.9134E-01
  6.9000E+01  1.7324E+00  9.7573E+00  5.2484E-03  1.5295E-01  9.9134E-01
  6.9000E+01  1.7324E+00  9.7573E+00  5.2484E-03  1.5295E-01  9.9134E-01
  6.9000E+01  1.7324E+00  9.7573E+00  5.2484E-03  1.5295E-01  9.9134E-01
  6.9000E+01  1.7324E+00  9.7573E+00  5.2484E-03  1.5295E-01  9.9134E-01
  7.0000E+01  2.8955E+00  1.8690E+01 -8.1663E-02  1.3358E-02  9.9974E-01
  7.0000E+01  2.8955E+00  1.8690E+01 -8.1663E-02  1.3358E-02  9.9974E-01
  7.0000E+01  2.8955E+00  1.8690E+01 -8.1663E-02  1.3358E-02  9.9974E-01
  7.0000E+01  2.8955E+00  1.8690E+01 -8.1663E-02  1.3358E-02  9.9974E-01
  7.0000E+01  2.8955E+00  1.8690E+01 -8.1663E-02  1.3358E-02  9.9974E-01
  7.0000E+01  2.8955E+00  1.8690E+01 -8.1663E-02  1.3358E-02  9.9974E-01
  7.0000E+01  2.8955E+00  1.8690E+01 -8.1663E-02  1.3358E-02  9.9974E-01
  7.1000E+01  1.7338E+00  9.5944E+00 -6.6421E-02  4.6423E-02  9.9654E-01
  7.1000E+01  1.7338E+00  9.5944E+00 -6.6421E-02  4.6423E-02  9.9654E-01
  7.1000E+01  1.7338E+00  9.5944E+00 -6.6421E-02  4.6423E-02  9.9654E-01
  7.1000E+01  1.7338E+00  9.5944E+00 -6.6421E-02  4.6423E-02  9.9654E-01
  7.1000E+01  1.7338E+00  9.5944E+00 -6.6421E-02  4.6423E-02  9.9654E-01
  7.1000E+01  1.7338E+00  9.5944E+00 -6.6421E-02  4.6423E-02  9.9654E-01
  7.1000E+01  1.7338E+00  9.5944E+00 -6.6421E-02  4.6423E-02  9.9654E-01
  7.2000E+01  1.3360E+00  7.4639E+00 -2.9149E-01 -1.7148E-01  9.8593E-01
  7.2000E+01  1.3360E+00  7.4639E+00 -2.9149E-01 -1.7148E-01  9.8593E-01
  7.2000E+01  1.3360E+00  7.4639E+00 -2.9149E-01 -1.7148E-01  9.8593E-01
  7.2000E+01  1.3360E+00  7.4639E+00 -2.9149E-01 -1.7148E-01  9.8593E-01
  7.2000E+01  1.3360E+00  7.4639E+00 -2.9149E-01 -1.7148E-01  9.8593E-01
  7.2000E+01  1.3360E+00  7.4639E+00 -2.9149E-01 -1.7148E-01  9.8593E-01
  7.2000E+01  1.3360E+00  7.4639E+00 -2.9149E-01 -1.7148E-01  9.8593E-01
  7.3000E+01  1.9298E+00  1.4732E+01 -2.7414E-01  5.9183E-02  9.9929E-01
  7.3000E+01  1.9298E+00  1.4732E+01 -2.7414E-01  5.9183E-02  9.9929E-01
  7.3000E+01  1.9298E+00  1.4732E+01 -2.7414E-01  5.9183E-02  9.9929E-01
  7.3000E+01  1.9298E+00  1.4732E+01 -2.7414E-01  5.9183E-02  9.9929E-01
  7.3000E+01  1.9298E+00  1.4732E+01 -2.7414E-01  5.9183E-02  9.9929E-01
  7.3000E+01  1.9298E+00  1.4732E+01 -2.7414E-01  5.9183E-02  9.9929E-01
  7.3000E+01  1.9298E+00  1.4732E+01 -2.7414E-01  5.9183E-02  9.9929E-01
  7.4000E+01  2.2190E+00  1.9424E+01 -3.6815E-01  2.4617E-02  9.9964E-01
  7.4000E+01  2.2190E+00  1.9424E+01 -3.6815E-01  2.4617E-02  9.9964E-01
  7.4000E+01  2.2190E+00  1.9424E+01 -3.6815E-01  2.4617E-02  9.9964E-01
  7.4000E+01  2.2190E+00  1.9424E+01 -3.6815E-01  2.4617E-02  9.9964E-01
  7.4000E+01  2.2190E+00  1.9424E+01 -3.6815E-01  2.4617E-02  9.9964E-01
  7.4000E+01  2.2190E+00  1.9424E+01 -3.6815E-01  2.4617E-02  9.9964E-01
  7.4000E+01  2.2190E+00  1.9424E+01 -3.6815E-01  2.4617E-02  9.9964E-01
  7.5000E+01  2.3758E+00  2.3910E+01 -2.5006E-01  2.9891E-01  9.9974E-01
  7.5000E+01  2.3758E+00  2.3910E+01 -2.5006E-01  2.9891E-01  9.9974E-01
  7.5000E+01  2.3758E+00  2.3910E+01 -2.5006E-01  2.9891E-01  9.9974E-01
  7.5000E+01  2.3758E+00  2.3910E+01 -2.5006E-01  2.9891E-01  9.9974E-01
  7.5000E+01  2.3758E+00  2.3910E+01 -2.5006E-01  2.9891E-01  9.9974E-01
  7.5000E+01  2.3758E+00  2.3910E+01 -2.5006E-01  2.9891E-01  9.9974E-01
  7.5000E+01  2.3758E+00  2.3910E+01 -2.5006E-01  2.9891E-01  9.9974E-01
  7.6000E+01  4.9912E+00  1.2544E+01  4.9931E-01 -3.3684E-01  9.9968E-01
  7.6000E+01  4.9912E+00  1.2544E+01  4.9931E-01 -3.3684E-01  9.9968E-01
  7.6000E+01  4.9912E+00  1.2544E+01  4.9931E-01 -3.3684E-01  9.9968E-01
  7.6000E+01  4.9912E+00  1.2544E+01  4.9931E-01 -3.3684E-01  9.9968E-01
  7.6000E+01  4.9912E+00  1.2544E+01  4.9931E-01 -3.3684E-01  9.9968E-01
  7.6000E+01  4.9912E+00  1.2544E+01  4.9931E-01 -3.3684E-01  9.9968E-01
  7.6000E+01  4.9912E+00  1.2544E+01  4.9931E-01 -3.3684E-01  9.9968E-01
  7.7000E+01  2.4808E+00  2.2498E+01 -1.9424E-01  2.5471E-01  9.9966E-01
  7.7000E+01  2.4808E+00  2.2498E+01 -1.9424E-01  2.5471E-01  9.9966E-01
  7.7000E+01  2.4808E+00  2.2498E+01 -1.9424E-01  2.5471E-01  9.9966E-01
  7.7000E+01  2.4808E+00  2.2498E+01 -1.9424E-01  2.5471E-01  9.9966E-01
  7.7000E+01  2.4808E+00  2.2498E+01 -1.9424E-01  2.5471E-01  9.9966E-01
  7.7000E+01  2.4808E+00  2.2498E+01 -1.9424E-01  2.5471E-01  9.9966E-01
  7.7000E+01  2.4808E+00  2.2498E+01 -1.9424E-01  2.5471E-01  9.9966E-01
  7.8000E+01  1.5994E+00  2.1318E+01 -4.9164E-01  3.8818E-01  9.9862E-01
  7.8000E+01  1.5994E+00  2.1318E+01 -4.9164E-01  3.8818E-01  9.9862E-01
  7.8000E+01  1.5994E+00  2.1318E+01 -4.9164E-01  3.8818E-01  9.9862E-01
  7.8000E+01  1.5994E+00  2.1318E+01 -4.9164E-01  3.8818E-01  9.9862E-01
  7.8000E+01  1.5994E+00  2.1318E+01 -4.9164E-01  3.8818E-01  9.9862E-01
  7.8000E+01  1.5994E+00  2.1318E+01 -4.9164E-01  3.8818E-01  9.9862E-01
  7.8000E+01  1.5994E+00  2.1318E+01 -4.9164E-01  3.8818E-01  9.9862E-01
  7.9000E+01  1.9899E+00  1.2038E+01 -1.5103E-01 -2.1701E-02  9.9763E-01
  7.9000E+01  1.9899E+00  1.2038E+01 -1.5103E-01 -2.1701E-02  9.9763E-01
  7.9000E+01  1.9899E+00  1.2038E+01 -1.5103E-01 -2.1701E-02  9.9763E-01
  7.9000E+01  1.9899E+00  1.2038E+01 -1.5103E-01 -2.1701E-02  9.9763E-01
  7.9000E+01  1.9899E+00  1.2038E+01 -1.5103E-01 -2.1701E-02  9.9763E-01
  7.9000E+01  1.9899E+00  1.2038E+01 -1.5103E-01 -2.1701E-02  9.9763E-01
  7.9000E+01  1.9899E+00  1.2038E+01 -1.5103E-01 -2.1701E-02  9.9763E-01
  8.0000E+01  2.2751E+00  1.4280E+01 -9.6823E-02  4.4646E-02  9.9904E-01
  8.0000E+01  2.2751E+00  1.4280E+01 -9.6823E-02  4.4646E-02  9.9904E-01
  8.0000E+01  2.2751E+00  1.4280E+01 -9.6823E-02  4.4646E-02  9.9904E-01
  8.0000E+01  2.2751E+00  1.4280E+01 -9.6823E-02  4.4646E-02  9.9904E-01
  8.0000E+01  2.2751E+00  1.4280E+01 -9.6823E-02  4.4646E-02  9.9904E-01
  8.0000E+01  2.2751E+00  1.4280E+01 -9.6823E-02  4.4646E-02  9.9904E-01
  8.0000E+01  2.2751E+00  1.4280E+01 -9.6823E-02  4.4646E-02  9.9904E-01
  8.1000E+01  4.2863E+00  1.8281E+01  2.9131E-01 -3.4491E-02  9.9971E-01
  8.1000E+01  4.2863E+00  1.8281E+01  2.9131E-01 -3.4491E-02  9.9971E-01
  8.1000E+01  4.2863E+00  1.8281E+01  2.9131E-01 -3.4491E-02  9.9971E-01
  8.1000E+01  4.2863E+00  1.8281E+01  2.9131E-01 -3.4491E-02  9.9971E-01
  8.1000E+01  4.2863E+00  1.8281E+01  2.9131E-01 -3.4491E-02  9.9971E-01
  8.1000E+01  4.2863E+00  1.8281E+01  2.9131E-01 -3.4491E-02  9.9971E-01
  8.1000E+01  4.2863E+00  1.8281E+01  2.9131E-01 -3.4491E-02  9.9971E-01
  8.2000E+01  2.0267E+00  1.2149E+01 -6.6433E-03  1.5237E-01  9.9529E-01
  8.2000E+01  2.0267E+00  1.2149E+01 -6.6433E-03  1.5237E-01  9.9529E-01
  8.2000E+01  2.0267E+00  1.2149E+01 -6.6433E-03  1.5237E-01  9.9529E-01
  8.2000E+01  2.0267E+00  1.2149E+01 -6.6433E-03  1.5237E-01  9.9529E-01
  8.2000E+01  2.0267E+00  1.2149E+01 -6.6433E-03  1.5237E-01  9.9529E-01
  8.2000E+01  2.0267E+00  1.2149E+01 -6.6433E-03  1.5237E-01  9.9529E-01
  8.2000E+01  2.0267E+00  1.2149E+01 -6.6433E-03  1.5237E-01  9.9529E-01
  8.3000E+01  2.1311E+00  1.2688E+01 -1.4808E-01 -5.5810E-02  9.9824E-01
  8.3000E+01  2.1311E+00  1.2688E+01 -1.4808E-01 -5.5810E-02  9.9824E-01
  8.3000E+01  2.1311E+00  1.2688E+01 -1.4808E-01 -5.5810E-02  9.9824E-01
  8.3000E+01  2.1311E+00  1.2688E+01 -1.4808E-01 -5.5810E-02  9.9824E-01
  8.3000E+01  2.1311E+00  1.2688E+01 -1.4808E-01 -5.5810E-02  9.9824E-01
  8.3000E+01  2.1311E+00  1.2688E+01 -1.4808E-01 -5.5810E-02  9.9824E-01
  8.3000E+01  2.1311E+00  1.2688E+01 -1.4808E-01 -5.5810E-02  9.9824E-01
  8.4000E+01  2.1250E+00  1.8227E+01 -3.5122E-01  4.0824E-02  9.9932E-01
  8.4000E+01  2.1250E+00  1.8227E+01 -3.5122E-01  4.0824E-02  9.9932E-01
  8.4000E+01  2.1250E+00  1.8227E+01 -3.5122E-01  4.0824E-02  9.9932E-01
  8.4000E+01  2.1250E+00  1.8227E+01 -3.5122E-01  4.0824E-02  9.9932E-01
  8.4000E+01  2.1250E+00  1.8227E+01 -3.5122E-01  4.0824E-02  9.9932E-01
  8.4000E+01  2.1250E+00  1.8227E+01 -3.5122E-01  4.0824E-02  9.9932E-01
  8.4000E+01  2.1250E+00  1.8227E+01 -3.5122E-01  4.0824E-02  9.9932E-01
  8.5000E+01  2.3959E+00  8.5392E+00  2.7447E-01 -5.0706E-02  9.9367E-01
  8.5000E+01  2.3959E+00  8.5392E+00  2.7447E-01 -5.0706E-02  9.9367E-01
  8.5000E+01  2.3959E+00  8.5392E+00  2.7447E-01 -5.0706E-02  9.9367E-01
  8.5000E+01  2.3959E+00  8.5392E+00  2.7447E-01 -5.0706E-02  9.9367E-01
  8.5000E+01  2.3959E+00  8.5392E+00  2.7447E-01 -5.0706E-02  9.9367E-01
  8.5000E+01  2.3959E+00  8.5392E+00  2.7447E-01 -5.0706E-02  9.9367E-01
  8.5000E+01  2.3959E+00  8.5392E+00  2.7447E-01 -5.0706E-02  9.9367E-01
  8.6000E+01  4.2655E+00  2.0234E+01  2.3828E-01  2.5373E-03  9.9951E-01
  8.6000E+01  4.2655E+00  2.0234E+01  2.3828E-01  2.5373E-03  9.9951E-01
  8.6000E+01  4.2655E+00  2.0234E+01  2.3828E-01  2.5373E-03  9.9951E-01
  8.6000E+01  4.2655E+00  2.0234E+01  2.3828E-01  2.5373E-03  9.9951E-01
  8.6000E+01  4.2655E+00  2.0234E+01  2.3828E-01  2.5373E-03  9.9951E-01
  8.6000E+01  4.2655E+00  2.0234E+01  2.3828E-01  2.5373E-03  9.9951E-01
  8.6000E+01  4.2655E+00  2.0234E+01  2.3828E-01  2.5373E-03  9.9951E-01
  8.7000E+01  2.1960E+00  9.3079E+00  1.4606E-01 -1.9122E-02  9.9397E-01
  8.7000E+01  2.1960E+00  9.3079E+00  1.4606E-01 -1.9122E-02  9.9397E-01
  8.7000E+01  2.1960E+00  9.3079E+00  1.4606E-01 -1.9122E-02  9.9397E-01
  8.7000E+01  2.1960E+00  9.3079E+00  1.4606E-01 -1.9122E-02  9.9397E-01
  8.7000E+01  2.1960E+00  9.3079E+00  1.4606E-01 -1.9122E-02  9.9397E-01
  8.7000E+01  2.1960E+00  9.3079E+00  1.4606E-01 -1.9122E-02  9.9397E-01
  8.7000E+01  2.1960E+00  9.3079E+00  1.4606E-01 -1.9122E-02  9.9397E-01
  8.8000E+01  2.4151E+00  7.1692E+00  1.4045E-01 -4.1850E-01  9.9099E-01
  8.8000E+01  2.4151E+00  7.1692E+00  1.4045E-01 -4.1850E-01  9.9099E-01
  8.8000E+01  2.4151E+00  7.1692E+00  1.4045E-01 -4.1850E-01  9.9099E-01
  8.8000E+01  2.4151E+00  7.1692E+00  1.4045E-01 -4.1850E-01  9.9099E-01
  8.8000E+01  2.4151E+00  7.1692E+00  1.4045E-01 -4.1850E-01  9.9099E-01
  8.8000E+01  2.4151E+00  7.1692E+00  1.4045E-01 -4.1850E-01  9.9099E-01
  8.8000E+01  2.4151E+00  7.1692E+00  1.4045E-01 -4.1850E-01  9.9099E-01
  8.9000E+01  3.7152E+00  1.4594E+01  2.3431E-01 -1.4527E-01  9.9957E-01
  8.9000E+01  3.7152E+00  1.4594E+01  2.3431E-01 -1.4527E-01  9.9957E-01
  8.9000E+01  3.7152E+00  1.4594E+01  2.3431E-01 -1.4527E-01  9.9957E-01
  8.9000E+01  3.7152E+00  1.4594E+01  2.3431E-01 -1.4527E-01  9.9957E-01
  8.9000E+01  3.7152E+00  1.4594E+01  2.3431E-01 -1.4527E-01  9.9957E-01
  8.9000E+01  3.7152E+00  1.4594E+01  2.3431E-01 -1.4527E-01  9.9957E-01
  8.9000E+01  3.7152E+00  1.4594E+01  2.3431E-01 -1.4527E-01  9.9957E-01
  9.0000E+01  2.2486E+00  1.4226E+01  4.1551E-02  2.3920E-01  9.9769E-01
  9.0000E+01  2.2486E+00  1.4226E+01  4.1551E-02  2.3920E-01  9.9769E-01
  9.0000E+01  2.2486E+00  1.4226E+01  4.1551E-02  2.3920E-01  9.9769E-01
  9.0000E+01  2.2486E+00  1.4226E+01  4.1551E-02  2.3920E-01  9.9769E-01
  9.0000E+01  2.2486E+00  1.4226E+01  4.1551E-02  2.3920E-01  9.9769E-01
  9.0000E+01  2.2486E+00  1.4226E+01  4.1551E-02  2.3920E-01  9.9769E-01
  9.0000E+01  2.2486E+00  1.4226E+01  4.1551E-02  2.3920E-01  9.9769E-01
  9.1000E+01  3.9876E+00  2.2580E+01 -4.4774E-02 -1.7494E-01  9.9982E-01
  9.1000E+01  3.9876E+00  2.2580E+01 -4.4774E-02 -1.7494E-01  9.9982E-01
  9.1000E+01  3.9876E+00  2.2580E+01 -4.4774E-02 -1.7494E-01  9.9982E-01
  9.1000E+01  3.9876E+00  2.2580E+01 -4.4774E-02 -1.7494E-01  9.9982E-01
  9.1000E+01  3.9876E+00  2.2580E+01 -4.4774E-02 -1.7494E-01  9.9982E-01
  9.1000E+01  3.9876E+00  2.2580E+01 -4.4774E-02 -1.7494E-01  9.9982E-01
  9.1000E+01  3.9876E+00  2.2580E+01 -4.4774E-02 -1.7494E-01  9.9982E-01
  9.2000E+01  3.4711E+00  2.5287E+01 -1.8810E-01 -6.7819E-02  9.9986E-01
  9.2000E+01  3.4711E+00  2.5287E+01 -1.8810E-01 -6.7819E-02  9.9986E-01
  9.2000E+01  3.4711E+00  2.5287E+01 -1.8810E-01 -6.7819E-02  9.9986E-01
  9.2000E+01  3.4711E+00  2.5287E+01 -1.8810E-01 -6.7819E-02  9.9986E-01
  9.2000E+01  3.4711E+00  2.5287E+01 -1.8810E-01 -6.7819E-02  9.9986E-01
  9.2000E+01  3.4711E+00  2.5287E+01 -1.8810E-01 -6.7819E-02  9.9986E-01
  9.2000E+01  3.4711E+00  2.5287E+01 -1.8810E-01 -6.7819E-02  9.9986E-01
  9.3000E+01  5.3370E+00  3.8805E+01 -4.1361E-02 -1.7421E-02  9.9992E-01
  9.3000E+01  5.3370E+00  3.8805E+01 -4.1361E-02 -1.7421E-02  9.9992E-01
  9.3000E+01  5.3370E+00  3.8805E+01 -4.1361E-02 -1.7421E-02  9.9992E-01
  9.3000E+01  5.3370E+00  3.8805E+01 -4.1361E-02 -1.7421E-02  9.9992E-01
  9.3000E+01  5.3370E+00  3.8805E+01 -4.1361E-02 -1.7421E-02  9.9992E-01
  9.3000E+01  5.3370E+00  3.8805E+01 -4.1361E-02 -1.7421E-02  9.9992E-01
  9.3000E+01  5.3370E+00  3.8805E+01 -4.1361E-02 -1.7421E-02  9.9992E-01
  9.4000E+01  8.3807E+00  2.8675E+01  4.5512E-01 -2.5965E-01  9.9992E-01
  9.4000E+01  8.3807E+00  2.8675E+01  4.5512E-01 -2.5965E-01  9.9992E-01
  9.4000E+01  8.3807E+00  2.8675E+01  4.5512E-01 -2.5965E-01  9.9992E-01
  9.4000E+01  8.3807E+00  2.8675E+01  4.5512E-01 -2.5965E-01  9.9992E-01
  9.4000E+01  8.3807E+00  2.8675E+01  4.5512E-01 -2.5965E-01  9.9992E-01
  9.4000E+01  8.3807E+00  2.8675E+01  4.5512E-01 -2.5965E-01  9.9992E-01
  9.4000E+01  8.3807E+00  2.8675E+01  4.5512E-01 -2.5965E-01  9.9992E-01
  9.5000E+01  5.5505E+00  3.9342E+01  7.1774E-02  9.4877E-02  9.9992E-01
  9.5000E+01  5.5505E+00  3.9342E+01  7.1774E-02  9.4877E-02  9.9992E-01
  9.5000E+01  5.5505E+00  3.9342E+01  7.1774E-02  9.4877E-02  9.9992E-01
  9.5000E+01  5.5505E+00  3.9342E+01  7.1774E-02  9.4877E-02  9.9992E-01
  9.5000E+01  5.5505E+00  3.9342E+01  7.1774E-02  9.4877E-02  9.9992E-01
  9.5000E+01  5.5505E+00  3.9342E+01  7.1774E-02  9.4877E-02  9.9992E-01
  9.5000E+01  5.5505E+00  3.9342E+01  7.1774E-02  9.4877E-02  9.9992E-01
  9.6000E+01  3.9297E+00  3.3608E+01 -2.8039E-01 -7.1775E-02  9.9990E-01
  9.6000E+01  3.9297E+00  3.3608E+01 -2.8039E-01 -7.1775E-02  9.9990E-01
  9.6000E+01  3.9297E+00  3.3608E+01 -2.8039E-01 -7.1775E-02  9.9990E-01
  9.6000E+01  3.9297E+00  3.3608E+01 -2.8039E-01 -7.1775E-02  9.9990E-01
  9.6000E+01  3.9297E+00  3.3608E+01 -2.8039E-01 -7.1775E-02  9.9990E-01
  9.6000E+01  3.9297E+00  3.3608E+01 -2.8039E-01 -7.1775E-02  9.9990E-01
  9.6000E+01  3.9297E+00  3.3608E+01 -2.8039E-01 -7.1775E-02  9.9990E-01
  9.7000E+01  3.9525E+00  2.8589E+01 -1.5364E-01 -7.2279E-02  9.9987E-01
  9.7000E+01  3.9525E+00  2.8589E+01 -1.5364E-01 -7.2279E-02  9.9987E-01
  9.7000E+01  3.9525E+00  2.8589E+01 -1.5364E-01 -7.2279E-02  9.9987E-01
  9.7000E+01  3.9525E+00  2.8589E+01 -1.5364E-01 -7.2279E-02  9.9987E-01
  9.7000E+01  3.9525E+00  2.8589E+01 -1.5364E-01 -7.2279E-02  9.9987E-01
  9.7000E+01  3.9525E+00  2.8589E+01 -1.5364E-01 -7.2279E-02  9.9987E-01
  9.7000E+01  3.9525E+00  2.8589E+01 -1.5364E-01 -7.2279E-02  9.9987E-01
  9.8000E+01  5.7091E+00  3.4171E+01  1.1135E-01 -3.0835E-02  9.9991E-01
  9.8000E+01  5.7091E+00  3.4171E+01  1.1135E-01 -3.0835E-02  9.9991E-01
  9.8000E+01  5.7091E+00  3.4171E+01  1.1135E-01 -3.0835E-02  9.9991E-01
  9.8000E+01  5.7091E+00  3.4171E+01  1.1135E-01 -3.0835E-02  9.9991E-01
  9.8000E+01  5.7091E+00  3.4171E+01  1.1135E-01 -3.0835E-02  9.9991E-01
  9.8000E+01  5.7091E+00  3.4171E+01  1.1135E-01 -3.0835E-02  9.9991E-01
  9.8000E+01  5.7091E+00  3.4171E+01  1.1135E-01 -3.0835E-02  9.9991E-01
  9.9000E+01  3.1180E+00  3.1941E+01 -4.1705E-01  3.5375E-03  9.9982E-01
  9.9000E+01  3.1180E+00  3.1941E+01 -4.1705E-01  3.5375E-03  9.9982E-01
  9.9000E+01  3.1180E+00  3.1941E+01 -4.1705E-01  3.5375E-03  9.9982E-01
  9.9000E+01  3.1180E+00  3.1941E+01 -4.1705E-01  3.5375E-03  9.9982E-01
  9.9000E+01  3.1180E+00  3.1941E+01 -4.1705E-01  3.5375E-03  9.9982E-01
  9.9000E+01  3.1180E+00  3.1941E+01 -4.1705E-01  3.5375E-03  9.9982E-01
  9.9000E+01  3.1180E+00  3.1941E+01 -4.1705E-01  3.5375E-03  9.9982E-01
  1.0000E+02  4.1420E+00  3.6571E+01 -1.7068E-01  8.8774E-02  9.9986E-01
  1.0000E+02  4.1420E+00  3.6571E+01 -1.7068E-01  8.8774E-02  9.9986E-01
  1.0000E+02  4.1420E+00  3.6571E+01 -1.7068E-01  8.8774E-02  9.9986E-01
  1.0000E+02  4.1420E+00  3.6571E+01 -1.7068E-01  8.8774E-02  9.9986E-01
  1.0000E+02  4.1420E+00  3.6571E+01 -1.7068E-01  8.8774E-02  9.9986E-01
  1.0000E+02  4.1420E+00  3.6571E+01 -1.7068E-01  8.8774E-02  9.9986E-01
  1.0000E+02  4.1420E+00  3.6571E+01 -1.7068E-01  8.8774E-02  9.9986E-01
  1.0100E+02  2.3465E+00  1.5775E+01 -3.7454E-01 -2.6628E-01  9.9979E-01
  1.0100E+02  2.3465E+00  1.5775E+01 -3.7454E-01 -2.6628E-01  9.9979E-01
  1.0100E+02  2.3465E+00  1.5775E+01 -3.7454E-01 -2.6628E-01  9.9979E-01
  1.0100E+02  2.3465E+00  1.5775E+01 -3.7454E-01 -2.6628E-01  9.9979E-01
  1.0100E+02  2.3465E+00  1.5775E+01 -3.7454E-01 -2.6628E-01  9.9979E-01
  1.0100E+02  2.3465E+00  1.5775E+01 -3.7454E-01 -2.6628E-01  9.9979E-01
  1.0100E+02  2.3465E+00  1.5775E+01 -3.7454E-01 -2.6628E-01  9.9979E-01
  1.0200E+02  3.8992E+00  1.9265E+01 -5.1767E-02 -3.1302E-01  9.9991E-01
  1.0200E+02  3.8992E+00  1.9265E+01 -5.1767E-02 -3.1302E-01  9.9991E-01
  1.0200E+02  3.8992E+00  1.9265E+01 -5.1767E-02 -3.1302E-01  9.9991E-01
  1.0200E+02  3.8992E+00  1.9265E+01 -5.1767E-02 -3.1302E-01  9.9991E-01
  1.0200E+02  3.8992E+00  1.9265E+01 -5.1767E-02 -3.1302E-01  9.9991E-01
  1.0200E+02  3.8992E+00  1.9265E+01 -5.1767E-02 -3.1302E-01  9.9991E-01
  1.0200E+02  3.8992E+00  1.9265E+01 -5.1767E-02 -3.1302E-01  9.9991E-01
  1.0300E+02  8.8526E+00  3.6475E+01  4.3982E-01 -1.1250E-01  9.9992E-01
  1.0300E+02  8.8526E+00  3.6475E+01  4.3982E-01 -1.1250E-01  9.9992E-01
  1.0300E+02  8.8526E+00  3.6475E+01  4.3982E-01 -1.1250E-01  9.9992E-01
  1.0300E+02  8.8526E+00  3.6475E+01  4.3982E-01 -1.1250E-01  9.9992E-01
  1.0300E+02  8.8526E+00  3.6475E+01  4.3982E-01 -1.1250E-01  9.9992E-01
  1.0300E+02  8.8526E+00  3.6475E+01  4.3982E-01 -1.1250E-01  9.9992E-01
  1.0300E+02  8.8526E+00  3.6475E+01  4.3982E-01 -1.1250E-01  9.9992E-01
  1.0400E+02  5.2313E+00  5.1720E+01  5.5719E-02  4.2595E-01  9.9988E-01
  1.0400E+02  5.2313E+00  5.1720E+01  5.5719E-02  4.2595E-01  9.9988E-01
  1.0400E+02  5.2313E+00  5.1720E+01  5.5719E-02  4.2595E-01  9.9988E-01
  1.0400E+02  5.2313E+00  5.1720E+01  5.5719E-02  4.2595E-01  9.9988E-01
  1.0400E+02  5.2313E+00  5.1720E+01  5.5719E-02  4.2595E-01  9.9988E-01
  1.0400E+02  5.2313E+00  5.1720E+01  5.5719E-02  4.2595E-01  9.9988E-01
  1.0400E+02  5.2313E+00  5.1720E+01  5.5719E-02  4.2595E-01  9.9988E-01
  1.0500E+02  7.5192E+00  2.3266E+01  5.5390E-01 -1.9250E-01  9.9981E-01
  1.0500E+02  7.5192E+00  2.3266E+01  5.5390E-01 -1.9250E-01  9.9981E-01
  1.0500E+02  7.5192E+00  2.3266E+01  5.5390E-01 -1.9250E-01  9.9981E-01
  1.0500E+02  7.5192E+00  2.3266E+01  5.5390E-01 -1.9250E-01  9.9981E-01
  1.0500E+02  7.5192E+00  2.3266E+01  5.5390E-01 -1.9250E-01  9.9981E-01
  1.0500E+02  7.5192E+00  2.3266E+01  5.5390E-01 -1.9250E-01  9.9981E-01
  1.0500E+02  7.5192E+00  2.3266E+01  5.5390E-01 -1.9250E-01  9.9981E-01
  1.0600E+02  2.7814E+00  4.6437E+01 -5.3660E-01  3.7074E-01  9.9990E-01
  1.0600E+02  2.7814E+00  4.6437E+01 -5.3660E-01  3.7074E-01  9.9990E-01
  1.0600E+02  2.7814E+00  4.6437E+01 -5.3660E-01  3.7074E-01  9.9990E-01
  1.0600E+02  2.7814E+00  4.6437E+01 -5.3660E-01  3.7074E-01  9.9990E-01
  1.0600E+02  2.7814E+00  4.6437E+01 -5.3660E-01  3.7074E-01  9.9990E-01
  1.0600E+02  2.7814E+00  4.6437E+01 -5.3660E-01  3.7074E-01  9.9990E-01
  1.0600E+02  2.7814E+00  4.6437E+01 -5.3660E-01  3.7074E-01  9.9990E-01
  1.0700E+02  8.0802E+00  4.6681E+01  4.0536E-01  2.1000E-01  9.9991E-01
  1.0700E+02  8.0802E+00  4.6681E+01  4.0536E-01  2.1000E-01  9.9991E-01
  1.0700E+02  8.0802E+00  4.6681E+01  4.0536E-01  2.1000E-01  9.9991E-01
  1.0700E+02  8.0802E+00  4.6681E+01  4.0536E-01  2.1000E-01  9.9991E-01
  1.0700E+02  8.0802E+00  4.6681E+01  4.0536E-01  2.1000E-01  9.9991E-01
  1.0700E+02  8.0802E+00  4.6681E+01  4.0536E-01  2.1000E-01  9.9991E-01
  1.0700E+02  8.0802E+00  4.6681E+01  4.0536E-01  2.1000E-01  9.9991E-01
  1.0800E+02  5.5552E+00  3.8877E+01  8.3293E-02  9.7184E-02  9.9988E-01
  1.0800E+02  5.5552E+00  3.8877E+01  8.3293E-02  9.7184E-02  9.9988E-01
  1.0800E+02  5.5552E+00  3.8877E+01  8.3293E-02  9.7184E-02  9.9988E-01
  1.0800E+02  5.5552E+00  3.8877E+01  8.3293E-02  9.7184E-02  9.9988E-01
  1.0800E+02  5.5552E+00  3.8877E+01  8.3293E-02  9.7184E-02  9.9988E-01
  1.0800E+02  5.5552E+00  3.8877E+01  8.3293E-02  9.7184E-02  9.9988E-01
  1.0800E+02  5.5552E+00  3.8877E+01  8.3293E-02  9.7184E-02  9.9988E-01
  1.0900E+02  4.9004E+00  2.2622E+01  1.5020E-01 -1.8803E-01  9.9977E-01
  1.0900E+02  4.9004E+00  2.2622E+01  1.5020E-01 -1.8803E-01  9.9977E-01
  1.0900E+02  4.9004E+00  2.2622E+01  1.5020E-01 -1.8803E-01  9.9977E-01
  1.0900E+02  4.9004E+00  2.2622E+01  1.5020E-01 -1.8803E-01  9.9977E-01
  1.0900E+02  4.9004E+00  2.2622E+01  1.5020E-01 -1.8803E-01  9.9977E-01
  1.0900E+02  4.9004E+00  2.2622E+01  1.5020E-01 -1.8803E-01  9.9977E-01
  1.0900E+02  4.9004E+00  2.2622E+01  1.5020E-01 -1.8803E-01  9.9977E-01
  1.1000E+02  5.3098E+00  2.1264E+01 -3.2082E-02 -5.9974E-01  9.9992E-01
  1.1000E+02  5.3098E+00  2.1264E+01 -3.2082E-02 -5.9974E-01  9.9992E-01
  1.1000E+02  5.3098E+00  2.1264E+01 -3.2082E-02 -5.9974E-01  9.9992E-01
  1.1000E+02  5.3098E+00  2.1264E+01 -3.2082E-02 -5.9974E-01  9.9992E-01
  1.1000E+02  5.3098E+00  2.1264E+01 -3.2082E-02 -5.9974E-01  9.9992E-01
  1.1000E+02  5.3098E+00  2.1264E+01 -3.2082E-02 -5.9974E-01  9.9992E-01
  1.1000E+02  5.3098E+00  2.1264E+01 -3.2082E-02 -5.9974E-01  9.9992E-01
  1.1100E+02  4.9065E+00  2.2068E+01  1.8839E-01 -1.6351E-01  9.9979E-01
  1.1100E+02  4.9065E+00  2.2068E+01  1.8839E-01 -1.6351E-01  9.9979E-01
  1.1100E+02  4.9065E+00  2.2068E+01  1.8839E-01 -1.6351E-01  9.9979E-01
  1.1100E+02  4.9065E+00  2.2068E+01  1.8839E-01 -1.6351E-01  9.9979E-01
  1.1100E+02  4.9065E+00  2.2068E+01  1.8839E-01 -1.6351E-01  9.9979E-01
  1.1100E+02  4.9065E+00  2.2068E+01  1.8839E-01 -1.6351E-01  9.9979E-01
  1.1100E+02  4.9065E+00  2.2068E+01  1.8839E-01 -1.6351E-01  9.9979E-01
  1.1200E+02  5.9583E+00  2.0686E+01  2.3967E-01 -4.1866E-01  9.9988E-01
  1.1200E+02  5.9583E+00  2.0686E+01  2.3967E-01 -4.1866E-01  9.9988E-01
  1.1200E+02  5.9583E+00  2.0686E+01  2.3967E-01 -4.1866E-01  9.9988E-01
  1.1200E+02  5.9583E+00  2.0686E+01  2.3967E-01 -4.1866E-01  9.9988E-01
  1.1200E+02  5.9583E+00  2.0686E+01  2.3967E-01 -4.1866E-01  9.9988E-01
  1.1200E+02  5.9583E+00  2.0686E+01  2.3967E-01 -4.1866E-01  9.9988E-01
  1.1200E+02  5.9583E+00  2.0686E+01  2.3967E-01 -4.1866E-01  9.9988E-01
  1.1300E+02  5.3132E+00  3.3780E+01  1.2902E-01  7.6968E-02  9.9986E-01
  1.1300E+02  5.3132E+00  3.3780E+01  1.2902E-01  7.6968E-02  9.9986E-01
  1.1300E+02  5.3132E+00  3.3780E+01  1.2902E-01  7.6968E-02  9.9986E-01
  1.1300E+02  5.3132E+00  3.3780E+01  1.2902E-01  7.6968E-02  9.9986E-01
  1.1300E+02  5.3132E+00  3.3780E+01  1.2902E-01  7.6968E-02  9.9986E-01
  1.1300E+02  5.3132E+00  3.3780E+01  1.2902E-01  7.6968E-02  9.9986E-01
  1.1300E+02  5.3132E+00  3.3780E+01  1.2902E-01  7.6968E-02  9.9986E-01
  1.1400E+02  4.0433E+00  2.8727E+01 -4.6986E-02  4.4463E-02  9.9987E-01
  1.1400E+02  4.0433E+00  2.8727E+01 -4.6986E-02  4.4463E-02  9.9987E-01
  1.1400E+02  4.0433E+00  2.8727E+01 -4.6986E-02  4.4463E-02  9.9987E-01
  1.1400E+02  4.0433E+00  2.8727E+01 -4.6986E-02  4.4463E-02  9.9987E-01
  1.1400E+02  4.0433E+00  2.8727E+01 -4.6986E-02  4.4463E-02  9.9987E-01
  1.1400E+02  4.0433E+00  2.8727E+01 -4.6986E-02  4.4463E-02  9.9987E-01
  1.1400E+02  4.0433E+00  2.8727E+01 -4.6986E-02  4.4463E-02  9.9987E-01
  1.1500E+02  5.3146E+00  2.0980E+01  4.1120E-01 -2.3502E-02  9.9982E-01
  1.1500E+02  5.3146E+00  2.0980E+01  4.1120E-01 -2.3502E-02  9.9982E-01
  1.1500E+02  5.3146E+00  2.0980E+01  4.1120E-01 -2.3502E-02  9.9982E-01
  1.1500E+02  5.3146E+00  2.0980E+01  4.1120E-01 -2.3502E-02  9.9982E-01
  1.1500E+02  5.3146E+00  2.0980E+01  4.1120E-01 -2.3502E-02  9.9982E-01
  1.1500E+02  5.3146E+00  2.0980E+01  4.1120E-01 -2.3502E-02  9.9982E-01
  1.1500E+02  5.3146E+00  2.0980E+01  4.1120E-01 -2.3502E-02  9.9982E-01
  1.1600E+02  3.3170E+00  3.4425E+01 -4.7455E-01 -8.0669E-02  9.9990E-01
  1.1600E+02  3.3170E+00  3.4425E+01 -4.7455E-01 -8.0669E-02  9.9990E-01
  1.1600E+02  3.3170E+00  3.4425E+01 -4.7455E-01 -8.0669E-02  9.9990E-01
  1.1600E+02  3.3170E+00  3.4425E+01 -4.7455E-01 -8.0669E-02  9.9990E-01
  1.1600E+02  3.3170E+00  3.4425E+01 -4.7455E-01 -8.0669E-02  9.9990E-01
  1.1600E+02  3.3170E+00  3.4425E+01 -4.7455E-01 -8.0669E-02  9.9990E-01
  1.1600E+02  3.3170E+00  3.4425E+01 -4.7455E-01 -8.0669E-02  9.9990E-01
  1.1700E+02  6.7226E+00  3.4608E+01  4.8087E-01  2.5664E-01  9.9989E-01
  1.1700E+02  6.7226E+00  3.4608E+01  4.8087E-01  2.5664E-01  9.9989E-01
  1.1700E+02  6.7226E+00  3.4608E+01  4.8087E-01  2.5664E-01  9.9989E-01
  1.1700E+02  6.7226E+00  3.4608E+01  4.8087E-01  2.5664E-01  9.9989E-01
  1.1700E+02  6.7226E+00  3.4608E+01  4.8087E-01  2.5664E-01  9.9989E-01
  1.1700E+02  6.7226E+00  3.4608E+01  4.8087E-01  2.5664E-01  9.9989E-01
  1.1700E+02  6.7226E+00  3.4608E+01  4.8087E-01  2.5664E-01  9.9989E-01
  1.1800E+02  3.0407E+00  2.9551E+01 -4.6736E-01 -1.0776E-01  9.9989E-01
  1.1800E+02  3.0407E+00  2.9551E+01 -4.6736E-01 -1.0776E-01  9.9989E-01
  1.1800E+02  3.0407E+00  2.9551E+01 -4.6736E-01 -1.0776E-01  9.9989E-01
  1.1800E+02  3.0407E+00  2.9551E+01 -4.6736E-01 -1.0776E-01  9.9989E-01
  1.1800E+02  3.0407E+00  2.9551E+01 -4.6736E-01 -1.0776E-01  9.9989E-01
  1.1800E+02  3.0407E+00  2.9551E+01 -4.6736E-01 -1.0776E-01  9.9989E-01
  1.1800E+02  3.0407E+00  2.9551E+01 -4.6736E-01 -1.0776E-01  9.9989E-01
  1.1900E+02  2.9520E+00  1.9709E+01 -2.4981E-01 -1.8347E-01  9.9975E-01
  1.1900E+02  2.9520E+00  1.9709E+01 -2.4981E-01 -1.8347E-01  9.9975E-01
  1.1900E+02  2.9520E+00  1.9709E+01 -2.4981E-01 -1.8347E-01  9.9975E-01
  1.1900E+02  2.9520E+00  1.9709E+01 -2.4981E-01 -1.8347E-01  9.9975E-01
  1.1900E+02  2.9520E+00  1.9709E+01 -2.4981E-01 -1.8347E-01  9.9975E-01
  1.1900E+02  2.9520E+00  1.9709E+01 -2.4981E-01 -1.8347E-01  9.9975E-01
  1.1900E+02  2.9520E+00  1.9709E+01 -2.4981E-01 -1.8347E-01  9.9975E-01
  1.2000E+02  5.7159E+00  3.4894E+01 -6.2190E-03 -1.6823E-01  9.9992E-01
  1.2000E+02  5.7159E+00  3.4894E+01 -6.2190E-03 -1.6823E-01  9.9992E-01
  1.2000E+02  5.7159E+00  3.4894E+01 -6.2190E-03 -1.6823E-01  9.9992E-01
  1.2000E+02  5.7159E+00  3.4894E+01 -6.2190E-03 -1.6823E-01  9.9992E-01
  1.2000E+02  5.7159E+00  3.4894E+01 -6.2190E-03 -1.6823E-01  9.9992E-01
  1.2000E+02  5.7159E+00  3.4894E+01 -6.2190E-03 -1.6823E-01  9.9992E-01
  1.2000E+02  5.7159E+00  3.4894E+01 -6.2190E-03 -1.6823E-01  9.9992E-01
