TABLE NO.  1
 ID          TIME        AMT         DV          MDV         EVID        IPRE        IWRE        CWRES       DV          PRED        RES         WRES
  3.1000E+01  0.0000E+00  6.1800E+01  0.0000E+00  1.0000E+00  1.0000E+00  8.8628E+00 -9.5079E+00  0.0000E+00  0.0000E+00  8.5269E+00  0.0000E+00  0.0000E+00
  3.1000E+01  5.0000E-01  0.0000E+00  7.7620E+00  0.0000E+00  0.0000E+00  8.0177E+00 -3.0246E-01 -2.3634E-01  7.7620E+00  7.7302E+00  3.1770E-02 -2.4177E-01
  3.1000E+01  1.0000E+00  0.0000E+00  7.7030E+00  0.0000E+00  0.0000E+00  7.2531E+00  5.8650E-01  6.3115E-01  7.7030E+00  7.0080E+00  6.9503E-01  6.4302E-01
  3.1000E+01  2.4000E+01  0.0000E+00  5.0000E-02  0.0000E+00  0.0000E+00  7.2182E-02 -1.5877E-01 -1.8070E-01  5.0000E-02  7.6911E-02 -2.6911E-02 -1.7672E-01
  3.1000E+01  4.8000E+01  0.0000E+00  5.0000E-02  0.0000E+00  0.0000E+00  5.8787E-04  3.5419E-01  3.5385E-01  5.0000E-02  6.9371E-04  4.9306E-02  3.5393E-01
  3.2000E+01  0.0000E+00  5.4800E+01  0.0000E+00  1.0000E+00  1.0000E+00  7.3731E+00 -9.4609E+00  0.0000E+00  0.0000E+00  8.5269E+00  0.0000E+00  0.0000E+00
  3.2000E+01  1.0000E+00  0.0000E+00  7.0970E+00  0.0000E+00  0.0000E+00  6.4258E+00  9.8323E-01  5.9328E-01  7.0970E+00  7.0758E+00  2.1191E-02  4.7241E-01
  3.2000E+01  2.0000E+00  0.0000E+00  4.8100E+00  0.0000E+00  0.0000E+00  5.6002E+00 -1.3195E+00 -1.4086E+00  4.8100E+00  5.8716E+00 -1.0616E+00 -1.2339E+00
  3.2000E+01  2.4000E+01  0.0000E+00  3.5900E-01  0.0000E+00  0.0000E+00  2.7181E-01  6.1252E-01  1.2257E+00  3.5900E-01  9.6917E-02  2.6208E-01  1.6138E+00
  3.2000E+01  4.8000E+01  0.0000E+00  5.3000E-02  0.0000E+00  0.0000E+00  1.0021E-02  3.0807E-01  3.5556E-01  5.3000E-02  1.1016E-03  5.1898E-02  3.6533E-01
  3.3000E+01  0.0000E+00  6.1550E+01  0.0000E+00  1.0000E+00  1.0000E+00  9.0631E+00 -9.5126E+00  0.0000E+00  0.0000E+00  8.5269E+00  0.0000E+00  0.0000E+00
  3.3000E+01  5.0000E-01  0.0000E+00  7.8350E+00  0.0000E+00  0.0000E+00  7.7795E+00  6.7556E-02  1.0134E-02  7.8350E+00  7.6913E+00  1.4375E-01  1.2326E-01
  3.3000E+01  6.0000E+00  0.0000E+00  1.3910E+00  0.0000E+00  0.0000E+00  1.4502E+00 -2.8797E-01 -1.2610E+00  1.3910E+00  2.4731E+00 -1.0821E+00 -1.3271E+00
  3.3000E+01  2.4000E+01  0.0000E+00  2.4800E-01  0.0000E+00  0.0000E+00  5.9407E-03  1.7351E+00  1.7176E+00  2.4800E-01  6.0341E-02  1.8766E-01  1.9193E+00
  3.4000E+01  0.0000E+00  3.8350E+01  0.0000E+00  1.0000E+00  1.0000E+00  6.2442E+00 -9.4017E+00  0.0000E+00  0.0000E+00  8.5269E+00  0.0000E+00  0.0000E+00
  3.4000E+01  5.0000E-01  0.0000E+00  5.6080E+00  0.0000E+00  0.0000E+00  5.8887E+00 -4.4693E-01 -1.2577E+00  5.6080E+00  7.8907E+00 -2.2827E+00 -1.0653E+00
  3.4000E+01  1.0000E+00  0.0000E+00  5.4580E+00  0.0000E+00  0.0000E+00  5.5534E+00 -1.6061E-01 -8.9173E-01  5.4580E+00  7.3019E+00 -1.8439E+00 -7.9713E-01
  3.4000E+01  4.8000E+01  0.0000E+00  5.0000E-02  0.0000E+00  0.0000E+00  2.2463E-02  1.9736E-01  2.2368E-01  5.0000E-02  4.9856E-03  4.5014E-02  2.7956E-01
  3.5000E+01  0.0000E+00  6.5950E+01  0.0000E+00  1.0000E+00  1.0000E+00  7.5201E+00 -9.4668E+00  0.0000E+00  0.0000E+00  8.5269E+00  0.0000E+00  0.0000E+00
  3.5000E+01  6.0000E+00  0.0000E+00  2.1030E+00  0.0000E+00  0.0000E+00  2.3298E+00 -8.1126E-01 -9.2269E-01  2.1030E+00  2.5286E+00 -4.2561E-01 -8.4823E-01
  3.5000E+01  1.2000E+01  0.0000E+00  8.3600E-01  0.0000E+00  0.0000E+00  7.2180E-01  7.2087E-01  8.8798E-01  8.3600E-01  7.4985E-01  8.6155E-02  8.5559E-01
  3.5000E+01  2.4000E+01  0.0000E+00  5.0000E-02  0.0000E+00  0.0000E+00  6.9281E-02 -1.3802E-01 -7.9696E-02  5.0000E-02  6.5940E-02 -1.5940E-02 -8.5097E-02
  3.6000E+01  0.0000E+00  6.7150E+01  0.0000E+00  1.0000E+00  1.0000E+00  9.7134E+00 -9.5258E+00  0.0000E+00  0.0000E+00  8.5269E+00  0.0000E+00  0.0000E+00
  3.6000E+01  6.0000E+00  0.0000E+00  4.1450E+00  0.0000E+00  0.0000E+00  3.7984E+00  8.2735E-01  1.6371E+00  4.1450E+00  2.5162E+00  1.6288E+00  1.7354E+00
  3.6000E+01  1.2000E+01  0.0000E+00  1.5650E+00  0.0000E+00  0.0000E+00  1.4854E+00  3.8259E-01  6.4921E-01  1.5650E+00  7.4249E-01  8.2251E-01  5.5108E-01
  3.6000E+01  2.4000E+01  0.0000E+00  7.5000E-02  0.0000E+00  0.0000E+00  2.2714E-01 -1.0753E+00 -1.0909E+00  7.5000E-02  6.4653E-02  1.0347E-02 -8.6172E-01
  3.6000E+01  4.8000E+01  0.0000E+00  1.7300E-01  0.0000E+00  0.0000E+00  5.3116E-03  1.2020E+00  1.1993E+00  1.7300E-01  4.9022E-04  1.7251E-01  1.2223E+00
  3.7000E+01  0.0000E+00  3.4400E+01  0.0000E+00  1.0000E+00  1.0000E+00  1.0926E+01 -9.5445E+00  0.0000E+00  0.0000E+00  8.5269E+00  0.0000E+00  0.0000E+00
  3.7000E+01  5.0000E-01  0.0000E+00  9.9380E+00  0.0000E+00  0.0000E+00  9.5299E+00  4.0773E-01  7.8268E-01  9.9380E+00  8.0298E+00  1.9082E+00  1.4705E+00
  3.7000E+01  6.0000E+00  0.0000E+00  1.9840E+00  0.0000E+00  0.0000E+00  2.1193E+00 -5.1868E-01 -2.3078E+00  1.9840E+00  4.1468E+00 -2.1628E+00 -2.9074E+00
  3.7000E+01  2.4000E+01  0.0000E+00  5.0000E-02  0.0000E+00  0.0000E+00  1.5468E-02  2.4752E-01  1.8406E-01  5.0000E-02  4.7693E-01 -4.2693E-01  1.1951E+00
  3.7000E+01  4.8000E+01  0.0000E+00  5.0000E-02  0.0000E+00  0.0000E+00  2.1898E-05  3.5825E-01  3.5807E-01  5.0000E-02  2.6676E-02  2.3324E-02  6.7296E-01
  3.8000E+01  0.0000E+00  4.2700E+01  0.0000E+00  1.0000E+00  1.0000E+00  7.5924E+00 -9.4695E+00  0.0000E+00  0.0000E+00  8.5269E+00  0.0000E+00  0.0000E+00
  3.8000E+01  5.0000E-01  0.0000E+00  6.9880E+00  0.0000E+00  0.0000E+00  7.1033E+00 -1.5336E-01 -5.5254E-01  6.9880E+00  7.9279E+00 -9.3991E-01 -5.2124E-01
  3.8000E+01  6.0000E+00  0.0000E+00  3.4270E+00  0.0000E+00  0.0000E+00  3.4144E+00  3.3000E-02 -9.0731E-02  3.4270E+00  3.5578E+00 -1.3082E-01 -8.4334E-02
  3.8000E+01  4.8000E+01  0.0000E+00  8.1000E-02  0.0000E+00  0.0000E+00  1.2702E-02  4.8955E-01  4.9371E-01  8.1000E-02  7.8329E-03  7.3167E-02  5.0235E-01
  3.9000E+01  0.0000E+00  5.2700E+01  0.0000E+00  1.0000E+00  1.0000E+00  7.6281E+00 -9.4709E+00  0.0000E+00  0.0000E+00  8.5269E+00  0.0000E+00  0.0000E+00
  3.9000E+01  2.0000E+00  0.0000E+00  5.1190E+00  0.0000E+00  0.0000E+00  5.5100E+00 -6.6304E-01 -9.7739E-01  5.1190E+00  6.1447E+00 -1.0257E+00 -8.9956E-01
  3.9000E+01  6.0000E+00  0.0000E+00  3.0820E+00  0.0000E+00  0.0000E+00  2.8749E+00  6.2777E-01  3.7959E-01  3.0820E+00  3.1910E+00 -1.0896E-01  3.2726E-01
  3.9000E+01  1.2000E+01  0.0000E+00  1.0340E+00  0.0000E+00  0.0000E+00  1.0835E+00 -2.7598E-01 -4.6198E-01  1.0340E+00  1.1941E+00 -1.6013E-01 -4.1598E-01
  4.0000E+01  0.0000E+00  7.3900E+01  0.0000E+00  1.0000E+00  1.0000E+00  8.4749E+00 -9.4980E+00  0.0000E+00  0.0000E+00  8.5269E+00  0.0000E+00  0.0000E+00
  4.0000E+01  5.0000E-01  0.0000E+00  7.0860E+00  0.0000E+00  0.0000E+00  7.7470E+00 -8.0845E-01 -7.2862E-01  7.0860E+00  7.7291E+00 -6.4313E-01 -7.0428E-01
  4.0000E+01  2.0000E+00  0.0000E+00  6.5390E+00  0.0000E+00  0.0000E+00  5.9173E+00  9.8537E-01  1.0670E+00  6.5390E+00  5.7563E+00  7.8267E-01  1.0717E+00
  4.0000E+01  6.0000E+00  0.0000E+00  2.9180E+00  0.0000E+00  0.0000E+00  2.8846E+00  1.0084E-01  8.5345E-02  2.9180E+00  2.6233E+00  2.9467E-01  4.0263E-02
  4.0000E+01  2.4000E+01  0.0000E+00  5.0000E-02  0.0000E+00  0.0000E+00  1.1375E-01 -4.5534E-01 -4.9610E-01  5.0000E-02  7.6389E-02 -2.6389E-02 -4.6524E-01
  4.1000E+01  0.0000E+00  3.6200E+01  0.0000E+00  1.0000E+00  1.0000E+00  5.7913E+00 -9.3682E+00  0.0000E+00  0.0000E+00  8.5269E+00  0.0000E+00  0.0000E+00
  4.1000E+01  5.0000E-01  0.0000E+00  4.7730E+00  0.0000E+00  0.0000E+00  5.4821E+00 -1.2081E+00 -2.1508E+00  4.7730E+00  7.8877E+00 -3.1147E+00 -1.6703E+00
  4.1000E+01  1.0000E+00  0.0000E+00  5.4410E+00  0.0000E+00  0.0000E+00  5.1893E+00  4.5154E-01 -4.0435E-01  5.4410E+00  7.2964E+00 -1.8554E+00 -4.5203E-01
  4.1000E+01  6.0000E+00  0.0000E+00  2.9110E+00  0.0000E+00  0.0000E+00  2.9976E+00 -2.5353E-01 -4.9347E-01  2.9110E+00  3.3474E+00 -4.3639E-01 -5.2901E-01
  4.1000E+01  1.2000E+01  0.0000E+00  1.6060E+00  0.0000E+00  0.0000E+00  1.5515E+00  2.5529E-01  3.1647E-01  1.6060E+00  1.3141E+00  2.9192E-01  4.8332E-01
  4.2000E+01  0.0000E+00  3.8550E+01  0.0000E+00  1.0000E+00  1.0000E+00  8.8151E+00 -9.5068E+00  0.0000E+00  0.0000E+00  8.5269E+00  0.0000E+00  0.0000E+00
  4.2000E+01  2.0000E+00  0.0000E+00  6.2790E+00  0.0000E+00  0.0000E+00  6.1352E+00  2.2015E-01  2.7998E-01  6.2790E+00  5.9376E+00  3.4138E-01  2.8537E-01
  4.2000E+01  1.2000E+01  0.0000E+00  1.0120E+00  0.0000E+00  0.0000E+00  1.0020E+00  5.7670E-02  1.8348E-02  1.0120E+00  9.7210E-01  3.9898E-02  1.9019E-02
  4.2000E+01  4.8000E+01  0.0000E+00  5.0000E-02  0.0000E+00  0.0000E+00  1.4714E-03  3.4786E-01  3.4762E-01  5.0000E-02  1.4404E-03  4.8560E-02  3.4762E-01
  4.3000E+01  0.0000E+00  6.9550E+01  0.0000E+00  1.0000E+00  1.0000E+00  1.1514E+01 -9.5516E+00  0.0000E+00  0.0000E+00  8.5269E+00  0.0000E+00  0.0000E+00
  4.3000E+01  1.0000E+00  0.0000E+00  1.0411E+01  0.0000E+00  0.0000E+00  9.2784E+00  1.1617E+00  1.9972E+00  1.0411E+01  6.9782E+00  3.4328E+00  2.3942E+00
  4.3000E+01  6.0000E+00  0.0000E+00  3.0500E+00  0.0000E+00  0.0000E+00  3.1529E+00 -2.8881E-01  4.4907E-02  3.0500E+00  2.5615E+00  4.8853E-01  2.2003E-02
  4.3000E+01  1.2000E+01  0.0000E+00  9.0700E-01  0.0000E+00  0.0000E+00  8.6337E-01  2.6301E-01  3.7099E-01  9.0700E-01  7.6946E-01  1.3754E-01  4.5224E-01
  4.3000E+01  2.4000E+01  0.0000E+00  1.7200E-01  0.0000E+00  0.0000E+00  6.4739E-02  7.6797E-01  7.7718E-01  1.7200E-01  6.9435E-02  1.0257E-01  8.1645E-01
  4.4000E+01  0.0000E+00  3.2500E+01  0.0000E+00  1.0000E+00  1.0000E+00  6.0144E+00 -9.3856E+00  0.0000E+00  0.0000E+00  8.5269E+00  0.0000E+00  0.0000E+00
  4.4000E+01  5.0000E-01  0.0000E+00  5.4050E+00  0.0000E+00  0.0000E+00  5.7942E+00 -6.2922E-01 -1.4122E+00  5.4050E+00  8.0327E+00 -2.6277E+00 -1.0775E+00
  4.4000E+01  1.0000E+00  0.0000E+00  5.1410E+00  0.0000E+00  0.0000E+00  5.5820E+00 -7.3864E-01 -1.4526E+00  5.1410E+00  7.5671E+00 -2.4261E+00 -1.1436E+00
  4.4000E+01  6.0000E+00  0.0000E+00  4.2380E+00  0.0000E+00  0.0000E+00  3.8438E+00  9.3116E-01  7.4826E-01  4.2380E+00  4.1649E+00  7.3081E-02  3.5175E-01
  4.4000E+01  2.4000E+01  0.0000E+00  9.9000E-01  0.0000E+00  0.0000E+00  1.0034E+00 -7.6671E-02  2.0555E-01  9.9000E-01  4.8534E-01  5.0466E-01  5.6756E-01
  4.5000E+01  0.0000E+00  3.4600E+01  0.0000E+00  1.0000E+00  1.0000E+00  9.9474E+00 -9.5300E+00  0.0000E+00  0.0000E+00  8.5269E+00  0.0000E+00  0.0000E+00
  4.5000E+01  1.0000E+00  0.0000E+00  9.2140E+00  0.0000E+00  0.0000E+00  8.8200E+00  4.2473E-01  8.4807E-01  9.2140E+00  7.5212E+00  1.6928E+00  9.4144E-01
  4.5000E+01  6.0000E+00  0.0000E+00  5.0260E+00  0.0000E+00  0.0000E+00  4.8334E+00  3.6933E-01  7.6938E-01  5.0260E+00  4.0158E+00  1.0102E+00  8.4364E-01
  4.5000E+01  4.8000E+01  0.0000E+00  5.0000E-02  0.0000E+00  0.0000E+00  3.0904E-02  1.3685E-01  1.5179E-01  5.0000E-02  2.0638E-02  2.9362E-02  1.5292E-01
  4.6000E+01  0.0000E+00  4.3050E+01  0.0000E+00  1.0000E+00  1.0000E+00  1.0401E+01 -9.5372E+00  0.0000E+00  0.0000E+00  8.5269E+00  0.0000E+00  0.0000E+00
  4.6000E+01  1.0000E+00  0.0000E+00  9.0840E+00  0.0000E+00  0.0000E+00  8.5740E+00  5.6514E-01  1.1166E+00  9.0840E+00  7.1819E+00  1.9021E+00  1.2345E+00
  4.6000E+01  6.0000E+00  0.0000E+00  3.3370E+00  0.0000E+00  0.0000E+00  3.2639E+00  1.9911E-01  1.6383E-01  3.3370E+00  3.0441E+00  2.9289E-01  1.9368E-01
  4.6000E+01  2.4000E+01  0.0000E+00  5.9000E-02  0.0000E+00  0.0000E+00  1.0087E-01 -2.9927E-01 -3.5376E-01  5.9000E-02  1.3850E-01 -7.9504E-02 -2.7800E-01
  4.6000E+01  4.8000E+01  0.0000E+00  5.0000E-02  0.0000E+00  0.0000E+00  9.7821E-04  3.5139E-01  3.5024E-01  5.0000E-02  2.2497E-03  4.7750E-02  3.5502E-01
  4.7000E+01  0.0000E+00  5.5900E+01  0.0000E+00  1.0000E+00  1.0000E+00  7.4247E+00 -9.4630E+00  0.0000E+00  0.0000E+00  8.5269E+00  0.0000E+00  0.0000E+00
  4.7000E+01  5.0000E-01  0.0000E+00  6.6400E+00  0.0000E+00  0.0000E+00  6.8193E+00 -2.4815E-01 -7.1039E-01  6.6400E+00  7.7912E+00 -1.1512E+00 -6.5998E-01
  4.7000E+01  6.0000E+00  0.0000E+00  2.6740E+00  0.0000E+00  0.0000E+00  2.6758E+00 -5.7771E-03 -2.1864E-01  2.6740E+00  2.8877E+00 -2.1375E-01 -2.0329E-01
  4.7000E+01  4.8000E+01  0.0000E+00  1.7400E-01  0.0000E+00  0.0000E+00  2.1129E-03  1.2321E+00  1.2321E+00  1.7400E-01  1.4755E-03  1.7252E-01  1.2334E+00
  4.8000E+01  0.0000E+00  3.7250E+01  0.0000E+00  1.0000E+00  1.0000E+00  1.1276E+01 -9.5489E+00  0.0000E+00  0.0000E+00  8.5269E+00  0.0000E+00  0.0000E+00
  4.8000E+01  2.0000E+00  0.0000E+00  1.0167E+01  0.0000E+00  0.0000E+00  9.2031E+00  9.9667E-01  2.0729E+00  1.0167E+01  6.4635E+00  3.7035E+00  2.7189E+00
  4.8000E+01  1.2000E+01  0.0000E+00  3.5800E+00  0.0000E+00  0.0000E+00  3.3333E+00  6.6014E-01  1.7349E+00  3.5800E+00  1.6176E+00  1.9624E+00  1.9966E+00
  4.8000E+01  2.4000E+01  0.0000E+00  9.3100E-01  0.0000E+00  0.0000E+00  9.8540E-01 -3.1430E-01  2.4674E-01  9.3100E-01  3.0685E-01  6.2415E-01  6.2341E-01
  4.8000E+01  4.8000E+01  0.0000E+00  2.7100E-01  0.0000E+00  0.0000E+00  8.6116E-02  1.3225E+00  1.4104E+00  2.7100E-01  1.1042E-02  2.5996E-01  1.6071E+00
  4.9000E+01  0.0000E+00  5.7250E+01  0.0000E+00  1.0000E+00  1.0000E+00  8.1478E+00 -9.4885E+00  0.0000E+00  0.0000E+00  8.5269E+00  0.0000E+00  0.0000E+00
  4.9000E+01  5.0000E-01  0.0000E+00  6.3260E+00  0.0000E+00  0.0000E+00  7.6385E+00 -1.6274E+00 -1.6172E+00  6.3260E+00  7.7278E+00 -1.4018E+00 -1.4639E+00
  4.9000E+01  1.0000E+00  0.0000E+00  8.1220E+00  0.0000E+00  0.0000E+00  7.1610E+00  1.2685E+00  1.3876E+00  8.1220E+00  7.0035E+00  1.1185E+00  1.4603E+00
  4.9000E+01  6.0000E+00  0.0000E+00  4.0050E+00  0.0000E+00  0.0000E+00  3.7551E+00  6.0263E-01  1.3615E+00  4.0050E+00  2.6177E+00  1.3873E+00  1.3160E+00
  4.9000E+01  4.8000E+01  0.0000E+00  5.0000E-02  0.0000E+00  0.0000E+00  1.6584E-02  2.3951E-01  2.6565E-01  5.0000E-02  6.7272E-04  4.9327E-02  3.3462E-01
  5.0000E+01  0.0000E+00  6.1400E+01  0.0000E+00  1.0000E+00  1.0000E+00  7.7084E+00 -9.4738E+00  0.0000E+00  0.0000E+00  8.5269E+00  0.0000E+00  0.0000E+00
  5.0000E+01  5.0000E-01  0.0000E+00  7.1340E+00  0.0000E+00  0.0000E+00  7.2655E+00 -1.7112E-01 -5.2994E-01  7.1340E+00  7.6898E+00 -5.5581E-01 -3.3231E-01
  5.0000E+01  6.0000E+00  0.0000E+00  4.0740E+00  0.0000E+00  0.0000E+00  3.7896E+00  6.8034E-01  1.6327E+00  4.0740E+00  2.4676E+00  1.6064E+00  1.7346E+00
  5.0000E+01  4.8000E+01  0.0000E+00  2.6200E-01  0.0000E+00  0.0000E+00  2.6303E-02  1.6892E+00  1.7942E+00  2.6200E-01  4.1941E-04  2.6158E-01  1.8608E+00
  5.1000E+01  0.0000E+00  6.8450E+01  0.0000E+00  1.0000E+00  1.0000E+00  1.0542E+01 -9.5393E+00  0.0000E+00  0.0000E+00  8.5269E+00  0.0000E+00  0.0000E+00
  5.1000E+01  5.0000E-01  0.0000E+00  9.7270E+00  0.0000E+00  0.0000E+00  9.2554E+00  4.8492E-01  9.4938E-01  9.7270E+00  7.7061E+00  2.0209E+00  1.0646E+00
  5.1000E+01  1.0000E+00  0.0000E+00  8.2790E+00  0.0000E+00  0.0000E+00  8.1260E+00  1.7867E-01  4.5829E-01  8.2790E+00  6.9643E+00  1.3147E+00  4.9352E-01
  5.1000E+01  1.2000E+01  0.0000E+00  4.5100E-01  0.0000E+00  0.0000E+00  4.6393E-01 -8.7570E-02 -4.1378E-01  4.5100E-01  7.5135E-01 -3.0035E-01 -3.3282E-01
  5.1000E+01  4.8000E+01  0.0000E+00  5.0000E-02  0.0000E+00  0.0000E+00  3.9542E-05  3.5812E-01  3.5800E-01  5.0000E-02  5.1404E-04  4.9486E-02  3.6205E-01
  5.2000E+01  0.0000E+00  4.1300E+01  0.0000E+00  1.0000E+00  1.0000E+00  6.0502E+00 -9.3882E+00  0.0000E+00  0.0000E+00  8.5269E+00  0.0000E+00  0.0000E+00
  5.2000E+01  1.0000E+00  0.0000E+00  5.0160E+00  0.0000E+00  0.0000E+00  5.4879E+00 -8.0328E-01 -1.7755E+00  5.0160E+00  7.4060E+00 -2.3900E+00 -1.4915E+00
  5.2000E+01  1.2000E+01  0.0000E+00  1.9080E+00  0.0000E+00  0.0000E+00  1.8769E+00  1.2953E-01  2.9054E-01  1.9080E+00  1.5714E+00  3.3663E-01  3.3328E-01
  5.2000E+01  4.8000E+01  0.0000E+00  1.0500E-01  0.0000E+00  0.0000E+00  5.6038E-02  3.5066E-01  4.1643E-01  1.0500E-01  9.8342E-03  9.5166E-02  5.7641E-01
  5.3000E+01  0.0000E+00  3.3800E+01  0.0000E+00  1.0000E+00  1.0000E+00  9.6643E+00 -9.5249E+00  0.0000E+00  0.0000E+00  8.5269E+00  0.0000E+00  0.0000E+00
  5.3000E+01  5.0000E-01  0.0000E+00  9.3050E+00  0.0000E+00  0.0000E+00  8.9789E+00  3.4537E-01  6.1033E-01  9.3050E+00  7.9658E+00  1.3392E+00  6.5609E-01
  5.3000E+01  2.0000E+00  0.0000E+00  7.3500E+00  0.0000E+00  0.0000E+00  7.2009E+00  1.9573E-01  3.8436E-01  7.3500E+00  6.4946E+00  8.5544E-01  4.0181E-01
  5.3000E+01  2.4000E+01  0.0000E+00  2.8900E-01  0.0000E+00  0.0000E+00  2.8299E-01  4.2163E-02  3.8638E-02  2.8900E-01  3.2500E-01 -3.5999E-02  5.6883E-02
  5.4000E+01  0.0000E+00  6.4100E+01  0.0000E+00  1.0000E+00  1.0000E+00  8.4612E+00 -9.4976E+00  0.0000E+00  0.0000E+00  8.5269E+00  0.0000E+00  0.0000E+00
  5.4000E+01  1.0000E+00  0.0000E+00  6.9640E+00  0.0000E+00  0.0000E+00  7.0402E+00 -1.0226E-01 -1.5741E-01  6.9640E+00  7.0313E+00 -6.7341E-02 -1.5353E-01
  5.4000E+01  2.0000E+00  0.0000E+00  6.0640E+00  0.0000E+00  0.0000E+00  5.8579E+00  3.2987E-01  3.1594E-01  6.0640E+00  5.7981E+00  2.6593E-01  3.1527E-01
  5.4000E+01  4.8000E+01  0.0000E+00  5.0000E-02  0.0000E+00  0.0000E+00  1.2438E-03  3.4949E-01  3.5033E-01  5.0000E-02  8.1392E-04  4.9186E-02  3.5055E-01
  5.5000E+01  0.0000E+00  5.5000E+01  0.0000E+00  1.0000E+00  1.0000E+00  7.8978E+00 -9.4804E+00  0.0000E+00  0.0000E+00  8.5269E+00  0.0000E+00  0.0000E+00
  5.5000E+01  2.0000E+00  0.0000E+00  5.4460E+00  0.0000E+00  0.0000E+00  5.5947E+00 -2.4851E-01 -6.0573E-01  5.4460E+00  6.1515E+00 -7.0547E-01 -5.6790E-01
  5.5000E+01  2.4000E+01  0.0000E+00  1.0600E-01  0.0000E+00  0.0000E+00  1.2610E-01 -1.4344E-01 -2.3663E-01  1.0600E-01  1.6944E-01 -6.3445E-02 -2.3148E-01
  5.5000E+01  4.8000E+01  0.0000E+00  5.0000E-02  0.0000E+00  0.0000E+00  2.0133E-03  3.4397E-01  3.4113E-01  5.0000E-02  3.3672E-03  4.6633E-02  3.4155E-01
  5.6000E+01  0.0000E+00  5.9850E+01  0.0000E+00  1.0000E+00  1.0000E+00  8.9417E+00 -9.5098E+00  0.0000E+00  0.0000E+00  8.5269E+00  0.0000E+00  0.0000E+00
  5.6000E+01  5.0000E-01  0.0000E+00  8.0090E+00  0.0000E+00  0.0000E+00  8.1478E+00 -1.6164E-01 -4.5986E-02  8.0090E+00  7.7097E+00  2.9931E-01 -3.9303E-02
  5.6000E+01  2.0000E+00  0.0000E+00  6.5740E+00  0.0000E+00  0.0000E+00  6.1646E+00  6.2398E-01  7.7589E-01  6.5740E+00  5.6986E+00  8.7537E-01  8.1733E-01
  5.6000E+01  6.0000E+00  0.0000E+00  2.9560E+00  0.0000E+00  0.0000E+00  2.9301E+00  7.7255E-02  2.2822E-01  2.9560E+00  2.5452E+00  4.1078E-01  2.1832E-01
  5.6000E+01  4.8000E+01  0.0000E+00  5.0000E-02  0.0000E+00  0.0000E+00  1.1889E-03  3.4988E-01  3.5028E-01  5.0000E-02  5.3735E-04  4.9463E-02  3.5132E-01
  5.7000E+01  0.0000E+00  6.3250E+01  0.0000E+00  1.0000E+00  1.0000E+00  6.5449E+00 -9.4204E+00  0.0000E+00  0.0000E+00  8.5269E+00  0.0000E+00  0.0000E+00
  5.7000E+01  5.0000E-01  0.0000E+00  5.1100E+00  0.0000E+00  0.0000E+00  5.8657E+00 -1.2078E+00 -1.8373E+00  5.1100E+00  7.7919E+00 -2.6819E+00 -1.4872E+00
  5.7000E+01  2.0000E+00  0.0000E+00  4.1330E+00  0.0000E+00  0.0000E+00  4.2227E+00 -1.9462E-01 -1.0210E+00  4.1330E+00  5.9455E+00 -1.8125E+00 -8.5417E-01
  5.7000E+01  6.0000E+00  0.0000E+00  1.9550E+00  0.0000E+00  0.0000E+00  1.7578E+00  8.5774E-01 -1.1979E-01  1.9550E+00  2.8905E+00 -9.3553E-01 -1.6472E-01
  5.7000E+01  1.2000E+01  0.0000E+00  2.5900E-01  0.0000E+00  0.0000E+00  4.7209E-01 -1.4408E+00 -2.0177E+00  2.5900E-01  9.7986E-01 -7.2086E-01 -1.4877E+00
  5.8000E+01  0.0000E+00  6.1400E+01  0.0000E+00  1.0000E+00  1.0000E+00  9.8957E+00 -9.5291E+00  0.0000E+00  0.0000E+00  8.5269E+00  0.0000E+00  0.0000E+00
  5.8000E+01  5.0000E-01  0.0000E+00  9.3550E+00  0.0000E+00  0.0000E+00  8.7390E+00  6.6999E-01  8.3590E-01  9.3550E+00  7.8091E+00  1.5459E+00  9.8703E-01
  5.8000E+01  6.0000E+00  0.0000E+00  1.9730E+00  0.0000E+00  0.0000E+00  2.2264E+00 -9.3755E-01 -1.3675E+00  1.9730E+00  2.9680E+00 -9.9498E-01 -1.4866E+00
  5.8000E+01  1.2000E+01  0.0000E+00  6.2800E-01  0.0000E+00  0.0000E+00  5.0092E-01  8.5336E-01  6.8144E-01  6.2800E-01  1.0331E+00 -4.0507E-01  5.6153E-01
  5.9000E+01  0.0000E+00  5.1350E+01  0.0000E+00  1.0000E+00  1.0000E+00  8.3432E+00 -9.4943E+00  0.0000E+00  0.0000E+00  8.5269E+00  0.0000E+00  0.0000E+00
  5.9000E+01  1.0000E+00  0.0000E+00  6.8760E+00  0.0000E+00  0.0000E+00  6.7195E+00  2.1970E-01  2.9128E-02  6.8760E+00  7.0542E+00 -1.7821E-01  3.8711E-02
  5.9000E+01  2.0000E+00  0.0000E+00  5.2920E+00  0.0000E+00  0.0000E+00  5.4117E+00 -2.0648E-01 -4.7942E-01  5.2920E+00  5.8359E+00 -5.4385E-01 -4.4805E-01
  5.9000E+01  6.0000E+00  0.0000E+00  2.2770E+00  0.0000E+00  0.0000E+00  2.2769E+00  4.3178E-04 -3.7978E-01  2.2770E+00  2.7336E+00 -4.5655E-01 -3.8825E-01
  5.9000E+01  4.8000E+01  0.0000E+00  6.4000E-02  0.0000E+00  0.0000E+00  2.5668E-04  4.5692E-01  4.5657E-01  6.4000E-02  9.5120E-04  6.3049E-02  4.5859E-01
  6.0000E+01  0.0000E+00  8.0650E+01  0.0000E+00  1.0000E+00  1.0000E+00  7.9729E+00 -9.4829E+00  0.0000E+00  0.0000E+00  8.5269E+00  0.0000E+00  0.0000E+00
  6.0000E+01  5.0000E-01  0.0000E+00  7.2060E+00  0.0000E+00  0.0000E+00  7.1889E+00  2.2498E-02 -3.1127E-01  7.2060E+00  7.7437E+00 -5.3772E-01 -2.9191E-01
  6.0000E+01  6.0000E+00  0.0000E+00  2.2030E+00  0.0000E+00  0.0000E+00  2.3022E+00 -3.5788E-01 -6.4863E-01  2.2030E+00  2.6834E+00 -4.8035E-01 -6.1052E-01
  6.0000E+01  1.2000E+01  0.0000E+00  7.1300E-01  0.0000E+00  0.0000E+00  6.6474E-01  3.0995E-01  1.8293E-01  7.1300E-01  8.4443E-01 -1.3143E-01  1.4270E-01
  6.1000E+01  0.0000E+00  1.5770E+02  0.0000E+00  1.0000E+00  1.0000E+00  7.1066E+00 -9.4493E+00  0.0000E+00  0.0000E+00  8.5269E+00  0.0000E+00  0.0000E+00
  6.1000E+01  5.0000E-01  0.0000E+00  6.4380E+00  0.0000E+00  0.0000E+00  6.4107E+00  4.0148E-02 -3.4199E-01  6.4380E+00  7.8312E+00 -1.3932E+00 -3.0996E-01
  6.1000E+01  1.0000E+00  0.0000E+00  4.6430E+00  0.0000E+00  0.0000E+00  5.7829E+00 -1.8464E+00 -2.3056E+00  4.6430E+00  7.1922E+00 -2.5492E+00 -1.8829E+00
  6.1000E+01  2.0000E+00  0.0000E+00  5.2720E+00  0.0000E+00  0.0000E+00  4.7057E+00  1.1129E+00  5.2594E-01  5.2720E+00  6.0663E+00 -7.9433E-01  3.4826E-01
  6.1000E+01  8.0000E+00  0.0000E+00  1.2650E+00  0.0000E+00  0.0000E+00  1.3662E+00 -5.0830E-01 -1.2275E+00  1.2650E+00  2.1844E+00 -9.1937E-01 -1.0232E+00
  6.1000E+01  1.2000E+01  0.0000E+00  6.1400E-01  0.0000E+00  0.0000E+00  5.9903E-01  9.8008E-02 -4.0537E-01  6.1400E-01  1.1056E+00 -4.9159E-01 -3.7449E-01
  6.1000E+01  2.4000E+01  0.0000E+00  5.0000E-02  0.0000E+00  0.0000E+00  5.0493E-02 -3.5305E-03 -9.0478E-02  5.0000E-02  1.4335E-01 -9.3349E-02 -2.9039E-02
  6.2000E+01  0.0000E+00  1.4005E+02  0.0000E+00  1.0000E+00  1.0000E+00  7.3402E+00 -9.4595E+00  0.0000E+00  0.0000E+00  8.5269E+00  0.0000E+00  0.0000E+00
  6.2000E+01  5.0000E-01  0.0000E+00  5.8360E+00  0.0000E+00  0.0000E+00  6.8840E+00 -1.4370E+00 -1.5708E+00  5.8360E+00  7.8116E+00 -1.9756E+00 -1.3024E+00
  6.2000E+01  1.0000E+00  0.0000E+00  7.1220E+00  0.0000E+00  0.0000E+00  6.4562E+00  9.7099E-01  8.9201E-01  7.1220E+00  7.1563E+00 -3.4253E-02  8.2980E-01
  6.2000E+01  2.0000E+00  0.0000E+00  5.0940E+00  0.0000E+00  0.0000E+00  5.6786E+00 -9.6341E-01 -9.5130E-01  5.0940E+00  6.0059E+00 -9.1191E-01 -9.2974E-01
  6.2000E+01  8.0000E+00  0.0000E+00  3.1000E+00  0.0000E+00  0.0000E+00  2.6292E+00  1.5338E+00  1.7130E+00  3.1000E+00  2.0986E+00  1.0014E+00  1.5247E+00
  6.2000E+01  1.2000E+01  0.0000E+00  1.6160E+00  0.0000E+00  0.0000E+00  1.5736E+00  1.9737E-01  3.2158E-01  1.6160E+00  1.0411E+00  5.7486E-01  1.1249E-01
  6.2000E+01  2.4000E+01  0.0000E+00  9.2000E-02  0.0000E+00  0.0000E+00  3.3733E-01 -1.7055E+00 -1.6886E+00  9.2000E-02  1.2712E-01 -3.5124E-02 -1.3990E+00
  6.3000E+01  0.0000E+00  1.6820E+02  0.0000E+00  1.0000E+00  1.0000E+00  7.1997E+00 -9.4535E+00  0.0000E+00  0.0000E+00  8.5269E+00  0.0000E+00  0.0000E+00
  6.3000E+01  5.0000E-01  0.0000E+00  6.5030E+00  0.0000E+00  0.0000E+00  6.5626E+00 -8.5577E-02 -5.6019E-01  6.5030E+00  7.8419E+00 -1.3389E+00 -5.0116E-01
  6.3000E+01  1.0000E+00  0.0000E+00  5.7670E+00  0.0000E+00  0.0000E+00  5.9819E+00 -3.3714E-01 -8.3561E-01  5.7670E+00  7.2118E+00 -1.4448E+00 -7.2941E-01
  6.3000E+01  2.0000E+00  0.0000E+00  5.0430E+00  0.0000E+00  0.0000E+00  4.9702E+00  1.3605E-01 -3.9877E-01  5.0430E+00  6.0996E+00 -1.0566E+00 -3.7481E-01
  6.3000E+01  8.0000E+00  0.0000E+00  1.5890E+00  0.0000E+00  0.0000E+00  1.6351E+00 -2.0965E-01 -6.9922E-01  1.5890E+00  2.2326E+00 -6.4364E-01 -6.1779E-01
  6.3000E+01  1.2000E+01  0.0000E+00  8.0600E-01  0.0000E+00  0.0000E+00  7.7923E-01  1.6594E-01 -1.7359E-01  8.0600E-01  1.1424E+00 -3.3643E-01 -1.7182E-01
  6.3000E+01  2.4000E+01  0.0000E+00  5.0000E-02  0.0000E+00  0.0000E+00  8.4337E-02 -2.4565E-01 -3.1164E-01  5.0000E-02  1.5306E-01 -1.0306E-01 -2.8493E-01
  6.4000E+01  0.0000E+00  1.1160E+02  0.0000E+00  1.0000E+00  1.0000E+00  7.4007E+00 -9.4620E+00  0.0000E+00  0.0000E+00  8.5269E+00  0.0000E+00  0.0000E+00
  6.4000E+01  5.0000E-01  0.0000E+00  6.5540E+00  0.0000E+00  0.0000E+00  6.6645E+00 -1.5629E-01 -5.0587E-01  6.5540E+00  7.7719E+00 -1.2179E+00 -4.6071E-01
  6.4000E+01  1.0000E+00  0.0000E+00  5.5660E+00  0.0000E+00  0.0000E+00  6.0015E+00 -6.8098E-01 -1.0828E+00  5.5660E+00  7.0838E+00 -1.5178E+00 -9.4336E-01
  6.4000E+01  2.0000E+00  0.0000E+00  5.0690E+00  0.0000E+00  0.0000E+00  4.8668E+00  3.8517E-01 -1.0421E-01  5.0690E+00  5.8849E+00 -8.1592E-01 -1.2352E-01
  6.4000E+01  8.0000E+00  0.0000E+00  1.4970E+00  0.0000E+00  0.0000E+00  1.3840E+00  5.6356E-01 -1.1217E-04  1.4970E+00  1.9346E+00 -4.3757E-01 -2.3576E-02
  6.4000E+01  1.2000E+01  0.0000E+00  4.6500E-01  0.0000E+00  0.0000E+00  5.9853E-01 -8.7410E-01 -1.2551E+00  4.6500E-01  9.2147E-01 -4.5647E-01 -1.0528E+00
  6.4000E+01  2.4000E+01  0.0000E+00  5.0000E-02  0.0000E+00  0.0000E+00  4.8406E-02  1.1421E-02 -4.8863E-02  5.0000E-02  9.9579E-02 -4.9579E-02 -3.2890E-03
  6.5000E+01  0.0000E+00  8.2100E+01  0.0000E+00  1.0000E+00  1.0000E+00  8.6197E+00 -9.5018E+00  0.0000E+00  0.0000E+00  8.5269E+00  0.0000E+00  0.0000E+00
  6.5000E+01  5.0000E-01  0.0000E+00  7.0140E+00  0.0000E+00  0.0000E+00  7.8442E+00 -1.0032E+00 -9.2811E-01  7.0140E+00  7.7257E+00 -7.1167E-01 -9.2293E-01
  6.5000E+01  1.0000E+00  0.0000E+00  7.3270E+00  0.0000E+00  0.0000E+00  7.1385E+00  2.4959E-01  3.1845E-01  7.3270E+00  6.9997E+00  3.2729E-01  3.1930E-01
  6.5000E+01  2.0000E+00  0.0000E+00  6.6520E+00  0.0000E+00  0.0000E+00  5.9118E+00  1.1742E+00  1.2265E+00  6.6520E+00  5.7460E+00  9.0597E-01  1.2369E+00
  6.5000E+01  8.0000E+00  0.0000E+00  1.8060E+00  0.0000E+00  0.0000E+00  1.9072E+00 -4.1736E-01 -4.7145E-01  1.8060E+00  1.7583E+00  4.7698E-02 -4.9442E-01
  6.5000E+01  1.2000E+01  0.0000E+00  9.5800E-01  0.0000E+00  0.0000E+00  8.9712E-01  3.6278E-01  2.9625E-01  9.5800E-01  7.9844E-01  1.5956E-01  2.9588E-01
  6.5000E+01  2.4000E+01  0.0000E+00  5.0000E-02  0.0000E+00  0.0000E+00  9.3370E-02 -3.1013E-01 -3.2781E-01  5.0000E-02  7.4764E-02 -2.4764E-02 -3.2071E-01
  6.6000E+01  0.0000E+00  1.4105E+02  0.0000E+00  1.0000E+00  1.0000E+00  8.1672E+00 -9.4891E+00  0.0000E+00  0.0000E+00  8.5269E+00  0.0000E+00  0.0000E+00
  6.6000E+01  5.0000E-01  0.0000E+00  7.3200E+00  0.0000E+00  0.0000E+00  7.5512E+00 -2.8993E-01 -3.9599E-01  7.3200E+00  7.8124E+00 -4.9242E-01 -3.7633E-01
  6.6000E+01  1.0000E+00  0.0000E+00  6.4370E+00  0.0000E+00  0.0000E+00  6.9817E+00 -7.3678E-01 -8.0364E-01  6.4370E+00  7.1578E+00 -7.2079E-01 -7.7324E-01
  6.6000E+01  2.0000E+00  0.0000E+00  6.9170E+00  0.0000E+00  0.0000E+00  5.9683E+00  1.4914E+00  1.4957E+00  6.9170E+00  6.0085E+00  9.0851E-01  1.4639E+00
  6.6000E+01  8.0000E+00  0.0000E+00  1.8510E+00  0.0000E+00  0.0000E+00  2.3290E+00 -1.7103E+00 -1.4523E+00  1.8510E+00  2.1022E+00 -2.5124E-01 -1.5206E+00
  6.6000E+01  1.2000E+01  0.0000E+00  1.5170E+00  0.0000E+00  0.0000E+00  1.2437E+00  1.4364E+00  1.7235E+00  1.5170E+00  1.0438E+00  4.7317E-01  1.8030E+00
  6.6000E+01  2.4000E+01  0.0000E+00  5.0000E-02  0.0000E+00  0.0000E+00  1.8940E-01 -9.8944E-01 -8.7566E-01  5.0000E-02  1.2778E-01 -7.7780E-02 -8.5224E-01
  6.7000E+01  0.0000E+00  1.5395E+02  0.0000E+00  1.0000E+00  1.0000E+00  7.6161E+00 -9.4704E+00  0.0000E+00  0.0000E+00  8.5269E+00  0.0000E+00  0.0000E+00
  6.7000E+01  5.0000E-01  0.0000E+00  6.1200E+00  0.0000E+00  0.0000E+00  6.7102E+00 -8.2944E-01 -1.0886E+00  6.1200E+00  7.8272E+00 -1.7072E+00 -8.8336E-01
  6.7000E+01  1.0000E+00  0.0000E+00  5.6100E+00  0.0000E+00  0.0000E+00  5.9121E+00 -4.7919E-01 -9.6378E-01  5.6100E+00  7.1849E+00 -1.5749E+00 -7.6262E-01
  6.7000E+01  2.0000E+00  0.0000E+00  5.0390E+00  0.0000E+00  0.0000E+00  4.5893E+00  9.0440E-01  5.3791E-02  5.0390E+00  6.0541E+00 -1.0151E+00  2.2191E-03
  6.7000E+01  8.0000E+00  0.0000E+00  9.2600E-01  0.0000E+00  0.0000E+00  1.0041E+00 -4.4832E-01 -1.5778E+00  9.2600E-01  2.1668E+00 -1.2408E+00 -1.3272E+00
  6.7000E+01  1.2000E+01  0.0000E+00  3.2200E-01  0.0000E+00  0.0000E+00  3.6460E-01 -2.9465E-01 -9.4630E-01  3.2200E-01  1.0923E+00 -7.7028E-01 -7.3163E-01
  6.7000E+01  2.4000E+01  0.0000E+00  5.0000E-02  0.0000E+00  0.0000E+00  1.7454E-02  2.3328E-01  1.6967E-01  5.0000E-02  1.3992E-01 -8.9917E-02  4.2972E-01
  6.8000E+01  0.0000E+00  1.4460E+02  0.0000E+00  1.0000E+00  1.0000E+00  1.0632E+01 -9.5406E+00  0.0000E+00  0.0000E+00  8.5269E+00  0.0000E+00  0.0000E+00
  6.8000E+01  5.0000E-01  0.0000E+00  1.0564E+01  0.0000E+00  0.0000E+00  9.6768E+00  8.7328E-01  1.3278E+00  1.0564E+01  7.8168E+00  2.7472E+00  1.5386E+00
  6.8000E+01  1.0000E+00  0.0000E+00  8.8090E+00  0.0000E+00  0.0000E+00  8.8075E+00  1.5676E-03  4.1765E-01  8.8090E+00  7.1658E+00  1.6432E+00  4.3936E-01
  6.8000E+01  2.0000E+00  0.0000E+00  7.2370E+00  0.0000E+00  0.0000E+00  7.2963E+00 -7.6817E-02  2.7233E-01  7.2370E+00  6.0220E+00  1.2150E+00  2.6966E-01
  6.8000E+01  8.0000E+00  0.0000E+00  2.3880E+00  0.0000E+00  0.0000E+00  2.3582E+00  1.0578E-01  2.2161E-01  2.3880E+00  2.1212E+00  2.6678E-01  2.4359E-01
  6.8000E+01  1.2000E+01  0.0000E+00  1.1660E+00  0.0000E+00  0.0000E+00  1.1106E+00  3.0594E-01  3.5235E-01  1.1660E+00  1.0580E+00  1.0801E-01  4.0174E-01
  6.8000E+01  2.4000E+01  0.0000E+00  5.0000E-02  0.0000E+00  0.0000E+00  1.1601E-01 -4.7142E-01 -4.6705E-01  5.0000E-02  1.3127E-01 -8.1271E-02 -4.2035E-01
  6.9000E+01  0.0000E+00  7.1400E+01  0.0000E+00  1.0000E+00  1.0000E+00  7.3176E+00 -9.4586E+00  0.0000E+00  0.0000E+00  8.5269E+00  0.0000E+00  0.0000E+00
  6.9000E+01  5.0000E-01  0.0000E+00  6.1100E+00  0.0000E+00  0.0000E+00  6.6960E+00 -8.2515E-01 -1.2711E+00  6.1100E+00  7.6931E+00 -1.5831E+00 -1.1372E+00
  6.9000E+01  1.0000E+00  0.0000E+00  7.0070E+00  0.0000E+00  0.0000E+00  6.1272E+00  1.3489E+00  9.7831E-01  7.0070E+00  6.9409E+00  6.6145E-02  8.2326E-01
  6.9000E+01  2.0000E+00  0.0000E+00  4.8820E+00  0.0000E+00  0.0000E+00  5.1304E+00 -4.5051E-01 -6.8501E-01  4.8820E+00  5.6498E+00 -7.6780E-01 -6.2975E-01
  6.9000E+01  8.0000E+00  0.0000E+00  1.5130E+00  0.0000E+00  0.0000E+00  1.7681E+00 -1.1054E+00 -8.9868E-01  1.5130E+00  1.6434E+00 -1.3045E-01 -8.3360E-01
  6.9000E+01  1.2000E+01  0.0000E+00  9.7900E-01  0.0000E+00  0.0000E+00  8.6913E-01  6.6096E-01  8.9589E-01  9.7900E-01  7.2150E-01  2.5750E-01  1.0414E+00
  6.9000E+01  2.4000E+01  0.0000E+00  3.1700E-01  0.0000E+00  0.0000E+00  1.0323E-01  1.5278E+00  1.6017E+00  3.1700E-01  6.1050E-02  2.5595E-01  1.6659E+00
  7.0000E+01  0.0000E+00  1.5725E+02  0.0000E+00  1.0000E+00  1.0000E+00  8.4138E+00 -9.4963E+00  0.0000E+00  0.0000E+00  8.5269E+00  0.0000E+00  0.0000E+00
  7.0000E+01  5.0000E-01  0.0000E+00  8.2350E+00  0.0000E+00  0.0000E+00  7.7866E+00  5.4569E-01  4.2278E-01  8.2350E+00  7.8306E+00  4.0437E-01  4.1405E-01
  7.0000E+01  1.0000E+00  0.0000E+00  6.7730E+00  0.0000E+00  0.0000E+00  7.2062E+00 -5.6833E-01 -6.5446E-01  6.7730E+00  7.1912E+00 -4.1819E-01 -6.4378E-01
  7.0000E+01  2.0000E+00  0.0000E+00  6.5400E+00  0.0000E+00  0.0000E+00  6.1719E+00  5.6036E-01  5.4081E-01  6.5400E+00  6.0647E+00  4.7530E-01  5.4586E-01
  7.0000E+01  8.0000E+00  0.0000E+00  2.2320E+00  0.0000E+00  0.0000E+00  2.4362E+00 -7.0609E-01 -5.0690E-01  2.2320E+00  2.1820E+00  4.9975E-02 -5.2379E-01
  7.0000E+01  1.2000E+01  0.0000E+00  1.4260E+00  0.0000E+00  0.0000E+00  1.3109E+00  5.8998E-01  8.0277E-01  1.4260E+00  1.1038E+00  3.2219E-01  8.6402E-01
  7.0000E+01  2.4000E+01  0.0000E+00  2.3900E-01  0.0000E+00  0.0000E+00  2.0425E-01  2.4625E-01  3.3290E-01  2.3900E-01  1.4289E-01  9.6112E-02  3.7001E-01
  7.1000E+01  0.0000E+00  7.8100E+01  0.0000E+00  1.0000E+00  1.0000E+00  8.1401E+00 -9.4882E+00  0.0000E+00  0.0000E+00  8.5269E+00  0.0000E+00  0.0000E+00
  7.1000E+01  5.0000E-01  0.0000E+00  6.9270E+00  0.0000E+00  0.0000E+00  7.4369E+00 -6.4882E-01 -7.6728E-01  6.9270E+00  7.7066E+00 -7.7963E-01 -7.2292E-01
  7.1000E+01  1.0000E+00  0.0000E+00  7.2280E+00  0.0000E+00  0.0000E+00  6.7944E+00  6.0209E-01  5.1593E-01  7.2280E+00  6.9652E+00  2.6276E-01  4.9848E-01
  7.1000E+01  2.0000E+00  0.0000E+00  5.7900E+00  0.0000E+00  0.0000E+00  5.6711E+00  1.9617E-01  1.6223E-01  5.7900E+00  5.6896E+00  1.0043E-01  1.5159E-01
  7.1000E+01  8.0000E+00  0.0000E+00  1.9480E+00  0.0000E+00  0.0000E+00  1.9177E+00  1.2450E-01  1.7654E-01  1.9480E+00  1.6902E+00  2.5779E-01  1.4752E-01
  7.1000E+01  1.2000E+01  0.0000E+00  9.5600E-01  0.0000E+00  0.0000E+00  9.3080E-01  1.4842E-01  1.8515E-01  9.5600E-01  7.5251E-01  2.0349E-01  2.0035E-01
  7.1000E+01  2.4000E+01  0.0000E+00  5.0000E-02  0.0000E+00  0.0000E+00  1.0643E-01 -4.0326E-01 -3.9212E-01  5.0000E-02  6.6411E-02 -1.6411E-02 -3.5585E-01
  7.2000E+01  0.0000E+00  7.5550E+01  0.0000E+00  1.0000E+00  1.0000E+00  1.0122E+01 -9.5329E+00  0.0000E+00  0.0000E+00  8.5269E+00  0.0000E+00  0.0000E+00
  7.2000E+01  5.0000E-01  0.0000E+00  1.0068E+01  0.0000E+00  0.0000E+00  9.2555E+00  8.3543E-01  1.2134E+00  1.0068E+01  7.7085E+00  2.3595E+00  1.4056E+00
  7.2000E+01  1.0000E+00  0.0000E+00  8.3700E+00  0.0000E+00  0.0000E+00  8.4632E+00 -1.0456E-01  3.0238E-01  8.3700E+00  6.9686E+00  1.4014E+00  3.2948E-01
  7.2000E+01  2.0000E+00  0.0000E+00  6.9580E+00  0.0000E+00  0.0000E+00  7.0762E+00 -1.5779E-01  2.9389E-01  6.9580E+00  5.6951E+00  1.2629E+00  3.0462E-01
  7.2000E+01  8.0000E+00  0.0000E+00  2.6920E+00  0.0000E+00  0.0000E+00  2.4176E+00  9.5420E-01  1.3820E+00  2.6920E+00  1.6968E+00  9.9522E-01  1.5951E+00
  7.2000E+01  1.2000E+01  0.0000E+00  1.0680E+00  0.0000E+00  0.0000E+00  1.1816E+00 -6.1085E-01 -3.1105E-01  1.0680E+00  7.5691E-01  3.1109E-01 -3.7517E-01
  7.2000E+01  2.4000E+01  0.0000E+00  1.9600E-01  0.0000E+00  0.0000E+00  1.3792E-01  4.1411E-01  4.8211E-01  1.9600E-01  6.7188E-02  1.2881E-01  5.2611E-01
  7.3000E+01  0.0000E+00  1.1840E+02  0.0000E+00  1.0000E+00  1.0000E+00  8.0369E+00 -9.4850E+00  0.0000E+00  0.0000E+00  8.5269E+00  0.0000E+00  0.0000E+00
  7.3000E+01  5.0000E-01  0.0000E+00  6.3830E+00  0.0000E+00  0.0000E+00  7.5274E+00 -1.4393E+00 -1.4969E+00  6.3830E+00  7.7821E+00 -1.3991E+00 -1.3465E+00
  7.3000E+01  1.0000E+00  0.0000E+00  7.5270E+00  0.0000E+00  0.0000E+00  7.0502E+00  6.3891E-01  6.4967E-01  7.5270E+00  7.1023E+00  4.2474E-01  6.8056E-01
  7.3000E+01  2.0000E+00  0.0000E+00  6.7450E+00  0.0000E+00  0.0000E+00  6.1846E+00  8.5159E-01  9.7982E-01  6.7450E+00  5.9156E+00  8.2937E-01  9.7528E-01
  7.3000E+01  8.0000E+00  0.0000E+00  2.8110E+00  0.0000E+00  0.0000E+00  2.8182E+00 -2.2152E-02  3.8853E-01  2.8110E+00  1.9753E+00  8.3573E-01  1.3798E-01
  7.3000E+01  1.2000E+01  0.0000E+00  1.7820E+00  0.0000E+00  0.0000E+00  1.6688E+00  5.0828E-01  8.7785E-01  1.7820E+00  9.5070E-01  8.3130E-01  1.0482E+00
  7.3000E+01  2.4000E+01  0.0000E+00  2.9800E-01  0.0000E+00  0.0000E+00  3.4652E-01 -3.3676E-01 -1.9453E-01  2.9800E-01  1.0600E-01  1.9200E-01  2.5404E-01
  7.4000E+01  0.0000E+00  1.6160E+02  0.0000E+00  1.0000E+00  1.0000E+00  8.3196E+00 -9.4936E+00  0.0000E+00  0.0000E+00  8.5269E+00  0.0000E+00  0.0000E+00
  7.4000E+01  5.0000E-01  0.0000E+00  8.4180E+00  0.0000E+00  0.0000E+00  7.8577E+00  6.7593E-01  5.9422E-01  8.4180E+00  7.8352E+00  5.8276E-01  6.9683E-01
  7.4000E+01  1.0000E+00  0.0000E+00  6.9410E+00  0.0000E+00  0.0000E+00  7.4214E+00 -6.1259E-01 -6.1433E-01  6.9410E+00  7.1997E+00 -2.5866E-01 -5.4213E-01
  7.4000E+01  2.0000E+00  0.0000E+00  6.6180E+00  0.0000E+00  0.0000E+00  6.6203E+00 -3.2126E-03  1.3758E-01  6.6180E+00  6.0790E+00  5.3901E-01  1.4912E-01
  7.4000E+01  8.0000E+00  0.0000E+00  3.5100E+00  0.0000E+00  0.0000E+00  3.3358E+00  4.6601E-01  1.0479E+00  3.5100E+00  2.2027E+00  1.3073E+00  9.6120E-01
  7.4000E+01  1.2000E+01  0.0000E+00  2.2170E+00  0.0000E+00  0.0000E+00  2.1122E+00  4.0262E-01  1.0087E+00  2.2170E+00  1.1195E+00  1.0975E+00  1.1882E+00
  7.4000E+01  2.4000E+01  0.0000E+00  5.1700E-01  0.0000E+00  0.0000E+00  5.3627E-01 -1.2825E-01  2.0478E-01  5.1700E-01  1.4698E-01  3.7002E-01  8.8384E-01
  7.5000E+01  0.0000E+00  1.5120E+02  0.0000E+00  1.0000E+00  1.0000E+00  6.3238E+00 -9.4069E+00  0.0000E+00  0.0000E+00  8.5269E+00  0.0000E+00  0.0000E+00
  7.5000E+01  5.0000E-01  0.0000E+00  6.3290E+00  0.0000E+00  0.0000E+00  6.0173E+00  4.8626E-01 -2.5167E-01  6.3290E+00  7.8241E+00 -1.4951E+00 -2.2740E-01
  7.5000E+01  1.0000E+00  0.0000E+00  4.9710E+00  0.0000E+00  0.0000E+00  5.7256E+00 -1.2340E+00 -1.8570E+00  4.9710E+00  7.1791E+00 -2.2081E+00 -1.5135E+00
  7.5000E+01  2.0000E+00  0.0000E+00  5.3340E+00  0.0000E+00  0.0000E+00  5.1840E+00  2.6931E-01 -1.4148E-01  5.3340E+00  6.0444E+00 -7.1038E-01 -1.9254E-01
  7.5000E+01  8.0000E+00  0.0000E+00  3.2060E+00  0.0000E+00  0.0000E+00  2.8559E+00  1.0670E+00  1.4948E+00  3.2060E+00  2.1529E+00  1.0531E+00  1.5705E+00
  7.5000E+01  1.2000E+01  0.0000E+00  1.5300E+00  0.0000E+00  0.0000E+00  1.9192E+00 -1.5985E+00 -9.3543E-01  1.5300E+00  1.0818E+00  4.4820E-01 -1.0146E+00
  7.5000E+01  2.4000E+01  0.0000E+00  7.4800E-01  0.0000E+00  0.0000E+00  5.8248E-01  1.0883E+00  1.6823E+00  7.4800E-01  1.3725E-01  6.1075E-01  2.9190E+00
  7.6000E+01  0.0000E+00  1.4980E+02  0.0000E+00  1.0000E+00  1.0000E+00  1.1942E+01 -9.5561E+00  0.0000E+00  0.0000E+00  8.5269E+00  0.0000E+00  0.0000E+00
  7.6000E+01  5.0000E-01  0.0000E+00  9.3870E+00  0.0000E+00  0.0000E+00  9.7876E+00 -3.8997E-01  3.8108E-01  9.3870E+00  7.8225E+00  1.5645E+00  7.3402E-01
  7.6000E+01  1.0000E+00  0.0000E+00  9.1480E+00  0.0000E+00  0.0000E+00  8.0218E+00  1.3315E+00  1.2822E+00  9.1480E+00  7.1763E+00  1.9717E+00  1.7389E+00
  7.6000E+01  2.0000E+00  0.0000E+00  5.0710E+00  0.0000E+00  0.0000E+00  5.3885E+00 -5.4980E-01 -1.7948E+00  5.0710E+00  6.0396E+00 -9.6864E-01 -1.6265E+00
  7.6000E+01  8.0000E+00  0.0000E+00  4.3200E-01  0.0000E+00  0.0000E+00  4.9502E-01 -4.2380E-01 -1.6166E+00  4.3200E-01  2.1462E+00 -1.7142E+00 -2.0533E+00
  7.6000E+01  1.2000E+01  0.0000E+00  5.0000E-02  0.0000E+00  0.0000E+00  1.0078E-01 -3.6301E-01 -7.4851E-01  5.0000E-02  1.0767E+00 -1.0267E+00 -5.2244E-02
  7.6000E+01  2.4000E+01  0.0000E+00  6.6000E-02  0.0000E+00  0.0000E+00  8.5056E-04  4.6700E-01  4.6021E-01  6.6000E-02  1.3596E-01 -6.9962E-02  1.5673E+00
  7.7000E+01  0.0000E+00  1.4870E+02  0.0000E+00  1.0000E+00  1.0000E+00  6.6096E+00 -9.4241E+00  0.0000E+00  0.0000E+00  8.5269E+00  0.0000E+00  0.0000E+00
  7.7000E+01  5.0000E-01  0.0000E+00  6.0120E+00  0.0000E+00  0.0000E+00  6.2550E+00 -3.6533E-01 -9.9981E-01  6.0120E+00  7.8213E+00 -1.8093E+00 -8.0083E-01
  7.7000E+01  1.0000E+00  0.0000E+00  6.0060E+00  0.0000E+00  0.0000E+00  5.9195E+00  1.3705E-01 -3.9848E-01  6.0060E+00  7.1741E+00 -1.1681E+00 -3.4208E-01
  7.7000E+01  2.0000E+00  0.0000E+00  5.2880E+00  0.0000E+00  0.0000E+00  5.3015E+00 -2.3665E-02 -3.7960E-01  5.2880E+00  6.0359E+00 -7.4785E-01 -3.7900E-01
  7.7000E+01  8.0000E+00  0.0000E+00  2.7340E+00  0.0000E+00  0.0000E+00  2.7356E+00 -5.1462E-03  2.8060E-01  2.7340E+00  2.1408E+00  5.9320E-01  7.2570E-02
  7.7000E+01  1.2000E+01  0.0000E+00  1.8540E+00  0.0000E+00  0.0000E+00  1.7599E+00  4.0872E-01  8.2744E-01  1.8540E+00  1.0727E+00  7.8132E-01  1.0733E+00
  7.7000E+01  2.4000E+01  0.0000E+00  4.7700E-01  0.0000E+00  0.0000E+00  4.6862E-01  5.6692E-02  3.6800E-01  4.7700E-01  1.3494E-01  3.4206E-01  1.1326E+00
  7.8000E+01  0.0000E+00  1.2330E+02  0.0000E+00  1.0000E+00  1.0000E+00  5.7838E+00 -9.3675E+00  0.0000E+00  0.0000E+00  8.5269E+00  0.0000E+00  0.0000E+00
  7.8000E+01  5.0000E-01  0.0000E+00  5.6930E+00  0.0000E+00  0.0000E+00  5.5708E+00  2.0506E-01 -7.3207E-01  5.6930E+00  7.7897E+00 -2.0967E+00 -4.3899E-01
  7.8000E+01  1.0000E+00  0.0000E+00  5.0970E+00  0.0000E+00  0.0000E+00  5.3657E+00 -4.6718E-01 -1.2748E+00  5.0970E+00  7.1162E+00 -2.0192E+00 -9.2274E-01
  7.8000E+01  2.0000E+00  0.0000E+00  4.7020E+00  0.0000E+00  0.0000E+00  4.9779E+00 -5.1455E-01 -1.0798E+00  4.7020E+00  5.9389E+00 -1.2369E+00 -1.0003E+00
  7.8000E+01  8.0000E+00  0.0000E+00  3.3280E+00  0.0000E+00  0.0000E+00  3.1735E+00  4.3119E-01  8.9585E-01  3.3280E+00  2.0066E+00  1.3214E+00  4.3049E-01
  7.8000E+01  1.2000E+01  0.0000E+00  2.4340E+00  0.0000E+00  0.0000E+00  2.3507E+00  2.9582E-01  1.1143E+00  2.4340E+00  9.7340E-01  1.4606E+00  1.8805E+00
  7.8000E+01  2.4000E+01  0.0000E+00  1.0290E+00  0.0000E+00  0.0000E+00  9.5543E-01  4.2956E-01  1.3983E+00  1.0290E+00  1.1112E-01  9.1788E-01  4.3537E+00
  7.9000E+01  0.0000E+00  1.0490E+02  0.0000E+00  1.0000E+00  1.0000E+00  8.7140E+00 -9.5043E+00  0.0000E+00  0.0000E+00  8.5269E+00  0.0000E+00  0.0000E+00
  7.9000E+01  5.0000E-01  0.0000E+00  6.2150E+00  0.0000E+00  0.0000E+00  8.0228E+00 -2.1371E+00 -1.8605E+00  6.2150E+00  7.7615E+00 -1.5465E+00 -1.8641E+00
  7.9000E+01  1.0000E+00  0.0000E+00  7.8570E+00  0.0000E+00  0.0000E+00  7.3863E+00  6.0288E-01  8.8339E-01  7.8570E+00  7.0647E+00  7.9230E-01  9.1487E-01
  7.9000E+01  2.0000E+00  0.0000E+00  7.2750E+00  0.0000E+00  0.0000E+00  6.2610E+00  1.5229E+00  1.7992E+00  7.2750E+00  5.8532E+00  1.4218E+00  1.8636E+00
  7.9000E+01  8.0000E+00  0.0000E+00  2.2350E+00  0.0000E+00  0.0000E+00  2.3223E+00 -3.1293E-01 -2.3040E-01  2.2350E+00  1.8932E+00  3.4179E-01 -3.7417E-01
  7.9000E+01  1.2000E+01  0.0000E+00  1.2890E+00  0.0000E+00  0.0000E+00  1.1988E+00  4.8189E-01  4.4871E-01  1.2890E+00  8.9208E-01  3.9692E-01  4.5290E-01
  7.9000E+01  2.4000E+01  0.0000E+00  5.0000E-02  0.0000E+00  0.0000E+00  1.6493E-01 -8.1769E-01 -8.6357E-01  5.0000E-02  9.3328E-02 -4.3328E-02 -7.9572E-01
  8.0000E+01  0.0000E+00  1.1645E+02  0.0000E+00  1.0000E+00  1.0000E+00  8.1546E+00 -9.4887E+00  0.0000E+00  0.0000E+00  8.5269E+00  0.0000E+00  0.0000E+00
  8.0000E+01  5.0000E-01  0.0000E+00  6.8760E+00  0.0000E+00  0.0000E+00  7.5302E+00 -8.2250E-01 -9.2851E-01  6.8760E+00  7.7793E+00 -9.0329E-01 -8.7525E-01
  8.0000E+01  1.0000E+00  0.0000E+00  7.2340E+00  0.0000E+00  0.0000E+00  6.9536E+00  3.8069E-01  3.0954E-01  7.2340E+00  7.0972E+00  1.3680E-01  3.0227E-01
  8.0000E+01  2.0000E+00  0.0000E+00  6.4070E+00  0.0000E+00  0.0000E+00  5.9295E+00  7.5522E-01  7.4221E-01  6.4070E+00  5.9072E+00  4.9980E-01  7.2487E-01
  8.0000E+01  8.0000E+00  0.0000E+00  2.2280E+00  0.0000E+00  0.0000E+00  2.2797E+00 -1.8792E-01 -8.0156E-02  2.2280E+00  1.9640E+00  2.6397E-01 -1.3235E-01
  8.0000E+01  1.2000E+01  0.0000E+00  1.2510E+00  0.0000E+00  0.0000E+00  1.2053E+00  2.4342E-01  3.3409E-01  1.2510E+00  9.4260E-01  3.0840E-01  3.7303E-01
  8.0000E+01  2.4000E+01  0.0000E+00  1.8000E-01  0.0000E+00  0.0000E+00  1.7816E-01  1.3042E-02  4.3459E-02  1.8000E-01  1.0420E-01  7.5802E-02  1.2011E-01
  8.1000E+01  0.0000E+00  1.6135E+02  0.0000E+00  1.0000E+00  1.0000E+00  8.8262E+00 -9.5070E+00  0.0000E+00  0.0000E+00  8.5269E+00  0.0000E+00  0.0000E+00
  8.1000E+01  5.0000E-01  0.0000E+00  7.4360E+00  0.0000E+00  0.0000E+00  7.8498E+00 -4.9965E-01 -4.8255E-01  7.4360E+00  7.8349E+00 -3.9893E-01 -4.1182E-01
  8.1000E+01  1.0000E+00  0.0000E+00  7.1310E+00  0.0000E+00  0.0000E+00  6.9814E+00  2.0235E-01  5.1016E-02  7.1310E+00  7.1991E+00 -6.8089E-02  1.0026E-01
  8.1000E+01  2.0000E+00  0.0000E+00  5.9600E+00  0.0000E+00  0.0000E+00  5.5222E+00  7.4078E-01  3.1778E-01  5.9600E+00  6.0780E+00 -1.1803E-01  2.8323E-01
  8.1000E+01  8.0000E+00  0.0000E+00  1.1180E+00  0.0000E+00  0.0000E+00  1.3525E+00 -1.1838E+00 -1.8775E+00  1.1180E+00  2.2013E+00 -1.0833E+00 -1.6766E+00
  8.1000E+01  1.2000E+01  0.0000E+00  6.5700E-01  0.0000E+00  0.0000E+00  5.2945E-01  8.5044E-01  4.2996E-01  6.5700E-01  1.1184E+00 -4.6144E-01  2.3698E-01
  8.1000E+01  2.4000E+01  0.0000E+00  5.0000E-02  0.0000E+00  0.0000E+00  3.1760E-02  1.3071E-01  8.0281E-02  5.0000E-02  1.4670E-01 -9.6701E-02  3.0012E-01
  8.2000E+01  0.0000E+00  8.8950E+01  0.0000E+00  1.0000E+00  1.0000E+00  7.3218E+00 -9.4588E+00  0.0000E+00  0.0000E+00  8.5269E+00  0.0000E+00  0.0000E+00
  8.2000E+01  5.0000E-01  0.0000E+00  6.6790E+00  0.0000E+00  0.0000E+00  6.7359E+00 -7.9607E-02 -5.3587E-01  6.6790E+00  7.7326E+00 -1.0536E+00 -4.9789E-01
  8.2000E+01  1.0000E+00  0.0000E+00  6.7130E+00  0.0000E+00  0.0000E+00  6.1968E+00  7.8291E-01  3.9855E-01  6.7130E+00  7.0122E+00 -2.9919E-01  3.2241E-01
  8.2000E+01  2.0000E+00  0.0000E+00  4.7820E+00  0.0000E+00  0.0000E+00  5.2446E+00 -8.2181E-01 -1.0776E+00  4.7820E+00  5.7665E+00 -9.8454E-01 -9.8390E-01
  8.2000E+01  8.0000E+00  0.0000E+00  1.8930E+00  0.0000E+00  0.0000E+00  1.9276E+00 -1.4150E-01  4.4509E-03  1.8930E+00  1.7835E+00  1.0946E-01  3.4611E-02
  8.2000E+01  1.2000E+01  0.0000E+00  1.0070E+00  0.0000E+00  0.0000E+00  9.8901E-01  1.0378E-01  2.8524E-01  1.0070E+00  8.1569E-01  1.9131E-01  3.8049E-01
  8.2000E+01  2.4000E+01  0.0000E+00  2.6600E-01  0.0000E+00  0.0000E+00  1.3359E-01  9.4444E-01  1.0140E+00  2.6600E-01  7.8030E-02  1.8797E-01  1.0941E+00
  8.3000E+01  0.0000E+00  1.1440E+02  0.0000E+00  1.0000E+00  1.0000E+00  9.0163E+00 -9.5115E+00  0.0000E+00  0.0000E+00  8.5269E+00  0.0000E+00  0.0000E+00
  8.3000E+01  5.0000E-01  0.0000E+00  8.6510E+00  0.0000E+00  0.0000E+00  8.2901E+00  4.1330E-01  4.6397E-01  8.6510E+00  7.7767E+00  8.7432E-01  4.8405E-01
  8.3000E+01  1.0000E+00  0.0000E+00  8.5210E+00  0.0000E+00  0.0000E+00  7.6223E+00  1.1167E+00  1.2120E+00  8.5210E+00  7.0924E+00  1.4286E+00  1.2818E+00
  8.3000E+01  2.0000E+00  0.0000E+00  5.5370E+00  0.0000E+00  0.0000E+00  6.4438E+00 -1.3248E+00 -1.1491E+00  5.5370E+00  5.8993E+00 -3.6228E-01 -1.2290E+00
  8.3000E+01  8.0000E+00  0.0000E+00  2.3150E+00  0.0000E+00  0.0000E+00  2.3521E+00 -1.3193E-01  2.5182E-01  2.3150E+00  1.9535E+00  3.6148E-01  2.9282E-01
  8.3000E+01  1.2000E+01  0.0000E+00  1.2830E+00  0.0000E+00  0.0000E+00  1.2014E+00  4.3581E-01  7.6452E-01  1.2830E+00  9.3504E-01  3.4796E-01  8.6168E-01
  8.3000E+01  2.4000E+01  0.0000E+00  2.0100E-01  0.0000E+00  0.0000E+00  1.6008E-01  2.9126E-01  3.8495E-01  2.0100E-01  1.0253E-01  9.8465E-02  4.2149E-01
  8.4000E+01  0.0000E+00  1.4920E+02  0.0000E+00  1.0000E+00  1.0000E+00  8.1858E+00 -9.4896E+00  0.0000E+00  0.0000E+00  8.5269E+00  0.0000E+00  0.0000E+00
  8.4000E+01  5.0000E-01  0.0000E+00  6.6490E+00  0.0000E+00  0.0000E+00  7.7223E+00 -1.3168E+00 -1.2805E+00  6.6490E+00  7.8221E+00 -1.1731E+00 -1.1515E+00
  8.4000E+01  1.0000E+00  0.0000E+00  6.6000E+00  0.0000E+00  0.0000E+00  7.2850E+00 -8.8924E-01 -7.7992E-01  6.6000E+00  7.1755E+00 -5.7554E-01 -7.3053E-01
  8.4000E+01  2.0000E+00  0.0000E+00  8.1390E+00  0.0000E+00  0.0000E+00  6.4833E+00  2.4049E+00  2.6427E+00  8.1390E+00  6.0383E+00  2.1007E+00  2.7448E+00
  8.4000E+01  8.0000E+00  0.0000E+00  3.1440E+00  0.0000E+00  0.0000E+00  3.2210E+00 -2.1225E-01  3.9277E-01  3.1440E+00  2.1443E+00  9.9969E-01  1.2757E-01
  8.4000E+01  1.2000E+01  0.0000E+00  1.9470E+00  0.0000E+00  0.0000E+00  2.0205E+00 -2.9140E-01  3.0323E-01  1.9470E+00  1.0753E+00  8.7169E-01  3.8922E-01
  8.4000E+01  2.4000E+01  0.0000E+00  6.0300E-01  0.0000E+00  0.0000E+00  4.9872E-01  7.0068E-01  9.7964E-01  6.0300E-01  1.3560E-01  4.6740E-01  1.7900E+00
  8.5000E+01  0.0000E+00  7.6600E+01  0.0000E+00  1.0000E+00  1.0000E+00  8.9704E+00 -9.5105E+00  0.0000E+00  0.0000E+00  8.5269E+00  0.0000E+00  0.0000E+00
  8.5000E+01  5.0000E-01  0.0000E+00  8.2170E+00  0.0000E+00  0.0000E+00  7.7963E+00  5.1145E-01  4.9023E-01  8.2170E+00  7.7051E+00  5.1190E-01  5.6691E-01
  8.5000E+01  1.0000E+00  0.0000E+00  6.8740E+00  0.0000E+00  0.0000E+00  6.7758E+00  1.3677E-01 -5.0247E-02  6.8740E+00  6.9625E+00 -8.8475E-02 -6.5657E-03
  8.5000E+01  2.0000E+00  0.0000E+00  4.7590E+00  0.0000E+00  0.0000E+00  5.1180E+00 -6.5252E-01 -1.0848E+00  4.7590E+00  5.6851E+00 -9.2606E-01 -1.0357E+00
  8.5000E+01  8.0000E+00  0.0000E+00  9.6200E-01  0.0000E+00  0.0000E+00  9.5053E-01  6.7084E-02 -4.2912E-01  9.6200E-01  1.6849E+00 -7.2285E-01 -6.1613E-01
  8.5000E+01  1.2000E+01  0.0000E+00  2.9500E-01  0.0000E+00  0.0000E+00  3.0942E-01 -1.0069E-01 -3.4950E-01  2.9500E-01  7.4894E-01 -4.5394E-01 -2.4503E-01
  8.5000E+01  2.4000E+01  0.0000E+00  1.2300E-01  0.0000E+00  0.0000E+00  1.0673E-02  8.0515E-01  7.8806E-01  1.2300E-01  6.5781E-02  5.7219E-02  9.5170E-01
  8.6000E+01  0.0000E+00  1.7210E+02  0.0000E+00  1.0000E+00  1.0000E+00  8.5053E+00 -9.4988E+00  0.0000E+00  0.0000E+00  8.5269E+00  0.0000E+00  0.0000E+00
  8.6000E+01  5.0000E-01  0.0000E+00  7.9940E+00  0.0000E+00  0.0000E+00  7.6545E+00  4.2015E-01  2.5741E-01  7.9940E+00  7.8457E+00  1.4832E-01  3.0961E-01
  8.6000E+01  1.0000E+00  0.0000E+00  6.7080E+00  0.0000E+00  0.0000E+00  6.8887E+00 -2.4764E-01 -4.9094E-01  6.7080E+00  7.2189E+00 -5.1086E-01 -4.2340E-01
  8.6000E+01  2.0000E+00  0.0000E+00  5.7520E+00  0.0000E+00  0.0000E+00  5.5794E+00  2.8923E-01 -7.7060E-02  5.7520E+00  6.1115E+00 -3.5946E-01 -9.1257E-02
  8.6000E+01  8.0000E+00  0.0000E+00  1.3350E+00  0.0000E+00  0.0000E+00  1.5750E+00 -1.1155E+00 -1.5120E+00  1.3350E+00  2.2501E+00 -9.1510E-01 -1.4741E+00
  8.6000E+01  1.2000E+01  0.0000E+00  7.7000E-01  0.0000E+00  0.0000E+00  6.7776E-01  5.9017E-01  3.5962E-01  7.7000E-01  1.1559E+00 -3.8586E-01  5.7557E-02
  8.6000E+01  2.4000E+01  0.0000E+00  3.3700E-01  0.0000E+00  0.0000E+00  5.4008E-02  2.0269E+00  1.9955E+00  3.3700E-01  1.5668E-01  1.8032E-01  2.0540E+00
  8.7000E+01  0.0000E+00  8.0900E+01  0.0000E+00  1.0000E+00  1.0000E+00  8.6916E+00 -9.5037E+00  0.0000E+00  0.0000E+00  8.5269E+00  0.0000E+00  0.0000E+00
  8.7000E+01  5.0000E-01  0.0000E+00  7.5030E+00  0.0000E+00  0.0000E+00  7.7244E+00 -2.7158E-01 -2.9878E-01  7.5030E+00  7.7155E+00 -2.1246E-01 -2.6999E-01
  8.7000E+01  1.0000E+00  0.0000E+00  7.0900E+00  0.0000E+00  0.0000E+00  6.8649E+00  3.0946E-01  1.9384E-01  7.0900E+00  6.9812E+00  1.0879E-01  2.0607E-01
  8.7000E+01  2.0000E+00  0.0000E+00  5.6490E+00  0.0000E+00  0.0000E+00  5.4221E+00  3.9056E-01  1.3159E-01  5.6490E+00  5.7157E+00 -6.6697E-02  1.1944E-01
  8.7000E+01  8.0000E+00  0.0000E+00  1.2250E+00  0.0000E+00  0.0000E+00  1.3164E+00 -4.6770E-01 -8.7291E-01  1.2250E+00  1.7215E+00 -4.9647E-01 -8.7040E-01
  8.7000E+01  1.2000E+01  0.0000E+00  5.2700E-01  0.0000E+00  0.0000E+00  5.1232E-01  9.8316E-02 -1.4776E-01  5.2700E-01  7.7349E-01 -2.4649E-01 -2.0780E-01
  8.7000E+01  2.4000E+01  0.0000E+00  3.5100E-01  0.0000E+00  0.0000E+00  3.0198E-02  2.2990E+00  2.2707E+00  3.5100E-01  7.0164E-02  2.8084E-01  2.2985E+00
  8.8000E+01  0.0000E+00  9.2900E+01  0.0000E+00  1.0000E+00  1.0000E+00  1.2958E+01 -9.5651E+00  0.0000E+00  0.0000E+00  8.5269E+00  0.0000E+00  0.0000E+00
  8.8000E+01  5.0000E-01  0.0000E+00  1.0795E+01  0.0000E+00  0.0000E+00  1.0949E+01 -1.3465E-01  9.4695E-01  1.0795E+01  7.7440E+00  3.0510E+00  1.1507E+00
  8.8000E+01  1.0000E+00  0.0000E+00  1.0101E+01  0.0000E+00  0.0000E+00  9.2521E+00  8.7316E-01  1.4022E+00  1.0101E+01  7.0329E+00  3.0681E+00  1.8131E+00
  8.8000E+01  2.0000E+00  0.0000E+00  6.9740E+00  0.0000E+00  0.0000E+00  6.6060E+00  5.2501E-01  1.7630E-01  6.9740E+00  5.8006E+00  1.1734E+00  2.4457E-01
  8.8000E+01  8.0000E+00  0.0000E+00  8.1000E-01  0.0000E+00  0.0000E+00  8.7521E-01 -3.9149E-01 -1.4663E+00  8.1000E-01  1.8261E+00 -1.0161E+00 -1.4900E+00
  8.8000E+01  1.2000E+01  0.0000E+00  2.1200E-01  0.0000E+00  0.0000E+00  2.2746E-01 -1.0923E-01 -5.7076E-01  2.1200E-01  8.4508E-01 -6.3308E-01  5.2739E-02
  8.8000E+01  2.4000E+01  0.0000E+00  5.6000E-02  0.0000E+00  0.0000E+00  3.9925E-03  3.7279E-01  3.5562E-01  5.6000E-02  8.3753E-02 -2.7753E-02  9.6579E-01
  8.9000E+01  0.0000E+00  1.4390E+02  0.0000E+00  1.0000E+00  1.0000E+00  9.8601E+00 -9.5284E+00  0.0000E+00  0.0000E+00  8.5269E+00  0.0000E+00  0.0000E+00
  8.9000E+01  5.0000E-01  0.0000E+00  7.6790E+00  0.0000E+00  0.0000E+00  8.6816E+00 -1.0975E+00 -6.5019E-01  7.6790E+00  7.8158E+00 -1.3680E-01 -6.9249E-01
  8.9000E+01  1.0000E+00  0.0000E+00  8.0930E+00  0.0000E+00  0.0000E+00  7.6440E+00  5.5629E-01  7.3196E-01  8.0930E+00  7.1640E+00  9.2902E-01  8.2010E-01
  8.9000E+01  2.0000E+00  0.0000E+00  6.4970E+00  0.0000E+00  0.0000E+00  5.9260E+00  9.0362E-01  6.2180E-01  6.4970E+00  6.0189E+00  4.7811E-01  6.6814E-01
  8.9000E+01  8.0000E+00  0.0000E+00  1.2980E+00  0.0000E+00  0.0000E+00  1.2865E+00  5.9361E-02 -9.4085E-01  1.2980E+00  2.1168E+00 -8.1884E-01 -8.7720E-01
  8.9000E+01  1.2000E+01  0.0000E+00  3.5900E-01  0.0000E+00  0.0000E+00  4.6472E-01 -7.1604E-01 -1.3370E+00  3.5900E-01  1.0547E+00 -6.9572E-01 -9.4634E-01
  8.9000E+01  2.4000E+01  0.0000E+00  5.0000E-02  0.0000E+00  0.0000E+00  2.1903E-02  2.0138E-01  1.3850E-01  5.0000E-02  1.3046E-01 -8.0461E-02  4.8337E-01
  9.0000E+01  0.0000E+00  9.5500E+01  0.0000E+00  1.0000E+00  1.0000E+00  6.7129E+00 -9.4298E+00  0.0000E+00  0.0000E+00  8.5269E+00  0.0000E+00  0.0000E+00
  9.0000E+01  5.0000E-01  0.0000E+00  5.0990E+00  0.0000E+00  0.0000E+00  6.2028E+00 -1.6726E+00 -2.0769E+00  5.0990E+00  7.7441E+00 -2.6451E+00 -1.7016E+00
  9.0000E+01  1.0000E+00  0.0000E+00  6.3160E+00  0.0000E+00  0.0000E+00  5.7315E+00  9.5489E-01  6.0071E-01  6.3160E+00  7.0331E+00 -7.1712E-01  4.2994E-01
  9.0000E+01  2.0000E+00  0.0000E+00  4.5900E+00  0.0000E+00  0.0000E+00  4.8935E+00 -5.7525E-01 -8.4705E-01  4.5900E+00  5.8010E+00 -1.2110E+00 -7.8368E-01
  9.0000E+01  8.0000E+00  0.0000E+00  2.2360E+00  0.0000E+00  0.0000E+00  1.8957E+00  1.4093E+00  1.3145E+00  2.2360E+00  1.8266E+00  4.0944E-01  1.1790E+00
  9.0000E+01  1.2000E+01  0.0000E+00  8.3600E-01  0.0000E+00  0.0000E+00  1.0074E+00 -9.8222E-01 -1.0601E+00  8.3600E-01  8.4539E-01 -9.3871E-03 -1.0895E+00
  9.0000E+01  2.4000E+01  0.0000E+00  5.0000E-02  0.0000E+00  0.0000E+00  1.5117E-01 -7.2062E-01 -7.4592E-01  5.0000E-02  8.3814E-02 -3.3814E-02 -6.1842E-01
  9.1000E+01  0.0000E+00  2.2935E+02  0.0000E+00  1.0000E+00  1.0000E+00  1.0157E+01 -9.5334E+00  0.0000E+00  0.0000E+00  8.5269E+00  0.0000E+00  0.0000E+00
  9.1000E+01  5.0000E-01  0.0000E+00  1.0156E+01  0.0000E+00  0.0000E+00  9.2987E+00  8.7749E-01  1.2093E+00  1.0156E+01  7.8909E+00  2.2651E+00  1.3652E+00
  9.1000E+01  1.0000E+00  0.0000E+00  8.7420E+00  0.0000E+00  0.0000E+00  8.5128E+00  2.5570E-01  5.4218E-01  8.7420E+00  7.3023E+00  1.4397E+00  5.9084E-01
  9.1000E+01  2.0000E+00  0.0000E+00  6.6460E+00  0.0000E+00  0.0000E+00  7.1348E+00 -6.4740E-01 -4.3821E-01  6.6460E+00  6.2535E+00  3.9250E-01 -5.2117E-01
  9.1000E+01  8.0000E+00  0.0000E+00  2.5570E+00  0.0000E+00  0.0000E+00  2.4729E+00  2.8748E-01  2.7508E-01  2.5570E+00  2.4667E+00  9.0300E-02  2.4260E-01
  9.1000E+01  1.2000E+01  0.0000E+00  1.2270E+00  0.0000E+00  0.0000E+00  1.2202E+00  3.6177E-02 -1.0425E-02  1.2270E+00  1.3267E+00 -9.9717E-02  1.8935E-02
  9.1000E+01  2.4000E+01  0.0000E+00  1.4700E-01  0.0000E+00  0.0000E+00  1.4658E-01  2.9897E-03 -1.5259E-02  1.4700E-01  2.0643E-01 -5.9426E-02  7.7872E-02
  9.2000E+01  0.0000E+00  2.3075E+02  0.0000E+00  1.0000E+00  1.0000E+00  9.1253E+00 -9.5140E+00  0.0000E+00  0.0000E+00  8.5269E+00  0.0000E+00  0.0000E+00
  9.2000E+01  5.0000E-01  0.0000E+00  8.9220E+00  0.0000E+00  0.0000E+00  8.5200E+00  4.4824E-01  6.0538E-01  8.9220E+00  7.8918E+00  1.0302E+00  6.6148E-01
  9.2000E+01  1.0000E+00  0.0000E+00  7.8910E+00  0.0000E+00  0.0000E+00  7.9548E+00 -7.6074E-02  1.0140E-01  7.8910E+00  7.3039E+00  5.8706E-01  1.2200E-01
  9.2000E+01  2.0000E+00  0.0000E+00  6.7200E+00  0.0000E+00  0.0000E+00  6.9345E+00 -2.9203E-01 -8.2238E-02  6.7200E+00  6.2564E+00  4.6364E-01 -9.2686E-02
  9.2000E+01  8.0000E+00  0.0000E+00  3.2790E+00  0.0000E+00  0.0000E+00  3.0431E+00  6.8198E-01  9.0624E-01  3.2790E+00  2.4712E+00  8.0779E-01  9.4416E-01
  9.2000E+01  1.2000E+01  0.0000E+00  1.8340E+00  0.0000E+00  0.0000E+00  1.7574E+00  3.3335E-01  4.8980E-01  1.8340E+00  1.3304E+00  5.0364E-01  4.7114E-01
  9.2000E+01  2.4000E+01  0.0000E+00  2.2800E-01  0.0000E+00  0.0000E+00  3.3844E-01 -7.6756E-01 -7.2575E-01  2.2800E-01  2.0756E-01  2.0439E-02 -7.0239E-01
  9.3000E+01  0.0000E+00  3.3670E+02  0.0000E+00  1.0000E+00  1.0000E+00  8.6768E+00 -9.5033E+00  0.0000E+00  0.0000E+00  8.5269E+00  0.0000E+00  0.0000E+00
  9.3000E+01  5.0000E-01  0.0000E+00  9.0280E+00  0.0000E+00  0.0000E+00  8.1002E+00  1.0867E+00  1.0153E+00  9.0280E+00  7.9470E+00  1.0810E+00  1.0166E+00
  9.3000E+01  1.0000E+00  0.0000E+00  7.1250E+00  0.0000E+00  0.0000E+00  7.5618E+00 -5.4698E-01 -6.0135E-01  7.1250E+00  7.4065E+00 -2.8152E-01 -6.0246E-01
  9.3000E+01  2.0000E+00  0.0000E+00  6.5120E+00  0.0000E+00  0.0000E+00  6.5902E+00 -1.1177E-01 -1.3339E-01  6.5120E+00  6.4333E+00  7.8662E-02 -1.3247E-01
  9.3000E+01  8.0000E+00  0.0000E+00  2.7950E+00  0.0000E+00  0.0000E+00  2.8874E+00 -2.7917E-01 -1.6491E-01  2.7950E+00  2.7629E+00  3.2083E-02 -1.5860E-01
  9.3000E+01  1.2000E+01  0.0000E+00  1.6870E+00  0.0000E+00  0.0000E+00  1.6657E+00  9.5925E-02  2.3335E-01  1.6870E+00  1.5727E+00  1.1427E-01  2.4132E-01
  9.3000E+01  2.4000E+01  0.0000E+00  4.0900E-01  0.0000E+00  0.0000E+00  3.1975E-01  6.2229E-01  6.9453E-01  4.0900E-01  2.9008E-01  1.1892E-01  7.0227E-01
  9.4000E+01  0.0000E+00  3.1700E+02  0.0000E+00  1.0000E+00  1.0000E+00  1.1055E+01 -9.5462E+00  0.0000E+00  0.0000E+00  8.5269E+00  0.0000E+00  0.0000E+00
  9.4000E+01  5.0000E-01  0.0000E+00  9.5750E+00  0.0000E+00  0.0000E+00  9.5519E+00  2.2994E-02  5.6149E-01  9.5750E+00  7.9385E+00  1.6365E+00  8.8522E-01
  9.4000E+01  1.0000E+00  0.0000E+00  8.9100E+00  0.0000E+00  0.0000E+00  8.2533E+00  7.5525E-01  8.1372E-01  8.9100E+00  7.3907E+00  1.5193E+00  1.1220E+00
  9.4000E+01  2.0000E+00  0.0000E+00  5.9340E+00  0.0000E+00  0.0000E+00  6.1617E+00 -3.4717E-01 -1.0378E+00  5.9340E+00  6.4059E+00 -4.7187E-01 -9.5368E-01
  9.4000E+01  8.0000E+00  0.0000E+00  1.0560E+00  0.0000E+00  0.0000E+00  1.0669E+00 -6.1155E-02 -1.3348E+00  1.0560E+00  2.7160E+00 -1.6600E+00 -1.8829E+00
  9.4000E+01  1.2000E+01  0.0000E+00  2.6600E-01  0.0000E+00  0.0000E+00  3.3144E-01 -4.5541E-01 -1.0984E+00  2.6600E-01  1.5329E+00 -1.2669E+00 -9.1501E-01
  9.4000E+01  2.4000E+01  0.0000E+00  1.3700E-01  0.0000E+00  0.0000E+00  9.9371E-03  9.1078E-01  8.7059E-01  1.3700E-01  2.7556E-01 -1.3856E-01  2.1411E+00
  9.5000E+01  0.0000E+00  3.0510E+02  0.0000E+00  1.0000E+00  1.0000E+00  7.7551E+00 -9.4755E+00  0.0000E+00  0.0000E+00  8.5269E+00  0.0000E+00  0.0000E+00
  9.5000E+01  5.0000E-01  0.0000E+00  7.1230E+00  0.0000E+00  0.0000E+00  7.2269E+00 -1.3593E-01 -2.7300E-01  7.1230E+00  7.9331E+00 -8.1005E-01 -2.6284E-01
  9.5000E+01  1.0000E+00  0.0000E+00  5.8270E+00  0.0000E+00  0.0000E+00  6.7347E+00 -1.2711E+00 -1.4128E+00  5.8270E+00  7.3805E+00 -1.5535E+00 -1.2901E+00
  9.5000E+01  2.0000E+00  0.0000E+00  6.4850E+00  0.0000E+00  0.0000E+00  5.8485E+00  1.0201E+00  8.6669E-01  6.4850E+00  6.3883E+00  9.6725E-02  7.7007E-01
  9.5000E+01  8.0000E+00  0.0000E+00  2.4780E+00  0.0000E+00  0.0000E+00  2.5085E+00 -1.0300E-01 -3.3654E-01  2.4780E+00  2.6863E+00 -2.0832E-01 -3.1378E-01
  9.5000E+01  1.2000E+01  0.0000E+00  1.5870E+00  0.0000E+00  0.0000E+00  1.4267E+00  7.8736E-01  5.4324E-01  1.5870E+00  1.5078E+00  7.9216E-02  5.1555E-01
  9.5000E+01  2.4000E+01  0.0000E+00  5.5000E-02  0.0000E+00  0.0000E+00  2.6245E-01 -1.4594E+00 -1.5701E+00  5.5000E-02  2.6662E-01 -2.1162E-01 -1.5468E+00
  9.6000E+01  0.0000E+00  3.0790E+02  0.0000E+00  1.0000E+00  1.0000E+00  9.1614E+00 -9.5148E+00  0.0000E+00  0.0000E+00  8.5269E+00  0.0000E+00  0.0000E+00
  9.6000E+01  5.0000E-01  0.0000E+00  6.8580E+00  0.0000E+00  0.0000E+00  8.6412E+00 -1.9609E+00 -1.5046E+00  6.8580E+00  7.9344E+00 -1.0764E+00 -1.5223E+00
  9.6000E+01  1.0000E+00  0.0000E+00  8.1640E+00  0.0000E+00  0.0000E+00  8.1505E+00  1.5739E-02  4.7691E-01  8.1640E+00  7.3830E+00  7.8101E-01  5.6487E-01
  9.6000E+01  2.0000E+00  0.0000E+00  8.2370E+00  0.0000E+00  0.0000E+00  7.2511E+00  1.2857E+00  1.7460E+00  8.2370E+00  6.3925E+00  1.8445E+00  1.9188E+00
  9.6000E+01  8.0000E+00  0.0000E+00  4.0350E+00  0.0000E+00  0.0000E+00  3.5952E+00  1.1022E+00  1.3592E+00  4.0350E+00  2.6935E+00  1.3415E+00  1.3034E+00
  9.6000E+01  1.2000E+01  0.0000E+00  2.3830E+00  0.0000E+00  0.0000E+00  2.2521E+00  4.8003E-01  5.4962E-01  2.3830E+00  1.5138E+00  8.6919E-01  3.2565E-01
  9.6000E+01  2.4000E+01  0.0000E+00  3.6400E-01  0.0000E+00  0.0000E+00  5.5364E-01 -1.2566E+00 -1.3820E+00  3.6400E-01  2.6875E-01  9.5249E-02 -1.3365E+00
  9.7000E+01  0.0000E+00  2.6205E+02  0.0000E+00  1.0000E+00  1.0000E+00  9.1661E+00 -9.5149E+00  0.0000E+00  0.0000E+00  8.5269E+00  0.0000E+00  0.0000E+00
  9.7000E+01  5.0000E-01  0.0000E+00  9.2460E+00  0.0000E+00  0.0000E+00  8.5539E+00  7.6871E-01  9.7796E-01  9.2460E+00  7.9109E+00  1.3351E+00  1.0509E+00
  9.7000E+01  1.0000E+00  0.0000E+00  7.7820E+00  0.0000E+00  0.0000E+00  7.9825E+00 -2.3823E-01 -1.8976E-02  7.7820E+00  7.3394E+00  4.4259E-01 -1.0304E-02
  9.7000E+01  2.0000E+00  0.0000E+00  6.3500E+00  0.0000E+00  0.0000E+00  6.9518E+00 -8.1741E-01 -5.8479E-01  6.3500E+00  6.3173E+00  3.2719E-02 -6.3299E-01
  9.7000E+01  8.0000E+00  0.0000E+00  3.2940E+00  0.0000E+00  0.0000E+00  3.0328E+00  7.5733E-01  9.2923E-01  3.2940E+00  2.5689E+00  7.2512E-01  9.6598E-01
  9.7000E+01  1.2000E+01  0.0000E+00  1.8990E+00  0.0000E+00  0.0000E+00  1.7445E+00  6.7495E-01  7.6025E-01  1.8990E+00  1.4100E+00  4.8900E-01  7.5609E-01
  9.7000E+01  2.4000E+01  0.0000E+00  1.2500E-01  0.0000E+00  0.0000E+00  3.3203E-01 -1.4406E+00 -1.4419E+00  1.2500E-01  2.3315E-01 -1.0815E-01 -1.4677E+00
  9.8000E+01  0.0000E+00  3.0050E+02  0.0000E+00  1.0000E+00  1.0000E+00  8.7940E+00 -9.5063E+00  0.0000E+00  0.0000E+00  8.5269E+00  0.0000E+00  0.0000E+00
  9.8000E+01  5.0000E-01  0.0000E+00  9.1890E+00  0.0000E+00  0.0000E+00  8.0892E+00  1.2898E+00  1.4093E+00  9.1890E+00  7.9309E+00  1.2581E+00  1.4167E+00
  9.8000E+01  1.0000E+00  0.0000E+00  6.0770E+00  0.0000E+00  0.0000E+00  7.4409E+00 -1.7347E+00 -1.6638E+00  6.0770E+00  7.3765E+00 -1.2995E+00 -1.6473E+00
  9.8000E+01  2.0000E+00  0.0000E+00  6.3220E+00  0.0000E+00  0.0000E+00  6.2960E+00  3.8786E-02  2.3576E-02  6.3220E+00  6.3813E+00 -5.9295E-02  2.1960E-02
  9.8000E+01  8.0000E+00  0.0000E+00  2.3850E+00  0.0000E+00  0.0000E+00  2.3106E+00  2.6795E-01 -1.3510E-02  2.3850E+00  2.6746E+00 -2.8959E-01 -3.3282E-02
  9.8000E+01  1.2000E+01  0.0000E+00  1.2210E+00  0.0000E+00  0.0000E+00  1.1844E+00  1.9691E-01 -9.7973E-02  1.2210E+00  1.4979E+00 -2.7693E-01 -6.4217E-02
  9.8000E+01  2.4000E+01  0.0000E+00  5.0000E-02  0.0000E+00  0.0000E+00  1.5951E-01 -7.7947E-01 -8.8370E-01  5.0000E-02  2.6314E-01 -2.1314E-01 -7.7881E-01
  9.9000E+01  0.0000E+00  2.7140E+02  0.0000E+00  1.0000E+00  1.0000E+00  8.4968E+00 -9.4986E+00  0.0000E+00  0.0000E+00  8.5269E+00  0.0000E+00  0.0000E+00
  9.9000E+01  5.0000E-01  0.0000E+00  8.3620E+00  0.0000E+00  0.0000E+00  8.0921E+00  3.1646E-01  2.1957E-01  8.3620E+00  7.9161E+00  4.4587E-01  3.1610E-01
  9.9000E+01  1.0000E+00  0.0000E+00  8.6350E+00  0.0000E+00  0.0000E+00  7.7066E+00  1.1413E+00  1.1273E+00  8.6350E+00  7.3491E+00  1.2859E+00  1.2414E+00
  9.9000E+01  2.0000E+00  0.0000E+00  6.0990E+00  0.0000E+00  0.0000E+00  6.9899E+00 -1.2036E+00 -1.0652E+00  6.0990E+00  6.3339E+00 -2.3493E-01 -1.1234E+00
  9.9000E+01  8.0000E+00  0.0000E+00  3.9070E+00  0.0000E+00  0.0000E+00  3.8914E+00  3.6442E-02  7.4575E-01  3.9070E+00  2.5961E+00  1.3109E+00  6.9961E-01
  9.9000E+01  1.2000E+01  0.0000E+00  2.7020E+00  0.0000E+00  0.0000E+00  2.6335E+00  2.2292E-01  1.0500E+00  2.7020E+00  1.4324E+00  1.2696E+00  1.3231E+00
  9.9000E+01  2.4000E+01  0.0000E+00  8.9600E-01  0.0000E+00  0.0000E+00  8.1622E-01  4.8857E-01  1.0897E+00  8.9600E-01  2.4064E-01  6.5536E-01  2.0882E+00
  1.0000E+02  0.0000E+00  2.8535E+02  0.0000E+00  1.0000E+00  1.0000E+00  7.8026E+00 -9.4772E+00  0.0000E+00  0.0000E+00  8.5269E+00  0.0000E+00  0.0000E+00
  1.0000E+02  5.0000E-01  0.0000E+00  6.6750E+00  0.0000E+00  0.0000E+00  7.3730E+00 -8.9567E-01 -1.2217E+00  6.6750E+00  7.9234E+00 -1.2484E+00 -1.1325E+00
  1.0000E+02  1.0000E+00  0.0000E+00  8.0180E+00  0.0000E+00  0.0000E+00  6.9671E+00  1.4243E+00  1.1708E+00  8.0180E+00  7.3627E+00  6.5534E-01  1.0861E+00
  1.0000E+02  2.0000E+00  0.0000E+00  6.3640E+00  0.0000E+00  0.0000E+00  6.2211E+00  2.1600E-01  9.7161E-02  6.3640E+00  6.3574E+00  6.6442E-03  9.7297E-02
  1.0000E+02  8.0000E+00  0.0000E+00  2.7400E+00  0.0000E+00  0.0000E+00  3.1531E+00 -1.1593E+00 -7.4305E-01  2.7400E+00  2.6347E+00  1.0532E-01 -7.9887E-01
  1.0000E+02  1.2000E+01  0.0000E+00  2.0030E+00  0.0000E+00  0.0000E+00  2.0044E+00 -5.6817E-03  5.4264E-01  2.0030E+00  1.4645E+00  5.3848E-01  7.5999E-01
  1.0000E+02  2.4000E+01  0.0000E+00  6.8500E-01  0.0000E+00  0.0000E+00  5.1492E-01  1.1382E+00  1.5283E+00  6.8500E-01  2.5154E-01  4.3346E-01  1.9499E+00
  1.0100E+02  0.0000E+00  1.7555E+02  0.0000E+00  1.0000E+00  1.0000E+00  1.1128E+01 -9.5471E+00  0.0000E+00  0.0000E+00  8.5269E+00  0.0000E+00  0.0000E+00
  1.0100E+02  5.0000E-01  0.0000E+00  1.1074E+01  0.0000E+00  0.0000E+00  1.0331E+01  6.8602E-01  1.2712E+00  1.1074E+01  7.8487E+00  3.2253E+00  1.5469E+00
  1.0100E+02  1.0000E+00  0.0000E+00  1.0352E+01  0.0000E+00  0.0000E+00  9.5904E+00  7.5634E-01  1.3595E+00  1.0352E+01  7.2245E+00  3.1275E+00  1.6688E+00
  1.0100E+02  2.0000E+00  0.0000E+00  7.6330E+00  0.0000E+00  0.0000E+00  8.2648E+00 -7.2565E-01 -9.4548E-02  7.6330E+00  6.1210E+00  1.5120E+00 -2.3701E-01
  1.0100E+02  8.0000E+00  0.0000E+00  3.7310E+00  0.0000E+00  0.0000E+00  3.3856E+00  9.1212E-01  1.5077E+00  3.7310E+00  2.2641E+00  1.4669E+00  1.8723E+00
  1.0100E+02  1.2000E+01  0.0000E+00  1.7810E+00  0.0000E+00  0.0000E+00  1.8674E+00 -3.6125E-01  1.0052E-01  1.7810E+00  1.1667E+00  6.1432E-01  6.8776E-02
  1.0100E+02  2.4000E+01  0.0000E+00  3.5200E-01  0.0000E+00  0.0000E+00  3.1335E-01  2.6979E-01  4.1149E-01  3.5200E-01  1.5963E-01  1.9237E-01  4.8263E-01
  1.0200E+02  0.0000E+00  2.2465E+02  0.0000E+00  1.0000E+00  1.0000E+00  1.1661E+01 -9.5532E+00  0.0000E+00  0.0000E+00  8.5269E+00  0.0000E+00  0.0000E+00
  1.0200E+02  5.0000E-01  0.0000E+00  1.1560E+01  0.0000E+00  0.0000E+00  1.0539E+01  9.2452E-01  1.6602E+00  1.1560E+01  7.8876E+00  3.6724E+00  2.0397E+00
  1.0200E+02  1.0000E+00  0.0000E+00  8.5830E+00  0.0000E+00  0.0000E+00  9.5243E+00 -9.4111E-01 -3.3855E-01  8.5830E+00  7.2963E+00  1.2867E+00 -5.3520E-01
  1.0200E+02  2.0000E+00  0.0000E+00  8.6790E+00  0.0000E+00  0.0000E+00  7.7792E+00  1.0961E+00  1.4709E+00  8.6790E+00  6.2433E+00  2.4357E+00  1.7132E+00
  1.0200E+02  8.0000E+00  0.0000E+00  2.1620E+00  0.0000E+00  0.0000E+00  2.3096E+00 -5.3140E-01 -7.2694E-01  2.1620E+00  2.4506E+00 -2.8858E-01 -7.8279E-01
  1.0200E+02  1.2000E+01  0.0000E+00  1.1140E+00  0.0000E+00  0.0000E+00  1.0279E+00  4.9008E-01  2.8980E-01  1.1140E+00  1.3137E+00 -1.9973E-01  3.1270E-01
  1.0200E+02  2.4000E+01  0.0000E+00  5.0000E-02  0.0000E+00  0.0000E+00  9.0603E-02 -2.9039E-01 -3.3692E-01  5.0000E-02  2.0240E-01 -1.5240E-01 -5.9520E-03
  1.0300E+02  0.0000E+00  3.4805E+02  0.0000E+00  1.0000E+00  1.0000E+00  9.5422E+00 -9.5226E+00  0.0000E+00  0.0000E+00  8.5269E+00  0.0000E+00  0.0000E+00
  1.0300E+02  5.0000E-01  0.0000E+00  9.7020E+00  0.0000E+00  0.0000E+00  8.4518E+00  1.4049E+00  1.5638E+00  9.7020E+00  7.9516E+00  1.7504E+00  1.8329E+00
  1.0300E+02  1.0000E+00  0.0000E+00  6.9200E+00  0.0000E+00  0.0000E+00  7.4859E+00 -7.1556E-01 -7.9898E-01  6.9200E+00  7.4151E+00 -4.9514E-01 -6.4945E-01
  1.0300E+02  2.0000E+00  0.0000E+00  5.1350E+00  0.0000E+00  0.0000E+00  5.8727E+00 -1.1776E+00 -1.6389E+00  5.1350E+00  6.4483E+00 -1.3133E+00 -1.5159E+00
  1.0300E+02  8.0000E+00  0.0000E+00  1.4570E+00  0.0000E+00  0.0000E+00  1.3690E+00  4.4149E-01 -4.0797E-01  1.4570E+00  2.7887E+00 -1.3317E+00 -1.0295E+00
  1.0300E+02  1.2000E+01  0.0000E+00  4.3100E-01  0.0000E+00  0.0000E+00  5.1854E-01 -5.8528E-01 -1.1147E+00  4.3100E-01  1.5948E+00 -1.1638E+00 -1.0110E+00
  1.0300E+02  2.4000E+01  0.0000E+00  1.2100E-01  0.0000E+00  0.0000E+00  2.8178E-02  6.6521E-01  6.0435E-01  1.2100E-01  2.9829E-01 -1.7729E-01  1.4054E+00
  1.0400E+02  0.0000E+00  2.8805E+02  0.0000E+00  1.0000E+00  1.0000E+00  5.5694E+00 -9.3488E+00  0.0000E+00  0.0000E+00  8.5269E+00  0.0000E+00  0.0000E+00
  1.0400E+02  5.0000E-01  0.0000E+00  4.9120E+00  0.0000E+00  0.0000E+00  5.2947E+00 -6.7379E-01 -1.5205E+00  4.9120E+00  7.9248E+00 -3.0128E+00 -1.1639E+00
  1.0400E+02  1.0000E+00  0.0000E+00  4.2770E+00  0.0000E+00  0.0000E+00  5.0336E+00 -1.3967E+00 -2.1751E+00  4.2770E+00  7.3652E+00 -3.0882E+00 -1.6382E+00
  1.0400E+02  2.0000E+00  0.0000E+00  4.8700E+00  0.0000E+00  0.0000E+00  4.5494E+00  6.5006E-01 -4.8513E-03  4.8700E+00  6.3617E+00 -1.4917E+00 -1.6026E-01
  1.0400E+02  8.0000E+00  0.0000E+00  2.4500E+00  0.0000E+00  0.0000E+00  2.4796E+00 -1.0106E-01 -3.0642E-01  2.4500E+00  2.6419E+00 -1.9189E-01 -5.2404E-01
  1.0400E+02  1.2000E+01  0.0000E+00  1.9100E+00  0.0000E+00  0.0000E+00  1.6545E+00  1.1533E+00  1.0693E+00  1.9100E+00  1.4705E+00  4.3947E-01  9.8010E-01
  1.0400E+02  2.4000E+01  0.0000E+00  3.1100E-01  0.0000E+00  0.0000E+00  4.9153E-01 -1.2151E+00 -1.2021E+00  3.1100E-01  2.5360E-01  5.7395E-02 -7.8770E-01
  1.0500E+02  0.0000E+00  2.4050E+02  0.0000E+00  1.0000E+00  1.0000E+00  1.0337E+01 -9.5363E+00  0.0000E+00  0.0000E+00  8.5269E+00  0.0000E+00  0.0000E+00
  1.0500E+02  5.0000E-01  0.0000E+00  9.1980E+00  0.0000E+00  0.0000E+00  8.7946E+00  4.3606E-01  7.1500E-01  9.1980E+00  7.8981E+00  1.2999E+00  1.1332E+00
  1.0500E+02  1.0000E+00  0.0000E+00  8.0120E+00  0.0000E+00  0.0000E+00  7.4823E+00  6.7006E-01  4.6201E-01  8.0120E+00  7.3157E+00  6.9635E-01  7.3509E-01
  1.0500E+02  2.0000E+00  0.0000E+00  4.6990E+00  0.0000E+00  0.0000E+00  5.4160E+00 -1.2357E+00 -2.1526E+00  4.6990E+00  6.2764E+00 -1.5774E+00 -1.9507E+00
  1.0500E+02  8.0000E+00  0.0000E+00  7.7500E-01  0.0000E+00  0.0000E+00  7.7898E-01 -2.4690E-02 -1.0462E+00  7.7500E-01  2.5031E+00 -1.7281E+00 -1.8954E+00
  1.0500E+02  1.2000E+01  0.0000E+00  1.7500E-01  0.0000E+00  0.0000E+00  2.1384E-01 -2.7496E-01 -7.1609E-01  1.7500E-01  1.3562E+00 -1.1812E+00 -7.1747E-01
  1.0500E+02  2.4000E+01  0.0000E+00  2.6600E-01  0.0000E+00  0.0000E+00  4.4238E-03  1.8750E+00  1.8562E+00  2.6600E-01  2.1570E-01  5.0302E-02  2.8642E+00
  1.0600E+02  0.0000E+00  2.7330E+02  0.0000E+00  1.0000E+00  1.0000E+00  5.8855E+00 -9.3757E+00  0.0000E+00  0.0000E+00  8.5269E+00  0.0000E+00  0.0000E+00
  1.0600E+02  5.0000E-01  0.0000E+00  5.8660E+00  0.0000E+00  0.0000E+00  5.7118E+00  2.5271E-01 -7.0012E-01  5.8660E+00  7.9171E+00 -2.0511E+00 -4.2707E-01
  1.0600E+02  1.0000E+00  0.0000E+00  5.1740E+00  0.0000E+00  0.0000E+00  5.5433E+00 -6.2265E-01 -1.4635E+00  5.1740E+00  7.3509E+00 -2.1769E+00 -1.0520E+00
  1.0600E+02  2.0000E+00  0.0000E+00  5.2180E+00  0.0000E+00  0.0000E+00  5.2210E+00 -5.3787E-03 -6.3315E-01  5.2180E+00  6.3371E+00 -1.1191E+00 -5.5347E-01
  1.0600E+02  8.0000E+00  0.0000E+00  3.8060E+00  0.0000E+00  0.0000E+00  3.6449E+00  3.9899E-01  7.6184E-01  3.8060E+00  2.6012E+00  1.2048E+00  4.0242E-01
  1.0600E+02  1.2000E+01  0.0000E+00  2.6990E+00  0.0000E+00  0.0000E+00  2.8683E+00 -5.1423E-01  2.6695E-01  2.6990E+00  1.4367E+00  1.2623E+00  2.2657E-01
  1.0600E+02  2.4000E+01  0.0000E+00  1.5900E+00  0.0000E+00  0.0000E+00  1.3979E+00  9.5340E-01  2.1745E+00  1.5900E+00  2.4207E-01  1.3479E+00  5.8258E+00
  1.0700E+02  0.0000E+00  3.2265E+02  0.0000E+00  1.0000E+00  1.0000E+00  6.9118E+00 -9.4401E+00  0.0000E+00  0.0000E+00  8.5269E+00  0.0000E+00  0.0000E+00
  1.0700E+02  5.0000E-01  0.0000E+00  6.7480E+00  0.0000E+00  0.0000E+00  6.3388E+00  6.0736E-01  1.2852E-01  6.7480E+00  7.9410E+00 -1.1930E+00  7.8128E-02
  1.0700E+02  1.0000E+00  0.0000E+00  6.0640E+00  0.0000E+00  0.0000E+00  5.8132E+00  4.0417E-01 -1.0124E-01  6.0640E+00  7.3954E+00 -1.3314E+00 -1.2177E-01
  1.0700E+02  2.0000E+00  0.0000E+00  3.3840E+00  0.0000E+00  0.0000E+00  4.8893E+00 -2.8551E+00 -3.3977E+00  3.3840E+00  6.4140E+00 -3.0300E+00 -2.6759E+00
  1.0700E+02  8.0000E+00  0.0000E+00  1.9100E+00  0.0000E+00  0.0000E+00  1.7306E+00  7.8776E-01  3.0105E-01  1.9100E+00  2.7298E+00 -8.1978E-01  8.1722E-04
  1.0700E+02  1.2000E+01  0.0000E+00  7.3900E-01  0.0000E+00  0.0000E+00  8.6598E-01 -7.6471E-01 -1.1249E+00  7.3900E-01  1.5445E+00 -8.0552E-01 -9.8268E-01
  1.0700E+02  2.4000E+01  0.0000E+00  1.7100E-01  0.0000E+00  0.0000E+00  1.0850E-01  4.4657E-01  3.5486E-01  1.7100E-01  2.7977E-01 -1.0877E-01  4.1325E-01
  1.0800E+02  0.0000E+00  3.0080E+02  0.0000E+00  1.0000E+00  1.0000E+00  7.7372E+00 -9.4749E+00  0.0000E+00  0.0000E+00  8.5269E+00  0.0000E+00  0.0000E+00
  1.0800E+02  5.0000E-01  0.0000E+00  5.7350E+00  0.0000E+00  0.0000E+00  7.2037E+00 -1.9275E+00 -1.8639E+00  5.7350E+00  7.9310E+00 -2.1960E+00 -1.6896E+00
  1.0800E+02  1.0000E+00  0.0000E+00  5.9560E+00  0.0000E+00  0.0000E+00  6.7070E+00 -1.0559E+00 -1.0173E+00  5.9560E+00  7.3768E+00 -1.4208E+00 -9.3496E-01
  1.0800E+02  2.0000E+00  0.0000E+00  7.2570E+00  0.0000E+00  0.0000E+00  5.8140E+00  2.3257E+00  2.3123E+00  7.2570E+00  6.3818E+00  8.7520E-01  2.0674E+00
  1.0800E+02  8.0000E+00  0.0000E+00  2.3340E+00  0.0000E+00  0.0000E+00  2.4668E+00 -4.5476E-01 -7.4097E-01  2.3340E+00  2.6754E+00 -3.4144E-01 -6.8024E-01
  1.0800E+02  1.2000E+01  0.0000E+00  1.4620E+00  0.0000E+00  0.0000E+00  1.3929E+00  3.4383E-01 -1.7976E-02  1.4620E+00  1.4986E+00 -3.6635E-02 -7.9329E-03
  1.0800E+02  2.4000E+01  0.0000E+00  1.5500E-01  0.0000E+00  0.0000E+00  2.5074E-01 -6.7460E-01 -8.7388E-01  1.5500E-01  2.6339E-01 -1.0839E-01 -8.4828E-01
  1.0900E+02  0.0000E+00  2.3280E+02  0.0000E+00  1.0000E+00  1.0000E+00  1.0291E+01 -9.5355E+00  0.0000E+00  0.0000E+00  8.5269E+00  0.0000E+00  0.0000E+00
  1.0900E+02  5.0000E-01  0.0000E+00  9.3330E+00  0.0000E+00  0.0000E+00  9.2345E+00  1.0149E-01  4.9465E-01  9.3330E+00  7.8932E+00  1.4398E+00  5.8203E-01
  1.0900E+02  1.0000E+00  0.0000E+00  8.3780E+00  0.0000E+00  0.0000E+00  8.2866E+00  1.0474E-01  3.2512E-01  8.3780E+00  7.3065E+00  1.0715E+00  3.8424E-01
  1.0900E+02  2.0000E+00  0.0000E+00  7.0560E+00  0.0000E+00  0.0000E+00  6.6726E+00  5.4167E-01  4.7238E-01  7.0560E+00  6.2608E+00  7.9518E-01  4.9703E-01
  1.0900E+02  8.0000E+00  0.0000E+00  1.7890E+00  0.0000E+00  0.0000E+00  1.8190E+00 -1.2753E-01 -7.4634E-01  1.7890E+00  2.4783E+00 -6.8926E-01 -8.4043E-01
  1.0900E+02  1.2000E+01  0.0000E+00  7.5100E-01  0.0000E+00  0.0000E+00  7.6474E-01 -8.5554E-02 -5.3762E-01  7.5100E-01  1.3361E+00 -5.8505E-01 -4.6415E-01
  1.0900E+02  2.4000E+01  0.0000E+00  1.0400E-01  0.0000E+00  0.0000E+00  5.6829E-02  3.3782E-01  2.6624E-01  1.0400E-01  2.0934E-01 -1.0534E-01  6.4631E-01
  1.1000E+02  0.0000E+00  3.3030E+02  0.0000E+00  1.0000E+00  1.0000E+00  1.5533E+01 -9.5806E+00  0.0000E+00  0.0000E+00  8.5269E+00  0.0000E+00  0.0000E+00
  1.1000E+02  5.0000E-01  0.0000E+00  1.5021E+01  0.0000E+00  0.0000E+00  1.3710E+01  9.1525E-01  2.3071E+00  1.5021E+01  7.9443E+00  7.0767E+00  3.3717E+00
  1.1000E+02  1.0000E+00  0.0000E+00  1.2836E+01  0.0000E+00  0.0000E+00  1.2101E+01  5.8076E-01  1.6129E+00  1.2836E+01  7.4015E+00  5.4345E+00  2.1996E+00
  1.1000E+02  2.0000E+00  0.0000E+00  9.7790E+00  0.0000E+00  0.0000E+00  9.4268E+00  3.5568E-01  7.9747E-01  9.7790E+00  6.4246E+00  3.3544E+00  8.4508E-01
  1.1000E+02  8.0000E+00  0.0000E+00  2.0190E+00  0.0000E+00  0.0000E+00  2.1071E+00 -3.3924E-01 -9.6725E-01  2.0190E+00  2.7480E+00 -7.2897E-01 -1.5571E+00
  1.1000E+02  1.2000E+01  0.0000E+00  8.1900E-01  0.0000E+00  0.0000E+00  7.7608E-01  2.6631E-01 -1.6832E-01  8.1900E-01  1.5600E+00 -7.4099E-01 -3.3850E-02
  1.1000E+02  2.4000E+01  0.0000E+00  7.7000E-02  0.0000E+00  0.0000E+00  3.8775E-02  2.7389E-01  2.2436E-01  7.7000E-02  2.8540E-01 -2.0840E-01  1.8787E+00
  1.1100E+02  0.0000E+00  2.2160E+02  0.0000E+00  1.0000E+00  1.0000E+00  1.0042E+01 -9.5315E+00  0.0000E+00  0.0000E+00  8.5269E+00  0.0000E+00  0.0000E+00
  1.1100E+02  5.0000E-01  0.0000E+00  8.8070E+00  0.0000E+00  0.0000E+00  8.9851E+00 -1.8854E-01  2.3621E-01  8.8070E+00  7.8856E+00  9.2139E-01  2.9629E-01
  1.1100E+02  1.0000E+00  0.0000E+00  7.8920E+00  0.0000E+00  0.0000E+00  8.0398E+00 -1.7437E-01  4.9242E-02  7.8920E+00  7.2925E+00  5.9946E-01  1.0253E-01
  1.1100E+02  2.0000E+00  0.0000E+00  6.9100E+00  0.0000E+00  0.0000E+00  6.4371E+00  6.9164E-01  5.7335E-01  6.9100E+00  6.2368E+00  6.7316E-01  6.2417E-01
  1.1100E+02  8.0000E+00  0.0000E+00  1.9580E+00  0.0000E+00  0.0000E+00  1.6957E+00  1.1667E+00  4.0128E-01  1.9580E+00  2.4405E+00 -4.8251E-01  2.7021E-02
  1.1100E+02  1.2000E+01  0.0000E+00  3.3700E-01  0.0000E+00  0.0000E+00  6.9681E-01 -2.2888E+00 -2.8208E+00  3.3700E-01  1.3056E+00 -9.6864E-01 -2.2785E+00
  1.1100E+02  2.4000E+01  0.0000E+00  3.8400E-01  0.0000E+00  0.0000E+00  4.8353E-02  2.4044E+00  2.3261E+00  3.8400E-01  1.9992E-01  1.8408E-01  2.6472E+00
  1.1200E+02  0.0000E+00  2.6810E+02  0.0000E+00  1.0000E+00  1.0000E+00  1.2960E+01 -9.5651E+00  0.0000E+00  0.0000E+00  8.5269E+00  0.0000E+00  0.0000E+00
  1.1200E+02  5.0000E-01  0.0000E+00  1.0376E+01  0.0000E+00  0.0000E+00  1.1222E+01 -7.1978E-01  4.5748E-01  1.0376E+01  7.9143E+00  2.4617E+00  5.0484E-01
  1.1200E+02  1.0000E+00  0.0000E+00  1.0431E+01  0.0000E+00  0.0000E+00  9.7168E+00  7.0016E-01  1.3322E+00  1.0431E+01  7.3457E+00  3.0853E+00  1.7785E+00
  1.1200E+02  2.0000E+00  0.0000E+00  7.9820E+00  0.0000E+00  0.0000E+00  7.2851E+00  9.0471E-01  6.3666E-01  7.9820E+00  6.3281E+00  1.6539E+00  8.6703E-01
  1.1200E+02  8.0000E+00  0.0000E+00  1.4420E+00  0.0000E+00  0.0000E+00  1.2939E+00  7.6412E-01 -7.1687E-01  1.4420E+00  2.5865E+00 -1.1445E+00 -1.1032E+00
  1.1200E+02  1.2000E+01  0.0000E+00  9.1000E-02  0.0000E+00  0.0000E+00  4.0883E-01 -2.1793E+00 -2.9836E+00  9.1000E-02  1.4245E+00 -1.3335E+00 -1.7259E+00
  1.1200E+02  2.4000E+01  0.0000E+00  5.3000E-02  0.0000E+00  0.0000E+00  1.2897E-02  2.8745E-01  2.3268E-01  5.3000E-02  2.3797E-01 -1.8497E-01  1.7101E+00
  1.1300E+02  0.0000E+00  2.6670E+02  0.0000E+00  1.0000E+00  1.0000E+00  7.8952E+00 -9.4803E+00  0.0000E+00  0.0000E+00  8.5269E+00  0.0000E+00  0.0000E+00
  1.1300E+02  5.0000E-01  0.0000E+00  7.0610E+00  0.0000E+00  0.0000E+00  7.2981E+00 -3.0728E-01 -5.2217E-01  7.0610E+00  7.9135E+00 -8.5253E-01 -4.8097E-01
  1.1300E+02  1.0000E+00  0.0000E+00  6.3460E+00  0.0000E+00  0.0000E+00  6.7461E+00 -5.5943E-01 -7.9242E-01  6.3460E+00  7.3443E+00 -9.9825E-01 -7.2627E-01
  1.1300E+02  2.0000E+00  0.0000E+00  6.4240E+00  0.0000E+00  0.0000E+00  5.7643E+00  1.0719E+00  8.0786E-01  6.4240E+00  6.3256E+00  9.8390E-02  7.1960E-01
  1.1300E+02  8.0000E+00  0.0000E+00  2.2350E+00  0.0000E+00  0.0000E+00  2.2433E+00 -3.0492E-02 -3.3857E-01  2.2350E+00  2.5825E+00 -3.4745E-01 -3.3374E-01
  1.1300E+02  1.2000E+01  0.0000E+00  1.0760E+00  0.0000E+00  0.0000E+00  1.1958E+00 -6.4084E-01 -8.8732E-01  1.0760E+00  1.4212E+00 -3.4519E-01 -8.3380E-01
  1.1300E+02  2.4000E+01  0.0000E+00  3.5100E-01  0.0000E+00  0.0000E+00  1.8110E-01  1.2069E+00  1.1381E+00  3.5100E-01  2.3687E-01  1.1413E-01  1.1143E+00
  1.1400E+02  0.0000E+00  2.3430E+02  0.0000E+00  1.0000E+00  1.0000E+00  8.1561E+00 -9.4887E+00  0.0000E+00  0.0000E+00  8.5269E+00  0.0000E+00  0.0000E+00
  1.1400E+02  5.0000E-01  0.0000E+00  7.8090E+00  0.0000E+00  0.0000E+00  7.6018E+00  2.5806E-01 -1.3412E-02  7.8090E+00  7.8941E+00 -8.5100E-02 -2.7588E-02
  1.1400E+02  1.0000E+00  0.0000E+00  6.7400E+00  0.0000E+00  0.0000E+00  7.0853E+00 -4.6042E-01 -6.8660E-01  6.7400E+00  7.3082E+00 -5.6824E-01 -6.6612E-01
  1.1400E+02  2.0000E+00  0.0000E+00  6.9680E+00  0.0000E+00  0.0000E+00  6.1550E+00  1.2410E+00  1.1015E+00  6.9680E+00  6.2637E+00  7.0427E-01  1.0681E+00
  1.1400E+02  8.0000E+00  0.0000E+00  2.2600E+00  0.0000E+00  0.0000E+00  2.6453E+00 -1.2491E+00 -1.0006E+00  2.2600E+00  2.4829E+00 -2.2287E-01 -9.6585E-01
  1.1400E+02  1.2000E+01  0.0000E+00  1.4330E+00  0.0000E+00  0.0000E+00  1.5065E+00 -3.5034E-01  1.2458E-03  1.4330E+00  1.3398E+00  9.3217E-02  7.6775E-02
  1.1400E+02  2.4000E+01  0.0000E+00  5.7900E-01  0.0000E+00  0.0000E+00  2.7826E-01  2.1108E+00  2.3103E+00  5.7900E-01  2.1051E-01  3.6849E-01  2.3839E+00
  1.1500E+02  0.0000E+00  1.8315E+02  0.0000E+00  1.0000E+00  1.0000E+00  8.7297E+00 -9.5047E+00  0.0000E+00  0.0000E+00  8.5269E+00  0.0000E+00  0.0000E+00
  1.1500E+02  5.0000E-01  0.0000E+00  8.1650E+00  0.0000E+00  0.0000E+00  7.6912E+00  5.8363E-01  5.8090E-01  8.1650E+00  7.8556E+00  3.0943E-01  6.8173E-01
  1.1500E+02  1.0000E+00  0.0000E+00  6.0330E+00  0.0000E+00  0.0000E+00  6.7762E+00 -1.0346E+00 -1.2661E+00  6.0330E+00  7.2371E+00 -1.2041E+00 -1.0779E+00
  1.1500E+02  2.0000E+00  0.0000E+00  5.3910E+00  0.0000E+00  0.0000E+00  5.2598E+00  2.3241E-01 -3.6399E-01  5.3910E+00  6.1423E+00 -7.5132E-01 -3.2737E-01
  1.1500E+02  8.0000E+00  0.0000E+00  1.2100E+00  0.0000E+00  0.0000E+00  1.1505E+00  3.2381E-01 -6.1315E-01  1.2100E+00  2.2959E+00 -1.0859E+00 -9.1276E-01
  1.1500E+02  1.2000E+01  0.0000E+00  2.6000E-01  0.0000E+00  0.0000E+00  4.1766E-01 -1.0791E+00 -1.6278E+00  2.6000E-01  1.1913E+00 -9.3133E-01 -1.3764E+00
  1.1500E+02  2.4000E+01  0.0000E+00  3.4700E-01  0.0000E+00  0.0000E+00  1.9982E-02  2.3438E+00  2.2898E+00  3.4700E-01  1.6645E-01  1.8055E-01  2.6230E+00
  1.1600E+02  0.0000E+00  3.1820E+02  0.0000E+00  1.0000E+00  1.0000E+00  9.2433E+00 -9.5165E+00  0.0000E+00  0.0000E+00  8.5269E+00  0.0000E+00  0.0000E+00
  1.1600E+02  5.0000E-01  0.0000E+00  9.1820E+00  0.0000E+00  0.0000E+00  8.8085E+00  4.0307E-01  5.2164E-01  9.1820E+00  7.9391E+00  1.2429E+00  6.9205E-01
  1.1600E+02  1.0000E+00  0.0000E+00  7.8890E+00  0.0000E+00  0.0000E+00  8.3942E+00 -5.7151E-01 -3.8703E-01  7.8890E+00  7.3917E+00  4.9728E-01 -3.4341E-01
  1.1600E+02  2.0000E+00  0.0000E+00  8.1940E+00  0.0000E+00  0.0000E+00  7.6231E+00  7.0922E-01  1.0135E+00  8.1940E+00  6.4076E+00  1.7864E+00  1.1830E+00
  1.1600E+02  8.0000E+00  0.0000E+00  4.5820E+00  0.0000E+00  0.0000E+00  4.2762E+00  6.5625E-01  1.3823E+00  4.5820E+00  2.7190E+00  1.8630E+00  1.4841E+00
  1.1600E+02  1.2000E+01  0.0000E+00  2.8360E+00  0.0000E+00  0.0000E+00  2.9085E+00 -2.1762E-01  5.7327E-01  2.8360E+00  1.5354E+00  1.3006E+00  4.5491E-01
  1.1600E+02  2.4000E+01  0.0000E+00  9.7800E-01  0.0000E+00  0.0000E+00  9.1518E-01  3.7198E-01  9.2272E-01  9.7800E-01  2.7648E-01  7.0152E-01  1.8340E+00
  1.1700E+02  0.0000E+00  2.2830E+02  0.0000E+00  1.0000E+00  1.0000E+00  6.5968E+00 -9.4234E+00  0.0000E+00  0.0000E+00  8.5269E+00  0.0000E+00  0.0000E+00
  1.1700E+02  5.0000E-01  0.0000E+00  6.2700E+00  0.0000E+00  0.0000E+00  5.9862E+00  4.4482E-01 -1.4933E-01  6.2700E+00  7.8901E+00 -1.6201E+00 -1.8335E-01
  1.1700E+02  1.0000E+00  0.0000E+00  4.5480E+00  0.0000E+00  0.0000E+00  5.4322E+00 -1.5195E+00 -2.1794E+00  4.5480E+00  7.3009E+00 -2.7529E+00 -1.6995E+00
  1.1700E+02  2.0000E+00  0.0000E+00  4.2840E+00  0.0000E+00  0.0000E+00  4.4731E+00 -3.8941E-01 -1.1548E+00  4.2840E+00  6.2511E+00 -1.9671E+00 -9.3913E-01
  1.1700E+02  8.0000E+00  0.0000E+00  1.6510E+00  0.0000E+00  0.0000E+00  1.3946E+00  1.2744E+00  4.7451E-01  1.6510E+00  2.4630E+00 -8.1197E-01  1.8879E-01
  1.1700E+02  1.2000E+01  0.0000E+00  3.6800E-01  0.0000E+00  0.0000E+00  6.4119E-01 -1.7668E+00 -2.3218E+00  3.6800E-01  1.3237E+00 -9.5571E-01 -1.7186E+00
  1.1700E+02  2.4000E+01  0.0000E+00  5.0000E-02  0.0000E+00  0.0000E+00  6.2322E-02 -8.8227E-02 -1.9341E-01  5.0000E-02  2.0549E-01 -1.5549E-01 -1.4663E-02
  1.1800E+02  0.0000E+00  2.8065E+02  0.0000E+00  1.0000E+00  1.0000E+00  9.4972E+00 -9.5217E+00  0.0000E+00  0.0000E+00  8.5269E+00  0.0000E+00  0.0000E+00
  1.1800E+02  5.0000E-01  0.0000E+00  8.4170E+00  0.0000E+00  0.0000E+00  9.0209E+00 -6.3677E-01 -4.3650E-01  8.4170E+00  7.9210E+00  4.9600E-01 -3.9751E-01
  1.1800E+02  1.0000E+00  0.0000E+00  8.8580E+00  0.0000E+00  0.0000E+00  8.5685E+00  3.2094E-01  5.8648E-01  8.8580E+00  7.3581E+00  1.4999E+00  7.2014E-01
  1.1800E+02  2.0000E+00  0.0000E+00  8.4510E+00  0.0000E+00  0.0000E+00  7.7307E+00  8.8276E-01  1.2674E+00  8.4510E+00  6.3495E+00  2.1015E+00  1.4776E+00
  1.1800E+02  8.0000E+00  0.0000E+00  4.8490E+00  0.0000E+00  0.0000E+00  4.1696E+00  1.4915E+00  2.3111E+00  4.8490E+00  2.6217E+00  2.2273E+00  2.8923E+00
  1.1800E+02  1.2000E+01  0.0000E+00  2.1720E+00  0.0000E+00  0.0000E+00  2.7628E+00 -1.8498E+00 -9.4295E-01  2.1720E+00  1.4537E+00  7.1826E-01 -1.6827E+00
  1.1800E+02  2.4000E+01  0.0000E+00  9.3300E-01  0.0000E+00  0.0000E+00  8.0372E-01  7.9497E-01  1.4670E+00  9.3300E-01  2.4784E-01  6.8516E-01  2.3116E+00
  1.1900E+02  0.0000E+00  2.0190E+02  0.0000E+00  1.0000E+00  1.0000E+00  1.0244E+01 -9.5348E+00  0.0000E+00  0.0000E+00  8.5269E+00  0.0000E+00  0.0000E+00
  1.1900E+02  5.0000E-01  0.0000E+00  9.4140E+00  0.0000E+00  0.0000E+00  9.5049E+00 -9.1087E-02  1.9993E-01  9.4140E+00  7.8711E+00  1.5429E+00  1.8643E-01
  1.1900E+02  1.0000E+00  0.0000E+00  1.0151E+01  0.0000E+00  0.0000E+00  8.8191E+00  1.4358E+00  1.7491E+00  1.0151E+01  7.2658E+00  2.8852E+00  2.0289E+00
  1.1900E+02  2.0000E+00  0.0000E+00  7.4250E+00  0.0000E+00  0.0000E+00  7.5923E+00 -2.0873E-01  1.4659E-01  7.4250E+00  6.1912E+00  1.2338E+00  1.2625E-01
  1.1900E+02  8.0000E+00  0.0000E+00  3.2210E+00  0.0000E+00  0.0000E+00  3.0909E+00  3.7127E-01  8.8406E-01  3.2210E+00  2.3698E+00  8.5120E-01  1.0563E+00
  1.1900E+02  1.2000E+01  0.0000E+00  1.3840E+00  0.0000E+00  0.0000E+00  1.6978E+00 -1.3946E+00 -8.8404E-01  1.3840E+00  1.2493E+00  1.3469E-01 -9.4783E-01
  1.1900E+02  2.4000E+01  0.0000E+00  6.0500E-01  0.0000E+00  0.0000E+00  2.8139E-01  2.2703E+00  2.4876E+00  6.0500E-01  1.8304E-01  4.2196E-01  2.5746E+00
  1.2000E+02  0.0000E+00  3.5205E+02  0.0000E+00  1.0000E+00  1.0000E+00  1.0089E+01 -9.5323E+00  0.0000E+00  0.0000E+00  8.5269E+00  0.0000E+00  0.0000E+00
  1.2000E+02  5.0000E-01  0.0000E+00  9.1560E+00  0.0000E+00  0.0000E+00  9.2957E+00 -1.4308E-01  2.3441E-01  9.1560E+00  7.9532E+00  1.2028E+00  2.4066E-01
  1.2000E+02  1.0000E+00  0.0000E+00  8.6580E+00  0.0000E+00  0.0000E+00  8.5647E+00  1.0345E-01  4.0771E-01  8.6580E+00  7.4181E+00  1.2399E+00  4.4122E-01
  1.2000E+02  2.0000E+00  0.0000E+00  7.8210E+00  0.0000E+00  0.0000E+00  7.2707E+00  7.1580E-01  8.8890E-01  7.8210E+00  6.4535E+00  1.3675E+00  9.7243E-01
  1.2000E+02  8.0000E+00  0.0000E+00  2.8800E+00  0.0000E+00  0.0000E+00  2.7210E+00  5.0391E-01  2.6411E-01  2.8800E+00  2.7977E+00  8.2348E-02  2.1526E-01
  1.2000E+02  1.2000E+01  0.0000E+00  1.2950E+00  0.0000E+00  0.0000E+00  1.4131E+00 -5.8284E-01 -8.4828E-01  1.2950E+00  1.6025E+00 -3.0749E-01 -7.8266E-01
  1.2000E+02  2.4000E+01  0.0000E+00  2.5000E-01  0.0000E+00  0.0000E+00  1.9792E-01  3.6932E-01  2.7896E-01  2.5000E-01  3.0116E-01 -5.1159E-02  3.7655E-01
