TABLE NO.  1
 ID          TIME        AMT         DV          MDV         EVID        IPRE        IWRE        CWRES       DV          PRED        RES         WRES
  1.0000E+00  0.0000E+00  3.1999E+02  0.0000E+00  1.0000E+00  1.0000E+00  0.0000E+00  0.0000E+00  0.0000E+00  0.0000E+00  0.0000E+00  0.0000E+00  0.0000E+00
  1.0000E+00  0.0000E+00  0.0000E+00  7.4000E-01  1.0000E+00  0.0000E+00  0.0000E+00  1.2482E+00  0.0000E+00  7.4000E-01  0.0000E+00  0.0000E+00  0.0000E+00
  1.0000E+00  2.5000E-01  0.0000E+00  2.8400E+00  0.0000E+00  0.0000E+00  3.6957E+00 -1.3061E+00 -1.2753E+00  2.8400E+00  3.1849E+00 -3.4493E-01 -1.3625E+00
  1.0000E+00  5.7000E-01  0.0000E+00  6.5700E+00  0.0000E+00  0.0000E+00  6.5759E+00 -7.6676E-03  6.3375E-02  6.5700E+00  5.7219E+00  8.4811E-01  2.7540E-02
  1.0000E+00  1.1200E+00  0.0000E+00  1.0500E+01  0.0000E+00  0.0000E+00  8.8596E+00  1.8357E+00  1.9681E+00  1.0500E+01  7.7738E+00  2.7262E+00  2.1217E+00
  1.0000E+00  2.0200E+00  0.0000E+00  9.6600E+00  0.0000E+00  0.0000E+00  9.6794E+00 -2.0596E-02  1.9092E-01  9.6600E+00  8.4621E+00  1.1979E+00  3.0113E-01
  1.0000E+00  3.8200E+00  0.0000E+00  8.5800E+00  0.0000E+00  0.0000E+00  9.0511E+00 -5.2083E-01 -1.8235E-01  8.5800E+00  7.6100E+00  9.6999E-01 -1.1102E-01
  1.0000E+00  5.1000E+00  0.0000E+00  8.3600E+00  0.0000E+00  0.0000E+00  8.4185E+00 -6.7304E-02  3.4699E-01  8.3600E+00  6.8325E+00  1.5275E+00  4.3169E-01
  1.0000E+00  7.0300E+00  0.0000E+00  7.4700E+00  0.0000E+00  0.0000E+00  7.5279E+00 -7.0562E-02  4.3855E-01  7.4700E+00  5.7829E+00  1.6871E+00  4.8344E-01
  1.0000E+00  9.0500E+00  0.0000E+00  6.8900E+00  0.0000E+00  0.0000E+00  6.6948E+00  2.5054E-01  8.3611E-01  6.8900E+00  4.8540E+00  2.0360E+00  8.9544E-01
  1.0000E+00  1.2120E+01  0.0000E+00  5.9400E+00  0.0000E+00  0.0000E+00  5.6017E+00  4.6459E-01  1.1279E+00  5.9400E+00  3.7197E+00  2.2203E+00  1.2062E+00
  1.0000E+00  2.4370E+01  0.0000E+00  3.2800E+00  0.0000E+00  0.0000E+00  2.7504E+00  8.4314E-01  1.5191E+00  3.2800E+00  1.2860E+00  1.9940E+00  1.7018E+00
  2.0000E+00  0.0000E+00  3.1856E+02  0.0000E+00  1.0000E+00  1.0000E+00  0.0000E+00  0.0000E+00  0.0000E+00  0.0000E+00  0.0000E+00  0.0000E+00  0.0000E+00
  2.0000E+00  0.0000E+00  0.0000E+00  0.0000E+00  1.0000E+00  0.0000E+00  0.0000E+00  0.0000E+00  0.0000E+00  0.0000E+00  0.0000E+00  0.0000E+00  0.0000E+00
  2.0000E+00  2.7000E-01  0.0000E+00  1.7200E+00  0.0000E+00  0.0000E+00  3.9356E+00 -3.3413E+00 -3.1300E+00  1.7200E+00  3.3720E+00 -1.6520E+00 -3.2824E+00
  2.0000E+00  5.2000E-01  0.0000E+00  7.9100E+00  0.0000E+00  0.0000E+00  6.0679E+00  2.4590E+00  2.6773E+00  7.9100E+00  5.3875E+00  2.5225E+00  2.6734E+00
  2.0000E+00  1.0000E+00  0.0000E+00  8.3100E+00  0.0000E+00  0.0000E+00  7.9553E+00  4.2043E-01  5.4183E-01  8.3100E+00  7.4577E+00  8.5235E-01  4.8732E-01
  2.0000E+00  1.9200E+00  0.0000E+00  8.3300E+00  0.0000E+00  0.0000E+00  8.4313E+00 -1.1649E-01 -1.5511E-01  8.3300E+00  8.4239E+00 -9.3855E-02 -1.5228E-01
  2.0000E+00  3.5000E+00  0.0000E+00  6.8500E+00  0.0000E+00  0.0000E+00  7.4230E+00 -7.0255E-01 -8.4483E-01  6.8500E+00  7.7716E+00 -9.2156E-01 -7.7560E-01
  2.0000E+00  5.0200E+00  0.0000E+00  6.0800E+00  0.0000E+00  0.0000E+00  6.3860E+00 -4.0051E-01 -5.8038E-01  6.0800E+00  6.8488E+00 -7.6878E-01 -5.2342E-01
  2.0000E+00  7.0300E+00  0.0000E+00  5.4000E+00  0.0000E+00  0.0000E+00  5.2219E+00  2.5012E-01  4.4511E-02  5.4000E+00  5.7570E+00 -3.5704E-01  5.4681E-02
  2.0000E+00  9.0000E+00  0.0000E+00  4.5500E+00  0.0000E+00  0.0000E+00  4.2867E+00  3.8986E-01  1.7414E-01  4.5500E+00  4.8533E+00 -3.0329E-01  1.5730E-01
  2.0000E+00  1.2000E+01  0.0000E+00  3.0100E+00  0.0000E+00  0.0000E+00  3.1740E+00 -2.5642E-01 -4.6872E-01  3.0100E+00  3.7418E+00 -7.3178E-01 -4.8852E-01
  2.0000E+00  2.4300E+01  0.0000E+00  9.0000E-01  0.0000E+00  0.0000E+00  9.2567E-01 -4.3003E-02 -1.6619E-01  9.0000E-01  1.2881E+00 -3.8808E-01 -1.9527E-01
  3.0000E+00  0.0000E+00  3.1936E+02  0.0000E+00  1.0000E+00  1.0000E+00  0.0000E+00  0.0000E+00  0.0000E+00  0.0000E+00  0.0000E+00  0.0000E+00  0.0000E+00
  3.0000E+00  0.0000E+00  0.0000E+00  0.0000E+00  1.0000E+00  0.0000E+00  0.0000E+00  0.0000E+00  0.0000E+00  0.0000E+00  0.0000E+00  0.0000E+00  0.0000E+00
  3.0000E+00  2.7000E-01  0.0000E+00  4.4000E+00  0.0000E+00  0.0000E+00  4.3030E+00  1.4344E-01  3.9024E-01  4.4000E+00  3.3804E+00  1.0196E+00  5.3881E-01
  3.0000E+00  5.8000E-01  0.0000E+00  6.9000E+00  0.0000E+00  0.0000E+00  6.7713E+00  1.6437E-01  3.6016E-01  6.9000E+00  5.7693E+00  1.1307E+00  4.3123E-01
  3.0000E+00  1.0200E+00  0.0000E+00  8.2000E+00  0.0000E+00  0.0000E+00  8.1184E+00  9.5751E-02  1.1976E-01  8.2000E+00  7.5284E+00  6.7164E-01  8.6182E-02
  3.0000E+00  2.0200E+00  0.0000E+00  7.8000E+00  0.0000E+00  0.0000E+00  8.2678E+00 -5.4355E-01 -7.1540E-01  7.8000E+00  8.4454E+00 -6.4541E-01 -7.6627E-01
  3.0000E+00  3.6200E+00  0.0000E+00  7.5000E+00  0.0000E+00  0.0000E+00  7.2979E+00  2.4969E-01  6.4339E-02  7.5000E+00  7.7179E+00 -2.1795E-01  6.7947E-02
  3.0000E+00  5.0800E+00  0.0000E+00  6.2000E+00  0.0000E+00  0.0000E+00  6.4420E+00 -3.1565E-01 -4.7167E-01  6.2000E+00  6.8307E+00 -6.3073E-01 -4.3735E-01
  3.0000E+00  7.0700E+00  0.0000E+00  5.3000E+00  0.0000E+00  0.0000E+00  5.4320E+00 -1.8307E-01 -3.0203E-01  5.3000E+00  5.7515E+00 -4.5153E-01 -2.7945E-01
  3.0000E+00  9.0000E+00  0.0000E+00  4.9000E+00  0.0000E+00  0.0000E+00  4.6038E+00  4.3105E-01  3.4176E-01  4.9000E+00  4.8655E+00  3.4518E-02  3.4274E-01
  3.0000E+00  1.2150E+01  0.0000E+00  3.7000E+00  0.0000E+00  0.0000E+00  3.5145E+00  2.8559E-01  2.3310E-01  3.7000E+00  3.7027E+00 -2.7059E-03  2.2366E-01
  3.0000E+00  2.4170E+01  0.0000E+00  1.0500E+00  0.0000E+00  0.0000E+00  1.2544E+00 -3.4054E-01 -3.3561E-01  1.0500E+00  1.3060E+00 -2.5595E-01 -3.5787E-01
  4.0000E+00  0.0000E+00  3.1988E+02  0.0000E+00  1.0000E+00  1.0000E+00  0.0000E+00  0.0000E+00  0.0000E+00  0.0000E+00  0.0000E+00  0.0000E+00  0.0000E+00
  4.0000E+00  0.0000E+00  0.0000E+00  0.0000E+00  1.0000E+00  0.0000E+00  0.0000E+00  0.0000E+00  0.0000E+00  0.0000E+00  0.0000E+00  0.0000E+00  0.0000E+00
  4.0000E+00  3.5000E-01  0.0000E+00  1.8900E+00  0.0000E+00  0.0000E+00  3.3324E+00 -2.2399E+00 -2.4424E+00  1.8900E+00  4.1295E+00 -2.2395E+00 -2.1097E+00
  4.0000E+00  6.0000E-01  0.0000E+00  4.6000E+00  0.0000E+00  0.0000E+00  4.9487E+00 -4.9766E-01 -7.4447E-01  4.6000E+00  5.8933E+00 -1.2933E+00 -5.2335E-01
  4.0000E+00  1.0700E+00  0.0000E+00  8.6000E+00  0.0000E+00  0.0000E+00  6.8432E+00  2.2344E+00  2.0108E+00  8.6000E+00  7.6619E+00  9.3815E-01  1.9468E+00
  4.0000E+00  2.1300E+00  0.0000E+00  8.3800E+00  0.0000E+00  0.0000E+00  8.2306E+00  1.7403E-01  1.1128E-01  8.3800E+00  8.4475E+00 -6.7497E-02  5.3185E-02
  4.0000E+00  3.5000E+00  0.0000E+00  7.5400E+00  0.0000E+00  0.0000E+00  7.9566E+00 -4.9373E-01 -4.3960E-01  7.5400E+00  7.8038E+00 -2.6377E-01 -4.9433E-01
  4.0000E+00  5.0200E+00  0.0000E+00  6.8800E+00  0.0000E+00  0.0000E+00  7.1119E+00 -2.9002E-01 -2.0979E-01  6.8800E+00  6.8772E+00  2.8400E-03 -2.3860E-01
  4.0000E+00  7.0200E+00  0.0000E+00  5.7800E+00  0.0000E+00  0.0000E+00  6.0046E+00 -3.0097E-01 -2.3671E-01  5.7800E+00  5.7859E+00 -5.9053E-03 -2.4689E-01
  4.0000E+00  9.0200E+00  0.0000E+00  5.3300E+00  0.0000E+00  0.0000E+00  5.0508E+00  3.9610E-01  4.3731E-01  5.3300E+00  4.8650E+00  4.6504E-01  4.4507E-01
  4.0000E+00  1.1980E+01  0.0000E+00  4.1900E+00  0.0000E+00  0.0000E+00  3.9074E+00  4.2679E-01  4.4098E-01  4.1900E+00  3.7638E+00  4.2620E-01  4.5833E-01
  4.0000E+00  2.4650E+01  0.0000E+00  1.1500E+00  0.0000E+00  0.0000E+00  1.3020E+00 -2.5298E-01 -2.7505E-01  1.1500E+00  1.2548E+00 -1.0476E-01 -2.5221E-01
  5.0000E+00  0.0000E+00  3.1996E+02  0.0000E+00  1.0000E+00  1.0000E+00  0.0000E+00  0.0000E+00  0.0000E+00  0.0000E+00  0.0000E+00  0.0000E+00  0.0000E+00
  5.0000E+00  0.0000E+00  0.0000E+00  0.0000E+00  1.0000E+00  0.0000E+00  0.0000E+00  0.0000E+00  0.0000E+00  0.0000E+00  0.0000E+00  0.0000E+00  0.0000E+00
  5.0000E+00  3.0000E-01  0.0000E+00  2.0200E+00  0.0000E+00  0.0000E+00  4.0527E+00 -3.0471E+00 -2.9995E+00  2.0200E+00  3.6775E+00 -1.6575E+00 -3.0258E+00
  5.0000E+00  5.2000E-01  0.0000E+00  5.6300E+00  0.0000E+00  0.0000E+00  6.0099E+00 -5.0889E-01 -4.1066E-01  5.6300E+00  5.4111E+00  2.1887E-01 -3.9746E-01
  5.0000E+00  1.0000E+00  0.0000E+00  1.1400E+01  0.0000E+00  0.0000E+00  8.4355E+00  3.4077E+00  3.6315E+00  1.1400E+01  7.4904E+00  3.9096E+00  3.8438E+00
  5.0000E+00  2.0200E+00  0.0000E+00  9.3300E+00  0.0000E+00  0.0000E+00  9.6994E+00 -3.9214E-01  4.5038E-03  9.3300E+00  8.4613E+00  8.6873E-01  3.7817E-03
  5.0000E+00  3.5000E+00  0.0000E+00  8.7400E+00  0.0000E+00  0.0000E+00  9.0332E+00 -3.2449E-01  1.0578E-01  8.7400E+00  7.8057E+00  9.3428E-01  1.0111E-01
  5.0000E+00  5.0200E+00  0.0000E+00  7.5600E+00  0.0000E+00  0.0000E+00  7.9836E+00 -5.0117E-01 -1.2312E-01  7.5600E+00  6.8789E+00  6.8112E-01 -1.4082E-01
  5.0000E+00  7.0200E+00  0.0000E+00  7.0900E+00  0.0000E+00  0.0000E+00  6.7289E+00  4.6264E-01  7.5880E-01  7.0900E+00  5.7874E+00  1.3026E+00  8.0287E-01
  5.0000E+00  9.1000E+00  0.0000E+00  5.9000E+00  0.0000E+00  0.0000E+00  5.6275E+00  3.7372E-01  5.9553E-01  5.9000E+00  4.8325E+00  1.0675E+00  6.2987E-01
  5.0000E+00  1.2000E+01  0.0000E+00  4.3700E+00  0.0000E+00  0.0000E+00  4.3857E+00 -2.3192E-02  1.1737E-01  4.3700E+00  3.7582E+00  6.1178E-01  1.3378E-01
  5.0000E+00  2.4350E+01  0.0000E+00  1.5700E+00  0.0000E+00  0.0000E+00  1.5169E+00  8.7907E-02  8.2671E-02  1.5700E+00  1.2881E+00  2.8185E-01  9.6188E-02
  6.0000E+00  0.0000E+00  3.2000E+02  0.0000E+00  1.0000E+00  1.0000E+00  0.0000E+00  0.0000E+00  0.0000E+00  0.0000E+00  0.0000E+00  0.0000E+00  0.0000E+00
  6.0000E+00  0.0000E+00  0.0000E+00  0.0000E+00  1.0000E+00  0.0000E+00  0.0000E+00  0.0000E+00  0.0000E+00  0.0000E+00  0.0000E+00  0.0000E+00  0.0000E+00
  6.0000E+00  2.7000E-01  0.0000E+00  1.2900E+00  0.0000E+00  0.0000E+00  2.0080E+00 -1.1735E+00 -1.4493E+00  1.2900E+00  3.3872E+00 -2.0972E+00 -1.1318E+00
  6.0000E+00  5.8000E-01  0.0000E+00  3.0800E+00  0.0000E+00  0.0000E+00  3.6508E+00 -8.7308E-01 -1.3394E+00  3.0800E+00  5.7809E+00 -2.7009E+00 -1.0282E+00
  6.0000E+00  1.1500E+00  0.0000E+00  6.4400E+00  0.0000E+00  0.0000E+00  5.4209E+00  1.4149E+00  8.0127E-01  6.4400E+00  7.8342E+00 -1.3942E+00  6.4535E-01
  6.0000E+00  2.0300E+00  0.0000E+00  6.3200E+00  0.0000E+00  0.0000E+00  6.3898E+00 -9.1378E-02 -7.2525E-01  6.3200E+00  8.4618E+00 -2.1418E+00 -7.2818E-01
  6.0000E+00  3.5700E+00  0.0000E+00  5.5300E+00  0.0000E+00  0.0000E+00  6.1773E+00 -8.5827E-01 -1.4269E+00  5.5300E+00  7.7640E+00 -2.2340E+00 -1.2911E+00
  6.0000E+00  5.0000E+00  0.0000E+00  4.9400E+00  0.0000E+00  0.0000E+00  5.4632E+00 -7.2448E-01 -1.2488E+00  4.9400E+00  6.8915E+00 -1.9515E+00 -1.1061E+00
  6.0000E+00  7.0000E+00  0.0000E+00  4.0200E+00  0.0000E+00  0.0000E+00  4.4638E+00 -6.5083E-01 -1.1319E+00  4.0200E+00  5.7981E+00 -1.7781E+00 -1.0218E+00
  6.0000E+00  9.2200E+00  0.0000E+00  3.4600E+00  0.0000E+00  0.0000E+00  3.5393E+00 -1.2191E-01 -5.5782E-01  3.4600E+00  4.7831E+00 -1.3231E+00 -5.2394E-01
  6.0000E+00  1.2100E+01  0.0000E+00  2.7800E+00  0.0000E+00  0.0000E+00  2.6151E+00  2.6391E-01 -1.1107E-01  2.7800E+00  3.7262E+00 -9.4624E-01 -1.2904E-01
  6.0000E+00  2.3850E+01  0.0000E+00  9.2000E-01  0.0000E+00  0.0000E+00  7.6029E-01  2.6814E-01  9.8426E-02  9.2000E-01  1.3454E+00 -4.2538E-01  8.0788E-02
  7.0000E+00  0.0000E+00  3.1977E+02  0.0000E+00  1.0000E+00  1.0000E+00  0.0000E+00  0.0000E+00  0.0000E+00  0.0000E+00  0.0000E+00  0.0000E+00  0.0000E+00
  7.0000E+00  0.0000E+00  0.0000E+00  1.5000E-01  1.0000E+00  0.0000E+00  0.0000E+00  2.5302E-01  0.0000E+00  1.5000E-01  0.0000E+00  0.0000E+00  0.0000E+00
  7.0000E+00  2.5000E-01  0.0000E+00  8.5000E-01  0.0000E+00  0.0000E+00  1.5409E+00 -1.1436E+00 -1.4611E+00  8.5000E-01  3.1827E+00 -2.3327E+00 -9.0818E-01
  7.0000E+00  5.0000E-01  0.0000E+00  2.3500E+00  0.0000E+00  0.0000E+00  2.7925E+00 -7.0331E-01 -1.2266E+00  2.3500E+00  5.2761E+00 -2.9261E+00 -7.6290E-01
  7.0000E+00  1.0200E+00  0.0000E+00  5.0200E+00  0.0000E+00  0.0000E+00  4.6704E+00  5.0681E-01 -2.0492E-01  5.0200E+00  7.5380E+00 -2.5180E+00 -3.4504E-01
  7.0000E+00  2.0200E+00  0.0000E+00  6.5800E+00  0.0000E+00  0.0000E+00  6.4650E+00  1.4980E-01 -5.0506E-01  6.5800E+00  8.4562E+00 -1.8762E+00 -8.2439E-01
  7.0000E+00  3.4800E+00  0.0000E+00  7.0900E+00  0.0000E+00  0.0000E+00  6.9607E+00  1.6324E-01 -2.2061E-01  7.0900E+00  7.8132E+00 -7.2322E-01 -2.8219E-01
  7.0000E+00  5.0000E+00  0.0000E+00  6.6600E+00  0.0000E+00  0.0000E+00  6.4996E+00  2.0845E-01  9.9955E-03  6.6600E+00  6.8866E+00 -2.2659E-01  1.3697E-01
  7.0000E+00  6.9800E+00  0.0000E+00  5.2500E+00  0.0000E+00  0.0000E+00  5.5601E+00 -4.2698E-01 -5.3770E-01  5.2500E+00  5.8040E+00 -5.5400E-01 -3.6911E-01
  7.0000E+00  9.0000E+00  0.0000E+00  4.3900E+00  0.0000E+00  0.0000E+00  4.6301E+00 -3.4894E-01 -4.5171E-01  4.3900E+00  4.8717E+00 -4.8173E-01 -3.3479E-01
  7.0000E+00  1.2050E+01  0.0000E+00  3.5300E+00  0.0000E+00  0.0000E+00  3.4737E+00  8.6875E-02 -3.6320E-02  3.5300E+00  3.7397E+00 -2.0974E-01 -8.1298E-03
  7.0000E+00  2.4220E+01  0.0000E+00  1.1500E+00  0.0000E+00  0.0000E+00  1.0904E+00  9.9541E-02 -1.4667E-02  1.1500E+00  1.3020E+00 -1.5197E-01 -1.0422E-01
  8.0000E+00  0.0000E+00  3.1936E+02  0.0000E+00  1.0000E+00  1.0000E+00  0.0000E+00  0.0000E+00  0.0000E+00  0.0000E+00  0.0000E+00  0.0000E+00  0.0000E+00
  8.0000E+00  0.0000E+00  0.0000E+00  0.0000E+00  1.0000E+00  0.0000E+00  0.0000E+00  0.0000E+00  0.0000E+00  0.0000E+00  0.0000E+00  0.0000E+00  0.0000E+00
  8.0000E+00  2.5000E-01  0.0000E+00  3.0500E+00  0.0000E+00  0.0000E+00  2.5644E+00  7.7869E-01  6.8233E-01  3.0500E+00  3.1787E+00 -1.2866E-01  7.0519E-01
  8.0000E+00  5.2000E-01  0.0000E+00  3.0500E+00  0.0000E+00  0.0000E+00  4.4572E+00 -2.0644E+00 -2.2372E+00  3.0500E+00  5.4010E+00 -2.3510E+00 -2.0733E+00
  8.0000E+00  9.8000E-01  0.0000E+00  7.3100E+00  0.0000E+00  0.0000E+00  6.3175E+00  1.3046E+00  1.0567E+00  7.3100E+00  7.4223E+00 -1.1226E-01  9.7117E-01
  8.0000E+00  2.0200E+00  0.0000E+00  7.5600E+00  0.0000E+00  0.0000E+00  7.4831E+00  9.3904E-02 -2.0075E-01  7.5600E+00  8.4454E+00 -8.8541E-01 -2.0661E-01
  8.0000E+00  3.5300E+00  0.0000E+00  6.5900E+00  0.0000E+00  0.0000E+00  6.9903E+00 -5.0441E-01 -7.9431E-01  6.5900E+00  7.7729E+00 -1.1829E+00 -7.5480E-01
  8.0000E+00  5.0500E+00  0.0000E+00  5.8800E+00  0.0000E+00  0.0000E+00  6.1345E+00 -3.3834E-01 -6.1104E-01  5.8800E+00  6.8483E+00 -9.6834E-01 -5.7807E-01
  8.0000E+00  7.1500E+00  0.0000E+00  4.7300E+00  0.0000E+00  0.0000E+00  5.0560E+00 -4.6234E-01 -7.0798E-01  4.7300E+00  5.7118E+00 -9.8179E-01 -6.7820E-01
  8.0000E+00  9.0700E+00  0.0000E+00  4.5700E+00  0.0000E+00  0.0000E+00  4.2305E+00  5.0423E-01  2.8365E-01  4.5700E+00  4.8360E+00 -2.6604E-01  2.7127E-01
  8.0000E+00  1.2100E+01  0.0000E+00  3.0000E+00  0.0000E+00  0.0000E+00  3.1926E+00 -3.0091E-01 -4.8404E-01  3.0000E+00  3.7188E+00 -7.1879E-01 -4.7864E-01
  8.0000E+00  2.4120E+01  0.0000E+00  1.2500E+00  0.0000E+00  0.0000E+00  1.0451E+00  3.4263E-01  2.6353E-01  1.2500E+00  1.3116E+00 -6.1628E-02  2.5655E-01
  9.0000E+00  0.0000E+00  2.6784E+02  0.0000E+00  1.0000E+00  1.0000E+00  0.0000E+00  0.0000E+00  0.0000E+00  0.0000E+00  0.0000E+00  0.0000E+00  0.0000E+00
  9.0000E+00  0.0000E+00  0.0000E+00  0.0000E+00  1.0000E+00  0.0000E+00  0.0000E+00  0.0000E+00  0.0000E+00  0.0000E+00  0.0000E+00  0.0000E+00  0.0000E+00
  9.0000E+00  3.0000E-01  0.0000E+00  7.3700E+00  0.0000E+00  0.0000E+00  6.8376E+00  6.7736E-01  1.8896E+00  7.3700E+00  3.0785E+00  4.2915E+00  3.2532E+00
  9.0000E+00  6.3000E-01  0.0000E+00  9.0300E+00  0.0000E+00  0.0000E+00  7.8648E+00  1.3890E+00  1.6070E+00  9.0300E+00  5.0722E+00  3.9578E+00  1.9201E+00
  9.0000E+00  1.0500E+00  0.0000E+00  7.1400E+00  0.0000E+00  0.0000E+00  7.7635E+00 -7.4800E-01 -8.8274E-01  7.1400E+00  6.3760E+00  7.6398E-01 -1.6172E+00
  9.0000E+00  2.0200E+00  0.0000E+00  6.3300E+00  0.0000E+00  0.0000E+00  7.1315E+00 -1.0009E+00 -1.1751E+00  6.3300E+00  7.0830E+00 -7.5297E-01 -1.4477E+00
  9.0000E+00  3.5300E+00  0.0000E+00  5.6600E+00  0.0000E+00  0.0000E+00  6.2251E+00 -7.4704E-01 -8.9156E-01  5.6600E+00  6.5189E+00 -8.5892E-01 -5.3740E-01
  9.0000E+00  5.0200E+00  0.0000E+00  5.6700E+00  0.0000E+00  0.0000E+00  5.4436E+00  3.1382E-01  1.9570E-01  5.6700E+00  5.7583E+00 -8.8342E-02  5.4647E-01
  9.0000E+00  7.1700E+00  0.0000E+00  4.2400E+00  0.0000E+00  0.0000E+00  4.4857E+00 -3.5991E-01 -4.4580E-01  4.2400E+00  4.7821E+00 -5.4206E-01 -2.5561E-01
  9.0000E+00  8.8000E+00  0.0000E+00  4.1100E+00  0.0000E+00  0.0000E+00  3.8735E+00  3.5781E-01  2.9196E-01  4.1100E+00  4.1519E+00 -4.1941E-02  3.4152E-01
  9.0000E+00  1.1600E+01  0.0000E+00  3.1600E+00  0.0000E+00  0.0000E+00  3.0104E+00  2.3557E-01  1.9634E-01  3.1600E+00  3.2570E+00 -9.7042E-02  7.6772E-02
  9.0000E+00  2.4430E+01  0.0000E+00  1.1200E+00  0.0000E+00  0.0000E+00  9.4844E-01  2.8730E-01  2.9371E-01  1.1200E+00  1.0709E+00  4.9139E-02 -1.6451E-02
  1.0000E+01  0.0000E+00  3.2010E+02  0.0000E+00  1.0000E+00  1.0000E+00  0.0000E+00  0.0000E+00  0.0000E+00  0.0000E+00  0.0000E+00  0.0000E+00  0.0000E+00
  1.0000E+01  0.0000E+00  0.0000E+00  2.4000E-01  1.0000E+00  0.0000E+00  0.0000E+00  4.0484E-01  0.0000E+00  2.4000E-01  0.0000E+00  0.0000E+00  0.0000E+00
  1.0000E+01  3.7000E-01  0.0000E+00  2.8900E+00  0.0000E+00  0.0000E+00  2.9330E+00 -6.7887E-02 -3.8038E-01  2.8900E+00  4.3032E+00 -1.4132E+00 -1.3298E-01
  1.0000E+01  7.7000E-01  0.0000E+00  5.2200E+00  0.0000E+00  0.0000E+00  5.1886E+00  4.4133E-02 -3.5548E-01  5.2200E+00  6.7222E+00 -1.5022E+00 -3.3631E-01
  1.0000E+01  1.0200E+00  0.0000E+00  6.4100E+00  0.0000E+00  0.0000E+00  6.2315E+00  2.3589E-01 -1.4309E-01  6.4100E+00  7.5458E+00 -1.1358E+00 -2.4573E-01
  1.0000E+01  2.0500E+00  0.0000E+00  7.8300E+00  0.0000E+00  0.0000E+00  8.5960E+00 -8.7159E-01 -9.5039E-01  7.8300E+00  8.4630E+00 -6.3296E-01 -1.0846E+00
  1.0000E+01  3.5500E+00  0.0000E+00  1.0210E+01  0.0000E+00  0.0000E+00  9.2552E+00  1.0422E+00  1.3892E+00  1.0210E+01  7.7787E+00  2.4313E+00  1.6059E+00
  1.0000E+01  5.0500E+00  0.0000E+00  9.1800E+00  0.0000E+00  0.0000E+00  8.8016E+00  4.2495E-01  9.8995E-01  9.1800E+00  6.8642E+00  2.3158E+00  1.2436E+00
  1.0000E+01  7.0800E+00  0.0000E+00  8.0200E+00  0.0000E+00  0.0000E+00  7.8049E+00  2.5742E-01  9.0949E-01  8.0200E+00  5.7599E+00  2.2601E+00  1.0725E+00
  1.0000E+01  9.3800E+00  0.0000E+00  7.1400E+00  0.0000E+00  0.0000E+00  6.6889E+00  5.7930E-01  1.2169E+00  7.1400E+00  4.7187E+00  2.4213E+00  1.2975E+00
  1.0000E+01  1.2100E+01  0.0000E+00  5.6800E+00  0.0000E+00  0.0000E+00  5.5468E+00  1.8360E-01  7.6415E-01  5.6800E+00  3.7274E+00  1.9526E+00  6.8836E-01
  1.0000E+01  2.3700E+01  0.0000E+00  2.4200E+00  0.0000E+00  0.0000E+00  2.4860E+00 -1.0621E-01  2.3000E-01  2.4200E+00  1.3634E+00  1.0566E+00  7.9166E-02
  1.1000E+01  0.0000E+00  3.1980E+02  0.0000E+00  1.0000E+00  1.0000E+00  0.0000E+00  0.0000E+00  0.0000E+00  0.0000E+00  0.0000E+00  0.0000E+00  0.0000E+00
  1.1000E+01  0.0000E+00  0.0000E+00  0.0000E+00  1.0000E+00  0.0000E+00  0.0000E+00  0.0000E+00  0.0000E+00  0.0000E+00  0.0000E+00  0.0000E+00  0.0000E+00
  1.1000E+01  2.5000E-01  0.0000E+00  4.8600E+00  0.0000E+00  0.0000E+00  4.8435E+00  2.3692E-02  5.4024E-01  4.8600E+00  3.1830E+00  1.6770E+00  9.7016E-01
  1.1000E+01  5.0000E-01  0.0000E+00  7.2400E+00  0.0000E+00  0.0000E+00  6.8730E+00  4.6594E-01  7.3115E-01  7.2400E+00  5.2766E+00  1.9634E+00  9.8238E-01
  1.1000E+01  9.8000E-01  0.0000E+00  8.0000E+00  0.0000E+00  0.0000E+00  7.8804E+00  1.4236E-01 -1.0497E-01  8.0000E+00  7.4325E+00  5.6751E-01 -2.4696E-01
  1.1000E+01  1.9800E+00  0.0000E+00  6.8100E+00  0.0000E+00  0.0000E+00  7.4446E+00 -7.7697E-01 -1.3019E+00  6.8100E+00  8.4582E+00 -1.6482E+00 -1.3747E+00
  1.1000E+01  3.6000E+00  0.0000E+00  5.8700E+00  0.0000E+00  0.0000E+00  6.3243E+00 -5.9691E-01 -1.1085E+00  5.8700E+00  7.7408E+00 -1.8708E+00 -9.3688E-01
  1.1000E+01  5.0200E+00  0.0000E+00  5.2200E+00  0.0000E+00  0.0000E+00  5.4725E+00 -3.4945E-01 -8.2549E-01  5.2200E+00  6.8754E+00 -1.6554E+00 -6.6683E-01
  1.1000E+01  7.0300E+00  0.0000E+00  4.4500E+00  0.0000E+00  0.0000E+00  4.4591E+00 -1.3290E-02 -4.3755E-01  4.4500E+00  5.7794E+00 -1.3294E+00 -3.7655E-01
  1.1000E+01  9.0300E+00  0.0000E+00  3.6200E+00  0.0000E+00  0.0000E+00  3.6370E+00 -2.6037E-02 -4.0012E-01  3.6200E+00  4.8595E+00 -1.2395E+00 -4.0615E-01
  1.1000E+01  1.2120E+01  0.0000E+00  2.6900E+00  0.0000E+00  0.0000E+00  2.6547E+00  5.6425E-02 -2.4665E-01  2.6900E+00  3.7175E+00 -1.0275E+00 -3.3030E-01
  1.1000E+01  2.4080E+01  0.0000E+00  8.6000E-01  0.0000E+00  0.0000E+00  7.8486E-01  1.2612E-01  4.5611E-03  8.6000E-01  1.3180E+00 -4.5800E-01 -1.1779E-01
  1.2000E+01  0.0000E+00  3.2065E+02  0.0000E+00  1.0000E+00  1.0000E+00  0.0000E+00  0.0000E+00  0.0000E+00  0.0000E+00  0.0000E+00  0.0000E+00  0.0000E+00
  1.2000E+01  0.0000E+00  0.0000E+00  0.0000E+00  1.0000E+00  0.0000E+00  0.0000E+00  0.0000E+00  0.0000E+00  0.0000E+00  0.0000E+00  0.0000E+00  0.0000E+00
  1.2000E+01  2.5000E-01  0.0000E+00  1.2500E+00  0.0000E+00  0.0000E+00  2.4737E+00 -1.9688E+00 -2.2450E+00  1.2500E+00  3.1915E+00 -1.9415E+00 -1.7387E+00
  1.2000E+01  5.0000E-01  0.0000E+00  3.9600E+00  0.0000E+00  0.0000E+00  4.3784E+00 -6.1642E-01 -9.9742E-01  3.9600E+00  5.2906E+00 -1.3306E+00 -5.3602E-01
  1.2000E+01  1.0000E+00  0.0000E+00  7.8200E+00  0.0000E+00  0.0000E+00  6.9329E+00  1.1219E+00  7.9911E-01  7.8200E+00  7.5066E+00  3.1342E-01  9.2833E-01
  1.2000E+01  2.0000E+00  0.0000E+00  9.7200E+00  0.0000E+00  0.0000E+00  9.0609E+00  7.2826E-01  7.8650E-01  9.7200E+00  8.4803E+00  1.2397E+00  7.5926E-01
  1.2000E+01  3.5200E+00  0.0000E+00  9.7500E+00  0.0000E+00  0.0000E+00  9.1856E+00  6.1879E-01  1.0460E+00  9.7500E+00  7.8104E+00  1.9396E+00  1.0707E+00
  1.2000E+01  5.0700E+00  0.0000E+00  8.5700E+00  0.0000E+00  0.0000E+00  8.2842E+00  3.3173E-01  8.2706E-01  8.5700E+00  6.8642E+00  1.7058E+00  8.6620E-01
  1.2000E+01  7.0700E+00  0.0000E+00  6.5900E+00  0.0000E+00  0.0000E+00  6.9716E+00 -4.8142E-01 -8.3571E-02  6.5900E+00  5.7748E+00  8.1524E-01 -1.0351E-01
  1.2000E+01  9.0300E+00  0.0000E+00  6.1100E+00  0.0000E+00  0.0000E+00  5.8324E+00  3.7595E-01  6.4100E-01  6.1100E+00  4.8724E+00  1.2376E+00  6.7754E-01
  1.2000E+01  1.2050E+01  0.0000E+00  4.5700E+00  0.0000E+00  0.0000E+00  4.4178E+00  2.2370E-01  3.2029E-01  4.5700E+00  3.7500E+00  8.1997E-01  3.4077E-01
  1.2000E+01  2.4150E+01  0.0000E+00  1.1700E+00  0.0000E+00  0.0000E+00  1.4489E+00 -4.6269E-01 -5.8484E-01  1.1700E+00  1.3135E+00 -1.4351E-01 -5.8679E-01
