TABLE NO.  2
 ID          CL          V           ETA1        ETA2
  1.0000E+00  5.2866E-03  1.3911E+00 -1.0864E-01 -3.6013E-02
  1.0000E+00  5.2866E-03  1.3911E+00 -1.0864E-01 -3.6013E-02
  1.0000E+00  5.2866E-03  1.3911E+00 -1.0864E-01 -3.6013E-02
  1.0000E+00  5.2866E-03  1.3911E+00 -1.0864E-01 -3.6013E-02
  1.0000E+00  5.2866E-03  1.3911E+00 -1.0864E-01 -3.6013E-02
  1.0000E+00  5.2866E-03  1.3911E+00 -1.0864E-01 -3.6013E-02
  1.0000E+00  5.2866E-03  1.3911E+00 -1.0864E-01 -3.6013E-02
  1.0000E+00  5.2866E-03  1.3911E+00 -1.0864E-01 -3.6013E-02
  1.0000E+00  5.2866E-03  1.3911E+00 -1.0864E-01 -3.6013E-02
  1.0000E+00  5.2866E-03  1.3911E+00 -1.0864E-01 -3.6013E-02
  1.0000E+00  5.2866E-03  1.3911E+00 -1.0864E-01 -3.6013E-02
  1.0000E+00  5.2866E-03  1.3911E+00 -1.0864E-01 -3.6013E-02
  1.0000E+00  5.2866E-03  1.3911E+00 -1.0864E-01 -3.6013E-02
  2.0000E+00  4.8417E-03  1.2396E+00 -1.9655E-01 -1.5131E-01
  2.0000E+00  4.8417E-03  1.2396E+00 -1.9655E-01 -1.5131E-01
  2.0000E+00  4.8417E-03  1.2396E+00 -1.9655E-01 -1.5131E-01
  2.0000E+00  4.8417E-03  1.2396E+00 -1.9655E-01 -1.5131E-01
  2.0000E+00  4.8417E-03  1.2396E+00 -1.9655E-01 -1.5131E-01
  2.0000E+00  4.8417E-03  1.2396E+00 -1.9655E-01 -1.5131E-01
  2.0000E+00  4.8417E-03  1.2396E+00 -1.9655E-01 -1.5131E-01
  2.0000E+00  4.8417E-03  1.2396E+00 -1.9655E-01 -1.5131E-01
  2.0000E+00  4.8417E-03  1.2396E+00 -1.9655E-01 -1.5131E-01
  2.0000E+00  4.8417E-03  1.2396E+00 -1.9655E-01 -1.5131E-01
  2.0000E+00  4.8417E-03  1.2396E+00 -1.9655E-01 -1.5131E-01
  2.0000E+00  4.8417E-03  1.2396E+00 -1.9655E-01 -1.5131E-01
  2.0000E+00  4.8417E-03  1.2396E+00 -1.9655E-01 -1.5131E-01
  2.0000E+00  4.8417E-03  1.2396E+00 -1.9655E-01 -1.5131E-01
  2.0000E+00  4.8417E-03  1.2396E+00 -1.9655E-01 -1.5131E-01
  2.0000E+00  4.8417E-03  1.2396E+00 -1.9655E-01 -1.5131E-01
  3.0000E+00  8.6731E-03  1.6918E+00  3.8640E-01  1.5973E-01
  3.0000E+00  8.6731E-03  1.6918E+00  3.8640E-01  1.5973E-01
  3.0000E+00  8.6731E-03  1.6918E+00  3.8640E-01  1.5973E-01
  3.0000E+00  8.6731E-03  1.6918E+00  3.8640E-01  1.5973E-01
  3.0000E+00  8.6731E-03  1.6918E+00  3.8640E-01  1.5973E-01
  3.0000E+00  8.6731E-03  1.6918E+00  3.8640E-01  1.5973E-01
  3.0000E+00  8.6731E-03  1.6918E+00  3.8640E-01  1.5973E-01
  3.0000E+00  8.6731E-03  1.6918E+00  3.8640E-01  1.5973E-01
  3.0000E+00  8.6731E-03  1.6918E+00  3.8640E-01  1.5973E-01
  3.0000E+00  8.6731E-03  1.6918E+00  3.8640E-01  1.5973E-01
  3.0000E+00  8.6731E-03  1.6918E+00  3.8640E-01  1.5973E-01
  3.0000E+00  8.6731E-03  1.6918E+00  3.8640E-01  1.5973E-01
  3.0000E+00  8.6731E-03  1.6918E+00  3.8640E-01  1.5973E-01
  3.0000E+00  8.6731E-03  1.6918E+00  3.8640E-01  1.5973E-01
  3.0000E+00  8.6731E-03  1.6918E+00  3.8640E-01  1.5973E-01
  3.0000E+00  8.6731E-03  1.6918E+00  3.8640E-01  1.5973E-01
  4.0000E+00  4.2295E-03  9.0038E-01 -3.3173E-01 -4.7101E-01
  4.0000E+00  4.2295E-03  9.0038E-01 -3.3173E-01 -4.7101E-01
  4.0000E+00  4.2295E-03  9.0038E-01 -3.3173E-01 -4.7101E-01
  4.0000E+00  4.2295E-03  9.0038E-01 -3.3173E-01 -4.7101E-01
  4.0000E+00  4.2295E-03  9.0038E-01 -3.3173E-01 -4.7101E-01
  4.0000E+00  4.2295E-03  9.0038E-01 -3.3173E-01 -4.7101E-01
  4.0000E+00  4.2295E-03  9.0038E-01 -3.3173E-01 -4.7101E-01
  4.0000E+00  4.2295E-03  9.0038E-01 -3.3173E-01 -4.7101E-01
  4.0000E+00  4.2295E-03  9.0038E-01 -3.3173E-01 -4.7101E-01
  4.0000E+00  4.2295E-03  9.0038E-01 -3.3173E-01 -4.7101E-01
  4.0000E+00  4.2295E-03  9.0038E-01 -3.3173E-01 -4.7101E-01
  4.0000E+00  4.2295E-03  9.0038E-01 -3.3173E-01 -4.7101E-01
  4.0000E+00  4.2295E-03  9.0038E-01 -3.3173E-01 -4.7101E-01
  4.0000E+00  4.2295E-03  9.0038E-01 -3.3173E-01 -4.7101E-01
  4.0000E+00  4.2295E-03  9.0038E-01 -3.3173E-01 -4.7101E-01
  5.0000E+00  7.7587E-03  1.9113E+00  2.7499E-01  2.8174E-01
  5.0000E+00  7.7587E-03  1.9113E+00  2.7499E-01  2.8174E-01
  5.0000E+00  7.7587E-03  1.9113E+00  2.7499E-01  2.8174E-01
  5.0000E+00  7.7587E-03  1.9113E+00  2.7499E-01  2.8174E-01
  5.0000E+00  7.7587E-03  1.9113E+00  2.7499E-01  2.8174E-01
  5.0000E+00  7.7587E-03  1.9113E+00  2.7499E-01  2.8174E-01
  5.0000E+00  7.7587E-03  1.9113E+00  2.7499E-01  2.8174E-01
  5.0000E+00  7.7587E-03  1.9113E+00  2.7499E-01  2.8174E-01
  5.0000E+00  7.7587E-03  1.9113E+00  2.7499E-01  2.8174E-01
  5.0000E+00  7.7587E-03  1.9113E+00  2.7499E-01  2.8174E-01
  5.0000E+00  7.7587E-03  1.9113E+00  2.7499E-01  2.8174E-01
  5.0000E+00  7.7587E-03  1.9113E+00  2.7499E-01  2.8174E-01
  5.0000E+00  7.7587E-03  1.9113E+00  2.7499E-01  2.8174E-01
  5.0000E+00  7.7587E-03  1.9113E+00  2.7499E-01  2.8174E-01
  5.0000E+00  7.7587E-03  1.9113E+00  2.7499E-01  2.8174E-01
  6.0000E+00  4.6491E-03  1.3881E+00 -2.3714E-01 -3.8136E-02
  6.0000E+00  4.6491E-03  1.3881E+00 -2.3714E-01 -3.8136E-02
  6.0000E+00  4.6491E-03  1.3881E+00 -2.3714E-01 -3.8136E-02
  6.0000E+00  4.6491E-03  1.3881E+00 -2.3714E-01 -3.8136E-02
  6.0000E+00  4.6491E-03  1.3881E+00 -2.3714E-01 -3.8136E-02
  6.0000E+00  4.6491E-03  1.3881E+00 -2.3714E-01 -3.8136E-02
  6.0000E+00  4.6491E-03  1.3881E+00 -2.3714E-01 -3.8136E-02
  6.0000E+00  4.6491E-03  1.3881E+00 -2.3714E-01 -3.8136E-02
  6.0000E+00  4.6491E-03  1.3881E+00 -2.3714E-01 -3.8136E-02
  6.0000E+00  4.6491E-03  1.3881E+00 -2.3714E-01 -3.8136E-02
  6.0000E+00  4.6491E-03  1.3881E+00 -2.3714E-01 -3.8136E-02
  6.0000E+00  4.6491E-03  1.3881E+00 -2.3714E-01 -3.8136E-02
  6.0000E+00  4.6491E-03  1.3881E+00 -2.3714E-01 -3.8136E-02
  6.0000E+00  4.6491E-03  1.3881E+00 -2.3714E-01 -3.8136E-02
  6.0000E+00  4.6491E-03  1.3881E+00 -2.3714E-01 -3.8136E-02
  6.0000E+00  4.6491E-03  1.3881E+00 -2.3714E-01 -3.8136E-02
  7.0000E+00  5.2956E-03  1.0394E+00 -1.0694E-01 -3.2745E-01
  7.0000E+00  5.2956E-03  1.0394E+00 -1.0694E-01 -3.2745E-01
  7.0000E+00  5.2956E-03  1.0394E+00 -1.0694E-01 -3.2745E-01
  7.0000E+00  5.2956E-03  1.0394E+00 -1.0694E-01 -3.2745E-01
  7.0000E+00  5.2956E-03  1.0394E+00 -1.0694E-01 -3.2745E-01
  7.0000E+00  5.2956E-03  1.0394E+00 -1.0694E-01 -3.2745E-01
  7.0000E+00  5.2956E-03  1.0394E+00 -1.0694E-01 -3.2745E-01
  7.0000E+00  5.2956E-03  1.0394E+00 -1.0694E-01 -3.2745E-01
  7.0000E+00  5.2956E-03  1.0394E+00 -1.0694E-01 -3.2745E-01
  7.0000E+00  5.2956E-03  1.0394E+00 -1.0694E-01 -3.2745E-01
  7.0000E+00  5.2956E-03  1.0394E+00 -1.0694E-01 -3.2745E-01
  7.0000E+00  5.2956E-03  1.0394E+00 -1.0694E-01 -3.2745E-01
  7.0000E+00  5.2956E-03  1.0394E+00 -1.0694E-01 -3.2745E-01
  7.0000E+00  5.2956E-03  1.0394E+00 -1.0694E-01 -3.2745E-01
  7.0000E+00  5.2956E-03  1.0394E+00 -1.0694E-01 -3.2745E-01
  7.0000E+00  5.2956E-03  1.0394E+00 -1.0694E-01 -3.2745E-01
  7.0000E+00  5.2956E-03  1.0394E+00 -1.0694E-01 -3.2745E-01
  8.0000E+00  5.7145E-03  9.1933E-01 -3.0825E-02 -4.5018E-01
  8.0000E+00  5.7145E-03  9.1933E-01 -3.0825E-02 -4.5018E-01
  8.0000E+00  5.7145E-03  9.1933E-01 -3.0825E-02 -4.5018E-01
  8.0000E+00  5.7145E-03  9.1933E-01 -3.0825E-02 -4.5018E-01
  8.0000E+00  5.7145E-03  9.1933E-01 -3.0825E-02 -4.5018E-01
  8.0000E+00  5.7145E-03  9.1933E-01 -3.0825E-02 -4.5018E-01
  8.0000E+00  5.7145E-03  9.1933E-01 -3.0825E-02 -4.5018E-01
  8.0000E+00  5.7145E-03  9.1933E-01 -3.0825E-02 -4.5018E-01
  8.0000E+00  5.7145E-03  9.1933E-01 -3.0825E-02 -4.5018E-01
  8.0000E+00  5.7145E-03  9.1933E-01 -3.0825E-02 -4.5018E-01
  8.0000E+00  5.7145E-03  9.1933E-01 -3.0825E-02 -4.5018E-01
  8.0000E+00  5.7145E-03  9.1933E-01 -3.0825E-02 -4.5018E-01
  8.0000E+00  5.7145E-03  9.1933E-01 -3.0825E-02 -4.5018E-01
  8.0000E+00  5.7145E-03  9.1933E-01 -3.0825E-02 -4.5018E-01
  8.0000E+00  5.7145E-03  9.1933E-01 -3.0825E-02 -4.5018E-01
  8.0000E+00  5.7145E-03  9.1933E-01 -3.0825E-02 -4.5018E-01
  8.0000E+00  5.7145E-03  9.1933E-01 -3.0825E-02 -4.5018E-01
  9.0000E+00  4.7982E-03  1.2373E+00 -2.0558E-01 -1.5314E-01
  9.0000E+00  4.7982E-03  1.2373E+00 -2.0558E-01 -1.5314E-01
  9.0000E+00  4.7982E-03  1.2373E+00 -2.0558E-01 -1.5314E-01
  9.0000E+00  4.7982E-03  1.2373E+00 -2.0558E-01 -1.5314E-01
  9.0000E+00  4.7982E-03  1.2373E+00 -2.0558E-01 -1.5314E-01
  9.0000E+00  4.7982E-03  1.2373E+00 -2.0558E-01 -1.5314E-01
  9.0000E+00  4.7982E-03  1.2373E+00 -2.0558E-01 -1.5314E-01
  9.0000E+00  4.7982E-03  1.2373E+00 -2.0558E-01 -1.5314E-01
  9.0000E+00  4.7982E-03  1.2373E+00 -2.0558E-01 -1.5314E-01
  9.0000E+00  4.7982E-03  1.2373E+00 -2.0558E-01 -1.5314E-01
  9.0000E+00  4.7982E-03  1.2373E+00 -2.0558E-01 -1.5314E-01
  9.0000E+00  4.7982E-03  1.2373E+00 -2.0558E-01 -1.5314E-01
  9.0000E+00  4.7982E-03  1.2373E+00 -2.0558E-01 -1.5314E-01
  9.0000E+00  4.7982E-03  1.2373E+00 -2.0558E-01 -1.5314E-01
  9.0000E+00  4.7982E-03  1.2373E+00 -2.0558E-01 -1.5314E-01
  9.0000E+00  4.7982E-03  1.2373E+00 -2.0558E-01 -1.5314E-01
  9.0000E+00  4.7982E-03  1.2373E+00 -2.0558E-01 -1.5314E-01
  9.0000E+00  4.7982E-03  1.2373E+00 -2.0558E-01 -1.5314E-01
  1.0000E+01  6.2326E-03  1.4108E+00  5.5965E-02 -2.1935E-02
  1.0000E+01  6.2326E-03  1.4108E+00  5.5965E-02 -2.1935E-02
  1.0000E+01  6.2326E-03  1.4108E+00  5.5965E-02 -2.1935E-02
  1.0000E+01  6.2326E-03  1.4108E+00  5.5965E-02 -2.1935E-02
  1.0000E+01  6.2326E-03  1.4108E+00  5.5965E-02 -2.1935E-02
  1.0000E+01  6.2326E-03  1.4108E+00  5.5965E-02 -2.1935E-02
  1.0000E+01  6.2326E-03  1.4108E+00  5.5965E-02 -2.1935E-02
  1.0000E+01  6.2326E-03  1.4108E+00  5.5965E-02 -2.1935E-02
  1.0000E+01  6.2326E-03  1.4108E+00  5.5965E-02 -2.1935E-02
  1.0000E+01  6.2326E-03  1.4108E+00  5.5965E-02 -2.1935E-02
  1.0000E+01  6.2326E-03  1.4108E+00  5.5965E-02 -2.1935E-02
  1.0000E+01  6.2326E-03  1.4108E+00  5.5965E-02 -2.1935E-02
  1.0000E+01  6.2326E-03  1.4108E+00  5.5965E-02 -2.1935E-02
  1.0000E+01  6.2326E-03  1.4108E+00  5.5965E-02 -2.1935E-02
  1.0000E+01  6.2326E-03  1.4108E+00  5.5965E-02 -2.1935E-02
  1.0000E+01  6.2326E-03  1.4108E+00  5.5965E-02 -2.1935E-02
  1.1000E+01  6.2148E-03  1.9794E+00  5.3117E-02  3.1672E-01
  1.1000E+01  6.2148E-03  1.9794E+00  5.3117E-02  3.1672E-01
  1.1000E+01  6.2148E-03  1.9794E+00  5.3117E-02  3.1672E-01
  1.1000E+01  6.2148E-03  1.9794E+00  5.3117E-02  3.1672E-01
  1.1000E+01  6.2148E-03  1.9794E+00  5.3117E-02  3.1672E-01
  1.1000E+01  6.2148E-03  1.9794E+00  5.3117E-02  3.1672E-01
  1.1000E+01  6.2148E-03  1.9794E+00  5.3117E-02  3.1672E-01
  1.2000E+01  5.5894E-03  1.3594E+00 -5.2946E-02 -5.9015E-02
  1.2000E+01  5.5894E-03  1.3594E+00 -5.2946E-02 -5.9015E-02
  1.2000E+01  5.5894E-03  1.3594E+00 -5.2946E-02 -5.9015E-02
  1.2000E+01  5.5894E-03  1.3594E+00 -5.2946E-02 -5.9015E-02
  1.2000E+01  5.5894E-03  1.3594E+00 -5.2946E-02 -5.9015E-02
  1.2000E+01  5.5894E-03  1.3594E+00 -5.2946E-02 -5.9015E-02
  1.2000E+01  5.5894E-03  1.3594E+00 -5.2946E-02 -5.9015E-02
  1.2000E+01  5.5894E-03  1.3594E+00 -5.2946E-02 -5.9015E-02
  1.2000E+01  5.5894E-03  1.3594E+00 -5.2946E-02 -5.9015E-02
  1.2000E+01  5.5894E-03  1.3594E+00 -5.2946E-02 -5.9015E-02
  1.2000E+01  5.5894E-03  1.3594E+00 -5.2946E-02 -5.9015E-02
  1.2000E+01  5.5894E-03  1.3594E+00 -5.2946E-02 -5.9015E-02
  1.2000E+01  5.5894E-03  1.3594E+00 -5.2946E-02 -5.9015E-02
  1.2000E+01  5.5894E-03  1.3594E+00 -5.2946E-02 -5.9015E-02
  1.2000E+01  5.5894E-03  1.3594E+00 -5.2946E-02 -5.9015E-02
  1.2000E+01  5.5894E-03  1.3594E+00 -5.2946E-02 -5.9015E-02
  1.2000E+01  5.5894E-03  1.3594E+00 -5.2946E-02 -5.9015E-02
  1.3000E+01  4.2757E-03  9.0850E-01 -3.2087E-01 -4.6204E-01
  1.3000E+01  4.2757E-03  9.0850E-01 -3.2087E-01 -4.6204E-01
  1.3000E+01  4.2757E-03  9.0850E-01 -3.2087E-01 -4.6204E-01
  1.3000E+01  4.2757E-03  9.0850E-01 -3.2087E-01 -4.6204E-01
  1.3000E+01  4.2757E-03  9.0850E-01 -3.2087E-01 -4.6204E-01
  1.3000E+01  4.2757E-03  9.0850E-01 -3.2087E-01 -4.6204E-01
  1.3000E+01  4.2757E-03  9.0850E-01 -3.2087E-01 -4.6204E-01
  1.3000E+01  4.2757E-03  9.0850E-01 -3.2087E-01 -4.6204E-01
  1.3000E+01  4.2757E-03  9.0850E-01 -3.2087E-01 -4.6204E-01
  1.3000E+01  4.2757E-03  9.0850E-01 -3.2087E-01 -4.6204E-01
  1.3000E+01  4.2757E-03  9.0850E-01 -3.2087E-01 -4.6204E-01
  1.3000E+01  4.2757E-03  9.0850E-01 -3.2087E-01 -4.6204E-01
  1.3000E+01  4.2757E-03  9.0850E-01 -3.2087E-01 -4.6204E-01
  1.3000E+01  4.2757E-03  9.0850E-01 -3.2087E-01 -4.6204E-01
  1.3000E+01  4.2757E-03  9.0850E-01 -3.2087E-01 -4.6204E-01
  1.3000E+01  4.2757E-03  9.0850E-01 -3.2087E-01 -4.6204E-01
  1.3000E+01  4.2757E-03  9.0850E-01 -3.2087E-01 -4.6204E-01
  1.4000E+01  6.1815E-03  9.6931E-01  4.7743E-02 -3.9725E-01
  1.4000E+01  6.1815E-03  9.6931E-01  4.7743E-02 -3.9725E-01
  1.4000E+01  6.1815E-03  9.6931E-01  4.7743E-02 -3.9725E-01
  1.4000E+01  6.1815E-03  9.6931E-01  4.7743E-02 -3.9725E-01
  1.4000E+01  6.1815E-03  9.6931E-01  4.7743E-02 -3.9725E-01
  1.4000E+01  6.1815E-03  9.6931E-01  4.7743E-02 -3.9725E-01
  1.4000E+01  6.1815E-03  9.6931E-01  4.7743E-02 -3.9725E-01
  1.4000E+01  6.1815E-03  9.6931E-01  4.7743E-02 -3.9725E-01
  1.4000E+01  6.1815E-03  9.6931E-01  4.7743E-02 -3.9725E-01
  1.4000E+01  6.1815E-03  9.6931E-01  4.7743E-02 -3.9725E-01
  1.4000E+01  6.1815E-03  9.6931E-01  4.7743E-02 -3.9725E-01
  1.4000E+01  6.1815E-03  9.6931E-01  4.7743E-02 -3.9725E-01
  1.4000E+01  6.1815E-03  9.6931E-01  4.7743E-02 -3.9725E-01
  1.4000E+01  6.1815E-03  9.6931E-01  4.7743E-02 -3.9725E-01
  1.4000E+01  6.1815E-03  9.6931E-01  4.7743E-02 -3.9725E-01
  1.4000E+01  6.1815E-03  9.6931E-01  4.7743E-02 -3.9725E-01
  1.4000E+01  6.1815E-03  9.6931E-01  4.7743E-02 -3.9725E-01
  1.4000E+01  6.1815E-03  9.6931E-01  4.7743E-02 -3.9725E-01
  1.5000E+01  6.0117E-03  1.4015E+00  1.9891E-02 -2.8539E-02
  1.5000E+01  6.0117E-03  1.4015E+00  1.9891E-02 -2.8539E-02
  1.5000E+01  6.0117E-03  1.4015E+00  1.9891E-02 -2.8539E-02
  1.5000E+01  6.0117E-03  1.4015E+00  1.9891E-02 -2.8539E-02
  1.5000E+01  6.0117E-03  1.4015E+00  1.9891E-02 -2.8539E-02
  1.5000E+01  6.0117E-03  1.4015E+00  1.9891E-02 -2.8539E-02
  1.5000E+01  6.0117E-03  1.4015E+00  1.9891E-02 -2.8539E-02
  1.5000E+01  6.0117E-03  1.4015E+00  1.9891E-02 -2.8539E-02
  1.5000E+01  6.0117E-03  1.4015E+00  1.9891E-02 -2.8539E-02
  1.5000E+01  6.0117E-03  1.4015E+00  1.9891E-02 -2.8539E-02
  1.5000E+01  6.0117E-03  1.4015E+00  1.9891E-02 -2.8539E-02
  1.5000E+01  6.0117E-03  1.4015E+00  1.9891E-02 -2.8539E-02
  1.5000E+01  6.0117E-03  1.4015E+00  1.9891E-02 -2.8539E-02
  1.5000E+01  6.0117E-03  1.4015E+00  1.9891E-02 -2.8539E-02
  1.5000E+01  6.0117E-03  1.4015E+00  1.9891E-02 -2.8539E-02
  1.6000E+01  4.2248E-03  1.2254E+00 -3.3286E-01 -1.6278E-01
  1.6000E+01  4.2248E-03  1.2254E+00 -3.3286E-01 -1.6278E-01
  1.6000E+01  4.2248E-03  1.2254E+00 -3.3286E-01 -1.6278E-01
  1.6000E+01  4.2248E-03  1.2254E+00 -3.3286E-01 -1.6278E-01
  1.6000E+01  4.2248E-03  1.2254E+00 -3.3286E-01 -1.6278E-01
  1.6000E+01  4.2248E-03  1.2254E+00 -3.3286E-01 -1.6278E-01
  1.6000E+01  4.2248E-03  1.2254E+00 -3.3286E-01 -1.6278E-01
  1.6000E+01  4.2248E-03  1.2254E+00 -3.3286E-01 -1.6278E-01
  1.6000E+01  4.2248E-03  1.2254E+00 -3.3286E-01 -1.6278E-01
  1.6000E+01  4.2248E-03  1.2254E+00 -3.3286E-01 -1.6278E-01
  1.6000E+01  4.2248E-03  1.2254E+00 -3.3286E-01 -1.6278E-01
  1.6000E+01  4.2248E-03  1.2254E+00 -3.3286E-01 -1.6278E-01
  1.6000E+01  4.2248E-03  1.2254E+00 -3.3286E-01 -1.6278E-01
  1.6000E+01  4.2248E-03  1.2254E+00 -3.3286E-01 -1.6278E-01
  1.6000E+01  4.2248E-03  1.2254E+00 -3.3286E-01 -1.6278E-01
  1.6000E+01  4.2248E-03  1.2254E+00 -3.3286E-01 -1.6278E-01
  1.6000E+01  4.2248E-03  1.2254E+00 -3.3286E-01 -1.6278E-01
  1.6000E+01  4.2248E-03  1.2254E+00 -3.3286E-01 -1.6278E-01
  1.6000E+01  4.2248E-03  1.2254E+00 -3.3286E-01 -1.6278E-01
  1.7000E+01  4.3008E-03  1.0667E+00 -3.1503E-01 -3.0154E-01
  1.7000E+01  4.3008E-03  1.0667E+00 -3.1503E-01 -3.0154E-01
  1.7000E+01  4.3008E-03  1.0667E+00 -3.1503E-01 -3.0154E-01
  1.7000E+01  4.3008E-03  1.0667E+00 -3.1503E-01 -3.0154E-01
  1.7000E+01  4.3008E-03  1.0667E+00 -3.1503E-01 -3.0154E-01
  1.7000E+01  4.3008E-03  1.0667E+00 -3.1503E-01 -3.0154E-01
  1.7000E+01  4.3008E-03  1.0667E+00 -3.1503E-01 -3.0154E-01
  1.7000E+01  4.3008E-03  1.0667E+00 -3.1503E-01 -3.0154E-01
  1.7000E+01  4.3008E-03  1.0667E+00 -3.1503E-01 -3.0154E-01
  1.7000E+01  4.3008E-03  1.0667E+00 -3.1503E-01 -3.0154E-01
  1.7000E+01  4.3008E-03  1.0667E+00 -3.1503E-01 -3.0154E-01
  1.7000E+01  4.3008E-03  1.0667E+00 -3.1503E-01 -3.0154E-01
  1.7000E+01  4.3008E-03  1.0667E+00 -3.1503E-01 -3.0154E-01
  1.7000E+01  4.3008E-03  1.0667E+00 -3.1503E-01 -3.0154E-01
  1.7000E+01  4.3008E-03  1.0667E+00 -3.1503E-01 -3.0154E-01
  1.7000E+01  4.3008E-03  1.0667E+00 -3.1503E-01 -3.0154E-01
  1.7000E+01  4.3008E-03  1.0667E+00 -3.1503E-01 -3.0154E-01
  1.8000E+01  7.7185E-03  1.1394E+00  2.6980E-01 -2.3559E-01
  1.8000E+01  7.7185E-03  1.1394E+00  2.6980E-01 -2.3559E-01
  1.8000E+01  7.7185E-03  1.1394E+00  2.6980E-01 -2.3559E-01
  1.8000E+01  7.7185E-03  1.1394E+00  2.6980E-01 -2.3559E-01
  1.8000E+01  7.7185E-03  1.1394E+00  2.6980E-01 -2.3559E-01
  1.8000E+01  7.7185E-03  1.1394E+00  2.6980E-01 -2.3559E-01
  1.8000E+01  7.7185E-03  1.1394E+00  2.6980E-01 -2.3559E-01
  1.8000E+01  7.7185E-03  1.1394E+00  2.6980E-01 -2.3559E-01
  1.8000E+01  7.7185E-03  1.1394E+00  2.6980E-01 -2.3559E-01
  1.8000E+01  7.7185E-03  1.1394E+00  2.6980E-01 -2.3559E-01
  1.8000E+01  7.7185E-03  1.1394E+00  2.6980E-01 -2.3559E-01
  1.8000E+01  7.7185E-03  1.1394E+00  2.6980E-01 -2.3559E-01
  1.8000E+01  7.7185E-03  1.1394E+00  2.6980E-01 -2.3559E-01
  1.8000E+01  7.7185E-03  1.1394E+00  2.6980E-01 -2.3559E-01
  1.8000E+01  7.7185E-03  1.1394E+00  2.6980E-01 -2.3559E-01
  1.8000E+01  7.7185E-03  1.1394E+00  2.6980E-01 -2.3559E-01
  1.8000E+01  7.7185E-03  1.1394E+00  2.6980E-01 -2.3559E-01
  1.9000E+01  5.0765E-03  1.1032E+00 -1.4920E-01 -2.6786E-01
  1.9000E+01  5.0765E-03  1.1032E+00 -1.4920E-01 -2.6786E-01
  1.9000E+01  5.0765E-03  1.1032E+00 -1.4920E-01 -2.6786E-01
  1.9000E+01  5.0765E-03  1.1032E+00 -1.4920E-01 -2.6786E-01
  1.9000E+01  5.0765E-03  1.1032E+00 -1.4920E-01 -2.6786E-01
  1.9000E+01  5.0765E-03  1.1032E+00 -1.4920E-01 -2.6786E-01
  1.9000E+01  5.0765E-03  1.1032E+00 -1.4920E-01 -2.6786E-01
  1.9000E+01  5.0765E-03  1.1032E+00 -1.4920E-01 -2.6786E-01
  1.9000E+01  5.0765E-03  1.1032E+00 -1.4920E-01 -2.6786E-01
  1.9000E+01  5.0765E-03  1.1032E+00 -1.4920E-01 -2.6786E-01
  1.9000E+01  5.0765E-03  1.1032E+00 -1.4920E-01 -2.6786E-01
  1.9000E+01  5.0765E-03  1.1032E+00 -1.4920E-01 -2.6786E-01
  1.9000E+01  5.0765E-03  1.1032E+00 -1.4920E-01 -2.6786E-01
  1.9000E+01  5.0765E-03  1.1032E+00 -1.4920E-01 -2.6786E-01
  1.9000E+01  5.0765E-03  1.1032E+00 -1.4920E-01 -2.6786E-01
  1.9000E+01  5.0765E-03  1.1032E+00 -1.4920E-01 -2.6786E-01
  1.9000E+01  5.0765E-03  1.1032E+00 -1.4920E-01 -2.6786E-01
  1.9000E+01  5.0765E-03  1.1032E+00 -1.4920E-01 -2.6786E-01
  2.0000E+01  5.7337E-03  1.0649E+00 -2.7470E-02 -3.0317E-01
  2.0000E+01  5.7337E-03  1.0649E+00 -2.7470E-02 -3.0317E-01
  2.0000E+01  5.7337E-03  1.0649E+00 -2.7470E-02 -3.0317E-01
  2.0000E+01  5.7337E-03  1.0649E+00 -2.7470E-02 -3.0317E-01
  2.0000E+01  5.7337E-03  1.0649E+00 -2.7470E-02 -3.0317E-01
  2.0000E+01  5.7337E-03  1.0649E+00 -2.7470E-02 -3.0317E-01
  2.0000E+01  5.7337E-03  1.0649E+00 -2.7470E-02 -3.0317E-01
  2.0000E+01  5.7337E-03  1.0649E+00 -2.7470E-02 -3.0317E-01
  2.0000E+01  5.7337E-03  1.0649E+00 -2.7470E-02 -3.0317E-01
  2.0000E+01  5.7337E-03  1.0649E+00 -2.7470E-02 -3.0317E-01
  2.0000E+01  5.7337E-03  1.0649E+00 -2.7470E-02 -3.0317E-01
  2.0000E+01  5.7337E-03  1.0649E+00 -2.7470E-02 -3.0317E-01
  2.0000E+01  5.7337E-03  1.0649E+00 -2.7470E-02 -3.0317E-01
  2.0000E+01  5.7337E-03  1.0649E+00 -2.7470E-02 -3.0317E-01
  2.0000E+01  5.7337E-03  1.0649E+00 -2.7470E-02 -3.0317E-01
  2.0000E+01  5.7337E-03  1.0649E+00 -2.7470E-02 -3.0317E-01
  2.1000E+01  7.5704E-03  1.6540E+00  2.5043E-01  1.3715E-01
  2.1000E+01  7.5704E-03  1.6540E+00  2.5043E-01  1.3715E-01
  2.1000E+01  7.5704E-03  1.6540E+00  2.5043E-01  1.3715E-01
  2.1000E+01  7.5704E-03  1.6540E+00  2.5043E-01  1.3715E-01
  2.1000E+01  7.5704E-03  1.6540E+00  2.5043E-01  1.3715E-01
  2.1000E+01  7.5704E-03  1.6540E+00  2.5043E-01  1.3715E-01
  2.1000E+01  7.5704E-03  1.6540E+00  2.5043E-01  1.3715E-01
  2.1000E+01  7.5704E-03  1.6540E+00  2.5043E-01  1.3715E-01
  2.1000E+01  7.5704E-03  1.6540E+00  2.5043E-01  1.3715E-01
  2.1000E+01  7.5704E-03  1.6540E+00  2.5043E-01  1.3715E-01
  2.1000E+01  7.5704E-03  1.6540E+00  2.5043E-01  1.3715E-01
  2.1000E+01  7.5704E-03  1.6540E+00  2.5043E-01  1.3715E-01
  2.1000E+01  7.5704E-03  1.6540E+00  2.5043E-01  1.3715E-01
  2.1000E+01  7.5704E-03  1.6540E+00  2.5043E-01  1.3715E-01
  2.1000E+01  7.5704E-03  1.6540E+00  2.5043E-01  1.3715E-01
  2.1000E+01  7.5704E-03  1.6540E+00  2.5043E-01  1.3715E-01
  2.1000E+01  7.5704E-03  1.6540E+00  2.5043E-01  1.3715E-01
  2.1000E+01  7.5704E-03  1.6540E+00  2.5043E-01  1.3715E-01
  2.2000E+01  6.1205E-03  1.3806E+00  3.7822E-02 -4.3585E-02
  2.2000E+01  6.1205E-03  1.3806E+00  3.7822E-02 -4.3585E-02
  2.2000E+01  6.1205E-03  1.3806E+00  3.7822E-02 -4.3585E-02
  2.2000E+01  6.1205E-03  1.3806E+00  3.7822E-02 -4.3585E-02
  2.2000E+01  6.1205E-03  1.3806E+00  3.7822E-02 -4.3585E-02
  2.2000E+01  6.1205E-03  1.3806E+00  3.7822E-02 -4.3585E-02
  2.2000E+01  6.1205E-03  1.3806E+00  3.7822E-02 -4.3585E-02
  2.2000E+01  6.1205E-03  1.3806E+00  3.7822E-02 -4.3585E-02
  2.3000E+01  1.6941E-02  2.5622E+00  1.0559E+00  5.7478E-01
  2.3000E+01  1.6941E-02  2.5622E+00  1.0559E+00  5.7478E-01
  2.3000E+01  1.6941E-02  2.5622E+00  1.0559E+00  5.7478E-01
  2.3000E+01  1.6941E-02  2.5622E+00  1.0559E+00  5.7478E-01
  2.3000E+01  1.6941E-02  2.5622E+00  1.0559E+00  5.7478E-01
  2.3000E+01  1.6941E-02  2.5622E+00  1.0559E+00  5.7478E-01
  2.3000E+01  1.6941E-02  2.5622E+00  1.0559E+00  5.7478E-01
  2.3000E+01  1.6941E-02  2.5622E+00  1.0559E+00  5.7478E-01
  2.3000E+01  1.6941E-02  2.5622E+00  1.0559E+00  5.7478E-01
  2.3000E+01  1.6941E-02  2.5622E+00  1.0559E+00  5.7478E-01
  2.3000E+01  1.6941E-02  2.5622E+00  1.0559E+00  5.7478E-01
  2.3000E+01  1.6941E-02  2.5622E+00  1.0559E+00  5.7478E-01
  2.3000E+01  1.6941E-02  2.5622E+00  1.0559E+00  5.7478E-01
  2.3000E+01  1.6941E-02  2.5622E+00  1.0559E+00  5.7478E-01
  2.3000E+01  1.6941E-02  2.5622E+00  1.0559E+00  5.7478E-01
  2.3000E+01  1.6941E-02  2.5622E+00  1.0559E+00  5.7478E-01
  2.4000E+01  1.9156E-02  3.4565E+00  1.1788E+00  8.7419E-01
  2.4000E+01  1.9156E-02  3.4565E+00  1.1788E+00  8.7419E-01
  2.4000E+01  1.9156E-02  3.4565E+00  1.1788E+00  8.7419E-01
  2.4000E+01  1.9156E-02  3.4565E+00  1.1788E+00  8.7419E-01
  2.4000E+01  1.9156E-02  3.4565E+00  1.1788E+00  8.7419E-01
  2.4000E+01  1.9156E-02  3.4565E+00  1.1788E+00  8.7419E-01
  2.4000E+01  1.9156E-02  3.4565E+00  1.1788E+00  8.7419E-01
  2.4000E+01  1.9156E-02  3.4565E+00  1.1788E+00  8.7419E-01
  2.4000E+01  1.9156E-02  3.4565E+00  1.1788E+00  8.7419E-01
  2.4000E+01  1.9156E-02  3.4565E+00  1.1788E+00  8.7419E-01
  2.4000E+01  1.9156E-02  3.4565E+00  1.1788E+00  8.7419E-01
  2.4000E+01  1.9156E-02  3.4565E+00  1.1788E+00  8.7419E-01
  2.4000E+01  1.9156E-02  3.4565E+00  1.1788E+00  8.7419E-01
  2.4000E+01  1.9156E-02  3.4565E+00  1.1788E+00  8.7419E-01
  2.4000E+01  1.9156E-02  3.4565E+00  1.1788E+00  8.7419E-01
  2.4000E+01  1.9156E-02  3.4565E+00  1.1788E+00  8.7419E-01
  2.4000E+01  1.9156E-02  3.4565E+00  1.1788E+00  8.7419E-01
  2.4000E+01  1.9156E-02  3.4565E+00  1.1788E+00  8.7419E-01
  2.4000E+01  1.9156E-02  3.4565E+00  1.1788E+00  8.7419E-01
  2.5000E+01  3.5466E-03  1.0988E+00 -5.0784E-01 -2.7189E-01
  2.5000E+01  3.5466E-03  1.0988E+00 -5.0784E-01 -2.7189E-01
  2.5000E+01  3.5466E-03  1.0988E+00 -5.0784E-01 -2.7189E-01
  2.5000E+01  3.5466E-03  1.0988E+00 -5.0784E-01 -2.7189E-01
  2.5000E+01  3.5466E-03  1.0988E+00 -5.0784E-01 -2.7189E-01
  2.5000E+01  3.5466E-03  1.0988E+00 -5.0784E-01 -2.7189E-01
  2.5000E+01  3.5466E-03  1.0988E+00 -5.0784E-01 -2.7189E-01
  2.5000E+01  3.5466E-03  1.0988E+00 -5.0784E-01 -2.7189E-01
  2.5000E+01  3.5466E-03  1.0988E+00 -5.0784E-01 -2.7189E-01
  2.5000E+01  3.5466E-03  1.0988E+00 -5.0784E-01 -2.7189E-01
  2.5000E+01  3.5466E-03  1.0988E+00 -5.0784E-01 -2.7189E-01
  2.5000E+01  3.5466E-03  1.0988E+00 -5.0784E-01 -2.7189E-01
  2.5000E+01  3.5466E-03  1.0988E+00 -5.0784E-01 -2.7189E-01
  2.5000E+01  3.5466E-03  1.0988E+00 -5.0784E-01 -2.7189E-01
  2.5000E+01  3.5466E-03  1.0988E+00 -5.0784E-01 -2.7189E-01
  2.5000E+01  3.5466E-03  1.0988E+00 -5.0784E-01 -2.7189E-01
  2.5000E+01  3.5466E-03  1.0988E+00 -5.0784E-01 -2.7189E-01
  2.5000E+01  3.5466E-03  1.0988E+00 -5.0784E-01 -2.7189E-01
  2.5000E+01  3.5466E-03  1.0988E+00 -5.0784E-01 -2.7189E-01
  2.5000E+01  3.5466E-03  1.0988E+00 -5.0784E-01 -2.7189E-01
  2.5000E+01  3.5466E-03  1.0988E+00 -5.0784E-01 -2.7189E-01
  2.6000E+01  8.2219E-03  3.3348E+00  3.3298E-01  8.3834E-01
  2.6000E+01  8.2219E-03  3.3348E+00  3.3298E-01  8.3834E-01
  2.6000E+01  8.2219E-03  3.3348E+00  3.3298E-01  8.3834E-01
  2.6000E+01  8.2219E-03  3.3348E+00  3.3298E-01  8.3834E-01
  2.6000E+01  8.2219E-03  3.3348E+00  3.3298E-01  8.3834E-01
  2.6000E+01  8.2219E-03  3.3348E+00  3.3298E-01  8.3834E-01
  2.6000E+01  8.2219E-03  3.3348E+00  3.3298E-01  8.3834E-01
  2.6000E+01  8.2219E-03  3.3348E+00  3.3298E-01  8.3834E-01
  2.6000E+01  8.2219E-03  3.3348E+00  3.3298E-01  8.3834E-01
  2.6000E+01  8.2219E-03  3.3348E+00  3.3298E-01  8.3834E-01
  2.6000E+01  8.2219E-03  3.3348E+00  3.3298E-01  8.3834E-01
  2.6000E+01  8.2219E-03  3.3348E+00  3.3298E-01  8.3834E-01
  2.6000E+01  8.2219E-03  3.3348E+00  3.3298E-01  8.3834E-01
  2.7000E+01  7.3879E-03  1.3576E+00  2.2602E-01 -6.0343E-02
  2.7000E+01  7.3879E-03  1.3576E+00  2.2602E-01 -6.0343E-02
  2.7000E+01  7.3879E-03  1.3576E+00  2.2602E-01 -6.0343E-02
  2.7000E+01  7.3879E-03  1.3576E+00  2.2602E-01 -6.0343E-02
  2.7000E+01  7.3879E-03  1.3576E+00  2.2602E-01 -6.0343E-02
  2.7000E+01  7.3879E-03  1.3576E+00  2.2602E-01 -6.0343E-02
  2.7000E+01  7.3879E-03  1.3576E+00  2.2602E-01 -6.0343E-02
  2.7000E+01  7.3879E-03  1.3576E+00  2.2602E-01 -6.0343E-02
  2.7000E+01  7.3879E-03  1.3576E+00  2.2602E-01 -6.0343E-02
  2.7000E+01  7.3879E-03  1.3576E+00  2.2602E-01 -6.0343E-02
  2.8000E+01  5.9105E-03  3.2246E+00  2.9022E-03  8.0473E-01
  2.8000E+01  5.9105E-03  3.2246E+00  2.9022E-03  8.0473E-01
  2.8000E+01  5.9105E-03  3.2246E+00  2.9022E-03  8.0473E-01
  2.9000E+01  5.3490E-03  1.0032E+00 -9.6910E-02 -3.6285E-01
  2.9000E+01  5.3490E-03  1.0032E+00 -9.6910E-02 -3.6285E-01
  2.9000E+01  5.3490E-03  1.0032E+00 -9.6910E-02 -3.6285E-01
  2.9000E+01  5.3490E-03  1.0032E+00 -9.6910E-02 -3.6285E-01
  2.9000E+01  5.3490E-03  1.0032E+00 -9.6910E-02 -3.6285E-01
  2.9000E+01  5.3490E-03  1.0032E+00 -9.6910E-02 -3.6285E-01
  3.0000E+01  8.3938E-03  1.9258E+00  3.5367E-01  2.8924E-01
  3.0000E+01  8.3938E-03  1.9258E+00  3.5367E-01  2.8924E-01
  3.0000E+01  8.3938E-03  1.9258E+00  3.5367E-01  2.8924E-01
  3.0000E+01  8.3938E-03  1.9258E+00  3.5367E-01  2.8924E-01
  3.0000E+01  8.3938E-03  1.9258E+00  3.5367E-01  2.8924E-01
  3.0000E+01  8.3938E-03  1.9258E+00  3.5367E-01  2.8924E-01
  3.0000E+01  8.3938E-03  1.9258E+00  3.5367E-01  2.8924E-01
  3.0000E+01  8.3938E-03  1.9258E+00  3.5367E-01  2.8924E-01
  3.0000E+01  8.3938E-03  1.9258E+00  3.5367E-01  2.8924E-01
  3.0000E+01  8.3938E-03  1.9258E+00  3.5367E-01  2.8924E-01
  3.0000E+01  8.3938E-03  1.9258E+00  3.5367E-01  2.8924E-01
  3.0000E+01  8.3938E-03  1.9258E+00  3.5367E-01  2.8924E-01
  3.0000E+01  8.3938E-03  1.9258E+00  3.5367E-01  2.8924E-01
  3.0000E+01  8.3938E-03  1.9258E+00  3.5367E-01  2.8924E-01
  3.0000E+01  8.3938E-03  1.9258E+00  3.5367E-01  2.8924E-01
  3.0000E+01  8.3938E-03  1.9258E+00  3.5367E-01  2.8924E-01
  3.1000E+01  5.8880E-03  1.1948E+00 -9.1303E-04 -1.8809E-01
  3.1000E+01  5.8880E-03  1.1948E+00 -9.1303E-04 -1.8809E-01
  3.1000E+01  5.8880E-03  1.1948E+00 -9.1303E-04 -1.8809E-01
  3.2000E+01  7.1412E-03  5.4675E+00  1.9205E-01  1.3327E+00
  3.2000E+01  7.1412E-03  5.4675E+00  1.9205E-01  1.3327E+00
  3.2000E+01  7.1412E-03  5.4675E+00  1.9205E-01  1.3327E+00
  3.2000E+01  7.1412E-03  5.4675E+00  1.9205E-01  1.3327E+00
  3.2000E+01  7.1412E-03  5.4675E+00  1.9205E-01  1.3327E+00
  3.2000E+01  7.1412E-03  5.4675E+00  1.9205E-01  1.3327E+00
  3.2000E+01  7.1412E-03  5.4675E+00  1.9205E-01  1.3327E+00
  3.2000E+01  7.1412E-03  5.4675E+00  1.9205E-01  1.3327E+00
  3.2000E+01  7.1412E-03  5.4675E+00  1.9205E-01  1.3327E+00
  3.2000E+01  7.1412E-03  5.4675E+00  1.9205E-01  1.3327E+00
  3.2000E+01  7.1412E-03  5.4675E+00  1.9205E-01  1.3327E+00
  3.2000E+01  7.1412E-03  5.4675E+00  1.9205E-01  1.3327E+00
  3.3000E+01  5.7462E-03  1.5581E+00 -2.5278E-02  7.7373E-02
  3.3000E+01  5.7462E-03  1.5581E+00 -2.5278E-02  7.7373E-02
  3.3000E+01  5.7462E-03  1.5581E+00 -2.5278E-02  7.7373E-02
  3.3000E+01  5.7462E-03  1.5581E+00 -2.5278E-02  7.7373E-02
  3.3000E+01  5.7462E-03  1.5581E+00 -2.5278E-02  7.7373E-02
  3.3000E+01  5.7462E-03  1.5581E+00 -2.5278E-02  7.7373E-02
  3.3000E+01  5.7462E-03  1.5581E+00 -2.5278E-02  7.7373E-02
  3.3000E+01  5.7462E-03  1.5581E+00 -2.5278E-02  7.7373E-02
  3.3000E+01  5.7462E-03  1.5581E+00 -2.5278E-02  7.7373E-02
  3.4000E+01  6.4058E-03  1.5503E+00  8.3376E-02  7.2371E-02
  3.4000E+01  6.4058E-03  1.5503E+00  8.3376E-02  7.2371E-02
  3.4000E+01  6.4058E-03  1.5503E+00  8.3376E-02  7.2371E-02
  3.4000E+01  6.4058E-03  1.5503E+00  8.3376E-02  7.2371E-02
  3.4000E+01  6.4058E-03  1.5503E+00  8.3376E-02  7.2371E-02
  3.4000E+01  6.4058E-03  1.5503E+00  8.3376E-02  7.2371E-02
  3.4000E+01  6.4058E-03  1.5503E+00  8.3376E-02  7.2371E-02
  3.4000E+01  6.4058E-03  1.5503E+00  8.3376E-02  7.2371E-02
  3.4000E+01  6.4058E-03  1.5503E+00  8.3376E-02  7.2371E-02
  3.4000E+01  6.4058E-03  1.5503E+00  8.3376E-02  7.2371E-02
  3.5000E+01  5.4311E-03  2.0267E+00 -8.1681E-02  3.4033E-01
  3.5000E+01  5.4311E-03  2.0267E+00 -8.1681E-02  3.4033E-01
  3.5000E+01  5.4311E-03  2.0267E+00 -8.1681E-02  3.4033E-01
  3.5000E+01  5.4311E-03  2.0267E+00 -8.1681E-02  3.4033E-01
  3.5000E+01  5.4311E-03  2.0267E+00 -8.1681E-02  3.4033E-01
  3.5000E+01  5.4311E-03  2.0267E+00 -8.1681E-02  3.4033E-01
  3.5000E+01  5.4311E-03  2.0267E+00 -8.1681E-02  3.4033E-01
  3.5000E+01  5.4311E-03  2.0267E+00 -8.1681E-02  3.4033E-01
  3.5000E+01  5.4311E-03  2.0267E+00 -8.1681E-02  3.4033E-01
  3.5000E+01  5.4311E-03  2.0267E+00 -8.1681E-02  3.4033E-01
  3.5000E+01  5.4311E-03  2.0267E+00 -8.1681E-02  3.4033E-01
  3.5000E+01  5.4311E-03  2.0267E+00 -8.1681E-02  3.4033E-01
  3.6000E+01  8.4382E-03  1.4232E+00  3.5894E-01 -1.3189E-02
  3.6000E+01  8.4382E-03  1.4232E+00  3.5894E-01 -1.3189E-02
  3.6000E+01  8.4382E-03  1.4232E+00  3.5894E-01 -1.3189E-02
  3.6000E+01  8.4382E-03  1.4232E+00  3.5894E-01 -1.3189E-02
  3.6000E+01  8.4382E-03  1.4232E+00  3.5894E-01 -1.3189E-02
  3.6000E+01  8.4382E-03  1.4232E+00  3.5894E-01 -1.3189E-02
  3.6000E+01  8.4382E-03  1.4232E+00  3.5894E-01 -1.3189E-02
  3.6000E+01  8.4382E-03  1.4232E+00  3.5894E-01 -1.3189E-02
  3.6000E+01  8.4382E-03  1.4232E+00  3.5894E-01 -1.3189E-02
  3.6000E+01  8.4382E-03  1.4232E+00  3.5894E-01 -1.3189E-02
  3.6000E+01  8.4382E-03  1.4232E+00  3.5894E-01 -1.3189E-02
  3.6000E+01  8.4382E-03  1.4232E+00  3.5894E-01 -1.3189E-02
  3.6000E+01  8.4382E-03  1.4232E+00  3.5894E-01 -1.3189E-02
  3.6000E+01  8.4382E-03  1.4232E+00  3.5894E-01 -1.3189E-02
  3.6000E+01  8.4382E-03  1.4232E+00  3.5894E-01 -1.3189E-02
  3.6000E+01  8.4382E-03  1.4232E+00  3.5894E-01 -1.3189E-02
  3.7000E+01  5.3619E-03  1.2229E+00 -9.4503E-02 -1.6486E-01
  3.7000E+01  5.3619E-03  1.2229E+00 -9.4503E-02 -1.6486E-01
  3.7000E+01  5.3619E-03  1.2229E+00 -9.4503E-02 -1.6486E-01
  3.7000E+01  5.3619E-03  1.2229E+00 -9.4503E-02 -1.6486E-01
  3.7000E+01  5.3619E-03  1.2229E+00 -9.4503E-02 -1.6486E-01
  3.7000E+01  5.3619E-03  1.2229E+00 -9.4503E-02 -1.6486E-01
  3.7000E+01  5.3619E-03  1.2229E+00 -9.4503E-02 -1.6486E-01
  3.7000E+01  5.3619E-03  1.2229E+00 -9.4503E-02 -1.6486E-01
  3.7000E+01  5.3619E-03  1.2229E+00 -9.4503E-02 -1.6486E-01
  3.7000E+01  5.3619E-03  1.2229E+00 -9.4503E-02 -1.6486E-01
  3.7000E+01  5.3619E-03  1.2229E+00 -9.4503E-02 -1.6486E-01
  3.7000E+01  5.3619E-03  1.2229E+00 -9.4503E-02 -1.6486E-01
  3.7000E+01  5.3619E-03  1.2229E+00 -9.4503E-02 -1.6486E-01
  3.7000E+01  5.3619E-03  1.2229E+00 -9.4503E-02 -1.6486E-01
  3.7000E+01  5.3619E-03  1.2229E+00 -9.4503E-02 -1.6486E-01
  3.7000E+01  5.3619E-03  1.2229E+00 -9.4503E-02 -1.6486E-01
  3.7000E+01  5.3619E-03  1.2229E+00 -9.4503E-02 -1.6486E-01
  3.8000E+01  6.8319E-03  1.4297E+00  1.4778E-01 -8.5950E-03
  3.8000E+01  6.8319E-03  1.4297E+00  1.4778E-01 -8.5950E-03
  3.8000E+01  6.8319E-03  1.4297E+00  1.4778E-01 -8.5950E-03
  3.8000E+01  6.8319E-03  1.4297E+00  1.4778E-01 -8.5950E-03
  3.8000E+01  6.8319E-03  1.4297E+00  1.4778E-01 -8.5950E-03
  3.8000E+01  6.8319E-03  1.4297E+00  1.4778E-01 -8.5950E-03
  3.8000E+01  6.8319E-03  1.4297E+00  1.4778E-01 -8.5950E-03
  3.8000E+01  6.8319E-03  1.4297E+00  1.4778E-01 -8.5950E-03
  3.8000E+01  6.8319E-03  1.4297E+00  1.4778E-01 -8.5950E-03
  3.8000E+01  6.8319E-03  1.4297E+00  1.4778E-01 -8.5950E-03
  3.8000E+01  6.8319E-03  1.4297E+00  1.4778E-01 -8.5950E-03
  3.8000E+01  6.8319E-03  1.4297E+00  1.4778E-01 -8.5950E-03
  3.8000E+01  6.8319E-03  1.4297E+00  1.4778E-01 -8.5950E-03
  3.8000E+01  6.8319E-03  1.4297E+00  1.4778E-01 -8.5950E-03
  3.8000E+01  6.8319E-03  1.4297E+00  1.4778E-01 -8.5950E-03
  3.8000E+01  6.8319E-03  1.4297E+00  1.4778E-01 -8.5950E-03
  3.8000E+01  6.8319E-03  1.4297E+00  1.4778E-01 -8.5950E-03
  3.8000E+01  6.8319E-03  1.4297E+00  1.4778E-01 -8.5950E-03
  3.8000E+01  6.8319E-03  1.4297E+00  1.4778E-01 -8.5950E-03
  3.8000E+01  6.8319E-03  1.4297E+00  1.4778E-01 -8.5950E-03
  3.9000E+01  9.4101E-03  1.8013E+00  4.6796E-01  2.2243E-01
  3.9000E+01  9.4101E-03  1.8013E+00  4.6796E-01  2.2243E-01
  3.9000E+01  9.4101E-03  1.8013E+00  4.6796E-01  2.2243E-01
  3.9000E+01  9.4101E-03  1.8013E+00  4.6796E-01  2.2243E-01
  3.9000E+01  9.4101E-03  1.8013E+00  4.6796E-01  2.2243E-01
  3.9000E+01  9.4101E-03  1.8013E+00  4.6796E-01  2.2243E-01
  3.9000E+01  9.4101E-03  1.8013E+00  4.6796E-01  2.2243E-01
  3.9000E+01  9.4101E-03  1.8013E+00  4.6796E-01  2.2243E-01
  3.9000E+01  9.4101E-03  1.8013E+00  4.6796E-01  2.2243E-01
  3.9000E+01  9.4101E-03  1.8013E+00  4.6796E-01  2.2243E-01
  3.9000E+01  9.4101E-03  1.8013E+00  4.6796E-01  2.2243E-01
  3.9000E+01  9.4101E-03  1.8013E+00  4.6796E-01  2.2243E-01
  3.9000E+01  9.4101E-03  1.8013E+00  4.6796E-01  2.2243E-01
  3.9000E+01  9.4101E-03  1.8013E+00  4.6796E-01  2.2243E-01
  3.9000E+01  9.4101E-03  1.8013E+00  4.6796E-01  2.2243E-01
  3.9000E+01  9.4101E-03  1.8013E+00  4.6796E-01  2.2243E-01
  4.0000E+01  5.8864E-03  1.3591E+00 -1.1706E-03 -5.9245E-02
  4.0000E+01  5.8864E-03  1.3591E+00 -1.1706E-03 -5.9245E-02
  4.0000E+01  5.8864E-03  1.3591E+00 -1.1706E-03 -5.9245E-02
  4.0000E+01  5.8864E-03  1.3591E+00 -1.1706E-03 -5.9245E-02
  4.0000E+01  5.8864E-03  1.3591E+00 -1.1706E-03 -5.9245E-02
  4.0000E+01  5.8864E-03  1.3591E+00 -1.1706E-03 -5.9245E-02
  4.1000E+01  6.2667E-03  1.9500E+00  6.1434E-02  3.0174E-01
  4.1000E+01  6.2667E-03  1.9500E+00  6.1434E-02  3.0174E-01
  4.1000E+01  6.2667E-03  1.9500E+00  6.1434E-02  3.0174E-01
  4.1000E+01  6.2667E-03  1.9500E+00  6.1434E-02  3.0174E-01
  4.1000E+01  6.2667E-03  1.9500E+00  6.1434E-02  3.0174E-01
  4.1000E+01  6.2667E-03  1.9500E+00  6.1434E-02  3.0174E-01
  4.1000E+01  6.2667E-03  1.9500E+00  6.1434E-02  3.0174E-01
  4.1000E+01  6.2667E-03  1.9500E+00  6.1434E-02  3.0174E-01
  4.1000E+01  6.2667E-03  1.9500E+00  6.1434E-02  3.0174E-01
  4.1000E+01  6.2667E-03  1.9500E+00  6.1434E-02  3.0174E-01
  4.1000E+01  6.2667E-03  1.9500E+00  6.1434E-02  3.0174E-01
  4.2000E+01  7.1157E-03  4.8934E+00  1.8848E-01  1.2218E+00
  4.2000E+01  7.1157E-03  4.8934E+00  1.8848E-01  1.2218E+00
  4.2000E+01  7.1157E-03  4.8934E+00  1.8848E-01  1.2218E+00
  4.2000E+01  7.1157E-03  4.8934E+00  1.8848E-01  1.2218E+00
  4.2000E+01  7.1157E-03  4.8934E+00  1.8848E-01  1.2218E+00
  4.2000E+01  7.1157E-03  4.8934E+00  1.8848E-01  1.2218E+00
  4.2000E+01  7.1157E-03  4.8934E+00  1.8848E-01  1.2218E+00
  4.2000E+01  7.1157E-03  4.8934E+00  1.8848E-01  1.2218E+00
  4.2000E+01  7.1157E-03  4.8934E+00  1.8848E-01  1.2218E+00
  4.2000E+01  7.1157E-03  4.8934E+00  1.8848E-01  1.2218E+00
  4.2000E+01  7.1157E-03  4.8934E+00  1.8848E-01  1.2218E+00
  4.3000E+01  5.8485E-03  8.3385E-01 -7.6389E-03 -5.4777E-01
  4.3000E+01  5.8485E-03  8.3385E-01 -7.6389E-03 -5.4777E-01
  4.3000E+01  5.8485E-03  8.3385E-01 -7.6389E-03 -5.4777E-01
  4.4000E+01  6.6744E-03  1.4829E+00  1.2446E-01  2.7945E-02
  4.4000E+01  6.6744E-03  1.4829E+00  1.2446E-01  2.7945E-02
  4.4000E+01  6.6744E-03  1.4829E+00  1.2446E-01  2.7945E-02
  4.4000E+01  6.6744E-03  1.4829E+00  1.2446E-01  2.7945E-02
  4.4000E+01  6.6744E-03  1.4829E+00  1.2446E-01  2.7945E-02
  4.4000E+01  6.6744E-03  1.4829E+00  1.2446E-01  2.7945E-02
  4.4000E+01  6.6744E-03  1.4829E+00  1.2446E-01  2.7945E-02
  4.4000E+01  6.6744E-03  1.4829E+00  1.2446E-01  2.7945E-02
  4.4000E+01  6.6744E-03  1.4829E+00  1.2446E-01  2.7945E-02
  4.4000E+01  6.6744E-03  1.4829E+00  1.2446E-01  2.7945E-02
  4.4000E+01  6.6744E-03  1.4829E+00  1.2446E-01  2.7945E-02
  4.4000E+01  6.6744E-03  1.4829E+00  1.2446E-01  2.7945E-02
  4.4000E+01  6.6744E-03  1.4829E+00  1.2446E-01  2.7945E-02
  4.4000E+01  6.6744E-03  1.4829E+00  1.2446E-01  2.7945E-02
  4.4000E+01  6.6744E-03  1.4829E+00  1.2446E-01  2.7945E-02
  4.4000E+01  6.6744E-03  1.4829E+00  1.2446E-01  2.7945E-02
  4.5000E+01  4.6069E-03  9.2200E-01 -2.4627E-01 -4.4728E-01
  4.5000E+01  4.6069E-03  9.2200E-01 -2.4627E-01 -4.4728E-01
  4.5000E+01  4.6069E-03  9.2200E-01 -2.4627E-01 -4.4728E-01
  4.5000E+01  4.6069E-03  9.2200E-01 -2.4627E-01 -4.4728E-01
  4.5000E+01  4.6069E-03  9.2200E-01 -2.4627E-01 -4.4728E-01
  4.5000E+01  4.6069E-03  9.2200E-01 -2.4627E-01 -4.4728E-01
  4.5000E+01  4.6069E-03  9.2200E-01 -2.4627E-01 -4.4728E-01
  4.5000E+01  4.6069E-03  9.2200E-01 -2.4627E-01 -4.4728E-01
  4.5000E+01  4.6069E-03  9.2200E-01 -2.4627E-01 -4.4728E-01
  4.5000E+01  4.6069E-03  9.2200E-01 -2.4627E-01 -4.4728E-01
  4.5000E+01  4.6069E-03  9.2200E-01 -2.4627E-01 -4.4728E-01
  4.5000E+01  4.6069E-03  9.2200E-01 -2.4627E-01 -4.4728E-01
  4.5000E+01  4.6069E-03  9.2200E-01 -2.4627E-01 -4.4728E-01
  4.6000E+01  5.8794E-03  1.1134E+00 -2.3645E-03 -2.5868E-01
  4.6000E+01  5.8794E-03  1.1134E+00 -2.3645E-03 -2.5868E-01
  4.6000E+01  5.8794E-03  1.1134E+00 -2.3645E-03 -2.5868E-01
  4.6000E+01  5.8794E-03  1.1134E+00 -2.3645E-03 -2.5868E-01
  4.7000E+01  6.1236E-03  2.3992E+00  3.8331E-02  5.0904E-01
  4.7000E+01  6.1236E-03  2.3992E+00  3.8331E-02  5.0904E-01
  4.7000E+01  6.1236E-03  2.3992E+00  3.8331E-02  5.0904E-01
  4.7000E+01  6.1236E-03  2.3992E+00  3.8331E-02  5.0904E-01
  4.7000E+01  6.1236E-03  2.3992E+00  3.8331E-02  5.0904E-01
  4.7000E+01  6.1236E-03  2.3992E+00  3.8331E-02  5.0904E-01
  4.7000E+01  6.1236E-03  2.3992E+00  3.8331E-02  5.0904E-01
  4.8000E+01  2.0859E-03  7.2578E-01 -1.0386E+00 -6.8658E-01
  4.8000E+01  2.0859E-03  7.2578E-01 -1.0386E+00 -6.8658E-01
  4.8000E+01  2.0859E-03  7.2578E-01 -1.0386E+00 -6.8658E-01
  4.8000E+01  2.0859E-03  7.2578E-01 -1.0386E+00 -6.8658E-01
  4.8000E+01  2.0859E-03  7.2578E-01 -1.0386E+00 -6.8658E-01
  4.8000E+01  2.0859E-03  7.2578E-01 -1.0386E+00 -6.8658E-01
  4.8000E+01  2.0859E-03  7.2578E-01 -1.0386E+00 -6.8658E-01
  4.8000E+01  2.0859E-03  7.2578E-01 -1.0386E+00 -6.8658E-01
  4.8000E+01  2.0859E-03  7.2578E-01 -1.0386E+00 -6.8658E-01
  4.8000E+01  2.0859E-03  7.2578E-01 -1.0386E+00 -6.8658E-01
  4.8000E+01  2.0859E-03  7.2578E-01 -1.0386E+00 -6.8658E-01
  4.8000E+01  2.0859E-03  7.2578E-01 -1.0386E+00 -6.8658E-01
  4.8000E+01  2.0859E-03  7.2578E-01 -1.0386E+00 -6.8658E-01
  4.8000E+01  2.0859E-03  7.2578E-01 -1.0386E+00 -6.8658E-01
  4.9000E+01  5.3388E-03  1.4814E+00 -9.8831E-02  2.6935E-02
  4.9000E+01  5.3388E-03  1.4814E+00 -9.8831E-02  2.6935E-02
  4.9000E+01  5.3388E-03  1.4814E+00 -9.8831E-02  2.6935E-02
  4.9000E+01  5.3388E-03  1.4814E+00 -9.8831E-02  2.6935E-02
  4.9000E+01  5.3388E-03  1.4814E+00 -9.8831E-02  2.6935E-02
  4.9000E+01  5.3388E-03  1.4814E+00 -9.8831E-02  2.6935E-02
  4.9000E+01  5.3388E-03  1.4814E+00 -9.8831E-02  2.6935E-02
  4.9000E+01  5.3388E-03  1.4814E+00 -9.8831E-02  2.6935E-02
  4.9000E+01  5.3388E-03  1.4814E+00 -9.8831E-02  2.6935E-02
  4.9000E+01  5.3388E-03  1.4814E+00 -9.8831E-02  2.6935E-02
  4.9000E+01  5.3388E-03  1.4814E+00 -9.8831E-02  2.6935E-02
  4.9000E+01  5.3388E-03  1.4814E+00 -9.8831E-02  2.6935E-02
  4.9000E+01  5.3388E-03  1.4814E+00 -9.8831E-02  2.6935E-02
  4.9000E+01  5.3388E-03  1.4814E+00 -9.8831E-02  2.6935E-02
  4.9000E+01  5.3388E-03  1.4814E+00 -9.8831E-02  2.6935E-02
  4.9000E+01  5.3388E-03  1.4814E+00 -9.8831E-02  2.6935E-02
  4.9000E+01  5.3388E-03  1.4814E+00 -9.8831E-02  2.6935E-02
  5.0000E+01  5.4045E-03  8.2060E-01 -8.6587E-02 -5.6379E-01
  5.0000E+01  5.4045E-03  8.2060E-01 -8.6587E-02 -5.6379E-01
  5.0000E+01  5.4045E-03  8.2060E-01 -8.6587E-02 -5.6379E-01
  5.0000E+01  5.4045E-03  8.2060E-01 -8.6587E-02 -5.6379E-01
  5.0000E+01  5.4045E-03  8.2060E-01 -8.6587E-02 -5.6379E-01
  5.0000E+01  5.4045E-03  8.2060E-01 -8.6587E-02 -5.6379E-01
  5.0000E+01  5.4045E-03  8.2060E-01 -8.6587E-02 -5.6379E-01
  5.0000E+01  5.4045E-03  8.2060E-01 -8.6587E-02 -5.6379E-01
  5.0000E+01  5.4045E-03  8.2060E-01 -8.6587E-02 -5.6379E-01
  5.0000E+01  5.4045E-03  8.2060E-01 -8.6587E-02 -5.6379E-01
  5.0000E+01  5.4045E-03  8.2060E-01 -8.6587E-02 -5.6379E-01
  5.0000E+01  5.4045E-03  8.2060E-01 -8.6587E-02 -5.6379E-01
  5.0000E+01  5.4045E-03  8.2060E-01 -8.6587E-02 -5.6379E-01
  5.0000E+01  5.4045E-03  8.2060E-01 -8.6587E-02 -5.6379E-01
  5.0000E+01  5.4045E-03  8.2060E-01 -8.6587E-02 -5.6379E-01
  5.0000E+01  5.4045E-03  8.2060E-01 -8.6587E-02 -5.6379E-01
  5.0000E+01  5.4045E-03  8.2060E-01 -8.6587E-02 -5.6379E-01
  5.0000E+01  5.4045E-03  8.2060E-01 -8.6587E-02 -5.6379E-01
  5.0000E+01  5.4045E-03  8.2060E-01 -8.6587E-02 -5.6379E-01
  5.0000E+01  5.4045E-03  8.2060E-01 -8.6587E-02 -5.6379E-01
  5.1000E+01  4.5621E-03  1.1019E+00 -2.5604E-01 -2.6908E-01
  5.1000E+01  4.5621E-03  1.1019E+00 -2.5604E-01 -2.6908E-01
  5.1000E+01  4.5621E-03  1.1019E+00 -2.5604E-01 -2.6908E-01
  5.1000E+01  4.5621E-03  1.1019E+00 -2.5604E-01 -2.6908E-01
  5.1000E+01  4.5621E-03  1.1019E+00 -2.5604E-01 -2.6908E-01
  5.1000E+01  4.5621E-03  1.1019E+00 -2.5604E-01 -2.6908E-01
  5.1000E+01  4.5621E-03  1.1019E+00 -2.5604E-01 -2.6908E-01
  5.1000E+01  4.5621E-03  1.1019E+00 -2.5604E-01 -2.6908E-01
  5.1000E+01  4.5621E-03  1.1019E+00 -2.5604E-01 -2.6908E-01
  5.1000E+01  4.5621E-03  1.1019E+00 -2.5604E-01 -2.6908E-01
  5.1000E+01  4.5621E-03  1.1019E+00 -2.5604E-01 -2.6908E-01
  5.1000E+01  4.5621E-03  1.1019E+00 -2.5604E-01 -2.6908E-01
  5.1000E+01  4.5621E-03  1.1019E+00 -2.5604E-01 -2.6908E-01
  5.1000E+01  4.5621E-03  1.1019E+00 -2.5604E-01 -2.6908E-01
  5.1000E+01  4.5621E-03  1.1019E+00 -2.5604E-01 -2.6908E-01
  5.1000E+01  4.5621E-03  1.1019E+00 -2.5604E-01 -2.6908E-01
  5.2000E+01  5.7611E-03  6.2792E-01 -2.2689E-02 -8.3142E-01
  5.2000E+01  5.7611E-03  6.2792E-01 -2.2689E-02 -8.3142E-01
  5.2000E+01  5.7611E-03  6.2792E-01 -2.2689E-02 -8.3142E-01
  5.2000E+01  5.7611E-03  6.2792E-01 -2.2689E-02 -8.3142E-01
  5.2000E+01  5.7611E-03  6.2792E-01 -2.2689E-02 -8.3142E-01
  5.2000E+01  5.7611E-03  6.2792E-01 -2.2689E-02 -8.3142E-01
  5.2000E+01  5.7611E-03  6.2792E-01 -2.2689E-02 -8.3142E-01
  5.2000E+01  5.7611E-03  6.2792E-01 -2.2689E-02 -8.3142E-01
  5.2000E+01  5.7611E-03  6.2792E-01 -2.2689E-02 -8.3142E-01
  5.2000E+01  5.7611E-03  6.2792E-01 -2.2689E-02 -8.3142E-01
  5.2000E+01  5.7611E-03  6.2792E-01 -2.2689E-02 -8.3142E-01
  5.2000E+01  5.7611E-03  6.2792E-01 -2.2689E-02 -8.3142E-01
  5.2000E+01  5.7611E-03  6.2792E-01 -2.2689E-02 -8.3142E-01
  5.2000E+01  5.7611E-03  6.2792E-01 -2.2689E-02 -8.3142E-01
  5.2000E+01  5.7611E-03  6.2792E-01 -2.2689E-02 -8.3142E-01
  5.2000E+01  5.7611E-03  6.2792E-01 -2.2689E-02 -8.3142E-01
  5.2000E+01  5.7611E-03  6.2792E-01 -2.2689E-02 -8.3142E-01
  5.3000E+01  4.9981E-03  1.5352E+00 -1.6476E-01  6.2611E-02
  5.3000E+01  4.9981E-03  1.5352E+00 -1.6476E-01  6.2611E-02
  5.3000E+01  4.9981E-03  1.5352E+00 -1.6476E-01  6.2611E-02
  5.3000E+01  4.9981E-03  1.5352E+00 -1.6476E-01  6.2611E-02
  5.3000E+01  4.9981E-03  1.5352E+00 -1.6476E-01  6.2611E-02
  5.3000E+01  4.9981E-03  1.5352E+00 -1.6476E-01  6.2611E-02
  5.3000E+01  4.9981E-03  1.5352E+00 -1.6476E-01  6.2611E-02
  5.3000E+01  4.9981E-03  1.5352E+00 -1.6476E-01  6.2611E-02
  5.3000E+01  4.9981E-03  1.5352E+00 -1.6476E-01  6.2611E-02
  5.4000E+01  5.7021E-03  1.3970E+00 -3.2988E-02 -3.1745E-02
  5.4000E+01  5.7021E-03  1.3970E+00 -3.2988E-02 -3.1745E-02
  5.4000E+01  5.7021E-03  1.3970E+00 -3.2988E-02 -3.1745E-02
  5.4000E+01  5.7021E-03  1.3970E+00 -3.2988E-02 -3.1745E-02
  5.4000E+01  5.7021E-03  1.3970E+00 -3.2988E-02 -3.1745E-02
  5.4000E+01  5.7021E-03  1.3970E+00 -3.2988E-02 -3.1745E-02
  5.4000E+01  5.7021E-03  1.3970E+00 -3.2988E-02 -3.1745E-02
  5.4000E+01  5.7021E-03  1.3970E+00 -3.2988E-02 -3.1745E-02
  5.4000E+01  5.7021E-03  1.3970E+00 -3.2988E-02 -3.1745E-02
  5.4000E+01  5.7021E-03  1.3970E+00 -3.2988E-02 -3.1745E-02
  5.4000E+01  5.7021E-03  1.3970E+00 -3.2988E-02 -3.1745E-02
  5.4000E+01  5.7021E-03  1.3970E+00 -3.2988E-02 -3.1745E-02
  5.4000E+01  5.7021E-03  1.3970E+00 -3.2988E-02 -3.1745E-02
  5.4000E+01  5.7021E-03  1.3970E+00 -3.2988E-02 -3.1745E-02
  5.4000E+01  5.7021E-03  1.3970E+00 -3.2988E-02 -3.1745E-02
  5.5000E+01  6.1011E-03  1.6635E+00  3.4653E-02  1.4284E-01
  5.5000E+01  6.1011E-03  1.6635E+00  3.4653E-02  1.4284E-01
  5.5000E+01  6.1011E-03  1.6635E+00  3.4653E-02  1.4284E-01
  5.5000E+01  6.1011E-03  1.6635E+00  3.4653E-02  1.4284E-01
  5.5000E+01  6.1011E-03  1.6635E+00  3.4653E-02  1.4284E-01
  5.5000E+01  6.1011E-03  1.6635E+00  3.4653E-02  1.4284E-01
  5.5000E+01  6.1011E-03  1.6635E+00  3.4653E-02  1.4284E-01
  5.5000E+01  6.1011E-03  1.6635E+00  3.4653E-02  1.4284E-01
  5.5000E+01  6.1011E-03  1.6635E+00  3.4653E-02  1.4284E-01
  5.6000E+01  5.2470E-03  6.9433E-01 -1.1617E-01 -7.3087E-01
  5.6000E+01  5.2470E-03  6.9433E-01 -1.1617E-01 -7.3087E-01
  5.6000E+01  5.2470E-03  6.9433E-01 -1.1617E-01 -7.3087E-01
  5.6000E+01  5.2470E-03  6.9433E-01 -1.1617E-01 -7.3087E-01
  5.7000E+01  8.3611E-03  2.0656E+00  3.4977E-01  3.5933E-01
  5.7000E+01  8.3611E-03  2.0656E+00  3.4977E-01  3.5933E-01
  5.7000E+01  8.3611E-03  2.0656E+00  3.4977E-01  3.5933E-01
  5.7000E+01  8.3611E-03  2.0656E+00  3.4977E-01  3.5933E-01
  5.7000E+01  8.3611E-03  2.0656E+00  3.4977E-01  3.5933E-01
  5.7000E+01  8.3611E-03  2.0656E+00  3.4977E-01  3.5933E-01
  5.7000E+01  8.3611E-03  2.0656E+00  3.4977E-01  3.5933E-01
  5.7000E+01  8.3611E-03  2.0656E+00  3.4977E-01  3.5933E-01
  5.7000E+01  8.3611E-03  2.0656E+00  3.4977E-01  3.5933E-01
  5.7000E+01  8.3611E-03  2.0656E+00  3.4977E-01  3.5933E-01
  5.7000E+01  8.3611E-03  2.0656E+00  3.4977E-01  3.5933E-01
  5.7000E+01  8.3611E-03  2.0656E+00  3.4977E-01  3.5933E-01
  5.7000E+01  8.3611E-03  2.0656E+00  3.4977E-01  3.5933E-01
  5.8000E+01  6.7874E-03  1.1665E+00  1.4124E-01 -2.1206E-01
  5.8000E+01  6.7874E-03  1.1665E+00  1.4124E-01 -2.1206E-01
  5.8000E+01  6.7874E-03  1.1665E+00  1.4124E-01 -2.1206E-01
  5.8000E+01  6.7874E-03  1.1665E+00  1.4124E-01 -2.1206E-01
  5.8000E+01  6.7874E-03  1.1665E+00  1.4124E-01 -2.1206E-01
  5.8000E+01  6.7874E-03  1.1665E+00  1.4124E-01 -2.1206E-01
  5.8000E+01  6.7874E-03  1.1665E+00  1.4124E-01 -2.1206E-01
  5.8000E+01  6.7874E-03  1.1665E+00  1.4124E-01 -2.1206E-01
  5.8000E+01  6.7874E-03  1.1665E+00  1.4124E-01 -2.1206E-01
  5.8000E+01  6.7874E-03  1.1665E+00  1.4124E-01 -2.1206E-01
  5.8000E+01  6.7874E-03  1.1665E+00  1.4124E-01 -2.1206E-01
  5.8000E+01  6.7874E-03  1.1665E+00  1.4124E-01 -2.1206E-01
  5.8000E+01  6.7874E-03  1.1665E+00  1.4124E-01 -2.1206E-01
  5.8000E+01  6.7874E-03  1.1665E+00  1.4124E-01 -2.1206E-01
  5.8000E+01  6.7874E-03  1.1665E+00  1.4124E-01 -2.1206E-01
  5.8000E+01  6.7874E-03  1.1665E+00  1.4124E-01 -2.1206E-01
  5.9000E+01  4.3670E-03  9.6808E-01 -2.9975E-01 -3.9851E-01
  5.9000E+01  4.3670E-03  9.6808E-01 -2.9975E-01 -3.9851E-01
  5.9000E+01  4.3670E-03  9.6808E-01 -2.9975E-01 -3.9851E-01
  5.9000E+01  4.3670E-03  9.6808E-01 -2.9975E-01 -3.9851E-01
  5.9000E+01  4.3670E-03  9.6808E-01 -2.9975E-01 -3.9851E-01
  5.9000E+01  4.3670E-03  9.6808E-01 -2.9975E-01 -3.9851E-01
  5.9000E+01  4.3670E-03  9.6808E-01 -2.9975E-01 -3.9851E-01
  5.9000E+01  4.3670E-03  9.6808E-01 -2.9975E-01 -3.9851E-01
  5.9000E+01  4.3670E-03  9.6808E-01 -2.9975E-01 -3.9851E-01
  5.9000E+01  4.3670E-03  9.6808E-01 -2.9975E-01 -3.9851E-01
  5.9000E+01  4.3670E-03  9.6808E-01 -2.9975E-01 -3.9851E-01
  5.9000E+01  4.3670E-03  9.6808E-01 -2.9975E-01 -3.9851E-01
  5.9000E+01  4.3670E-03  9.6808E-01 -2.9975E-01 -3.9851E-01
  5.9000E+01  4.3670E-03  9.6808E-01 -2.9975E-01 -3.9851E-01
  5.9000E+01  4.3670E-03  9.6808E-01 -2.9975E-01 -3.9851E-01
  5.9000E+01  4.3670E-03  9.6808E-01 -2.9975E-01 -3.9851E-01
  5.9000E+01  4.3670E-03  9.6808E-01 -2.9975E-01 -3.9851E-01
