TABLE NO.  2
 ID          CL          V           ETA1        ETA2
  1.0000E+00  6.2772E-03  1.3645E+00 -4.7390E-02 -3.1338E-02
  1.0000E+00  6.2772E-03  1.3645E+00 -4.7390E-02 -3.1338E-02
  1.0000E+00  6.2772E-03  1.3645E+00 -4.7390E-02 -3.1338E-02
  1.0000E+00  6.2772E-03  1.3645E+00 -4.7390E-02 -3.1338E-02
  1.0000E+00  6.2772E-03  1.3645E+00 -4.7390E-02 -3.1338E-02
  1.0000E+00  6.2772E-03  1.3645E+00 -4.7390E-02 -3.1338E-02
  1.0000E+00  6.2772E-03  1.3645E+00 -4.7390E-02 -3.1338E-02
  1.0000E+00  6.2772E-03  1.3645E+00 -4.7390E-02 -3.1338E-02
  1.0000E+00  6.2772E-03  1.3645E+00 -4.7390E-02 -3.1338E-02
  1.0000E+00  6.2772E-03  1.3645E+00 -4.7390E-02 -3.1338E-02
  1.0000E+00  6.2229E-03  1.3645E+00 -4.7390E-02 -3.1338E-02
  1.0000E+00  6.2229E-03  1.3645E+00 -4.7390E-02 -3.1338E-02
  1.0000E+00  6.2229E-03  1.3645E+00 -4.7390E-02 -3.1338E-02
  2.0000E+00  5.0198E-03  1.2591E+00 -1.8934E-01 -1.7628E-01
  2.0000E+00  5.0198E-03  1.2591E+00 -1.8934E-01 -1.7628E-01
  2.0000E+00  5.0198E-03  1.2591E+00 -1.8934E-01 -1.7628E-01
  2.0000E+00  5.0198E-03  1.2591E+00 -1.8934E-01 -1.7628E-01
  2.0000E+00  5.0198E-03  1.2591E+00 -1.8934E-01 -1.7628E-01
  2.0000E+00  5.0198E-03  1.2591E+00 -1.8934E-01 -1.7628E-01
  2.0000E+00  5.0198E-03  1.2591E+00 -1.8934E-01 -1.7628E-01
  2.0000E+00  5.0198E-03  1.2591E+00 -1.8934E-01 -1.7628E-01
  2.0000E+00  5.0198E-03  1.2591E+00 -1.8934E-01 -1.7628E-01
  2.0000E+00  5.0198E-03  1.2591E+00 -1.8934E-01 -1.7628E-01
  2.0000E+00  5.0198E-03  1.2591E+00 -1.8934E-01 -1.7628E-01
  2.0000E+00  5.0198E-03  1.2591E+00 -1.8934E-01 -1.7628E-01
  2.0000E+00  6.4403E-03  1.2591E+00 -1.8934E-01 -1.7628E-01
  2.0000E+00  6.4403E-03  1.2591E+00 -1.8934E-01 -1.7628E-01
  2.0000E+00  6.4403E-03  1.2591E+00 -1.8934E-01 -1.7628E-01
  2.0000E+00  6.4403E-03  1.2591E+00 -1.8934E-01 -1.7628E-01
  3.0000E+00  8.1203E-03  1.6906E+00  1.3163E-01  1.1845E-01
  3.0000E+00  8.1203E-03  1.6906E+00  1.3163E-01  1.1845E-01
  3.0000E+00  8.1203E-03  1.6906E+00  1.3163E-01  1.1845E-01
  3.0000E+00  8.1203E-03  1.6906E+00  1.3163E-01  1.1845E-01
  3.0000E+00  8.1203E-03  1.6906E+00  1.3163E-01  1.1845E-01
  3.0000E+00  8.1203E-03  1.6906E+00  1.3163E-01  1.1845E-01
  3.0000E+00  8.1203E-03  1.6906E+00  1.3163E-01  1.1845E-01
  3.0000E+00  8.1203E-03  1.6906E+00  1.3163E-01  1.1845E-01
  3.0000E+00  8.1203E-03  1.6906E+00  1.3163E-01  1.1845E-01
  3.0000E+00  8.1203E-03  1.6906E+00  1.3163E-01  1.1845E-01
  3.0000E+00  8.1203E-03  1.6906E+00  1.3163E-01  1.1845E-01
  3.0000E+00  8.3999E-03  1.6906E+00  1.3163E-01  1.1845E-01
  3.0000E+00  8.3999E-03  1.6906E+00  1.3163E-01  1.1845E-01
  3.0000E+00  8.3999E-03  1.6906E+00  1.3163E-01  1.1845E-01
  3.0000E+00  8.3999E-03  1.6906E+00  1.3163E-01  1.1845E-01
  3.0000E+00  8.3999E-03  1.6906E+00  1.3163E-01  1.1845E-01
  4.0000E+00  4.2558E-03  9.0187E-01 -3.5092E-02 -3.2187E-02
  4.0000E+00  4.2558E-03  9.0187E-01 -3.5092E-02 -3.2187E-02
  4.0000E+00  4.2558E-03  9.0187E-01 -3.5092E-02 -3.2187E-02
  4.0000E+00  4.2558E-03  9.0187E-01 -3.5092E-02 -3.2187E-02
  4.0000E+00  4.2558E-03  9.0187E-01 -3.5092E-02 -3.2187E-02
  4.0000E+00  4.2558E-03  9.0187E-01 -3.5092E-02 -3.2187E-02
  4.0000E+00  4.2558E-03  9.0187E-01 -3.5092E-02 -3.2187E-02
  4.0000E+00  4.2558E-03  9.0187E-01 -3.5092E-02 -3.2187E-02
  4.0000E+00  4.2558E-03  9.0187E-01 -3.5092E-02 -3.2187E-02
  4.0000E+00  4.2558E-03  9.0187E-01 -3.5092E-02 -3.2187E-02
  4.0000E+00  4.2558E-03  9.0187E-01 -3.5092E-02 -3.2187E-02
  4.0000E+00  4.2558E-03  9.0187E-01 -3.5092E-02 -3.2187E-02
  4.0000E+00  3.9613E-03  9.0187E-01 -3.5092E-02 -3.2187E-02
  4.0000E+00  3.9613E-03  9.0187E-01 -3.5092E-02 -3.2187E-02
  4.0000E+00  3.9613E-03  9.0187E-01 -3.5092E-02 -3.2187E-02
  5.0000E+00  8.0378E-03  1.7953E+00  2.2771E-01  2.4303E-01
  5.0000E+00  8.0378E-03  1.7953E+00  2.2771E-01  2.4303E-01
  5.0000E+00  8.0378E-03  1.7953E+00  2.2771E-01  2.4303E-01
  5.0000E+00  8.0378E-03  1.7953E+00  2.2771E-01  2.4303E-01
  5.0000E+00  8.0378E-03  1.7953E+00  2.2771E-01  2.4303E-01
  5.0000E+00  8.0378E-03  1.7953E+00  2.2771E-01  2.4303E-01
  5.0000E+00  8.0378E-03  1.7953E+00  2.2771E-01  2.4303E-01
  5.0000E+00  8.0378E-03  1.7953E+00  2.2771E-01  2.4303E-01
  5.0000E+00  8.0378E-03  1.7953E+00  2.2771E-01  2.4303E-01
  5.0000E+00  8.0378E-03  1.7953E+00  2.2771E-01  2.4303E-01
  5.0000E+00  8.0378E-03  1.7953E+00  2.2771E-01  2.4303E-01
  5.0000E+00  8.2879E-03  1.7953E+00  2.2771E-01  2.4303E-01
  5.0000E+00  8.2879E-03  1.7953E+00  2.2771E-01  2.4303E-01
  5.0000E+00  8.2879E-03  1.7953E+00  2.2771E-01  2.4303E-01
  5.0000E+00  8.2879E-03  1.7953E+00  2.2771E-01  2.4303E-01
  6.0000E+00  6.2163E-03  1.2680E+00 -9.3745E-03  3.9489E-02
  6.0000E+00  6.2163E-03  1.2680E+00 -9.3745E-03  3.9489E-02
  6.0000E+00  6.2163E-03  1.2680E+00 -9.3745E-03  3.9489E-02
  6.0000E+00  6.2163E-03  1.2680E+00 -9.3745E-03  3.9489E-02
  6.0000E+00  6.2163E-03  1.2680E+00 -9.3745E-03  3.9489E-02
  6.0000E+00  6.2163E-03  1.2680E+00 -9.3745E-03  3.9489E-02
  6.0000E+00  6.2163E-03  1.2680E+00 -9.3745E-03  3.9489E-02
  6.0000E+00  6.2163E-03  1.2680E+00 -9.3745E-03  3.9489E-02
  6.0000E+00  6.2163E-03  1.2680E+00 -9.3745E-03  3.9489E-02
  6.0000E+00  6.2163E-03  1.2680E+00 -9.3745E-03  3.9489E-02
  6.0000E+00  6.2163E-03  1.2680E+00 -9.3745E-03  3.9489E-02
  6.0000E+00  6.2163E-03  1.2680E+00 -9.3745E-03  3.9489E-02
  6.0000E+00  6.0128E-03  1.2680E+00 -9.3745E-03  3.9489E-02
  6.0000E+00  6.0128E-03  1.2680E+00 -9.3745E-03  3.9489E-02
  6.0000E+00  6.0128E-03  1.2680E+00 -9.3745E-03  3.9489E-02
  6.0000E+00  6.0128E-03  1.2680E+00 -9.3745E-03  3.9489E-02
  7.0000E+00  4.6885E-03  1.0687E+00  5.6172E-02  3.8967E-02
  7.0000E+00  4.6885E-03  1.0687E+00  5.6172E-02  3.8967E-02
  7.0000E+00  4.6885E-03  1.0687E+00  5.6172E-02  3.8967E-02
  7.0000E+00  4.6885E-03  1.0687E+00  5.6172E-02  3.8967E-02
  7.0000E+00  4.6885E-03  1.0687E+00  5.6172E-02  3.8967E-02
  7.0000E+00  4.6885E-03  1.0687E+00  5.6172E-02  3.8967E-02
  7.0000E+00  4.6885E-03  1.0687E+00  5.6172E-02  3.8967E-02
  7.0000E+00  4.6885E-03  1.0687E+00  5.6172E-02  3.8967E-02
  7.0000E+00  4.6885E-03  1.0687E+00  5.6172E-02  3.8967E-02
  7.0000E+00  4.6885E-03  1.0687E+00  5.6172E-02  3.8967E-02
  7.0000E+00  4.6885E-03  1.0687E+00  5.6172E-02  3.8967E-02
  7.0000E+00  4.6885E-03  1.0687E+00  5.6172E-02  3.8967E-02
  7.0000E+00  4.6885E-03  1.0687E+00  5.6172E-02  3.8967E-02
  7.0000E+00  4.6885E-03  1.0687E+00  5.6172E-02  3.8967E-02
  7.0000E+00  4.6885E-03  1.0687E+00  5.6172E-02  3.8967E-02
  7.0000E+00  4.6885E-03  1.0687E+00  5.6172E-02  3.8967E-02
  7.0000E+00  4.6885E-03  1.0687E+00  5.6172E-02  3.8967E-02
  8.0000E+00  4.9358E-03  1.0117E+00 -1.2271E-01 -1.8628E-01
  8.0000E+00  4.9358E-03  1.0117E+00 -1.2271E-01 -1.8628E-01
  8.0000E+00  4.9358E-03  1.0117E+00 -1.2271E-01 -1.8628E-01
  8.0000E+00  4.9358E-03  1.0117E+00 -1.2271E-01 -1.8628E-01
  8.0000E+00  4.9358E-03  1.0117E+00 -1.2271E-01 -1.8628E-01
  8.0000E+00  4.9358E-03  1.0117E+00 -1.2271E-01 -1.8628E-01
  8.0000E+00  4.9358E-03  1.0117E+00 -1.2271E-01 -1.8628E-01
  8.0000E+00  4.9358E-03  1.0117E+00 -1.2271E-01 -1.8628E-01
  8.0000E+00  4.9358E-03  1.0117E+00 -1.2271E-01 -1.8628E-01
  8.0000E+00  4.9358E-03  1.0117E+00 -1.2271E-01 -1.8628E-01
  8.0000E+00  4.9358E-03  1.0117E+00 -1.2271E-01 -1.8628E-01
  8.0000E+00  4.9358E-03  1.0117E+00 -1.2271E-01 -1.8628E-01
  8.0000E+00  4.2933E-03  1.0117E+00 -1.2271E-01 -1.8628E-01
  8.0000E+00  4.2933E-03  1.0117E+00 -1.2271E-01 -1.8628E-01
  8.0000E+00  4.2933E-03  1.0117E+00 -1.2271E-01 -1.8628E-01
  8.0000E+00  4.2933E-03  1.0117E+00 -1.2271E-01 -1.8628E-01
  8.0000E+00  4.2933E-03  1.0117E+00 -1.2271E-01 -1.8628E-01
  9.0000E+00  4.8977E-03  1.2348E+00 -1.8794E-01 -1.3121E-01
  9.0000E+00  4.8977E-03  1.2348E+00 -1.8794E-01 -1.3121E-01
  9.0000E+00  4.8977E-03  1.2348E+00 -1.8794E-01 -1.3121E-01
  9.0000E+00  4.8977E-03  1.2348E+00 -1.8794E-01 -1.3121E-01
  9.0000E+00  4.8977E-03  1.2348E+00 -1.8794E-01 -1.3121E-01
  9.0000E+00  4.8977E-03  1.2348E+00 -1.8794E-01 -1.3121E-01
  9.0000E+00  4.8977E-03  1.2348E+00 -1.8794E-01 -1.3121E-01
  9.0000E+00  4.8977E-03  1.2348E+00 -1.8794E-01 -1.3121E-01
  9.0000E+00  4.8977E-03  1.2348E+00 -1.8794E-01 -1.3121E-01
  9.0000E+00  4.8977E-03  1.2348E+00 -1.8794E-01 -1.3121E-01
  9.0000E+00  4.8977E-03  1.2348E+00 -1.8794E-01 -1.3121E-01
  9.0000E+00  4.8977E-03  1.2348E+00 -1.8794E-01 -1.3121E-01
  9.0000E+00  5.2561E-03  1.2348E+00 -1.8794E-01 -1.3121E-01
  9.0000E+00  5.2561E-03  1.2348E+00 -1.8794E-01 -1.3121E-01
  9.0000E+00  5.2561E-03  1.2348E+00 -1.8794E-01 -1.3121E-01
  9.0000E+00  5.2561E-03  1.2348E+00 -1.8794E-01 -1.3121E-01
  9.0000E+00  5.2561E-03  1.2348E+00 -1.8794E-01 -1.3121E-01
  9.0000E+00  5.1064E-03  1.2348E+00 -1.8794E-01 -1.3121E-01
  1.0000E+01  5.8693E-03  1.4223E+00  1.5401E-02  1.0160E-02
  1.0000E+01  5.8693E-03  1.4223E+00  1.5401E-02  1.0160E-02
  1.0000E+01  5.8693E-03  1.4223E+00  1.5401E-02  1.0160E-02
  1.0000E+01  5.8693E-03  1.4223E+00  1.5401E-02  1.0160E-02
  1.0000E+01  5.8693E-03  1.4223E+00  1.5401E-02  1.0160E-02
  1.0000E+01  5.8693E-03  1.4223E+00  1.5401E-02  1.0160E-02
  1.0000E+01  5.8693E-03  1.4223E+00  1.5401E-02  1.0160E-02
  1.0000E+01  5.8693E-03  1.4223E+00  1.5401E-02  1.0160E-02
  1.0000E+01  5.8693E-03  1.4223E+00  1.5401E-02  1.0160E-02
  1.0000E+01  5.8693E-03  1.4223E+00  1.5401E-02  1.0160E-02
  1.0000E+01  5.8693E-03  1.4223E+00  1.5401E-02  1.0160E-02
  1.0000E+01  5.8693E-03  1.4223E+00  1.5401E-02  1.0160E-02
  1.0000E+01  6.7821E-03  1.4223E+00  1.5401E-02  1.0160E-02
  1.0000E+01  6.7821E-03  1.4223E+00  1.5401E-02  1.0160E-02
  1.0000E+01  6.7821E-03  1.4223E+00  1.5401E-02  1.0160E-02
  1.0000E+01  6.7821E-03  1.4223E+00  1.5401E-02  1.0160E-02
  1.1000E+01  6.8209E-03  1.6530E+00  2.6440E-01  3.0462E-01
  1.1000E+01  6.8209E-03  1.6530E+00  2.6440E-01  3.0462E-01
  1.1000E+01  6.8209E-03  1.6530E+00  2.6440E-01  3.0462E-01
  1.1000E+01  6.8209E-03  1.6530E+00  2.6440E-01  3.0462E-01
  1.1000E+01  6.8209E-03  1.6530E+00  2.6440E-01  3.0462E-01
  1.1000E+01  6.8209E-03  1.6530E+00  2.6440E-01  3.0462E-01
  1.1000E+01  6.8209E-03  1.6530E+00  2.6440E-01  3.0462E-01
  1.2000E+01  5.0901E-03  1.3382E+00 -6.1359E-02  1.8480E-02
  1.2000E+01  5.0901E-03  1.3382E+00 -6.1359E-02  1.8480E-02
  1.2000E+01  5.0901E-03  1.3382E+00 -6.1359E-02  1.8480E-02
  1.2000E+01  5.0901E-03  1.3382E+00 -6.1359E-02  1.8480E-02
  1.2000E+01  5.0901E-03  1.3382E+00 -6.1359E-02  1.8480E-02
  1.2000E+01  5.0901E-03  1.3382E+00 -6.1359E-02  1.8480E-02
  1.2000E+01  5.0901E-03  1.3382E+00 -6.1359E-02  1.8480E-02
  1.2000E+01  5.0901E-03  1.3382E+00 -6.1359E-02  1.8480E-02
  1.2000E+01  5.0901E-03  1.3382E+00 -6.1359E-02  1.8480E-02
  1.2000E+01  5.0901E-03  1.3382E+00 -6.1359E-02  1.8480E-02
  1.2000E+01  5.0901E-03  1.3382E+00 -6.1359E-02  1.8480E-02
  1.2000E+01  6.4665E-03  1.3382E+00 -6.1359E-02  1.8480E-02
  1.2000E+01  6.4665E-03  1.3382E+00 -6.1359E-02  1.8480E-02
  1.2000E+01  6.4665E-03  1.3382E+00 -6.1359E-02  1.8480E-02
  1.2000E+01  6.4665E-03  1.3382E+00 -6.1359E-02  1.8480E-02
  1.2000E+01  6.4665E-03  1.3382E+00 -6.1359E-02  1.8480E-02
  1.2000E+01  6.4346E-03  1.3382E+00 -6.1359E-02  1.8480E-02
  1.3000E+01  3.9199E-03  9.6280E-01 -1.4160E-01 -1.5449E-01
  1.3000E+01  3.9199E-03  9.6280E-01 -1.4160E-01 -1.5449E-01
  1.3000E+01  3.9199E-03  9.6280E-01 -1.4160E-01 -1.5449E-01
  1.3000E+01  3.9199E-03  9.6280E-01 -1.4160E-01 -1.5449E-01
  1.3000E+01  3.9199E-03  9.6280E-01 -1.4160E-01 -1.5449E-01
  1.3000E+01  3.9199E-03  9.6280E-01 -1.4160E-01 -1.5449E-01
  1.3000E+01  3.9199E-03  9.6280E-01 -1.4160E-01 -1.5449E-01
  1.3000E+01  3.9199E-03  9.6280E-01 -1.4160E-01 -1.5449E-01
  1.3000E+01  3.9199E-03  9.6280E-01 -1.4160E-01 -1.5449E-01
  1.3000E+01  3.9199E-03  9.6280E-01 -1.4160E-01 -1.5449E-01
  1.3000E+01  4.1942E-03  9.6280E-01 -1.4160E-01 -1.5449E-01
  1.3000E+01  4.1942E-03  9.6280E-01 -1.4160E-01 -1.5449E-01
  1.3000E+01  4.1942E-03  9.6280E-01 -1.4160E-01 -1.5449E-01
  1.3000E+01  4.1942E-03  9.6280E-01 -1.4160E-01 -1.5449E-01
  1.3000E+01  4.1942E-03  9.6280E-01 -1.4160E-01 -1.5449E-01
  1.3000E+01  4.1942E-03  9.6280E-01 -1.4160E-01 -1.5449E-01
  1.3000E+01  4.1942E-03  9.6280E-01 -1.4160E-01 -1.5449E-01
  1.4000E+01  5.3081E-03  1.0247E+00  3.8528E-02 -9.2181E-02
  1.4000E+01  5.3081E-03  1.0247E+00  3.8528E-02 -9.2181E-02
  1.4000E+01  5.3081E-03  1.0247E+00  3.8528E-02 -9.2181E-02
  1.4000E+01  5.3081E-03  1.0247E+00  3.8528E-02 -9.2181E-02
  1.4000E+01  5.3081E-03  1.0247E+00  3.8528E-02 -9.2181E-02
  1.4000E+01  5.3081E-03  1.0247E+00  3.8528E-02 -9.2181E-02
  1.4000E+01  5.3081E-03  1.0247E+00  3.8528E-02 -9.2181E-02
  1.4000E+01  5.3081E-03  1.0247E+00  3.8528E-02 -9.2181E-02
  1.4000E+01  5.3081E-03  1.0247E+00  3.8528E-02 -9.2181E-02
  1.4000E+01  5.3081E-03  1.0247E+00  3.8528E-02 -9.2181E-02
  1.4000E+01  5.3081E-03  1.0247E+00  3.8528E-02 -9.2181E-02
  1.4000E+01  5.3081E-03  1.0247E+00  3.8528E-02 -9.2181E-02
  1.4000E+01  5.5134E-03  1.0247E+00  3.8528E-02 -9.2181E-02
  1.4000E+01  5.5134E-03  1.0247E+00  3.8528E-02 -9.2181E-02
  1.4000E+01  5.5134E-03  1.0247E+00  3.8528E-02 -9.2181E-02
  1.4000E+01  5.5134E-03  1.0247E+00  3.8528E-02 -9.2181E-02
  1.4000E+01  5.5134E-03  1.0247E+00  3.8528E-02 -9.2181E-02
  1.4000E+01  5.4280E-03  1.0247E+00  3.8528E-02 -9.2181E-02
  1.5000E+01  6.1030E-03  1.3732E+00  3.9722E-02  4.4334E-02
  1.5000E+01  6.1030E-03  1.3732E+00  3.9722E-02  4.4334E-02
  1.5000E+01  6.1030E-03  1.3732E+00  3.9722E-02  4.4334E-02
  1.5000E+01  6.1030E-03  1.3732E+00  3.9722E-02  4.4334E-02
  1.5000E+01  6.1030E-03  1.3732E+00  3.9722E-02  4.4334E-02
  1.5000E+01  6.1030E-03  1.3732E+00  3.9722E-02  4.4334E-02
  1.5000E+01  6.1030E-03  1.3732E+00  3.9722E-02  4.4334E-02
  1.5000E+01  6.1030E-03  1.3732E+00  3.9722E-02  4.4334E-02
  1.5000E+01  6.1030E-03  1.3732E+00  3.9722E-02  4.4334E-02
  1.5000E+01  6.3148E-03  1.3732E+00  3.9722E-02  4.4334E-02
  1.5000E+01  6.3148E-03  1.3732E+00  3.9722E-02  4.4334E-02
  1.5000E+01  6.3148E-03  1.3732E+00  3.9722E-02  4.4334E-02
  1.5000E+01  6.3148E-03  1.3732E+00  3.9722E-02  4.4334E-02
  1.5000E+01  6.3148E-03  1.3732E+00  3.9722E-02  4.4334E-02
  1.5000E+01  6.3148E-03  1.3732E+00  3.9722E-02  4.4334E-02
  1.6000E+01  5.0322E-03  1.2007E+00 -4.4859E-02 -1.5082E-02
  1.6000E+01  5.0322E-03  1.2007E+00 -4.4859E-02 -1.5082E-02
  1.6000E+01  5.0322E-03  1.2007E+00 -4.4859E-02 -1.5082E-02
  1.6000E+01  5.0322E-03  1.2007E+00 -4.4859E-02 -1.5082E-02
  1.6000E+01  5.0322E-03  1.2007E+00 -4.4859E-02 -1.5082E-02
  1.6000E+01  5.0322E-03  1.2007E+00 -4.4859E-02 -1.5082E-02
  1.6000E+01  5.0322E-03  1.2007E+00 -4.4859E-02 -1.5082E-02
  1.6000E+01  5.0322E-03  1.2007E+00 -4.4859E-02 -1.5082E-02
  1.6000E+01  5.0322E-03  1.2007E+00 -4.4859E-02 -1.5082E-02
  1.6000E+01  5.0322E-03  1.2007E+00 -4.4859E-02 -1.5082E-02
  1.6000E+01  5.0322E-03  1.2007E+00 -4.4859E-02 -1.5082E-02
  1.6000E+01  5.0322E-03  1.2007E+00 -4.4859E-02 -1.5082E-02
  1.6000E+01  5.0322E-03  1.2007E+00 -4.4859E-02 -1.5082E-02
  1.6000E+01  4.5049E-03  1.2007E+00 -4.4859E-02 -1.5082E-02
  1.6000E+01  4.5049E-03  1.2007E+00 -4.4859E-02 -1.5082E-02
  1.6000E+01  4.5049E-03  1.2007E+00 -4.4859E-02 -1.5082E-02
  1.6000E+01  4.5049E-03  1.2007E+00 -4.4859E-02 -1.5082E-02
  1.6000E+01  4.5049E-03  1.2007E+00 -4.4859E-02 -1.5082E-02
  1.6000E+01  4.5049E-03  1.2007E+00 -4.4859E-02 -1.5082E-02
  1.7000E+01  3.9707E-03  1.0846E+00 -4.6142E-02 -3.5384E-02
  1.7000E+01  3.9707E-03  1.0846E+00 -4.6142E-02 -3.5384E-02
  1.7000E+01  3.9707E-03  1.0846E+00 -4.6142E-02 -3.5384E-02
  1.7000E+01  3.9707E-03  1.0846E+00 -4.6142E-02 -3.5384E-02
  1.7000E+01  3.9707E-03  1.0846E+00 -4.6142E-02 -3.5384E-02
  1.7000E+01  3.9707E-03  1.0846E+00 -4.6142E-02 -3.5384E-02
  1.7000E+01  3.9707E-03  1.0846E+00 -4.6142E-02 -3.5384E-02
  1.7000E+01  3.9707E-03  1.0846E+00 -4.6142E-02 -3.5384E-02
  1.7000E+01  3.9707E-03  1.0846E+00 -4.6142E-02 -3.5384E-02
  1.7000E+01  3.9707E-03  1.0846E+00 -4.6142E-02 -3.5384E-02
  1.7000E+01  3.9707E-03  1.0846E+00 -4.6142E-02 -3.5384E-02
  1.7000E+01  3.9707E-03  1.0846E+00 -4.6142E-02 -3.5384E-02
  1.7000E+01  4.6328E-03  1.0846E+00 -4.6142E-02 -3.5384E-02
  1.7000E+01  4.6328E-03  1.0846E+00 -4.6142E-02 -3.5384E-02
  1.7000E+01  4.6328E-03  1.0846E+00 -4.6142E-02 -3.5384E-02
  1.7000E+01  4.6328E-03  1.0846E+00 -4.6142E-02 -3.5384E-02
  1.7000E+01  4.6328E-03  1.0846E+00 -4.6142E-02 -3.5384E-02
  1.8000E+01  6.8850E-03  1.1325E+00  2.6008E-01  9.6993E-02
  1.8000E+01  6.8850E-03  1.1325E+00  2.6008E-01  9.6993E-02
  1.8000E+01  6.8850E-03  1.1325E+00  2.6008E-01  9.6993E-02
  1.8000E+01  6.8850E-03  1.1325E+00  2.6008E-01  9.6993E-02
  1.8000E+01  6.8850E-03  1.1325E+00  2.6008E-01  9.6993E-02
  1.8000E+01  6.8850E-03  1.1325E+00  2.6008E-01  9.6993E-02
  1.8000E+01  6.8850E-03  1.1325E+00  2.6008E-01  9.6993E-02
  1.8000E+01  6.8850E-03  1.1325E+00  2.6008E-01  9.6993E-02
  1.8000E+01  6.8850E-03  1.1325E+00  2.6008E-01  9.6993E-02
  1.8000E+01  6.8850E-03  1.1325E+00  2.6008E-01  9.6993E-02
  1.8000E+01  6.8850E-03  1.1325E+00  2.6008E-01  9.6993E-02
  1.8000E+01  6.8850E-03  1.1325E+00  2.6008E-01  9.6993E-02
  1.8000E+01  6.4741E-03  1.1325E+00  2.6008E-01  9.6993E-02
  1.8000E+01  6.4741E-03  1.1325E+00  2.6008E-01  9.6993E-02
  1.8000E+01  6.4741E-03  1.1325E+00  2.6008E-01  9.6993E-02
  1.8000E+01  6.4741E-03  1.1325E+00  2.6008E-01  9.6993E-02
  1.8000E+01  6.5186E-03  1.1325E+00  2.6008E-01  9.6993E-02
  1.9000E+01  5.4115E-03  1.0769E+00  5.2269E-02  4.6643E-02
  1.9000E+01  5.4115E-03  1.0769E+00  5.2269E-02  4.6643E-02
  1.9000E+01  5.4115E-03  1.0769E+00  5.2269E-02  4.6643E-02
  1.9000E+01  5.4115E-03  1.0769E+00  5.2269E-02  4.6643E-02
  1.9000E+01  5.4115E-03  1.0769E+00  5.2269E-02  4.6643E-02
  1.9000E+01  5.4115E-03  1.0769E+00  5.2269E-02  4.6643E-02
  1.9000E+01  5.4115E-03  1.0769E+00  5.2269E-02  4.6643E-02
  1.9000E+01  5.4115E-03  1.0769E+00  5.2269E-02  4.6643E-02
  1.9000E+01  5.4115E-03  1.0769E+00  5.2269E-02  4.6643E-02
  1.9000E+01  5.4115E-03  1.0769E+00  5.2269E-02  4.6643E-02
  1.9000E+01  5.4115E-03  1.0769E+00  5.2269E-02  4.6643E-02
  1.9000E+01  5.4115E-03  1.0769E+00  5.2269E-02  4.6643E-02
  1.9000E+01  4.7583E-03  1.0769E+00  5.2269E-02  4.6643E-02
  1.9000E+01  4.7583E-03  1.0769E+00  5.2269E-02  4.6643E-02
  1.9000E+01  4.7583E-03  1.0769E+00  5.2269E-02  4.6643E-02
  1.9000E+01  4.7583E-03  1.0769E+00  5.2269E-02  4.6643E-02
  1.9000E+01  4.7583E-03  1.0769E+00  5.2269E-02  4.6643E-02
  1.9000E+01  4.7583E-03  1.0769E+00  5.2269E-02  4.6643E-02
  2.0000E+01  5.5782E-03  1.1009E+00 -7.3760E-02 -1.0178E-01
  2.0000E+01  5.5782E-03  1.1009E+00 -7.3760E-02 -1.0178E-01
  2.0000E+01  5.5782E-03  1.1009E+00 -7.3760E-02 -1.0178E-01
  2.0000E+01  5.5782E-03  1.1009E+00 -7.3760E-02 -1.0178E-01
  2.0000E+01  5.5782E-03  1.1009E+00 -7.3760E-02 -1.0178E-01
  2.0000E+01  5.5782E-03  1.1009E+00 -7.3760E-02 -1.0178E-01
  2.0000E+01  5.5782E-03  1.1009E+00 -7.3760E-02 -1.0178E-01
  2.0000E+01  5.5782E-03  1.1009E+00 -7.3760E-02 -1.0178E-01
  2.0000E+01  5.5782E-03  1.1009E+00 -7.3760E-02 -1.0178E-01
  2.0000E+01  5.5782E-03  1.1009E+00 -7.3760E-02 -1.0178E-01
  2.0000E+01  5.5782E-03  1.1009E+00 -7.3760E-02 -1.0178E-01
  2.0000E+01  5.5782E-03  1.1009E+00 -7.3760E-02 -1.0178E-01
  2.0000E+01  5.1613E-03  1.1009E+00 -7.3760E-02 -1.0178E-01
  2.0000E+01  5.1613E-03  1.1009E+00 -7.3760E-02 -1.0178E-01
  2.0000E+01  5.1613E-03  1.1009E+00 -7.3760E-02 -1.0178E-01
  2.0000E+01  5.1613E-03  1.1009E+00 -7.3760E-02 -1.0178E-01
  2.1000E+01  7.5618E-03  1.6889E+00 -4.8489E-02 -5.3078E-02
  2.1000E+01  7.5618E-03  1.6889E+00 -4.8489E-02 -5.3078E-02
  2.1000E+01  7.5618E-03  1.6889E+00 -4.8489E-02 -5.3078E-02
  2.1000E+01  7.5618E-03  1.6889E+00 -4.8489E-02 -5.3078E-02
  2.1000E+01  7.5618E-03  1.6889E+00 -4.8489E-02 -5.3078E-02
  2.1000E+01  7.5618E-03  1.6889E+00 -4.8489E-02 -5.3078E-02
  2.1000E+01  7.5618E-03  1.6889E+00 -4.8489E-02 -5.3078E-02
  2.1000E+01  7.5618E-03  1.6889E+00 -4.8489E-02 -5.3078E-02
  2.1000E+01  7.5618E-03  1.6889E+00 -4.8489E-02 -5.3078E-02
  2.1000E+01  7.5618E-03  1.6889E+00 -4.8489E-02 -5.3078E-02
  2.1000E+01  7.5618E-03  1.6889E+00 -4.8489E-02 -5.3078E-02
  2.1000E+01  7.7211E-03  1.6889E+00 -4.8489E-02 -5.3078E-02
  2.1000E+01  7.7211E-03  1.6889E+00 -4.8489E-02 -5.3078E-02
  2.1000E+01  7.7211E-03  1.6889E+00 -4.8489E-02 -5.3078E-02
  2.1000E+01  7.7211E-03  1.6889E+00 -4.8489E-02 -5.3078E-02
  2.1000E+01  7.7211E-03  1.6889E+00 -4.8489E-02 -5.3078E-02
  2.1000E+01  7.7211E-03  1.6889E+00 -4.8489E-02 -5.3078E-02
  2.1000E+01  7.8954E-03  1.6889E+00 -4.8489E-02 -5.3078E-02
  2.2000E+01  7.0366E-03  1.3933E+00 -6.0160E-02 -7.4971E-02
  2.2000E+01  7.0366E-03  1.3933E+00 -6.0160E-02 -7.4971E-02
  2.2000E+01  7.0366E-03  1.3933E+00 -6.0160E-02 -7.4971E-02
  2.2000E+01  7.0366E-03  1.3933E+00 -6.0160E-02 -7.4971E-02
  2.2000E+01  7.0366E-03  1.3933E+00 -6.0160E-02 -7.4971E-02
  2.2000E+01  7.0366E-03  1.3933E+00 -6.0160E-02 -7.4971E-02
  2.2000E+01  7.0366E-03  1.3933E+00 -6.0160E-02 -7.4971E-02
  2.2000E+01  7.0366E-03  1.3933E+00 -6.0160E-02 -7.4971E-02
  2.3000E+01  1.5698E-02  2.7794E+00 -9.4687E-03 -6.3368E-02
  2.3000E+01  1.5698E-02  2.7794E+00 -9.4687E-03 -6.3368E-02
  2.3000E+01  1.5698E-02  2.7794E+00 -9.4687E-03 -6.3368E-02
  2.3000E+01  1.5698E-02  2.7794E+00 -9.4687E-03 -6.3368E-02
  2.3000E+01  1.5698E-02  2.7794E+00 -9.4687E-03 -6.3368E-02
  2.3000E+01  1.5698E-02  2.7794E+00 -9.4687E-03 -6.3368E-02
  2.3000E+01  1.5698E-02  2.7794E+00 -9.4687E-03 -6.3368E-02
  2.3000E+01  1.5698E-02  2.7794E+00 -9.4687E-03 -6.3368E-02
  2.3000E+01  1.5698E-02  2.7794E+00 -9.4687E-03 -6.3368E-02
  2.3000E+01  1.5698E-02  2.7794E+00 -9.4687E-03 -6.3368E-02
  2.3000E+01  1.5698E-02  2.7794E+00 -9.4687E-03 -6.3368E-02
  2.3000E+01  1.5698E-02  2.7794E+00 -9.4687E-03 -6.3368E-02
  2.3000E+01  1.6797E-02  2.7794E+00 -9.4687E-03 -6.3368E-02
  2.3000E+01  1.6797E-02  2.7794E+00 -9.4687E-03 -6.3368E-02
  2.3000E+01  1.6797E-02  2.7794E+00 -9.4687E-03 -6.3368E-02
  2.3000E+01  1.6797E-02  2.7794E+00 -9.4687E-03 -6.3368E-02
  2.4000E+01  2.1936E-02  3.2643E+00  1.8016E-04  6.7751E-02
  2.4000E+01  2.1936E-02  3.2643E+00  1.8016E-04  6.7751E-02
  2.4000E+01  2.1936E-02  3.2643E+00  1.8016E-04  6.7751E-02
  2.4000E+01  2.1936E-02  3.2643E+00  1.8016E-04  6.7751E-02
  2.4000E+01  2.1936E-02  3.2643E+00  1.8016E-04  6.7751E-02
  2.4000E+01  2.1936E-02  3.2643E+00  1.8016E-04  6.7751E-02
  2.4000E+01  2.1936E-02  3.2643E+00  1.8016E-04  6.7751E-02
  2.4000E+01  2.1936E-02  3.2643E+00  1.8016E-04  6.7751E-02
  2.4000E+01  2.1936E-02  3.2643E+00  1.8016E-04  6.7751E-02
  2.4000E+01  2.1936E-02  3.2643E+00  1.8016E-04  6.7751E-02
  2.4000E+01  2.1936E-02  3.2643E+00  1.8016E-04  6.7751E-02
  2.4000E+01  2.1936E-02  3.2643E+00  1.8016E-04  6.7751E-02
  2.4000E+01  2.1936E-02  3.2643E+00  1.8016E-04  6.7751E-02
  2.4000E+01  2.1614E-02  3.2643E+00  1.8016E-04  6.7751E-02
  2.4000E+01  2.1614E-02  3.2643E+00  1.8016E-04  6.7751E-02
  2.4000E+01  2.1614E-02  3.2643E+00  1.8016E-04  6.7751E-02
  2.4000E+01  2.1614E-02  3.2643E+00  1.8016E-04  6.7751E-02
  2.4000E+01  2.1614E-02  3.2643E+00  1.8016E-04  6.7751E-02
  2.4000E+01  2.1614E-02  3.2643E+00  1.8016E-04  6.7751E-02
  2.5000E+01  4.4947E-03  1.0013E+00  2.1178E-01  3.0746E-01
  2.5000E+01  4.4947E-03  1.0013E+00  2.1178E-01  3.0746E-01
  2.5000E+01  4.4947E-03  1.0013E+00  2.1178E-01  3.0746E-01
  2.5000E+01  4.4947E-03  1.0013E+00  2.1178E-01  3.0746E-01
  2.5000E+01  4.4947E-03  1.0013E+00  2.1178E-01  3.0746E-01
  2.5000E+01  4.4947E-03  1.0013E+00  2.1178E-01  3.0746E-01
  2.5000E+01  4.4947E-03  1.0013E+00  2.1178E-01  3.0746E-01
  2.5000E+01  4.4947E-03  1.0013E+00  2.1178E-01  3.0746E-01
  2.5000E+01  4.4947E-03  1.0013E+00  2.1178E-01  3.0746E-01
  2.5000E+01  4.4947E-03  1.0013E+00  2.1178E-01  3.0746E-01
  2.5000E+01  4.4947E-03  1.0013E+00  2.1178E-01  3.0746E-01
  2.5000E+01  4.4947E-03  1.0013E+00  2.1178E-01  3.0746E-01
  2.5000E+01  4.4947E-03  1.0013E+00  2.1178E-01  3.0746E-01
  2.5000E+01  4.4947E-03  1.0013E+00  2.1178E-01  3.0746E-01
  2.5000E+01  4.4947E-03  1.0013E+00  2.1178E-01  3.0746E-01
  2.5000E+01  4.4947E-03  1.0013E+00  2.1178E-01  3.0746E-01
  2.5000E+01  4.2381E-03  1.0013E+00  2.1178E-01  3.0746E-01
  2.5000E+01  4.2381E-03  1.0013E+00  2.1178E-01  3.0746E-01
  2.5000E+01  4.2381E-03  1.0013E+00  2.1178E-01  3.0746E-01
  2.5000E+01  4.2381E-03  1.0013E+00  2.1178E-01  3.0746E-01
  2.5000E+01  4.2381E-03  1.0013E+00  2.1178E-01  3.0746E-01
  2.6000E+01  1.5886E-02  2.9733E+00 -1.0099E-01 -1.0943E-01
  2.6000E+01  1.5886E-02  2.9733E+00 -1.0099E-01 -1.0943E-01
  2.6000E+01  1.5886E-02  2.9733E+00 -1.0099E-01 -1.0943E-01
  2.6000E+01  1.5886E-02  2.9733E+00 -1.0099E-01 -1.0943E-01
  2.6000E+01  1.5886E-02  2.9733E+00 -1.0099E-01 -1.0943E-01
  2.6000E+01  1.5886E-02  2.9733E+00 -1.0099E-01 -1.0943E-01
  2.6000E+01  1.5886E-02  2.9733E+00 -1.0099E-01 -1.0943E-01
  2.6000E+01  1.5886E-02  2.9733E+00 -1.0099E-01 -1.0943E-01
  2.6000E+01  1.5886E-02  2.9733E+00 -1.0099E-01 -1.0943E-01
  2.6000E+01  1.5886E-02  2.9733E+00 -1.0099E-01 -1.0943E-01
  2.6000E+01  1.5886E-02  2.9733E+00 -1.0099E-01 -1.0943E-01
  2.6000E+01  1.6998E-02  2.9733E+00 -1.0099E-01 -1.0943E-01
  2.6000E+01  1.6998E-02  2.9733E+00 -1.0099E-01 -1.0943E-01
  2.7000E+01  7.3396E-03  1.4569E+00 -1.9578E-01 -2.5143E-01
  2.7000E+01  7.3396E-03  1.4569E+00 -1.9578E-01 -2.5143E-01
  2.7000E+01  7.3396E-03  1.4569E+00 -1.9578E-01 -2.5143E-01
  2.7000E+01  7.3396E-03  1.4569E+00 -1.9578E-01 -2.5143E-01
  2.7000E+01  7.3396E-03  1.4569E+00 -1.9578E-01 -2.5143E-01
  2.7000E+01  7.3396E-03  1.4569E+00 -1.9578E-01 -2.5143E-01
  2.7000E+01  7.3396E-03  1.4569E+00 -1.9578E-01 -2.5143E-01
  2.7000E+01  7.3396E-03  1.4569E+00 -1.9578E-01 -2.5143E-01
  2.7000E+01  7.3396E-03  1.4569E+00 -1.9578E-01 -2.5143E-01
  2.7000E+01  7.3396E-03  1.4569E+00 -1.9578E-01 -2.5143E-01
  2.8000E+01  1.8148E-02  3.3295E+00  6.6007E-02  8.7542E-02
  2.8000E+01  1.8148E-02  3.3295E+00  6.6007E-02  8.7542E-02
  2.8000E+01  1.8148E-02  3.3295E+00  6.6007E-02  8.7542E-02
  2.9000E+01  4.3739E-03  1.0201E+00 -6.4537E-03 -7.5409E-03
  2.9000E+01  4.3739E-03  1.0201E+00 -6.4537E-03 -7.5409E-03
  2.9000E+01  4.3739E-03  1.0201E+00 -6.4537E-03 -7.5409E-03
  2.9000E+01  4.3739E-03  1.0201E+00 -6.4537E-03 -7.5409E-03
  2.9000E+01  4.3739E-03  1.0201E+00 -6.4537E-03 -7.5409E-03
  2.9000E+01  4.3739E-03  1.0201E+00 -6.4537E-03 -7.5409E-03
  3.0000E+01  9.0021E-03  1.8905E+00  4.0179E-02  5.9642E-02
  3.0000E+01  9.0021E-03  1.8905E+00  4.0179E-02  5.9642E-02
  3.0000E+01  9.0021E-03  1.8905E+00  4.0179E-02  5.9642E-02
  3.0000E+01  9.0021E-03  1.8905E+00  4.0179E-02  5.9642E-02
  3.0000E+01  9.0021E-03  1.8905E+00  4.0179E-02  5.9642E-02
  3.0000E+01  9.0021E-03  1.8905E+00  4.0179E-02  5.9642E-02
  3.0000E+01  9.0021E-03  1.8905E+00  4.0179E-02  5.9642E-02
  3.0000E+01  9.0021E-03  1.8905E+00  4.0179E-02  5.9642E-02
  3.0000E+01  9.0021E-03  1.8905E+00  4.0179E-02  5.9642E-02
  3.0000E+01  9.0021E-03  1.8905E+00  4.0179E-02  5.9642E-02
  3.0000E+01  9.0021E-03  1.8905E+00  4.0179E-02  5.9642E-02
  3.0000E+01  9.5294E-03  1.8905E+00  4.0179E-02  5.9642E-02
  3.0000E+01  9.5294E-03  1.8905E+00  4.0179E-02  5.9642E-02
  3.0000E+01  9.5294E-03  1.8905E+00  4.0179E-02  5.9642E-02
  3.0000E+01  9.5294E-03  1.8905E+00  4.0179E-02  5.9642E-02
  3.0000E+01  9.1848E-03  1.8905E+00  4.0179E-02  5.9642E-02
  3.1000E+01  5.6938E-03  1.2540E+00 -8.6861E-02 -1.1579E-01
  3.1000E+01  5.6938E-03  1.2540E+00 -8.6861E-02 -1.1579E-01
  3.1000E+01  5.6938E-03  1.2540E+00 -8.6861E-02 -1.1579E-01
  3.2000E+01  2.5454E-02  4.6275E+00  2.6290E-01  3.0658E-01
  3.2000E+01  2.5454E-02  4.6275E+00  2.6290E-01  3.0658E-01
  3.2000E+01  2.5454E-02  4.6275E+00  2.6290E-01  3.0658E-01
  3.2000E+01  2.5454E-02  4.6275E+00  2.6290E-01  3.0658E-01
  3.2000E+01  2.5454E-02  4.6275E+00  2.6290E-01  3.0658E-01
  3.2000E+01  2.5454E-02  4.6275E+00  2.6290E-01  3.0658E-01
  3.2000E+01  2.5454E-02  4.6275E+00  2.6290E-01  3.0658E-01
  3.2000E+01  2.5454E-02  4.6275E+00  2.6290E-01  3.0658E-01
  3.2000E+01  2.5454E-02  4.6275E+00  2.6290E-01  3.0658E-01
  3.2000E+01  2.5454E-02  4.6275E+00  2.6290E-01  3.0658E-01
  3.2000E+01  2.5454E-02  4.6275E+00  2.6290E-01  3.0658E-01
  3.2000E+01  2.5454E-02  4.6275E+00  2.6290E-01  3.0658E-01
  3.3000E+01  7.0015E-03  1.5664E+00 -7.0547E-02 -7.4925E-02
  3.3000E+01  7.0015E-03  1.5664E+00 -7.0547E-02 -7.4925E-02
  3.3000E+01  7.0015E-03  1.5664E+00 -7.0547E-02 -7.4925E-02
  3.3000E+01  7.0015E-03  1.5664E+00 -7.0547E-02 -7.4925E-02
  3.3000E+01  7.0015E-03  1.5664E+00 -7.0547E-02 -7.4925E-02
  3.3000E+01  7.0015E-03  1.5664E+00 -7.0547E-02 -7.4925E-02
  3.3000E+01  7.0015E-03  1.5664E+00 -7.0547E-02 -7.4925E-02
  3.3000E+01  7.0015E-03  1.5664E+00 -7.0547E-02 -7.4925E-02
  3.3000E+01  7.0015E-03  1.5664E+00 -7.0547E-02 -7.4925E-02
  3.4000E+01  8.8972E-03  1.5133E+00 -1.1310E-01 -1.0942E-01
  3.4000E+01  8.8972E-03  1.5133E+00 -1.1310E-01 -1.0942E-01
  3.4000E+01  8.8972E-03  1.5133E+00 -1.1310E-01 -1.0942E-01
  3.4000E+01  8.8972E-03  1.5133E+00 -1.1310E-01 -1.0942E-01
  3.4000E+01  8.8972E-03  1.5133E+00 -1.1310E-01 -1.0942E-01
  3.4000E+01  8.8972E-03  1.5133E+00 -1.1310E-01 -1.0942E-01
  3.4000E+01  8.8972E-03  1.5133E+00 -1.1310E-01 -1.0942E-01
  3.4000E+01  8.8972E-03  1.5133E+00 -1.1310E-01 -1.0942E-01
  3.4000E+01  8.8972E-03  1.5133E+00 -1.1310E-01 -1.0942E-01
  3.4000E+01  8.8972E-03  1.5133E+00 -1.1310E-01 -1.0942E-01
  3.5000E+01  9.6206E-03  1.9392E+00 -2.4037E-01 -2.2212E-01
  3.5000E+01  9.6206E-03  1.9392E+00 -2.4037E-01 -2.2212E-01
  3.5000E+01  9.6206E-03  1.9392E+00 -2.4037E-01 -2.2212E-01
  3.5000E+01  9.6206E-03  1.9392E+00 -2.4037E-01 -2.2212E-01
  3.5000E+01  9.6206E-03  1.9392E+00 -2.4037E-01 -2.2212E-01
  3.5000E+01  9.6206E-03  1.9392E+00 -2.4037E-01 -2.2212E-01
  3.5000E+01  9.6206E-03  1.9392E+00 -2.4037E-01 -2.2212E-01
  3.5000E+01  9.6206E-03  1.9392E+00 -2.4037E-01 -2.2212E-01
  3.5000E+01  9.6206E-03  1.9392E+00 -2.4037E-01 -2.2212E-01
  3.5000E+01  9.6206E-03  1.9392E+00 -2.4037E-01 -2.2212E-01
  3.5000E+01  9.6206E-03  1.9392E+00 -2.4037E-01 -2.2212E-01
  3.5000E+01  9.2546E-03  1.9392E+00 -2.4037E-01 -2.2212E-01
  3.6000E+01  7.9992E-03  1.4446E+00  1.5979E-02 -3.8818E-02
  3.6000E+01  7.9992E-03  1.4446E+00  1.5979E-02 -3.8818E-02
  3.6000E+01  7.9992E-03  1.4446E+00  1.5979E-02 -3.8818E-02
  3.6000E+01  7.9992E-03  1.4446E+00  1.5979E-02 -3.8818E-02
  3.6000E+01  7.9992E-03  1.4446E+00  1.5979E-02 -3.8818E-02
  3.6000E+01  7.9992E-03  1.4446E+00  1.5979E-02 -3.8818E-02
  3.6000E+01  7.9992E-03  1.4446E+00  1.5979E-02 -3.8818E-02
  3.6000E+01  7.9992E-03  1.4446E+00  1.5979E-02 -3.8818E-02
  3.6000E+01  7.9992E-03  1.4446E+00  1.5979E-02 -3.8818E-02
  3.6000E+01  7.9992E-03  1.4446E+00  1.5979E-02 -3.8818E-02
  3.6000E+01  8.2358E-03  1.4446E+00  1.5979E-02 -3.8818E-02
  3.6000E+01  8.2358E-03  1.4446E+00  1.5979E-02 -3.8818E-02
  3.6000E+01  8.2358E-03  1.4446E+00  1.5979E-02 -3.8818E-02
  3.6000E+01  8.2358E-03  1.4446E+00  1.5979E-02 -3.8818E-02
  3.6000E+01  8.2358E-03  1.4446E+00  1.5979E-02 -3.8818E-02
  3.6000E+01  7.9992E-03  1.4446E+00  1.5979E-02 -3.8818E-02
  3.7000E+01  4.7853E-03  1.2338E+00  1.4180E-02  1.2162E-02
  3.7000E+01  4.7853E-03  1.2338E+00  1.4180E-02  1.2162E-02
  3.7000E+01  4.7853E-03  1.2338E+00  1.4180E-02  1.2162E-02
  3.7000E+01  4.7853E-03  1.2338E+00  1.4180E-02  1.2162E-02
  3.7000E+01  4.7853E-03  1.2338E+00  1.4180E-02  1.2162E-02
  3.7000E+01  4.7853E-03  1.2338E+00  1.4180E-02  1.2162E-02
  3.7000E+01  4.7853E-03  1.2338E+00  1.4180E-02  1.2162E-02
  3.7000E+01  4.7853E-03  1.2338E+00  1.4180E-02  1.2162E-02
  3.7000E+01  4.7853E-03  1.2338E+00  1.4180E-02  1.2162E-02
  3.7000E+01  4.7853E-03  1.2338E+00  1.4180E-02  1.2162E-02
  3.7000E+01  5.3788E-03  1.2338E+00  1.4180E-02  1.2162E-02
  3.7000E+01  5.3788E-03  1.2338E+00  1.4180E-02  1.2162E-02
  3.7000E+01  5.3788E-03  1.2338E+00  1.4180E-02  1.2162E-02
  3.7000E+01  5.3788E-03  1.2338E+00  1.4180E-02  1.2162E-02
  3.7000E+01  5.3788E-03  1.2338E+00  1.4180E-02  1.2162E-02
  3.7000E+01  5.3788E-03  1.2338E+00  1.4180E-02  1.2162E-02
  3.7000E+01  5.3788E-03  1.2338E+00  1.4180E-02  1.2162E-02
  3.8000E+01  6.4230E-03  1.4220E+00  8.8339E-02  7.9229E-02
  3.8000E+01  6.4230E-03  1.4220E+00  8.8339E-02  7.9229E-02
  3.8000E+01  6.4230E-03  1.4220E+00  8.8339E-02  7.9229E-02
  3.8000E+01  6.4230E-03  1.4220E+00  8.8339E-02  7.9229E-02
  3.8000E+01  6.4230E-03  1.4220E+00  8.8339E-02  7.9229E-02
  3.8000E+01  6.4230E-03  1.4220E+00  8.8339E-02  7.9229E-02
  3.8000E+01  6.4230E-03  1.4220E+00  8.8339E-02  7.9229E-02
  3.8000E+01  6.4230E-03  1.4220E+00  8.8339E-02  7.9229E-02
  3.8000E+01  6.4230E-03  1.4220E+00  8.8339E-02  7.9229E-02
  3.8000E+01  6.4230E-03  1.4220E+00  8.8339E-02  7.9229E-02
  3.8000E+01  6.4230E-03  1.4220E+00  8.8339E-02  7.9229E-02
  3.8000E+01  7.1219E-03  1.4220E+00  8.8339E-02  7.9229E-02
  3.8000E+01  7.1219E-03  1.4220E+00  8.8339E-02  7.9229E-02
  3.8000E+01  7.1219E-03  1.4220E+00  8.8339E-02  7.9229E-02
  3.8000E+01  7.1219E-03  1.4220E+00  8.8339E-02  7.9229E-02
  3.8000E+01  7.1219E-03  1.4220E+00  8.8339E-02  7.9229E-02
  3.8000E+01  7.1219E-03  1.4220E+00  8.8339E-02  7.9229E-02
  3.8000E+01  7.1219E-03  1.4220E+00  8.8339E-02  7.9229E-02
  3.8000E+01  7.1219E-03  1.4220E+00  8.8339E-02  7.9229E-02
  3.8000E+01  7.2023E-03  1.4220E+00  8.8339E-02  7.9229E-02
  3.9000E+01  7.9465E-03  1.9235E+00  1.1075E-01  2.6431E-02
  3.9000E+01  7.9465E-03  1.9235E+00  1.1075E-01  2.6431E-02
  3.9000E+01  7.9465E-03  1.9235E+00  1.1075E-01  2.6431E-02
  3.9000E+01  7.9465E-03  1.9235E+00  1.1075E-01  2.6431E-02
  3.9000E+01  7.9465E-03  1.9235E+00  1.1075E-01  2.6431E-02
  3.9000E+01  7.9465E-03  1.9235E+00  1.1075E-01  2.6431E-02
  3.9000E+01  7.9465E-03  1.9235E+00  1.1075E-01  2.6431E-02
  3.9000E+01  7.9465E-03  1.9235E+00  1.1075E-01  2.6431E-02
  3.9000E+01  7.9465E-03  1.9235E+00  1.1075E-01  2.6431E-02
  3.9000E+01  7.9465E-03  1.9235E+00  1.1075E-01  2.6431E-02
  3.9000E+01  8.9323E-03  1.9235E+00  1.1075E-01  2.6431E-02
  3.9000E+01  8.9323E-03  1.9235E+00  1.1075E-01  2.6431E-02
  3.9000E+01  8.9323E-03  1.9235E+00  1.1075E-01  2.6431E-02
  3.9000E+01  8.9323E-03  1.9235E+00  1.1075E-01  2.6431E-02
  3.9000E+01  8.9323E-03  1.9235E+00  1.1075E-01  2.6431E-02
  3.9000E+01  9.8148E-03  1.9235E+00  1.1075E-01  2.6431E-02
  4.0000E+01  6.6738E-03  1.3037E+00  1.1191E-01  1.4865E-01
  4.0000E+01  6.6738E-03  1.3037E+00  1.1191E-01  1.4865E-01
  4.0000E+01  6.6738E-03  1.3037E+00  1.1191E-01  1.4865E-01
  4.0000E+01  6.6738E-03  1.3037E+00  1.1191E-01  1.4865E-01
  4.0000E+01  6.6738E-03  1.3037E+00  1.1191E-01  1.4865E-01
  4.0000E+01  6.6738E-03  1.3037E+00  1.1191E-01  1.4865E-01
  4.1000E+01  8.7060E-03  1.8568E+00  7.7775E-02  9.5158E-02
  4.1000E+01  8.7060E-03  1.8568E+00  7.7775E-02  9.5158E-02
  4.1000E+01  8.7060E-03  1.8568E+00  7.7775E-02  9.5158E-02
  4.1000E+01  8.7060E-03  1.8568E+00  7.7775E-02  9.5158E-02
  4.1000E+01  8.7060E-03  1.8568E+00  7.7775E-02  9.5158E-02
  4.1000E+01  8.7060E-03  1.8568E+00  7.7775E-02  9.5158E-02
  4.1000E+01  8.7060E-03  1.8568E+00  7.7775E-02  9.5158E-02
  4.1000E+01  8.7060E-03  1.8568E+00  7.7775E-02  9.5158E-02
  4.1000E+01  8.7060E-03  1.8568E+00  7.7775E-02  9.5158E-02
  4.1000E+01  8.7060E-03  1.8568E+00  7.7775E-02  9.5158E-02
  4.1000E+01  8.7060E-03  1.8568E+00  7.7775E-02  9.5158E-02
  4.2000E+01  1.7391E-02  3.9306E+00  3.4642E-01  3.7838E-01
  4.2000E+01  1.7391E-02  3.9306E+00  3.4642E-01  3.7838E-01
  4.2000E+01  1.7391E-02  3.9306E+00  3.4642E-01  3.7838E-01
  4.2000E+01  1.7391E-02  3.9306E+00  3.4642E-01  3.7838E-01
  4.2000E+01  1.7391E-02  3.9306E+00  3.4642E-01  3.7838E-01
  4.2000E+01  1.7391E-02  3.9306E+00  3.4642E-01  3.7838E-01
  4.2000E+01  1.7391E-02  3.9306E+00  3.4642E-01  3.7838E-01
  4.2000E+01  1.7391E-02  3.9306E+00  3.4642E-01  3.7838E-01
  4.2000E+01  1.7391E-02  3.9306E+00  3.4642E-01  3.7838E-01
  4.2000E+01  1.7391E-02  3.9306E+00  3.4642E-01  3.7838E-01
  4.2000E+01  1.7391E-02  3.9306E+00  3.4642E-01  3.7838E-01
  4.3000E+01  4.2857E-03  8.4598E-01 -7.2457E-02 -9.6156E-02
  4.3000E+01  4.2857E-03  8.4598E-01 -7.2457E-02 -9.6156E-02
  4.3000E+01  4.2857E-03  8.4598E-01 -7.2457E-02 -9.6156E-02
  4.4000E+01  6.4449E-03  1.4632E+00  4.7840E-03  3.8508E-02
  4.4000E+01  6.4449E-03  1.4632E+00  4.7840E-03  3.8508E-02
  4.4000E+01  6.4449E-03  1.4632E+00  4.7840E-03  3.8508E-02
  4.4000E+01  6.4449E-03  1.4632E+00  4.7840E-03  3.8508E-02
  4.4000E+01  6.4449E-03  1.4632E+00  4.7840E-03  3.8508E-02
  4.4000E+01  6.4449E-03  1.4632E+00  4.7840E-03  3.8508E-02
  4.4000E+01  6.4449E-03  1.4632E+00  4.7840E-03  3.8508E-02
  4.4000E+01  6.4449E-03  1.4632E+00  4.7840E-03  3.8508E-02
  4.4000E+01  6.4449E-03  1.4632E+00  4.7840E-03  3.8508E-02
  4.4000E+01  6.4449E-03  1.4632E+00  4.7840E-03  3.8508E-02
  4.4000E+01  6.4449E-03  1.4632E+00  4.7840E-03  3.8508E-02
  4.4000E+01  7.1727E-03  1.4632E+00  4.7840E-03  3.8508E-02
  4.4000E+01  7.1727E-03  1.4632E+00  4.7840E-03  3.8508E-02
  4.4000E+01  7.1727E-03  1.4632E+00  4.7840E-03  3.8508E-02
  4.4000E+01  7.1727E-03  1.4632E+00  4.7840E-03  3.8508E-02
  4.4000E+01  7.2998E-03  1.4632E+00  4.7840E-03  3.8508E-02
  4.5000E+01  4.3981E-03  9.0194E-01  6.1490E-02  7.8048E-02
  4.5000E+01  4.3981E-03  9.0194E-01  6.1490E-02  7.8048E-02
  4.5000E+01  4.3981E-03  9.0194E-01  6.1490E-02  7.8048E-02
  4.5000E+01  4.3981E-03  9.0194E-01  6.1490E-02  7.8048E-02
  4.5000E+01  4.3981E-03  9.0194E-01  6.1490E-02  7.8048E-02
  4.5000E+01  4.3981E-03  9.0194E-01  6.1490E-02  7.8048E-02
  4.5000E+01  4.3981E-03  9.0194E-01  6.1490E-02  7.8048E-02
  4.5000E+01  4.3981E-03  9.0194E-01  6.1490E-02  7.8048E-02
  4.5000E+01  4.3981E-03  9.0194E-01  6.1490E-02  7.8048E-02
  4.5000E+01  4.3981E-03  9.0194E-01  6.1490E-02  7.8048E-02
  4.5000E+01  4.3981E-03  9.0194E-01  6.1490E-02  7.8048E-02
  4.5000E+01  4.2827E-03  9.0194E-01  6.1490E-02  7.8048E-02
  4.5000E+01  4.2827E-03  9.0194E-01  6.1490E-02  7.8048E-02
  4.6000E+01  4.7117E-03  1.1049E+00 -1.2685E-02 -1.6870E-02
  4.6000E+01  4.7117E-03  1.1049E+00 -1.2685E-02 -1.6870E-02
  4.6000E+01  4.7117E-03  1.1049E+00 -1.2685E-02 -1.6870E-02
  4.6000E+01  4.7117E-03  1.1049E+00 -1.2685E-02 -1.6870E-02
  4.7000E+01  1.1008E-02  2.4072E+00 -3.5186E-02 -4.2627E-02
  4.7000E+01  1.1008E-02  2.4072E+00 -3.5186E-02 -4.2627E-02
  4.7000E+01  1.1008E-02  2.4072E+00 -3.5186E-02 -4.2627E-02
  4.7000E+01  1.1008E-02  2.4072E+00 -3.5186E-02 -4.2627E-02
  4.7000E+01  1.1008E-02  2.4072E+00 -3.5186E-02 -4.2627E-02
  4.7000E+01  1.1008E-02  2.4072E+00 -3.5186E-02 -4.2627E-02
  4.7000E+01  1.1008E-02  2.4072E+00 -3.5186E-02 -4.2627E-02
  4.8000E+01  2.7271E-03  6.8529E-01 -1.9218E-01 -7.1761E-02
  4.8000E+01  2.7271E-03  6.8529E-01 -1.9218E-01 -7.1761E-02
  4.8000E+01  2.7271E-03  6.8529E-01 -1.9218E-01 -7.1761E-02
  4.8000E+01  2.7271E-03  6.8529E-01 -1.9218E-01 -7.1761E-02
  4.8000E+01  2.7271E-03  6.8529E-01 -1.9218E-01 -7.1761E-02
  4.8000E+01  2.7271E-03  6.8529E-01 -1.9218E-01 -7.1761E-02
  4.8000E+01  2.7271E-03  6.8529E-01 -1.9218E-01 -7.1761E-02
  4.8000E+01  2.7271E-03  6.8529E-01 -1.9218E-01 -7.1761E-02
  4.8000E+01  2.7271E-03  6.8529E-01 -1.9218E-01 -7.1761E-02
  4.8000E+01  2.7271E-03  6.8529E-01 -1.9218E-01 -7.1761E-02
  4.8000E+01  2.7271E-03  6.8529E-01 -1.9218E-01 -7.1761E-02
  4.8000E+01  2.7271E-03  6.8529E-01 -1.9218E-01 -7.1761E-02
  4.8000E+01  2.6279E-03  6.8529E-01 -1.9218E-01 -7.1761E-02
  4.8000E+01  2.6279E-03  6.8529E-01 -1.9218E-01 -7.1761E-02
  4.9000E+01  5.6698E-03  1.4172E+00  5.3615E-02  7.5864E-02
  4.9000E+01  5.6698E-03  1.4172E+00  5.3615E-02  7.5864E-02
  4.9000E+01  5.6698E-03  1.4172E+00  5.3615E-02  7.5864E-02
  4.9000E+01  5.6698E-03  1.4172E+00  5.3615E-02  7.5864E-02
  4.9000E+01  5.6698E-03  1.4172E+00  5.3615E-02  7.5864E-02
  4.9000E+01  5.6698E-03  1.4172E+00  5.3615E-02  7.5864E-02
  4.9000E+01  5.6698E-03  1.4172E+00  5.3615E-02  7.5864E-02
  4.9000E+01  5.6698E-03  1.4172E+00  5.3615E-02  7.5864E-02
  4.9000E+01  5.6698E-03  1.4172E+00  5.3615E-02  7.5864E-02
  4.9000E+01  5.6698E-03  1.4172E+00  5.3615E-02  7.5864E-02
  4.9000E+01  5.6698E-03  1.4172E+00  5.3615E-02  7.5864E-02
  4.9000E+01  6.3699E-03  1.4172E+00  5.3615E-02  7.5864E-02
  4.9000E+01  6.3699E-03  1.4172E+00  5.3615E-02  7.5864E-02
  4.9000E+01  6.3699E-03  1.4172E+00  5.3615E-02  7.5864E-02
  4.9000E+01  6.3699E-03  1.4172E+00  5.3615E-02  7.5864E-02
  4.9000E+01  6.3699E-03  1.4172E+00  5.3615E-02  7.5864E-02
  4.9000E+01  6.3699E-03  1.4172E+00  5.3615E-02  7.5864E-02
  5.0000E+01  4.5033E-03  9.0149E-01 -1.7053E-01 -2.2029E-01
  5.0000E+01  4.5033E-03  9.0149E-01 -1.7053E-01 -2.2029E-01
  5.0000E+01  4.5033E-03  9.0149E-01 -1.7053E-01 -2.2029E-01
  5.0000E+01  4.5033E-03  9.0149E-01 -1.7053E-01 -2.2029E-01
  5.0000E+01  4.5033E-03  9.0149E-01 -1.7053E-01 -2.2029E-01
  5.0000E+01  4.5033E-03  9.0149E-01 -1.7053E-01 -2.2029E-01
  5.0000E+01  4.5033E-03  9.0149E-01 -1.7053E-01 -2.2029E-01
  5.0000E+01  4.5033E-03  9.0149E-01 -1.7053E-01 -2.2029E-01
  5.0000E+01  4.5033E-03  9.0149E-01 -1.7053E-01 -2.2029E-01
  5.0000E+01  4.5033E-03  9.0149E-01 -1.7053E-01 -2.2029E-01
  5.0000E+01  4.5033E-03  9.0149E-01 -1.7053E-01 -2.2029E-01
  5.0000E+01  4.5033E-03  9.0149E-01 -1.7053E-01 -2.2029E-01
  5.0000E+01  4.5033E-03  9.0149E-01 -1.7053E-01 -2.2029E-01
  5.0000E+01  4.6045E-03  9.0149E-01 -1.7053E-01 -2.2029E-01
  5.0000E+01  4.6045E-03  9.0149E-01 -1.7053E-01 -2.2029E-01
  5.0000E+01  4.6045E-03  9.0149E-01 -1.7053E-01 -2.2029E-01
  5.0000E+01  4.6045E-03  9.0149E-01 -1.7053E-01 -2.2029E-01
  5.0000E+01  4.6045E-03  9.0149E-01 -1.7053E-01 -2.2029E-01
  5.0000E+01  4.6045E-03  9.0149E-01 -1.7053E-01 -2.2029E-01
  5.0000E+01  4.6045E-03  9.0149E-01 -1.7053E-01 -2.2029E-01
  5.1000E+01  4.3266E-03  1.0899E+00  1.1955E-01  1.5716E-01
  5.1000E+01  4.3266E-03  1.0899E+00  1.1955E-01  1.5716E-01
  5.1000E+01  4.3266E-03  1.0899E+00  1.1955E-01  1.5716E-01
  5.1000E+01  4.3266E-03  1.0899E+00  1.1955E-01  1.5716E-01
  5.1000E+01  4.3266E-03  1.0899E+00  1.1955E-01  1.5716E-01
  5.1000E+01  4.3266E-03  1.0899E+00  1.1955E-01  1.5716E-01
  5.1000E+01  4.3266E-03  1.0899E+00  1.1955E-01  1.5716E-01
  5.1000E+01  4.3266E-03  1.0899E+00  1.1955E-01  1.5716E-01
  5.1000E+01  4.3266E-03  1.0899E+00  1.1955E-01  1.5716E-01
  5.1000E+01  4.3266E-03  1.0899E+00  1.1955E-01  1.5716E-01
  5.1000E+01  4.3266E-03  1.0899E+00  1.1955E-01  1.5716E-01
  5.1000E+01  4.3266E-03  1.0899E+00  1.1955E-01  1.5716E-01
  5.1000E+01  4.3148E-03  1.0899E+00  1.1955E-01  1.5716E-01
  5.1000E+01  4.3148E-03  1.0899E+00  1.1955E-01  1.5716E-01
  5.1000E+01  4.3148E-03  1.0899E+00  1.1955E-01  1.5716E-01
  5.1000E+01  4.3148E-03  1.0899E+00  1.1955E-01  1.5716E-01
  5.2000E+01  4.3095E-03  8.0662E-01 -4.7020E-02 -1.4381E-01
  5.2000E+01  4.3095E-03  8.0662E-01 -4.7020E-02 -1.4381E-01
  5.2000E+01  4.3095E-03  8.0662E-01 -4.7020E-02 -1.4381E-01
  5.2000E+01  4.3095E-03  8.0662E-01 -4.7020E-02 -1.4381E-01
  5.2000E+01  4.3095E-03  8.0662E-01 -4.7020E-02 -1.4381E-01
  5.2000E+01  4.3095E-03  8.0662E-01 -4.7020E-02 -1.4381E-01
  5.2000E+01  4.3095E-03  8.0662E-01 -4.7020E-02 -1.4381E-01
  5.2000E+01  4.3095E-03  8.0662E-01 -4.7020E-02 -1.4381E-01
  5.2000E+01  4.3095E-03  8.0662E-01 -4.7020E-02 -1.4381E-01
  5.2000E+01  4.3095E-03  8.0662E-01 -4.7020E-02 -1.4381E-01
  5.2000E+01  4.3095E-03  8.0662E-01 -4.7020E-02 -1.4381E-01
  5.2000E+01  4.3095E-03  8.0662E-01 -4.7020E-02 -1.4381E-01
  5.2000E+01  4.0174E-03  8.0662E-01 -4.7020E-02 -1.4381E-01
  5.2000E+01  4.0174E-03  8.0662E-01 -4.7020E-02 -1.4381E-01
  5.2000E+01  4.0174E-03  8.0662E-01 -4.7020E-02 -1.4381E-01
  5.2000E+01  4.0174E-03  8.0662E-01 -4.7020E-02 -1.4381E-01
  5.2000E+01  4.0174E-03  8.0662E-01 -4.7020E-02 -1.4381E-01
  5.3000E+01  7.2104E-03  1.5437E+00 -9.4905E-02 -8.9537E-02
  5.3000E+01  7.2104E-03  1.5437E+00 -9.4905E-02 -8.9537E-02
  5.3000E+01  7.2104E-03  1.5437E+00 -9.4905E-02 -8.9537E-02
  5.3000E+01  7.2104E-03  1.5437E+00 -9.4905E-02 -8.9537E-02
  5.3000E+01  7.2104E-03  1.5437E+00 -9.4905E-02 -8.9537E-02
  5.3000E+01  7.2104E-03  1.5437E+00 -9.4905E-02 -8.9537E-02
  5.3000E+01  7.2104E-03  1.5437E+00 -9.4905E-02 -8.9537E-02
  5.3000E+01  7.2104E-03  1.5437E+00 -9.4905E-02 -8.9537E-02
  5.3000E+01  7.2104E-03  1.5437E+00 -9.4905E-02 -8.9537E-02
  5.4000E+01  6.1128E-03  1.4149E+00 -2.1276E-01 -2.3015E-01
  5.4000E+01  6.1128E-03  1.4149E+00 -2.1276E-01 -2.3015E-01
  5.4000E+01  6.1128E-03  1.4149E+00 -2.1276E-01 -2.3015E-01
  5.4000E+01  6.1128E-03  1.4149E+00 -2.1276E-01 -2.3015E-01
  5.4000E+01  6.1128E-03  1.4149E+00 -2.1276E-01 -2.3015E-01
  5.4000E+01  6.1128E-03  1.4149E+00 -2.1276E-01 -2.3015E-01
  5.4000E+01  6.1128E-03  1.4149E+00 -2.1276E-01 -2.3015E-01
  5.4000E+01  6.1128E-03  1.4149E+00 -2.1276E-01 -2.3015E-01
  5.4000E+01  6.1128E-03  1.4149E+00 -2.1276E-01 -2.3015E-01
  5.4000E+01  6.1128E-03  1.4149E+00 -2.1276E-01 -2.3015E-01
  5.4000E+01  6.1128E-03  1.4149E+00 -2.1276E-01 -2.3015E-01
  5.4000E+01  6.1128E-03  1.4149E+00 -2.1276E-01 -2.3015E-01
  5.4000E+01  6.1128E-03  1.4149E+00 -2.1276E-01 -2.3015E-01
  5.4000E+01  7.7274E-03  1.4149E+00 -2.1276E-01 -2.3015E-01
  5.4000E+01  7.7274E-03  1.4149E+00 -2.1276E-01 -2.3015E-01
  5.5000E+01  6.2526E-03  1.4192E+00  2.0971E-01  2.3353E-01
  5.5000E+01  6.2526E-03  1.4192E+00  2.0971E-01  2.3353E-01
  5.5000E+01  6.2526E-03  1.4192E+00  2.0971E-01  2.3353E-01
  5.5000E+01  6.2526E-03  1.4192E+00  2.0971E-01  2.3353E-01
  5.5000E+01  6.2526E-03  1.4192E+00  2.0971E-01  2.3353E-01
  5.5000E+01  6.2526E-03  1.4192E+00  2.0971E-01  2.3353E-01
  5.5000E+01  6.2526E-03  1.4192E+00  2.0971E-01  2.3353E-01
  5.5000E+01  6.2526E-03  1.4192E+00  2.0971E-01  2.3353E-01
  5.5000E+01  6.2526E-03  1.4192E+00  2.0971E-01  2.3353E-01
  5.6000E+01  2.8481E-03  6.5554E-01  2.2318E-02  2.8013E-02
  5.6000E+01  2.8481E-03  6.5554E-01  2.2318E-02  2.8013E-02
  5.6000E+01  2.8481E-03  6.5554E-01  2.2318E-02  2.8013E-02
  5.6000E+01  2.8481E-03  6.5554E-01  2.2318E-02  2.8013E-02
  5.7000E+01  1.0751E-02  2.0303E+00 -2.6364E-03 -1.3182E-02
  5.7000E+01  1.0751E-02  2.0303E+00 -2.6364E-03 -1.3182E-02
  5.7000E+01  1.0751E-02  2.0303E+00 -2.6364E-03 -1.3182E-02
  5.7000E+01  1.0751E-02  2.0303E+00 -2.6364E-03 -1.3182E-02
  5.7000E+01  1.0751E-02  2.0303E+00 -2.6364E-03 -1.3182E-02
  5.7000E+01  1.0751E-02  2.0303E+00 -2.6364E-03 -1.3182E-02
  5.7000E+01  1.0751E-02  2.0303E+00 -2.6364E-03 -1.3182E-02
  5.7000E+01  1.0751E-02  2.0303E+00 -2.6364E-03 -1.3182E-02
  5.7000E+01  1.0751E-02  2.0303E+00 -2.6364E-03 -1.3182E-02
  5.7000E+01  1.0751E-02  2.0303E+00 -2.6364E-03 -1.3182E-02
  5.7000E+01  1.0751E-02  2.0303E+00 -2.6364E-03 -1.3182E-02
  5.7000E+01  8.4413E-03  2.0303E+00 -2.6364E-03 -1.3182E-02
  5.7000E+01  8.4413E-03  2.0303E+00 -2.6364E-03 -1.3182E-02
  5.8000E+01  6.2192E-03  1.2311E+00 -9.8306E-02 -1.3419E-01
  5.8000E+01  6.2192E-03  1.2311E+00 -9.8306E-02 -1.3419E-01
  5.8000E+01  6.2192E-03  1.2311E+00 -9.8306E-02 -1.3419E-01
  5.8000E+01  6.2192E-03  1.2311E+00 -9.8306E-02 -1.3419E-01
  5.8000E+01  6.2192E-03  1.2311E+00 -9.8306E-02 -1.3419E-01
  5.8000E+01  6.2192E-03  1.2311E+00 -9.8306E-02 -1.3419E-01
  5.8000E+01  6.2192E-03  1.2311E+00 -9.8306E-02 -1.3419E-01
  5.8000E+01  6.2192E-03  1.2311E+00 -9.8306E-02 -1.3419E-01
  5.8000E+01  6.2192E-03  1.2311E+00 -9.8306E-02 -1.3419E-01
  5.8000E+01  6.2192E-03  1.2311E+00 -9.8306E-02 -1.3419E-01
  5.8000E+01  6.2192E-03  1.2311E+00 -9.8306E-02 -1.3419E-01
  5.8000E+01  6.2192E-03  1.2311E+00 -9.8306E-02 -1.3419E-01
  5.8000E+01  6.4815E-03  1.2311E+00 -9.8306E-02 -1.3419E-01
  5.8000E+01  6.4815E-03  1.2311E+00 -9.8306E-02 -1.3419E-01
  5.8000E+01  6.4815E-03  1.2311E+00 -9.8306E-02 -1.3419E-01
  5.8000E+01  6.4815E-03  1.2311E+00 -9.8306E-02 -1.3419E-01
  5.9000E+01  4.4720E-03  9.8935E-01 -1.2292E-01 -1.2729E-01
  5.9000E+01  4.4720E-03  9.8935E-01 -1.2292E-01 -1.2729E-01
  5.9000E+01  4.4720E-03  9.8935E-01 -1.2292E-01 -1.2729E-01
  5.9000E+01  4.4720E-03  9.8935E-01 -1.2292E-01 -1.2729E-01
  5.9000E+01  4.4720E-03  9.8935E-01 -1.2292E-01 -1.2729E-01
  5.9000E+01  4.4720E-03  9.8935E-01 -1.2292E-01 -1.2729E-01
  5.9000E+01  4.4720E-03  9.8935E-01 -1.2292E-01 -1.2729E-01
  5.9000E+01  4.4720E-03  9.8935E-01 -1.2292E-01 -1.2729E-01
  5.9000E+01  4.4720E-03  9.8935E-01 -1.2292E-01 -1.2729E-01
  5.9000E+01  4.4720E-03  9.8935E-01 -1.2292E-01 -1.2729E-01
  5.9000E+01  4.4720E-03  9.8935E-01 -1.2292E-01 -1.2729E-01
  5.9000E+01  4.2907E-03  9.8935E-01 -1.2292E-01 -1.2729E-01
  5.9000E+01  4.2907E-03  9.8935E-01 -1.2292E-01 -1.2729E-01
  5.9000E+01  4.2907E-03  9.8935E-01 -1.2292E-01 -1.2729E-01
  5.9000E+01  4.2907E-03  9.8935E-01 -1.2292E-01 -1.2729E-01
  5.9000E+01  4.2907E-03  9.8935E-01 -1.2292E-01 -1.2729E-01
  5.9000E+01  4.2907E-03  9.8935E-01 -1.2292E-01 -1.2729E-01
