FILE    FSTREAM                                                                 
PROB    WARFARIN PK/PD SIMULTANEOUS, TURNOVER (KIN INHIBITION)   P:wf100  F:BASE
FMTN   3                                                                        
LDFO   0                                                                        
DATA       1   0 760   8   0   0   0   0          -1   0 0                      
ITEM       1   5   7  11   1   0   0   0   0   0  14   0   0   0   0   0        
INDX       8   2   3   0   0   0   4   0   0   0   0                            
XVID       0   0   0   0   0                                                    
MSDT     0.00000000000000E+000
LABL                             ID,                          TIME              
                                AMT,                           CMT              
                                 DV,                          DVID              
                                MDV,                          EVID              
                                 KA,                            CL              
                                  V,                          BASE              
                               KOUT,                           C50              
     ,                                                                          
     ,                                                                          
                               IPRE,                                            
     ,                          IWRE                                            
LBW1 IWRS,IPRD                                                                  
     IRS,NPRED                                                                  
     NRES,NWRES                                                                 
     NIWRES,NIPRED                                                              
     NIRES,CPRED                                                                
     CRES,CWRES                                                                 
     CIWRES,CIPRED                                                              
     CIRES,PREDI                                                                
     RESI,WRESI                                                                 
     IWRESI,IPREDI                                                              
     IRESI,CPREDI                                                               
     CRESI,CWRESI                                                               
     CIWRESI,CIPREDI                                                            
     CIRESI,EPRED                                                               
     ERES,EWRES                                                                 
     EIWRES,EIPRED                                                              
     EIRES,NPDE                                                                 
     ECWRES,NPD                                                                 
     OBJI                                                                       
LRES SIGMA                                                                      
LTHT                                                                            
LETA                                                                            
LEPS                                                                            
FORM                                                                            
(8E7.0)
STRC       8   6   1   0   0   1   0   1   0   0   0   1   1   1                
THCN       1   0   0   0                                                        
THTA     1.000000000000000E+00, 1.000000000000000E-01, 1.000000000000000E+01    
         1.000000000000000E+02, 5.000000000000000E-02, 1.000000000000000E+00    
         1.000000000000000E-01, 5.000000000000000E+00                           
THTU    0,0,0,0,0,0,0,0                                                         
LOWR     0.000000000000000E+00, 0.000000000000000E+00, 0.000000000000000E+00    
         0.000000000000000E+00, 0.000000000000000E+00, 0.000000000000000E+00    
         0.000000000000000E+00, 0.000000000000000E+00                           
UPPR     1000000, 1000000, 1000000, 1000000, 1000000, 1000000, 1000000, 1000000 
DIAG     2.000000000000000E-01, 1.000000000000000E-01, 5.000000000000000E-02    
         2.000000000000000E-02, 1.000000000000000E-01, 1.000000000000000E-01    
DIAG   1 1.000000000000000E+00                                                  
DFLT      -1                                                                    
ESTM       09999   3   5   0   0   1   0   1   0   1   0   0   0   0   0   0   0
           0   0   0   0   9  -1   0   0   0                                    
BEST        -100        -100        -100        -100  -100.00000        -100
            -100        -100  -100.00000 -2147483647        -100        -100
            -100  -100.00000        -100        -100-0.10000E+03        -100
           -100-100       -100          0       -100       -100  -100.00000
            -100        -100        -100        -100        -100-0.10000E+03-0.10000E+03
            -100        -100           1        -100        -100
            -100        -100 -2147483647        -100        -100-0.10000E+03
            -100-0.10000E+03-0.10000E+03        -100           0  -100
      -100  -100  -100-0.10000E+03-0.10000000E+03  -100
            -100           0        -100        -100-0.10000000E+03-0.10000000E+03
    -0.10000000E+03-0.10000000E+03-0.10000000E+03-0.10000000E+03-0.10000000E+07-0.10000000E+07
    -0.10000000E+03-0.10000000+301-0.10000000+301-0.10000000E+03
                            -100-100-100-100-100-100
            -100        -100        -100-0.10000000E+03-0.10000000E+03-0.10000000E+03
            -100        -100        -100-0.10000000E+03-0.10000000E+03-100
            -100        -100        -100        -100        -100        -100-100-100-100-100-100-100
BFIL
BDLM
BMUM
BGRD
ORDR
PFIL            -100
FFIL               0
COVR       1   0   0   1   0   0   1   0   0                                    
COVT      -1  -1  -1  -1   0   0          -1    -1    -1          -1 0    -1    -1    -1    -1-1-1-1TOS
              -1  -1  -1-0.10000E+03-0.10000E+03-0.10000E+03-0.10000E+03-0.10000E+03-0.10000E+03


CPAR              -1
SPAR              -1
TABL       1   4                                                                
PPAR              -1
TABL   1  11     1 0     2 0     3 0     4 0     5 0     6 0     7 0     8 0    
           0    22 0    25 0  4105 0                                            
           0   1   1   0   0           0           0           0             0-1 0 0 0
FRML    
FRMR    
FETA    
TABL   1  13     1 0    12 0    13 0    14 0    15 0    16 0    17 0    26 0    
           0    27 0    28 0    29 0    30 0    31 0                            
           0   1   1   0   1           0           0           0             0-1 0 0 0
FRML    
FRMR    
FETA    
TABL   1   2     1 0     3 0                                                    
           0   1   1   0   1           0           0           0             0-1 0 0 0
FRML    
FRMR    
FETA    
TABL   1   2     1 0     6 0                                                    
           0   1   1   0   1           0           0           0             0-1 0 0 0
FRML    
FRMR    
FETA    
