TABLE NO.  3
 ID          WT
  1.0000E+00  8.3700E+01
  1.0000E+00  8.3700E+01
  1.0000E+00  8.3700E+01
  1.0000E+00  8.3700E+01
  1.0000E+00  8.3700E+01
  1.0000E+00  8.3700E+01
  1.0000E+00  8.3700E+01
  1.0000E+00  8.3700E+01
  1.0000E+00  8.3700E+01
  1.0000E+00  8.3700E+01
  1.0000E+00  8.3700E+01
  1.0000E+00  8.3700E+01
  2.0000E+00  7.7100E+01
  2.0000E+00  7.7100E+01
  2.0000E+00  7.7100E+01
  2.0000E+00  7.7100E+01
  2.0000E+00  7.7100E+01
  2.0000E+00  7.7100E+01
  2.0000E+00  7.7100E+01
  2.0000E+00  7.7100E+01
  2.0000E+00  7.7100E+01
  2.0000E+00  7.7100E+01
  2.0000E+00  7.7100E+01
  2.0000E+00  7.7100E+01
  3.0000E+00  8.1900E+01
  3.0000E+00  8.1900E+01
  3.0000E+00  8.1900E+01
  3.0000E+00  8.1900E+01
  3.0000E+00  8.1900E+01
  3.0000E+00  8.1900E+01
  3.0000E+00  8.1900E+01
  3.0000E+00  8.1900E+01
  3.0000E+00  8.1900E+01
  3.0000E+00  8.1900E+01
  3.0000E+00  8.1900E+01
  3.0000E+00  8.1900E+01
  4.0000E+00  7.7800E+01
  4.0000E+00  7.7800E+01
  4.0000E+00  7.7800E+01
  4.0000E+00  7.7800E+01
  4.0000E+00  7.7800E+01
  4.0000E+00  7.7800E+01
  4.0000E+00  7.7800E+01
  4.0000E+00  7.7800E+01
  4.0000E+00  7.7800E+01
  4.0000E+00  7.7800E+01
  4.0000E+00  7.7800E+01
  4.0000E+00  7.7800E+01
  5.0000E+00  7.3300E+01
  5.0000E+00  7.3300E+01
  5.0000E+00  7.3300E+01
  5.0000E+00  7.3300E+01
  5.0000E+00  7.3300E+01
  5.0000E+00  7.3300E+01
  5.0000E+00  7.3300E+01
  5.0000E+00  7.3300E+01
  5.0000E+00  7.3300E+01
  5.0000E+00  7.3300E+01
  5.0000E+00  7.3300E+01
  5.0000E+00  7.3300E+01
  6.0000E+00  6.6500E+01
  6.0000E+00  6.6500E+01
  6.0000E+00  6.6500E+01
  6.0000E+00  6.6500E+01
  6.0000E+00  6.6500E+01
  6.0000E+00  6.6500E+01
  6.0000E+00  6.6500E+01
  6.0000E+00  6.6500E+01
  6.0000E+00  6.6500E+01
  6.0000E+00  6.6500E+01
  6.0000E+00  6.6500E+01
  6.0000E+00  6.6500E+01
  7.0000E+00  8.0500E+01
  7.0000E+00  8.0500E+01
  7.0000E+00  8.0500E+01
  7.0000E+00  8.0500E+01
  7.0000E+00  8.0500E+01
  7.0000E+00  8.0500E+01
  7.0000E+00  8.0500E+01
  7.0000E+00  8.0500E+01
  7.0000E+00  8.0500E+01
  7.0000E+00  8.0500E+01
  7.0000E+00  8.0500E+01
  7.0000E+00  8.0500E+01
  8.0000E+00  8.5400E+01
  8.0000E+00  8.5400E+01
  8.0000E+00  8.5400E+01
  8.0000E+00  8.5400E+01
  8.0000E+00  8.5400E+01
  8.0000E+00  8.5400E+01
  8.0000E+00  8.5400E+01
  8.0000E+00  8.5400E+01
  8.0000E+00  8.5400E+01
  8.0000E+00  8.5400E+01
  8.0000E+00  8.5400E+01
  8.0000E+00  8.5400E+01
  9.0000E+00  7.7800E+01
  9.0000E+00  7.7800E+01
  9.0000E+00  7.7800E+01
  9.0000E+00  7.7800E+01
  9.0000E+00  7.7800E+01
  9.0000E+00  7.7800E+01
  9.0000E+00  7.7800E+01
  9.0000E+00  7.7800E+01
  9.0000E+00  7.7800E+01
  9.0000E+00  7.7800E+01
  9.0000E+00  7.7800E+01
  9.0000E+00  7.7800E+01
  1.0000E+01  9.4000E+01
  1.0000E+01  9.4000E+01
  1.0000E+01  9.4000E+01
  1.0000E+01  9.4000E+01
  1.0000E+01  9.4000E+01
  1.0000E+01  9.4000E+01
  1.0000E+01  9.4000E+01
  1.0000E+01  9.4000E+01
  1.0000E+01  9.4000E+01
  1.0000E+01  9.4000E+01
  1.0000E+01  9.4000E+01
  1.0000E+01  9.4000E+01
  1.1000E+01  9.0900E+01
  1.1000E+01  9.0900E+01
  1.1000E+01  9.0900E+01
  1.1000E+01  9.0900E+01
  1.1000E+01  9.0900E+01
  1.1000E+01  9.0900E+01
  1.1000E+01  9.0900E+01
  1.1000E+01  9.0900E+01
  1.1000E+01  9.0900E+01
  1.1000E+01  9.0900E+01
  1.1000E+01  9.0900E+01
  1.1000E+01  9.0900E+01
  1.2000E+01  4.5000E+01
  1.2000E+01  4.5000E+01
  1.2000E+01  4.5000E+01
  1.2000E+01  4.5000E+01
  1.2000E+01  4.5000E+01
  1.2000E+01  4.5000E+01
  1.2000E+01  4.5000E+01
  1.2000E+01  4.5000E+01
  1.2000E+01  4.5000E+01
  1.2000E+01  4.5000E+01
  1.2000E+01  4.5000E+01
  1.2000E+01  4.5000E+01
  1.3000E+01  7.0600E+01
  1.3000E+01  7.0600E+01
  1.3000E+01  7.0600E+01
  1.3000E+01  7.0600E+01
  1.3000E+01  7.0600E+01
  1.3000E+01  7.0600E+01
  1.3000E+01  7.0600E+01
  1.3000E+01  7.0600E+01
  1.3000E+01  7.0600E+01
  1.3000E+01  7.0600E+01
  1.3000E+01  7.0600E+01
  1.3000E+01  7.0600E+01
  1.4000E+01  8.1900E+01
  1.4000E+01  8.1900E+01
  1.4000E+01  8.1900E+01
  1.4000E+01  8.1900E+01
  1.4000E+01  8.1900E+01
  1.4000E+01  8.1900E+01
  1.4000E+01  8.1900E+01
  1.4000E+01  8.1900E+01
  1.4000E+01  8.1900E+01
  1.4000E+01  8.1900E+01
  1.4000E+01  8.1900E+01
  1.4000E+01  8.1900E+01
  1.5000E+01  6.3600E+01
  1.5000E+01  6.3600E+01
  1.5000E+01  6.3600E+01
  1.5000E+01  6.3600E+01
  1.5000E+01  6.3600E+01
  1.5000E+01  6.3600E+01
  1.5000E+01  6.3600E+01
  1.5000E+01  6.3600E+01
  1.5000E+01  6.3600E+01
  1.5000E+01  6.3600E+01
  1.5000E+01  6.3600E+01
  1.5000E+01  6.3600E+01
  1.6000E+01  7.4100E+01
  1.6000E+01  7.4100E+01
  1.6000E+01  7.4100E+01
  1.6000E+01  7.4100E+01
  1.6000E+01  7.4100E+01
  1.6000E+01  7.4100E+01
  1.6000E+01  7.4100E+01
  1.6000E+01  7.4100E+01
  1.6000E+01  7.4100E+01
  1.6000E+01  7.4100E+01
  1.6000E+01  7.4100E+01
  1.6000E+01  7.4100E+01
  1.7000E+01  6.7900E+01
  1.7000E+01  6.7900E+01
  1.7000E+01  6.7900E+01
  1.7000E+01  6.7900E+01
  1.7000E+01  6.7900E+01
  1.7000E+01  6.7900E+01
  1.7000E+01  6.7900E+01
  1.7000E+01  6.7900E+01
  1.7000E+01  6.7900E+01
  1.7000E+01  6.7900E+01
  1.7000E+01  6.7900E+01
  1.7000E+01  6.7900E+01
  1.8000E+01  6.9600E+01
  1.8000E+01  6.9600E+01
  1.8000E+01  6.9600E+01
  1.8000E+01  6.9600E+01
  1.8000E+01  6.9600E+01
  1.8000E+01  6.9600E+01
  1.8000E+01  6.9600E+01
  1.8000E+01  6.9600E+01
  1.8000E+01  6.9600E+01
  1.8000E+01  6.9600E+01
  1.8000E+01  6.9600E+01
  1.8000E+01  6.9600E+01
  1.9000E+01  6.9200E+01
  1.9000E+01  6.9200E+01
  1.9000E+01  6.9200E+01
  1.9000E+01  6.9200E+01
  1.9000E+01  6.9200E+01
  1.9000E+01  6.9200E+01
  1.9000E+01  6.9200E+01
  1.9000E+01  6.9200E+01
  1.9000E+01  6.9200E+01
  1.9000E+01  6.9200E+01
  1.9000E+01  6.9200E+01
  1.9000E+01  6.9200E+01
  2.0000E+01  7.5000E+01
  2.0000E+01  7.5000E+01
  2.0000E+01  7.5000E+01
  2.0000E+01  7.5000E+01
  2.0000E+01  7.5000E+01
  2.0000E+01  7.5000E+01
  2.0000E+01  7.5000E+01
  2.0000E+01  7.5000E+01
  2.0000E+01  7.5000E+01
  2.0000E+01  7.5000E+01
  2.0000E+01  7.5000E+01
  2.0000E+01  7.5000E+01
  2.1000E+01  7.5100E+01
  2.1000E+01  7.5100E+01
  2.1000E+01  7.5100E+01
  2.1000E+01  7.5100E+01
  2.1000E+01  7.5100E+01
  2.1000E+01  7.5100E+01
  2.1000E+01  7.5100E+01
  2.1000E+01  7.5100E+01
  2.1000E+01  7.5100E+01
  2.1000E+01  7.5100E+01
  2.1000E+01  7.5100E+01
  2.1000E+01  7.5100E+01
  2.2000E+01  8.7700E+01
  2.2000E+01  8.7700E+01
  2.2000E+01  8.7700E+01
  2.2000E+01  8.7700E+01
  2.2000E+01  8.7700E+01
  2.2000E+01  8.7700E+01
  2.2000E+01  8.7700E+01
  2.2000E+01  8.7700E+01
  2.2000E+01  8.7700E+01
  2.2000E+01  8.7700E+01
  2.2000E+01  8.7700E+01
  2.2000E+01  8.7700E+01
  2.3000E+01  7.2900E+01
  2.3000E+01  7.2900E+01
  2.3000E+01  7.2900E+01
  2.3000E+01  7.2900E+01
  2.3000E+01  7.2900E+01
  2.3000E+01  7.2900E+01
  2.3000E+01  7.2900E+01
  2.3000E+01  7.2900E+01
  2.3000E+01  7.2900E+01
  2.3000E+01  7.2900E+01
  2.3000E+01  7.2900E+01
  2.3000E+01  7.2900E+01
  2.4000E+01  6.6000E+01
  2.4000E+01  6.6000E+01
  2.4000E+01  6.6000E+01
  2.4000E+01  6.6000E+01
  2.4000E+01  6.6000E+01
  2.4000E+01  6.6000E+01
  2.4000E+01  6.6000E+01
  2.4000E+01  6.6000E+01
  2.4000E+01  6.6000E+01
  2.4000E+01  6.6000E+01
  2.4000E+01  6.6000E+01
  2.4000E+01  6.6000E+01
  2.5000E+01  4.1800E+01
  2.5000E+01  4.1800E+01
  2.5000E+01  4.1800E+01
  2.5000E+01  4.1800E+01
  2.5000E+01  4.1800E+01
  2.5000E+01  4.1800E+01
  2.5000E+01  4.1800E+01
  2.5000E+01  4.1800E+01
  2.5000E+01  4.1800E+01
  2.5000E+01  4.1800E+01
  2.5000E+01  4.1800E+01
  2.5000E+01  4.1800E+01
  2.6000E+01  7.1000E+01
  2.6000E+01  7.1000E+01
  2.6000E+01  7.1000E+01
  2.6000E+01  7.1000E+01
  2.6000E+01  7.1000E+01
  2.6000E+01  7.1000E+01
  2.6000E+01  7.1000E+01
  2.6000E+01  7.1000E+01
  2.6000E+01  7.1000E+01
  2.6000E+01  7.1000E+01
  2.6000E+01  7.1000E+01
  2.6000E+01  7.1000E+01
  2.7000E+01  6.6100E+01
  2.7000E+01  6.6100E+01
  2.7000E+01  6.6100E+01
  2.7000E+01  6.6100E+01
  2.7000E+01  6.6100E+01
  2.7000E+01  6.6100E+01
  2.7000E+01  6.6100E+01
  2.7000E+01  6.6100E+01
  2.7000E+01  6.6100E+01
  2.7000E+01  6.6100E+01
  2.7000E+01  6.6100E+01
  2.7000E+01  6.6100E+01
  2.8000E+01  7.3400E+01
  2.8000E+01  7.3400E+01
  2.8000E+01  7.3400E+01
  2.8000E+01  7.3400E+01
  2.8000E+01  7.3400E+01
  2.8000E+01  7.3400E+01
  2.8000E+01  7.3400E+01
  2.8000E+01  7.3400E+01
  2.8000E+01  7.3400E+01
  2.8000E+01  7.3400E+01
  2.8000E+01  7.3400E+01
  2.8000E+01  7.3400E+01
  2.9000E+01  5.4400E+01
  2.9000E+01  5.4400E+01
  2.9000E+01  5.4400E+01
  2.9000E+01  5.4400E+01
  2.9000E+01  5.4400E+01
  2.9000E+01  5.4400E+01
  2.9000E+01  5.4400E+01
  2.9000E+01  5.4400E+01
  2.9000E+01  5.4400E+01
  2.9000E+01  5.4400E+01
  2.9000E+01  5.4400E+01
  2.9000E+01  5.4400E+01
  3.0000E+01  9.0400E+01
  3.0000E+01  9.0400E+01
  3.0000E+01  9.0400E+01
  3.0000E+01  9.0400E+01
  3.0000E+01  9.0400E+01
  3.0000E+01  9.0400E+01
  3.0000E+01  9.0400E+01
  3.0000E+01  9.0400E+01
  3.0000E+01  9.0400E+01
  3.0000E+01  9.0400E+01
  3.0000E+01  9.0400E+01
  3.0000E+01  9.0400E+01
  3.1000E+01  6.3100E+01
  3.1000E+01  6.3100E+01
  3.1000E+01  6.3100E+01
  3.1000E+01  6.3100E+01
  3.1000E+01  6.3100E+01
  3.1000E+01  6.3100E+01
  3.1000E+01  6.3100E+01
  3.1000E+01  6.3100E+01
  3.1000E+01  6.3100E+01
  3.1000E+01  6.3100E+01
  3.1000E+01  6.3100E+01
  3.1000E+01  6.3100E+01
  3.2000E+01  6.8000E+01
  3.2000E+01  6.8000E+01
  3.2000E+01  6.8000E+01
  3.2000E+01  6.8000E+01
  3.2000E+01  6.8000E+01
  3.2000E+01  6.8000E+01
  3.2000E+01  6.8000E+01
  3.2000E+01  6.8000E+01
  3.2000E+01  6.8000E+01
  3.2000E+01  6.8000E+01
  3.2000E+01  6.8000E+01
  3.2000E+01  6.8000E+01
  3.3000E+01  6.7200E+01
  3.3000E+01  6.7200E+01
  3.3000E+01  6.7200E+01
  3.3000E+01  6.7200E+01
  3.3000E+01  6.7200E+01
  3.3000E+01  6.7200E+01
  3.3000E+01  6.7200E+01
  3.3000E+01  6.7200E+01
  3.3000E+01  6.7200E+01
  3.3000E+01  6.7200E+01
  3.3000E+01  6.7200E+01
  3.3000E+01  6.7200E+01
  3.4000E+01  5.7200E+01
  3.4000E+01  5.7200E+01
  3.4000E+01  5.7200E+01
  3.4000E+01  5.7200E+01
  3.4000E+01  5.7200E+01
  3.4000E+01  5.7200E+01
  3.4000E+01  5.7200E+01
  3.4000E+01  5.7200E+01
  3.4000E+01  5.7200E+01
  3.4000E+01  5.7200E+01
  3.4000E+01  5.7200E+01
  3.4000E+01  5.7200E+01
  3.5000E+01  7.4000E+01
  3.5000E+01  7.4000E+01
  3.5000E+01  7.4000E+01
  3.5000E+01  7.4000E+01
  3.5000E+01  7.4000E+01
  3.5000E+01  7.4000E+01
  3.5000E+01  7.4000E+01
  3.5000E+01  7.4000E+01
  3.5000E+01  7.4000E+01
  3.5000E+01  7.4000E+01
  3.5000E+01  7.4000E+01
  3.5000E+01  7.4000E+01
  3.6000E+01  7.5500E+01
  3.6000E+01  7.5500E+01
  3.6000E+01  7.5500E+01
  3.6000E+01  7.5500E+01
  3.6000E+01  7.5500E+01
  3.6000E+01  7.5500E+01
  3.6000E+01  7.5500E+01
  3.6000E+01  7.5500E+01
  3.6000E+01  7.5500E+01
  3.6000E+01  7.5500E+01
  3.6000E+01  7.5500E+01
  3.6000E+01  7.5500E+01
  3.7000E+01  8.0400E+01
  3.7000E+01  8.0400E+01
  3.7000E+01  8.0400E+01
  3.7000E+01  8.0400E+01
  3.7000E+01  8.0400E+01
  3.7000E+01  8.0400E+01
  3.7000E+01  8.0400E+01
  3.7000E+01  8.0400E+01
  3.7000E+01  8.0400E+01
  3.7000E+01  8.0400E+01
  3.7000E+01  8.0400E+01
  3.7000E+01  8.0400E+01
  3.8000E+01  5.8000E+01
  3.8000E+01  5.8000E+01
  3.8000E+01  5.8000E+01
  3.8000E+01  5.8000E+01
  3.8000E+01  5.8000E+01
  3.8000E+01  5.8000E+01
  3.8000E+01  5.8000E+01
  3.8000E+01  5.8000E+01
  3.8000E+01  5.8000E+01
  3.8000E+01  5.8000E+01
  3.8000E+01  5.8000E+01
  3.8000E+01  5.8000E+01
  3.9000E+01  6.5700E+01
  3.9000E+01  6.5700E+01
  3.9000E+01  6.5700E+01
  3.9000E+01  6.5700E+01
  3.9000E+01  6.5700E+01
  3.9000E+01  6.5700E+01
  3.9000E+01  6.5700E+01
  3.9000E+01  6.5700E+01
  3.9000E+01  6.5700E+01
  3.9000E+01  6.5700E+01
  3.9000E+01  6.5700E+01
  3.9000E+01  6.5700E+01
  4.0000E+01  5.3900E+01
  4.0000E+01  5.3900E+01
  4.0000E+01  5.3900E+01
  4.0000E+01  5.3900E+01
  4.0000E+01  5.3900E+01
  4.0000E+01  5.3900E+01
  4.0000E+01  5.3900E+01
  4.0000E+01  5.3900E+01
  4.0000E+01  5.3900E+01
  4.0000E+01  5.3900E+01
  4.0000E+01  5.3900E+01
  4.0000E+01  5.3900E+01
