TABLE NO.  2
 ID          CL          V1          Q2          V2          Q3          V3          ETA1        ETA2        ETA3        ETA4        ETA5        ETA6
  1.0000E+00  1.4954E+00  1.8764E+01  8.3242E+00  1.0408E+02  1.9026E+00  1.1033E+03 -7.0686E-01 -6.6135E-02  8.4192E-02  6.1364E-01 -2.9281E-05 -1.5272E-01
  1.0000E+00  1.4954E+00  1.8764E+01  8.3242E+00  1.0408E+02  1.9026E+00  1.1033E+03 -7.0686E-01 -6.6135E-02  8.4192E-02  6.1364E-01 -2.9281E-05 -1.5272E-01
  1.0000E+00  1.4954E+00  1.8764E+01  8.3242E+00  1.0408E+02  1.9026E+00  1.1033E+03 -7.0686E-01 -6.6135E-02  8.4192E-02  6.1364E-01 -2.9281E-05 -1.5272E-01
  1.0000E+00  1.4954E+00  1.8764E+01  8.3242E+00  1.0408E+02  1.9026E+00  1.1033E+03 -7.0686E-01 -6.6135E-02  8.4192E-02  6.1364E-01 -2.9281E-05 -1.5272E-01
  1.0000E+00  1.4954E+00  1.8764E+01  8.3242E+00  1.0408E+02  1.9026E+00  1.1033E+03 -7.0686E-01 -6.6135E-02  8.4192E-02  6.1364E-01 -2.9281E-05 -1.5272E-01
  1.0000E+00  1.4954E+00  1.8764E+01  8.3242E+00  1.0408E+02  1.9026E+00  1.1033E+03 -7.0686E-01 -6.6135E-02  8.4192E-02  6.1364E-01 -2.9281E-05 -1.5272E-01
  1.0000E+00  1.4954E+00  1.8764E+01  8.3242E+00  1.0408E+02  1.9026E+00  1.1033E+03 -7.0686E-01 -6.6135E-02  8.4192E-02  6.1364E-01 -2.9281E-05 -1.5272E-01
  1.0000E+00  1.4954E+00  1.8764E+01  8.3242E+00  1.0408E+02  1.9026E+00  1.1033E+03 -7.0686E-01 -6.6135E-02  8.4192E-02  6.1364E-01 -2.9281E-05 -1.5272E-01
  1.0000E+00  1.4954E+00  1.8764E+01  8.3242E+00  1.0408E+02  1.9026E+00  1.1033E+03 -7.0686E-01 -6.6135E-02  8.4192E-02  6.1364E-01 -2.9281E-05 -1.5272E-01
  1.0000E+00  1.4954E+00  1.8764E+01  8.3242E+00  1.0408E+02  1.9026E+00  1.1033E+03 -7.0686E-01 -6.6135E-02  8.4192E-02  6.1364E-01 -2.9281E-05 -1.5272E-01
  1.0000E+00  1.4954E+00  1.8764E+01  8.3242E+00  1.0408E+02  1.9026E+00  1.1033E+03 -7.0686E-01 -6.6135E-02  8.4192E-02  6.1364E-01 -2.9281E-05 -1.5272E-01
  1.0000E+00  1.4954E+00  1.8764E+01  8.3242E+00  1.0408E+02  1.9026E+00  1.1033E+03 -7.0686E-01 -6.6135E-02  8.4192E-02  6.1364E-01 -2.9281E-05 -1.5272E-01
  2.0000E+00  3.5904E+00  2.4077E+01  1.8004E+01  5.5961E+01  1.9026E+00  1.4224E+03  1.6902E-01  1.8316E-01  8.5559E-01 -6.8747E-03 -6.7176E-06  1.0134E-01
  2.0000E+00  3.5904E+00  2.4077E+01  1.8004E+01  5.5961E+01  1.9026E+00  1.4224E+03  1.6902E-01  1.8316E-01  8.5559E-01 -6.8747E-03 -6.7176E-06  1.0134E-01
  2.0000E+00  3.5904E+00  2.4077E+01  1.8004E+01  5.5961E+01  1.9026E+00  1.4224E+03  1.6902E-01  1.8316E-01  8.5559E-01 -6.8747E-03 -6.7176E-06  1.0134E-01
  2.0000E+00  3.5904E+00  2.4077E+01  1.8004E+01  5.5961E+01  1.9026E+00  1.4224E+03  1.6902E-01  1.8316E-01  8.5559E-01 -6.8747E-03 -6.7176E-06  1.0134E-01
  2.0000E+00  3.5904E+00  2.4077E+01  1.8004E+01  5.5961E+01  1.9026E+00  1.4224E+03  1.6902E-01  1.8316E-01  8.5559E-01 -6.8747E-03 -6.7176E-06  1.0134E-01
  2.0000E+00  3.5904E+00  2.4077E+01  1.8004E+01  5.5961E+01  1.9026E+00  1.4224E+03  1.6902E-01  1.8316E-01  8.5559E-01 -6.8747E-03 -6.7176E-06  1.0134E-01
  2.0000E+00  3.5904E+00  2.4077E+01  1.8004E+01  5.5961E+01  1.9026E+00  1.4224E+03  1.6902E-01  1.8316E-01  8.5559E-01 -6.8747E-03 -6.7176E-06  1.0134E-01
  2.0000E+00  3.5904E+00  2.4077E+01  1.8004E+01  5.5961E+01  1.9026E+00  1.4224E+03  1.6902E-01  1.8316E-01  8.5559E-01 -6.8747E-03 -6.7176E-06  1.0134E-01
  2.0000E+00  3.5904E+00  2.4077E+01  1.8004E+01  5.5961E+01  1.9026E+00  1.4224E+03  1.6902E-01  1.8316E-01  8.5559E-01 -6.8747E-03 -6.7176E-06  1.0134E-01
  2.0000E+00  3.5904E+00  2.4077E+01  1.8004E+01  5.5961E+01  1.9026E+00  1.4224E+03  1.6902E-01  1.8316E-01  8.5559E-01 -6.8747E-03 -6.7176E-06  1.0134E-01
  2.0000E+00  3.5904E+00  2.4077E+01  1.8004E+01  5.5961E+01  1.9026E+00  1.4224E+03  1.6902E-01  1.8316E-01  8.5559E-01 -6.8747E-03 -6.7176E-06  1.0134E-01
  2.0000E+00  3.5904E+00  2.4077E+01  1.8004E+01  5.5961E+01  1.9026E+00  1.4224E+03  1.6902E-01  1.8316E-01  8.5559E-01 -6.8747E-03 -6.7176E-06  1.0134E-01
  3.0000E+00  2.8900E+00  2.1044E+01  6.1379E+00  4.9863E+01  1.9026E+00  1.3340E+03 -4.7974E-02  4.8548E-02 -2.2049E-01 -1.2225E-01 -5.7840E-06  3.7146E-02
  3.0000E+00  2.8900E+00  2.1044E+01  6.1379E+00  4.9863E+01  1.9026E+00  1.3340E+03 -4.7974E-02  4.8548E-02 -2.2049E-01 -1.2225E-01 -5.7840E-06  3.7146E-02
  3.0000E+00  2.8900E+00  2.1044E+01  6.1379E+00  4.9863E+01  1.9026E+00  1.3340E+03 -4.7974E-02  4.8548E-02 -2.2049E-01 -1.2225E-01 -5.7840E-06  3.7146E-02
  3.0000E+00  2.8900E+00  2.1044E+01  6.1379E+00  4.9863E+01  1.9026E+00  1.3340E+03 -4.7974E-02  4.8548E-02 -2.2049E-01 -1.2225E-01 -5.7840E-06  3.7146E-02
  3.0000E+00  2.8900E+00  2.1044E+01  6.1379E+00  4.9863E+01  1.9026E+00  1.3340E+03 -4.7974E-02  4.8548E-02 -2.2049E-01 -1.2225E-01 -5.7840E-06  3.7146E-02
  3.0000E+00  2.8900E+00  2.1044E+01  6.1379E+00  4.9863E+01  1.9026E+00  1.3340E+03 -4.7974E-02  4.8548E-02 -2.2049E-01 -1.2225E-01 -5.7840E-06  3.7146E-02
  3.0000E+00  2.8900E+00  2.1044E+01  6.1379E+00  4.9863E+01  1.9026E+00  1.3340E+03 -4.7974E-02  4.8548E-02 -2.2049E-01 -1.2225E-01 -5.7840E-06  3.7146E-02
  3.0000E+00  2.8900E+00  2.1044E+01  6.1379E+00  4.9863E+01  1.9026E+00  1.3340E+03 -4.7974E-02  4.8548E-02 -2.2049E-01 -1.2225E-01 -5.7840E-06  3.7146E-02
  3.0000E+00  2.8900E+00  2.1044E+01  6.1379E+00  4.9863E+01  1.9026E+00  1.3340E+03 -4.7974E-02  4.8548E-02 -2.2049E-01 -1.2225E-01 -5.7840E-06  3.7146E-02
  3.0000E+00  2.8900E+00  2.1044E+01  6.1379E+00  4.9863E+01  1.9026E+00  1.3340E+03 -4.7974E-02  4.8548E-02 -2.2049E-01 -1.2225E-01 -5.7840E-06  3.7146E-02
  3.0000E+00  2.8900E+00  2.1044E+01  6.1379E+00  4.9863E+01  1.9026E+00  1.3340E+03 -4.7974E-02  4.8548E-02 -2.2049E-01 -1.2225E-01 -5.7840E-06  3.7146E-02
  3.0000E+00  2.8900E+00  2.1044E+01  6.1379E+00  4.9863E+01  1.9026E+00  1.3340E+03 -4.7974E-02  4.8548E-02 -2.2049E-01 -1.2225E-01 -5.7840E-06  3.7146E-02
  4.0000E+00  1.8997E+00  1.7661E+01  1.0886E+01  4.5606E+01  1.9026E+00  1.3088E+03 -4.6753E-01 -1.2675E-01  3.5248E-01 -2.1150E-01 -2.6140E-05  1.8085E-02
  4.0000E+00  1.8997E+00  1.7661E+01  1.0886E+01  4.5606E+01  1.9026E+00  1.3088E+03 -4.6753E-01 -1.2675E-01  3.5248E-01 -2.1150E-01 -2.6140E-05  1.8085E-02
  4.0000E+00  1.8997E+00  1.7661E+01  1.0886E+01  4.5606E+01  1.9026E+00  1.3088E+03 -4.6753E-01 -1.2675E-01  3.5248E-01 -2.1150E-01 -2.6140E-05  1.8085E-02
  4.0000E+00  1.8997E+00  1.7661E+01  1.0886E+01  4.5606E+01  1.9026E+00  1.3088E+03 -4.6753E-01 -1.2675E-01  3.5248E-01 -2.1150E-01 -2.6140E-05  1.8085E-02
  4.0000E+00  1.8997E+00  1.7661E+01  1.0886E+01  4.5606E+01  1.9026E+00  1.3088E+03 -4.6753E-01 -1.2675E-01  3.5248E-01 -2.1150E-01 -2.6140E-05  1.8085E-02
  4.0000E+00  1.8997E+00  1.7661E+01  1.0886E+01  4.5606E+01  1.9026E+00  1.3088E+03 -4.6753E-01 -1.2675E-01  3.5248E-01 -2.1150E-01 -2.6140E-05  1.8085E-02
  4.0000E+00  1.8997E+00  1.7661E+01  1.0886E+01  4.5606E+01  1.9026E+00  1.3088E+03 -4.6753E-01 -1.2675E-01  3.5248E-01 -2.1150E-01 -2.6140E-05  1.8085E-02
  4.0000E+00  1.8997E+00  1.7661E+01  1.0886E+01  4.5606E+01  1.9026E+00  1.3088E+03 -4.6753E-01 -1.2675E-01  3.5248E-01 -2.1150E-01 -2.6140E-05  1.8085E-02
  4.0000E+00  1.8997E+00  1.7661E+01  1.0886E+01  4.5606E+01  1.9026E+00  1.3088E+03 -4.6753E-01 -1.2675E-01  3.5248E-01 -2.1150E-01 -2.6140E-05  1.8085E-02
  4.0000E+00  1.8997E+00  1.7661E+01  1.0886E+01  4.5606E+01  1.9026E+00  1.3088E+03 -4.6753E-01 -1.2675E-01  3.5248E-01 -2.1150E-01 -2.6140E-05  1.8085E-02
  4.0000E+00  1.8997E+00  1.7661E+01  1.0886E+01  4.5606E+01  1.9026E+00  1.3088E+03 -4.6753E-01 -1.2675E-01  3.5248E-01 -2.1150E-01 -2.6140E-05  1.8085E-02
  4.0000E+00  1.8997E+00  1.7661E+01  1.0886E+01  4.5606E+01  1.9026E+00  1.3088E+03 -4.6753E-01 -1.2675E-01  3.5248E-01 -2.1150E-01 -2.6140E-05  1.8085E-02
  5.0000E+00  2.2028E+00  1.7921E+01  4.9229E+00  4.5080E+01  1.9026E+00  1.2574E+03 -3.1950E-01 -1.1211E-01 -4.4109E-01 -2.2308E-01 -1.1645E-05 -2.1982E-02
  5.0000E+00  2.2028E+00  1.7921E+01  4.9229E+00  4.5080E+01  1.9026E+00  1.2574E+03 -3.1950E-01 -1.1211E-01 -4.4109E-01 -2.2308E-01 -1.1645E-05 -2.1982E-02
  5.0000E+00  2.2028E+00  1.7921E+01  4.9229E+00  4.5080E+01  1.9026E+00  1.2574E+03 -3.1950E-01 -1.1211E-01 -4.4109E-01 -2.2308E-01 -1.1645E-05 -2.1982E-02
  5.0000E+00  2.2028E+00  1.7921E+01  4.9229E+00  4.5080E+01  1.9026E+00  1.2574E+03 -3.1950E-01 -1.1211E-01 -4.4109E-01 -2.2308E-01 -1.1645E-05 -2.1982E-02
  5.0000E+00  2.2028E+00  1.7921E+01  4.9229E+00  4.5080E+01  1.9026E+00  1.2574E+03 -3.1950E-01 -1.1211E-01 -4.4109E-01 -2.2308E-01 -1.1645E-05 -2.1982E-02
  5.0000E+00  2.2028E+00  1.7921E+01  4.9229E+00  4.5080E+01  1.9026E+00  1.2574E+03 -3.1950E-01 -1.1211E-01 -4.4109E-01 -2.2308E-01 -1.1645E-05 -2.1982E-02
  5.0000E+00  2.2028E+00  1.7921E+01  4.9229E+00  4.5080E+01  1.9026E+00  1.2574E+03 -3.1950E-01 -1.1211E-01 -4.4109E-01 -2.2308E-01 -1.1645E-05 -2.1982E-02
  5.0000E+00  2.2028E+00  1.7921E+01  4.9229E+00  4.5080E+01  1.9026E+00  1.2574E+03 -3.1950E-01 -1.1211E-01 -4.4109E-01 -2.2308E-01 -1.1645E-05 -2.1982E-02
  5.0000E+00  2.2028E+00  1.7921E+01  4.9229E+00  4.5080E+01  1.9026E+00  1.2574E+03 -3.1950E-01 -1.1211E-01 -4.4109E-01 -2.2308E-01 -1.1645E-05 -2.1982E-02
  5.0000E+00  2.2028E+00  1.7921E+01  4.9229E+00  4.5080E+01  1.9026E+00  1.2574E+03 -3.1950E-01 -1.1211E-01 -4.4109E-01 -2.2308E-01 -1.1645E-05 -2.1982E-02
  5.0000E+00  2.2028E+00  1.7921E+01  4.9229E+00  4.5080E+01  1.9026E+00  1.2574E+03 -3.1950E-01 -1.1211E-01 -4.4109E-01 -2.2308E-01 -1.1645E-05 -2.1982E-02
  5.0000E+00  2.2028E+00  1.7921E+01  4.9229E+00  4.5080E+01  1.9026E+00  1.2574E+03 -3.1950E-01 -1.1211E-01 -4.4109E-01 -2.2308E-01 -1.1645E-05 -2.1982E-02
  6.0000E+00  4.0103E+00  3.1039E+01  1.0786E+01  6.1045E+01  1.9026E+00  1.2798E+03  2.7964E-01  4.3716E-01  3.4323E-01  8.0080E-02  7.3116E-06 -4.2968E-03
  6.0000E+00  4.0103E+00  3.1039E+01  1.0786E+01  6.1045E+01  1.9026E+00  1.2798E+03  2.7964E-01  4.3716E-01  3.4323E-01  8.0080E-02  7.3116E-06 -4.2968E-03
  6.0000E+00  4.0103E+00  3.1039E+01  1.0786E+01  6.1045E+01  1.9026E+00  1.2798E+03  2.7964E-01  4.3716E-01  3.4323E-01  8.0080E-02  7.3116E-06 -4.2968E-03
  6.0000E+00  4.0103E+00  3.1039E+01  1.0786E+01  6.1045E+01  1.9026E+00  1.2798E+03  2.7964E-01  4.3716E-01  3.4323E-01  8.0080E-02  7.3116E-06 -4.2968E-03
  6.0000E+00  4.0103E+00  3.1039E+01  1.0786E+01  6.1045E+01  1.9026E+00  1.2798E+03  2.7964E-01  4.3716E-01  3.4323E-01  8.0080E-02  7.3116E-06 -4.2968E-03
  6.0000E+00  4.0103E+00  3.1039E+01  1.0786E+01  6.1045E+01  1.9026E+00  1.2798E+03  2.7964E-01  4.3716E-01  3.4323E-01  8.0080E-02  7.3116E-06 -4.2968E-03
  6.0000E+00  4.0103E+00  3.1039E+01  1.0786E+01  6.1045E+01  1.9026E+00  1.2798E+03  2.7964E-01  4.3716E-01  3.4323E-01  8.0080E-02  7.3116E-06 -4.2968E-03
  6.0000E+00  4.0103E+00  3.1039E+01  1.0786E+01  6.1045E+01  1.9026E+00  1.2798E+03  2.7964E-01  4.3716E-01  3.4323E-01  8.0080E-02  7.3116E-06 -4.2968E-03
  6.0000E+00  4.0103E+00  3.1039E+01  1.0786E+01  6.1045E+01  1.9026E+00  1.2798E+03  2.7964E-01  4.3716E-01  3.4323E-01  8.0080E-02  7.3116E-06 -4.2968E-03
  6.0000E+00  4.0103E+00  3.1039E+01  1.0786E+01  6.1045E+01  1.9026E+00  1.2798E+03  2.7964E-01  4.3716E-01  3.4323E-01  8.0080E-02  7.3116E-06 -4.2968E-03
  6.0000E+00  4.0103E+00  3.1039E+01  1.0786E+01  6.1045E+01  1.9026E+00  1.2798E+03  2.7964E-01  4.3716E-01  3.4323E-01  8.0080E-02  7.3116E-06 -4.2968E-03
  6.0000E+00  4.0103E+00  3.1039E+01  1.0786E+01  6.1045E+01  1.9026E+00  1.2798E+03  2.7964E-01  4.3716E-01  3.4323E-01  8.0080E-02  7.3116E-06 -4.2968E-03
  7.0000E+00  3.8951E+00  1.8440E+01  6.3405E+00  6.6151E+01  1.9026E+00  1.3158E+03  2.5047E-01 -8.3542E-02 -1.8802E-01  1.6041E-01  3.6502E-06  2.3456E-02
  7.0000E+00  3.8951E+00  1.8440E+01  6.3405E+00  6.6151E+01  1.9026E+00  1.3158E+03  2.5047E-01 -8.3542E-02 -1.8802E-01  1.6041E-01  3.6502E-06  2.3456E-02
  7.0000E+00  3.8951E+00  1.8440E+01  6.3405E+00  6.6151E+01  1.9026E+00  1.3158E+03  2.5047E-01 -8.3542E-02 -1.8802E-01  1.6041E-01  3.6502E-06  2.3456E-02
  7.0000E+00  3.8951E+00  1.8440E+01  6.3405E+00  6.6151E+01  1.9026E+00  1.3158E+03  2.5047E-01 -8.3542E-02 -1.8802E-01  1.6041E-01  3.6502E-06  2.3456E-02
  7.0000E+00  3.8951E+00  1.8440E+01  6.3405E+00  6.6151E+01  1.9026E+00  1.3158E+03  2.5047E-01 -8.3542E-02 -1.8802E-01  1.6041E-01  3.6502E-06  2.3456E-02
  7.0000E+00  3.8951E+00  1.8440E+01  6.3405E+00  6.6151E+01  1.9026E+00  1.3158E+03  2.5047E-01 -8.3542E-02 -1.8802E-01  1.6041E-01  3.6502E-06  2.3456E-02
  7.0000E+00  3.8951E+00  1.8440E+01  6.3405E+00  6.6151E+01  1.9026E+00  1.3158E+03  2.5047E-01 -8.3542E-02 -1.8802E-01  1.6041E-01  3.6502E-06  2.3456E-02
  7.0000E+00  3.8951E+00  1.8440E+01  6.3405E+00  6.6151E+01  1.9026E+00  1.3158E+03  2.5047E-01 -8.3542E-02 -1.8802E-01  1.6041E-01  3.6502E-06  2.3456E-02
  7.0000E+00  3.8951E+00  1.8440E+01  6.3405E+00  6.6151E+01  1.9026E+00  1.3158E+03  2.5047E-01 -8.3542E-02 -1.8802E-01  1.6041E-01  3.6502E-06  2.3456E-02
  7.0000E+00  3.8951E+00  1.8440E+01  6.3405E+00  6.6151E+01  1.9026E+00  1.3158E+03  2.5047E-01 -8.3542E-02 -1.8802E-01  1.6041E-01  3.6502E-06  2.3456E-02
  7.0000E+00  3.8951E+00  1.8440E+01  6.3405E+00  6.6151E+01  1.9026E+00  1.3158E+03  2.5047E-01 -8.3542E-02 -1.8802E-01  1.6041E-01  3.6502E-06  2.3456E-02
  7.0000E+00  3.8951E+00  1.8440E+01  6.3405E+00  6.6151E+01  1.9026E+00  1.3158E+03  2.5047E-01 -8.3542E-02 -1.8802E-01  1.6041E-01  3.6502E-06  2.3456E-02
  8.0000E+00  1.3441E+00  1.6199E+01  4.6604E+00  5.4543E+01  1.9025E+00  1.1713E+03 -8.1350E-01 -2.1316E-01 -4.9587E-01 -3.2543E-02 -4.8875E-05 -9.2875E-02
  8.0000E+00  1.3441E+00  1.6199E+01  4.6604E+00  5.4543E+01  1.9025E+00  1.1713E+03 -8.1350E-01 -2.1316E-01 -4.9587E-01 -3.2543E-02 -4.8875E-05 -9.2875E-02
  8.0000E+00  1.3441E+00  1.6199E+01  4.6604E+00  5.4543E+01  1.9025E+00  1.1713E+03 -8.1350E-01 -2.1316E-01 -4.9587E-01 -3.2543E-02 -4.8875E-05 -9.2875E-02
  8.0000E+00  1.3441E+00  1.6199E+01  4.6604E+00  5.4543E+01  1.9025E+00  1.1713E+03 -8.1350E-01 -2.1316E-01 -4.9587E-01 -3.2543E-02 -4.8875E-05 -9.2875E-02
  8.0000E+00  1.3441E+00  1.6199E+01  4.6604E+00  5.4543E+01  1.9025E+00  1.1713E+03 -8.1350E-01 -2.1316E-01 -4.9587E-01 -3.2543E-02 -4.8875E-05 -9.2875E-02
  8.0000E+00  1.3441E+00  1.6199E+01  4.6604E+00  5.4543E+01  1.9025E+00  1.1713E+03 -8.1350E-01 -2.1316E-01 -4.9587E-01 -3.2543E-02 -4.8875E-05 -9.2875E-02
  8.0000E+00  1.3441E+00  1.6199E+01  4.6604E+00  5.4543E+01  1.9025E+00  1.1713E+03 -8.1350E-01 -2.1316E-01 -4.9587E-01 -3.2543E-02 -4.8875E-05 -9.2875E-02
  8.0000E+00  1.3441E+00  1.6199E+01  4.6604E+00  5.4543E+01  1.9025E+00  1.1713E+03 -8.1350E-01 -2.1316E-01 -4.9587E-01 -3.2543E-02 -4.8875E-05 -9.2875E-02
  8.0000E+00  1.3441E+00  1.6199E+01  4.6604E+00  5.4543E+01  1.9025E+00  1.1713E+03 -8.1350E-01 -2.1316E-01 -4.9587E-01 -3.2543E-02 -4.8875E-05 -9.2875E-02
  8.0000E+00  1.3441E+00  1.6199E+01  4.6604E+00  5.4543E+01  1.9025E+00  1.1713E+03 -8.1350E-01 -2.1316E-01 -4.9587E-01 -3.2543E-02 -4.8875E-05 -9.2875E-02
  8.0000E+00  1.3441E+00  1.6199E+01  4.6604E+00  5.4543E+01  1.9025E+00  1.1713E+03 -8.1350E-01 -2.1316E-01 -4.9587E-01 -3.2543E-02 -4.8875E-05 -9.2875E-02
  8.0000E+00  1.3441E+00  1.6199E+01  4.6604E+00  5.4543E+01  1.9025E+00  1.1713E+03 -8.1350E-01 -2.1316E-01 -4.9587E-01 -3.2543E-02 -4.8875E-05 -9.2875E-02
  9.0000E+00  3.5174E+00  1.8093E+01  1.2585E+01  8.4317E+01  1.9026E+00  1.2127E+03  1.4848E-01 -1.0258E-01  4.9755E-01  4.0305E-01  1.0672E-05 -5.8212E-02
  9.0000E+00  3.5174E+00  1.8093E+01  1.2585E+01  8.4317E+01  1.9026E+00  1.2127E+03  1.4848E-01 -1.0258E-01  4.9755E-01  4.0305E-01  1.0672E-05 -5.8212E-02
  9.0000E+00  3.5174E+00  1.8093E+01  1.2585E+01  8.4317E+01  1.9026E+00  1.2127E+03  1.4848E-01 -1.0258E-01  4.9755E-01  4.0305E-01  1.0672E-05 -5.8212E-02
  9.0000E+00  3.5174E+00  1.8093E+01  1.2585E+01  8.4317E+01  1.9026E+00  1.2127E+03  1.4848E-01 -1.0258E-01  4.9755E-01  4.0305E-01  1.0672E-05 -5.8212E-02
  9.0000E+00  3.5174E+00  1.8093E+01  1.2585E+01  8.4317E+01  1.9026E+00  1.2127E+03  1.4848E-01 -1.0258E-01  4.9755E-01  4.0305E-01  1.0672E-05 -5.8212E-02
  9.0000E+00  3.5174E+00  1.8093E+01  1.2585E+01  8.4317E+01  1.9026E+00  1.2127E+03  1.4848E-01 -1.0258E-01  4.9755E-01  4.0305E-01  1.0672E-05 -5.8212E-02
  9.0000E+00  3.5174E+00  1.8093E+01  1.2585E+01  8.4317E+01  1.9026E+00  1.2127E+03  1.4848E-01 -1.0258E-01  4.9755E-01  4.0305E-01  1.0672E-05 -5.8212E-02
  9.0000E+00  3.5174E+00  1.8093E+01  1.2585E+01  8.4317E+01  1.9026E+00  1.2127E+03  1.4848E-01 -1.0258E-01  4.9755E-01  4.0305E-01  1.0672E-05 -5.8212E-02
  9.0000E+00  3.5174E+00  1.8093E+01  1.2585E+01  8.4317E+01  1.9026E+00  1.2127E+03  1.4848E-01 -1.0258E-01  4.9755E-01  4.0305E-01  1.0672E-05 -5.8212E-02
  9.0000E+00  3.5174E+00  1.8093E+01  1.2585E+01  8.4317E+01  1.9026E+00  1.2127E+03  1.4848E-01 -1.0258E-01  4.9755E-01  4.0305E-01  1.0672E-05 -5.8212E-02
  9.0000E+00  3.5174E+00  1.8093E+01  1.2585E+01  8.4317E+01  1.9026E+00  1.2127E+03  1.4848E-01 -1.0258E-01  4.9755E-01  4.0305E-01  1.0672E-05 -5.8212E-02
  9.0000E+00  3.5174E+00  1.8093E+01  1.2585E+01  8.4317E+01  1.9026E+00  1.2127E+03  1.4848E-01 -1.0258E-01  4.9755E-01  4.0305E-01  1.0672E-05 -5.8212E-02
  1.0000E+01  9.4926E+00  2.0371E+01  1.1365E+01  4.9922E+01  1.9026E+00  1.2883E+03  1.1413E+00  1.6013E-02  3.9556E-01 -1.2106E-01  1.1540E-05  2.3209E-03
  1.0000E+01  9.4926E+00  2.0371E+01  1.1365E+01  4.9922E+01  1.9026E+00  1.2883E+03  1.1413E+00  1.6013E-02  3.9556E-01 -1.2106E-01  1.1540E-05  2.3209E-03
  1.0000E+01  9.4926E+00  2.0371E+01  1.1365E+01  4.9922E+01  1.9026E+00  1.2883E+03  1.1413E+00  1.6013E-02  3.9556E-01 -1.2106E-01  1.1540E-05  2.3209E-03
  1.0000E+01  9.4926E+00  2.0371E+01  1.1365E+01  4.9922E+01  1.9026E+00  1.2883E+03  1.1413E+00  1.6013E-02  3.9556E-01 -1.2106E-01  1.1540E-05  2.3209E-03
  1.0000E+01  9.4926E+00  2.0371E+01  1.1365E+01  4.9922E+01  1.9026E+00  1.2883E+03  1.1413E+00  1.6013E-02  3.9556E-01 -1.2106E-01  1.1540E-05  2.3209E-03
  1.0000E+01  9.4926E+00  2.0371E+01  1.1365E+01  4.9922E+01  1.9026E+00  1.2883E+03  1.1413E+00  1.6013E-02  3.9556E-01 -1.2106E-01  1.1540E-05  2.3209E-03
  1.0000E+01  9.4926E+00  2.0371E+01  1.1365E+01  4.9922E+01  1.9026E+00  1.2883E+03  1.1413E+00  1.6013E-02  3.9556E-01 -1.2106E-01  1.1540E-05  2.3209E-03
  1.0000E+01  9.4926E+00  2.0371E+01  1.1365E+01  4.9922E+01  1.9026E+00  1.2883E+03  1.1413E+00  1.6013E-02  3.9556E-01 -1.2106E-01  1.1540E-05  2.3209E-03
  1.0000E+01  9.4926E+00  2.0371E+01  1.1365E+01  4.9922E+01  1.9026E+00  1.2883E+03  1.1413E+00  1.6013E-02  3.9556E-01 -1.2106E-01  1.1540E-05  2.3209E-03
  1.0000E+01  9.4926E+00  2.0371E+01  1.1365E+01  4.9922E+01  1.9026E+00  1.2883E+03  1.1413E+00  1.6013E-02  3.9556E-01 -1.2106E-01  1.1540E-05  2.3209E-03
  1.0000E+01  9.4926E+00  2.0371E+01  1.1365E+01  4.9922E+01  1.9026E+00  1.2883E+03  1.1413E+00  1.6013E-02  3.9556E-01 -1.2106E-01  1.1540E-05  2.3209E-03
  1.0000E+01  9.4926E+00  2.0371E+01  1.1365E+01  4.9922E+01  1.9026E+00  1.2883E+03  1.1413E+00  1.6013E-02  3.9556E-01 -1.2106E-01  1.1540E-05  2.3209E-03
  1.1000E+01  2.9824E+00  1.9784E+01  8.7348E+00  6.0445E+01  1.9026E+00  1.3136E+03 -1.6503E-02 -1.3191E-02  1.3234E-01  7.0205E-02 -3.0189E-06  2.1774E-02
  1.1000E+01  2.9824E+00  1.9784E+01  8.7348E+00  6.0445E+01  1.9026E+00  1.3136E+03 -1.6503E-02 -1.3191E-02  1.3234E-01  7.0205E-02 -3.0189E-06  2.1774E-02
  1.1000E+01  2.9824E+00  1.9784E+01  8.7348E+00  6.0445E+01  1.9026E+00  1.3136E+03 -1.6503E-02 -1.3191E-02  1.3234E-01  7.0205E-02 -3.0189E-06  2.1774E-02
  1.1000E+01  2.9824E+00  1.9784E+01  8.7348E+00  6.0445E+01  1.9026E+00  1.3136E+03 -1.6503E-02 -1.3191E-02  1.3234E-01  7.0205E-02 -3.0189E-06  2.1774E-02
  1.1000E+01  2.9824E+00  1.9784E+01  8.7348E+00  6.0445E+01  1.9026E+00  1.3136E+03 -1.6503E-02 -1.3191E-02  1.3234E-01  7.0205E-02 -3.0189E-06  2.1774E-02
  1.1000E+01  2.9824E+00  1.9784E+01  8.7348E+00  6.0445E+01  1.9026E+00  1.3136E+03 -1.6503E-02 -1.3191E-02  1.3234E-01  7.0205E-02 -3.0189E-06  2.1774E-02
  1.1000E+01  2.9824E+00  1.9784E+01  8.7348E+00  6.0445E+01  1.9026E+00  1.3136E+03 -1.6503E-02 -1.3191E-02  1.3234E-01  7.0205E-02 -3.0189E-06  2.1774E-02
  1.1000E+01  2.9824E+00  1.9784E+01  8.7348E+00  6.0445E+01  1.9026E+00  1.3136E+03 -1.6503E-02 -1.3191E-02  1.3234E-01  7.0205E-02 -3.0189E-06  2.1774E-02
  1.1000E+01  2.9824E+00  1.9784E+01  8.7348E+00  6.0445E+01  1.9026E+00  1.3136E+03 -1.6503E-02 -1.3191E-02  1.3234E-01  7.0205E-02 -3.0189E-06  2.1774E-02
  1.1000E+01  2.9824E+00  1.9784E+01  8.7348E+00  6.0445E+01  1.9026E+00  1.3136E+03 -1.6503E-02 -1.3191E-02  1.3234E-01  7.0205E-02 -3.0189E-06  2.1774E-02
  1.1000E+01  2.9824E+00  1.9784E+01  8.7348E+00  6.0445E+01  1.9026E+00  1.3136E+03 -1.6503E-02 -1.3191E-02  1.3234E-01  7.0205E-02 -3.0189E-06  2.1774E-02
  1.1000E+01  2.9824E+00  1.9784E+01  8.7348E+00  6.0445E+01  1.9026E+00  1.3136E+03 -1.6503E-02 -1.3191E-02  1.3234E-01  7.0205E-02 -3.0189E-06  2.1774E-02
  1.2000E+01  3.8940E+00  2.9048E+01  5.2093E+00  6.3579E+01  1.9026E+00  1.2732E+03  2.5019E-01  3.7087E-01 -3.8453E-01  1.2076E-01  7.4038E-06 -9.4762E-03
  1.2000E+01  3.8940E+00  2.9048E+01  5.2093E+00  6.3579E+01  1.9026E+00  1.2732E+03  2.5019E-01  3.7087E-01 -3.8453E-01  1.2076E-01  7.4038E-06 -9.4762E-03
  1.2000E+01  3.8940E+00  2.9048E+01  5.2093E+00  6.3579E+01  1.9026E+00  1.2732E+03  2.5019E-01  3.7087E-01 -3.8453E-01  1.2076E-01  7.4038E-06 -9.4762E-03
  1.2000E+01  3.8940E+00  2.9048E+01  5.2093E+00  6.3579E+01  1.9026E+00  1.2732E+03  2.5019E-01  3.7087E-01 -3.8453E-01  1.2076E-01  7.4038E-06 -9.4762E-03
  1.2000E+01  3.8940E+00  2.9048E+01  5.2093E+00  6.3579E+01  1.9026E+00  1.2732E+03  2.5019E-01  3.7087E-01 -3.8453E-01  1.2076E-01  7.4038E-06 -9.4762E-03
  1.2000E+01  3.8940E+00  2.9048E+01  5.2093E+00  6.3579E+01  1.9026E+00  1.2732E+03  2.5019E-01  3.7087E-01 -3.8453E-01  1.2076E-01  7.4038E-06 -9.4762E-03
  1.2000E+01  3.8940E+00  2.9048E+01  5.2093E+00  6.3579E+01  1.9026E+00  1.2732E+03  2.5019E-01  3.7087E-01 -3.8453E-01  1.2076E-01  7.4038E-06 -9.4762E-03
  1.2000E+01  3.8940E+00  2.9048E+01  5.2093E+00  6.3579E+01  1.9026E+00  1.2732E+03  2.5019E-01  3.7087E-01 -3.8453E-01  1.2076E-01  7.4038E-06 -9.4762E-03
  1.2000E+01  3.8940E+00  2.9048E+01  5.2093E+00  6.3579E+01  1.9026E+00  1.2732E+03  2.5019E-01  3.7087E-01 -3.8453E-01  1.2076E-01  7.4038E-06 -9.4762E-03
  1.2000E+01  3.8940E+00  2.9048E+01  5.2093E+00  6.3579E+01  1.9026E+00  1.2732E+03  2.5019E-01  3.7087E-01 -3.8453E-01  1.2076E-01  7.4038E-06 -9.4762E-03
  1.2000E+01  3.8940E+00  2.9048E+01  5.2093E+00  6.3579E+01  1.9026E+00  1.2732E+03  2.5019E-01  3.7087E-01 -3.8453E-01  1.2076E-01  7.4038E-06 -9.4762E-03
  1.2000E+01  3.8940E+00  2.9048E+01  5.2093E+00  6.3579E+01  1.9026E+00  1.2732E+03  2.5019E-01  3.7087E-01 -3.8453E-01  1.2076E-01  7.4038E-06 -9.4762E-03
  1.3000E+01  1.3747E+00  2.3021E+01  9.9798E+00  2.8958E+01  1.9025E+00  1.3998E+03 -7.9098E-01  1.3831E-01  2.6558E-01 -6.6569E-01 -6.6013E-05  8.5272E-02
  1.3000E+01  1.3747E+00  2.3021E+01  9.9798E+00  2.8958E+01  1.9025E+00  1.3998E+03 -7.9098E-01  1.3831E-01  2.6558E-01 -6.6569E-01 -6.6013E-05  8.5272E-02
  1.3000E+01  1.3747E+00  2.3021E+01  9.9798E+00  2.8958E+01  1.9025E+00  1.3998E+03 -7.9098E-01  1.3831E-01  2.6558E-01 -6.6569E-01 -6.6013E-05  8.5272E-02
  1.3000E+01  1.3747E+00  2.3021E+01  9.9798E+00  2.8958E+01  1.9025E+00  1.3998E+03 -7.9098E-01  1.3831E-01  2.6558E-01 -6.6569E-01 -6.6013E-05  8.5272E-02
  1.3000E+01  1.3747E+00  2.3021E+01  9.9798E+00  2.8958E+01  1.9025E+00  1.3998E+03 -7.9098E-01  1.3831E-01  2.6558E-01 -6.6569E-01 -6.6013E-05  8.5272E-02
  1.3000E+01  1.3747E+00  2.3021E+01  9.9798E+00  2.8958E+01  1.9025E+00  1.3998E+03 -7.9098E-01  1.3831E-01  2.6558E-01 -6.6569E-01 -6.6013E-05  8.5272E-02
  1.3000E+01  1.3747E+00  2.3021E+01  9.9798E+00  2.8958E+01  1.9025E+00  1.3998E+03 -7.9098E-01  1.3831E-01  2.6558E-01 -6.6569E-01 -6.6013E-05  8.5272E-02
  1.3000E+01  1.3747E+00  2.3021E+01  9.9798E+00  2.8958E+01  1.9025E+00  1.3998E+03 -7.9098E-01  1.3831E-01  2.6558E-01 -6.6569E-01 -6.6013E-05  8.5272E-02
  1.3000E+01  1.3747E+00  2.3021E+01  9.9798E+00  2.8958E+01  1.9025E+00  1.3998E+03 -7.9098E-01  1.3831E-01  2.6558E-01 -6.6569E-01 -6.6013E-05  8.5272E-02
  1.3000E+01  1.3747E+00  2.3021E+01  9.9798E+00  2.8958E+01  1.9025E+00  1.3998E+03 -7.9098E-01  1.3831E-01  2.6558E-01 -6.6569E-01 -6.6013E-05  8.5272E-02
  1.3000E+01  1.3747E+00  2.3021E+01  9.9798E+00  2.8958E+01  1.9025E+00  1.3998E+03 -7.9098E-01  1.3831E-01  2.6558E-01 -6.6569E-01 -6.6013E-05  8.5272E-02
  1.3000E+01  1.3747E+00  2.3021E+01  9.9798E+00  2.8958E+01  1.9025E+00  1.3998E+03 -7.9098E-01  1.3831E-01  2.6558E-01 -6.6569E-01 -6.6013E-05  8.5272E-02
  1.4000E+01  2.8026E+00  2.0520E+01  8.5805E+00  6.2345E+01  1.9026E+00  1.3211E+03 -7.8697E-02  2.3294E-02  1.1451E-01  1.0115E-01 -5.8589E-06  2.7454E-02
  1.4000E+01  2.8026E+00  2.0520E+01  8.5805E+00  6.2345E+01  1.9026E+00  1.3211E+03 -7.8697E-02  2.3294E-02  1.1451E-01  1.0115E-01 -5.8589E-06  2.7454E-02
  1.4000E+01  2.8026E+00  2.0520E+01  8.5805E+00  6.2345E+01  1.9026E+00  1.3211E+03 -7.8697E-02  2.3294E-02  1.1451E-01  1.0115E-01 -5.8589E-06  2.7454E-02
  1.4000E+01  2.8026E+00  2.0520E+01  8.5805E+00  6.2345E+01  1.9026E+00  1.3211E+03 -7.8697E-02  2.3294E-02  1.1451E-01  1.0115E-01 -5.8589E-06  2.7454E-02
  1.4000E+01  2.8026E+00  2.0520E+01  8.5805E+00  6.2345E+01  1.9026E+00  1.3211E+03 -7.8697E-02  2.3294E-02  1.1451E-01  1.0115E-01 -5.8589E-06  2.7454E-02
  1.4000E+01  2.8026E+00  2.0520E+01  8.5805E+00  6.2345E+01  1.9026E+00  1.3211E+03 -7.8697E-02  2.3294E-02  1.1451E-01  1.0115E-01 -5.8589E-06  2.7454E-02
  1.4000E+01  2.8026E+00  2.0520E+01  8.5805E+00  6.2345E+01  1.9026E+00  1.3211E+03 -7.8697E-02  2.3294E-02  1.1451E-01  1.0115E-01 -5.8589E-06  2.7454E-02
  1.4000E+01  2.8026E+00  2.0520E+01  8.5805E+00  6.2345E+01  1.9026E+00  1.3211E+03 -7.8697E-02  2.3294E-02  1.1451E-01  1.0115E-01 -5.8589E-06  2.7454E-02
  1.4000E+01  2.8026E+00  2.0520E+01  8.5805E+00  6.2345E+01  1.9026E+00  1.3211E+03 -7.8697E-02  2.3294E-02  1.1451E-01  1.0115E-01 -5.8589E-06  2.7454E-02
  1.4000E+01  2.8026E+00  2.0520E+01  8.5805E+00  6.2345E+01  1.9026E+00  1.3211E+03 -7.8697E-02  2.3294E-02  1.1451E-01  1.0115E-01 -5.8589E-06  2.7454E-02
  1.4000E+01  2.8026E+00  2.0520E+01  8.5805E+00  6.2345E+01  1.9026E+00  1.3211E+03 -7.8697E-02  2.3294E-02  1.1451E-01  1.0115E-01 -5.8589E-06  2.7454E-02
  1.4000E+01  2.8026E+00  2.0520E+01  8.5805E+00  6.2345E+01  1.9026E+00  1.3211E+03 -7.8697E-02  2.3294E-02  1.1451E-01  1.0115E-01 -5.8589E-06  2.7454E-02
  1.5000E+01  2.5106E+00  2.2288E+01  1.1352E+01  4.4012E+01  1.9026E+00  1.3122E+03 -1.8872E-01  1.0596E-01  3.9440E-01 -2.4705E-01 -9.6692E-06  2.0692E-02
  1.5000E+01  2.5106E+00  2.2288E+01  1.1352E+01  4.4012E+01  1.9026E+00  1.3122E+03 -1.8872E-01  1.0596E-01  3.9440E-01 -2.4705E-01 -9.6692E-06  2.0692E-02
  1.5000E+01  2.5106E+00  2.2288E+01  1.1352E+01  4.4012E+01  1.9026E+00  1.3122E+03 -1.8872E-01  1.0596E-01  3.9440E-01 -2.4705E-01 -9.6692E-06  2.0692E-02
  1.5000E+01  2.5106E+00  2.2288E+01  1.1352E+01  4.4012E+01  1.9026E+00  1.3122E+03 -1.8872E-01  1.0596E-01  3.9440E-01 -2.4705E-01 -9.6692E-06  2.0692E-02
  1.5000E+01  2.5106E+00  2.2288E+01  1.1352E+01  4.4012E+01  1.9026E+00  1.3122E+03 -1.8872E-01  1.0596E-01  3.9440E-01 -2.4705E-01 -9.6692E-06  2.0692E-02
  1.5000E+01  2.5106E+00  2.2288E+01  1.1352E+01  4.4012E+01  1.9026E+00  1.3122E+03 -1.8872E-01  1.0596E-01  3.9440E-01 -2.4705E-01 -9.6692E-06  2.0692E-02
  1.5000E+01  2.5106E+00  2.2288E+01  1.1352E+01  4.4012E+01  1.9026E+00  1.3122E+03 -1.8872E-01  1.0596E-01  3.9440E-01 -2.4705E-01 -9.6692E-06  2.0692E-02
  1.5000E+01  2.5106E+00  2.2288E+01  1.1352E+01  4.4012E+01  1.9026E+00  1.3122E+03 -1.8872E-01  1.0596E-01  3.9440E-01 -2.4705E-01 -9.6692E-06  2.0692E-02
  1.5000E+01  2.5106E+00  2.2288E+01  1.1352E+01  4.4012E+01  1.9026E+00  1.3122E+03 -1.8872E-01  1.0596E-01  3.9440E-01 -2.4705E-01 -9.6692E-06  2.0692E-02
  1.5000E+01  2.5106E+00  2.2288E+01  1.1352E+01  4.4012E+01  1.9026E+00  1.3122E+03 -1.8872E-01  1.0596E-01  3.9440E-01 -2.4705E-01 -9.6692E-06  2.0692E-02
  1.5000E+01  2.5106E+00  2.2288E+01  1.1352E+01  4.4012E+01  1.9026E+00  1.3122E+03 -1.8872E-01  1.0596E-01  3.9440E-01 -2.4705E-01 -9.6692E-06  2.0692E-02
  1.5000E+01  2.5106E+00  2.2288E+01  1.1352E+01  4.4012E+01  1.9026E+00  1.3122E+03 -1.8872E-01  1.0596E-01  3.9440E-01 -2.4705E-01 -9.6692E-06  2.0692E-02
  1.6000E+01  1.2627E+00  1.1894E+01  5.0721E+00  6.1955E+01  1.9025E+00  1.1503E+03 -8.7602E-01 -5.2201E-01 -4.1122E-01  9.4877E-02 -5.5587E-05 -1.1101E-01
  1.6000E+01  1.2627E+00  1.1894E+01  5.0721E+00  6.1955E+01  1.9025E+00  1.1503E+03 -8.7602E-01 -5.2201E-01 -4.1122E-01  9.4877E-02 -5.5587E-05 -1.1101E-01
  1.6000E+01  1.2627E+00  1.1894E+01  5.0721E+00  6.1955E+01  1.9025E+00  1.1503E+03 -8.7602E-01 -5.2201E-01 -4.1122E-01  9.4877E-02 -5.5587E-05 -1.1101E-01
  1.6000E+01  1.2627E+00  1.1894E+01  5.0721E+00  6.1955E+01  1.9025E+00  1.1503E+03 -8.7602E-01 -5.2201E-01 -4.1122E-01  9.4877E-02 -5.5587E-05 -1.1101E-01
  1.6000E+01  1.2627E+00  1.1894E+01  5.0721E+00  6.1955E+01  1.9025E+00  1.1503E+03 -8.7602E-01 -5.2201E-01 -4.1122E-01  9.4877E-02 -5.5587E-05 -1.1101E-01
  1.6000E+01  1.2627E+00  1.1894E+01  5.0721E+00  6.1955E+01  1.9025E+00  1.1503E+03 -8.7602E-01 -5.2201E-01 -4.1122E-01  9.4877E-02 -5.5587E-05 -1.1101E-01
  1.6000E+01  1.2627E+00  1.1894E+01  5.0721E+00  6.1955E+01  1.9025E+00  1.1503E+03 -8.7602E-01 -5.2201E-01 -4.1122E-01  9.4877E-02 -5.5587E-05 -1.1101E-01
  1.6000E+01  1.2627E+00  1.1894E+01  5.0721E+00  6.1955E+01  1.9025E+00  1.1503E+03 -8.7602E-01 -5.2201E-01 -4.1122E-01  9.4877E-02 -5.5587E-05 -1.1101E-01
  1.6000E+01  1.2627E+00  1.1894E+01  5.0721E+00  6.1955E+01  1.9025E+00  1.1503E+03 -8.7602E-01 -5.2201E-01 -4.1122E-01  9.4877E-02 -5.5587E-05 -1.1101E-01
  1.6000E+01  1.2627E+00  1.1894E+01  5.0721E+00  6.1955E+01  1.9025E+00  1.1503E+03 -8.7602E-01 -5.2201E-01 -4.1122E-01  9.4877E-02 -5.5587E-05 -1.1101E-01
  1.6000E+01  1.2627E+00  1.1894E+01  5.0721E+00  6.1955E+01  1.9025E+00  1.1503E+03 -8.7602E-01 -5.2201E-01 -4.1122E-01  9.4877E-02 -5.5587E-05 -1.1101E-01
  1.6000E+01  1.2627E+00  1.1894E+01  5.0721E+00  6.1955E+01  1.9025E+00  1.1503E+03 -8.7602E-01 -5.2201E-01 -4.1122E-01  9.4877E-02 -5.5587E-05 -1.1101E-01
  1.7000E+01  3.1880E+00  1.8867E+01  9.8827E+00  5.1413E+01  1.9026E+00  1.2267E+03  5.0160E-02 -6.0677E-02  2.5581E-01 -9.1637E-02  6.8136E-06 -4.6725E-02
  1.7000E+01  3.1880E+00  1.8867E+01  9.8827E+00  5.1413E+01  1.9026E+00  1.2267E+03  5.0160E-02 -6.0677E-02  2.5581E-01 -9.1637E-02  6.8136E-06 -4.6725E-02
  1.7000E+01  3.1880E+00  1.8867E+01  9.8827E+00  5.1413E+01  1.9026E+00  1.2267E+03  5.0160E-02 -6.0677E-02  2.5581E-01 -9.1637E-02  6.8136E-06 -4.6725E-02
  1.7000E+01  3.1880E+00  1.8867E+01  9.8827E+00  5.1413E+01  1.9026E+00  1.2267E+03  5.0160E-02 -6.0677E-02  2.5581E-01 -9.1637E-02  6.8136E-06 -4.6725E-02
  1.7000E+01  3.1880E+00  1.8867E+01  9.8827E+00  5.1413E+01  1.9026E+00  1.2267E+03  5.0160E-02 -6.0677E-02  2.5581E-01 -9.1637E-02  6.8136E-06 -4.6725E-02
  1.7000E+01  3.1880E+00  1.8867E+01  9.8827E+00  5.1413E+01  1.9026E+00  1.2267E+03  5.0160E-02 -6.0677E-02  2.5581E-01 -9.1637E-02  6.8136E-06 -4.6725E-02
  1.7000E+01  3.1880E+00  1.8867E+01  9.8827E+00  5.1413E+01  1.9026E+00  1.2267E+03  5.0160E-02 -6.0677E-02  2.5581E-01 -9.1637E-02  6.8136E-06 -4.6725E-02
  1.7000E+01  3.1880E+00  1.8867E+01  9.8827E+00  5.1413E+01  1.9026E+00  1.2267E+03  5.0160E-02 -6.0677E-02  2.5581E-01 -9.1637E-02  6.8136E-06 -4.6725E-02
  1.7000E+01  3.1880E+00  1.8867E+01  9.8827E+00  5.1413E+01  1.9026E+00  1.2267E+03  5.0160E-02 -6.0677E-02  2.5581E-01 -9.1637E-02  6.8136E-06 -4.6725E-02
  1.7000E+01  3.1880E+00  1.8867E+01  9.8827E+00  5.1413E+01  1.9026E+00  1.2267E+03  5.0160E-02 -6.0677E-02  2.5581E-01 -9.1637E-02  6.8136E-06 -4.6725E-02
  1.7000E+01  3.1880E+00  1.8867E+01  9.8827E+00  5.1413E+01  1.9026E+00  1.2267E+03  5.0160E-02 -6.0677E-02  2.5581E-01 -9.1637E-02  6.8136E-06 -4.6725E-02
  1.7000E+01  3.1880E+00  1.8867E+01  9.8827E+00  5.1413E+01  1.9026E+00  1.2267E+03  5.0160E-02 -6.0677E-02  2.5581E-01 -9.1637E-02  6.8136E-06 -4.6725E-02
  1.8000E+01  8.9817E+00  2.8546E+01  5.9942E+00  5.2411E+01  1.9026E+00  1.3220E+03  1.0859E+00  3.5342E-01 -2.4419E-01 -7.2406E-02  8.7346E-06  2.8116E-02
  1.8000E+01  8.9817E+00  2.8546E+01  5.9942E+00  5.2411E+01  1.9026E+00  1.3220E+03  1.0859E+00  3.5342E-01 -2.4419E-01 -7.2406E-02  8.7346E-06  2.8116E-02
  1.8000E+01  8.9817E+00  2.8546E+01  5.9942E+00  5.2411E+01  1.9026E+00  1.3220E+03  1.0859E+00  3.5342E-01 -2.4419E-01 -7.2406E-02  8.7346E-06  2.8116E-02
  1.8000E+01  8.9817E+00  2.8546E+01  5.9942E+00  5.2411E+01  1.9026E+00  1.3220E+03  1.0859E+00  3.5342E-01 -2.4419E-01 -7.2406E-02  8.7346E-06  2.8116E-02
  1.8000E+01  8.9817E+00  2.8546E+01  5.9942E+00  5.2411E+01  1.9026E+00  1.3220E+03  1.0859E+00  3.5342E-01 -2.4419E-01 -7.2406E-02  8.7346E-06  2.8116E-02
  1.8000E+01  8.9817E+00  2.8546E+01  5.9942E+00  5.2411E+01  1.9026E+00  1.3220E+03  1.0859E+00  3.5342E-01 -2.4419E-01 -7.2406E-02  8.7346E-06  2.8116E-02
  1.8000E+01  8.9817E+00  2.8546E+01  5.9942E+00  5.2411E+01  1.9026E+00  1.3220E+03  1.0859E+00  3.5342E-01 -2.4419E-01 -7.2406E-02  8.7346E-06  2.8116E-02
  1.8000E+01  8.9817E+00  2.8546E+01  5.9942E+00  5.2411E+01  1.9026E+00  1.3220E+03  1.0859E+00  3.5342E-01 -2.4419E-01 -7.2406E-02  8.7346E-06  2.8116E-02
  1.8000E+01  8.9817E+00  2.8546E+01  5.9942E+00  5.2411E+01  1.9026E+00  1.3220E+03  1.0859E+00  3.5342E-01 -2.4419E-01 -7.2406E-02  8.7346E-06  2.8116E-02
  1.8000E+01  8.9817E+00  2.8546E+01  5.9942E+00  5.2411E+01  1.9026E+00  1.3220E+03  1.0859E+00  3.5342E-01 -2.4419E-01 -7.2406E-02  8.7346E-06  2.8116E-02
  1.8000E+01  8.9817E+00  2.8546E+01  5.9942E+00  5.2411E+01  1.9026E+00  1.3220E+03  1.0859E+00  3.5342E-01 -2.4419E-01 -7.2406E-02  8.7346E-06  2.8116E-02
  1.8000E+01  8.9817E+00  2.8546E+01  5.9942E+00  5.2411E+01  1.9026E+00  1.3220E+03  1.0859E+00  3.5342E-01 -2.4419E-01 -7.2406E-02  8.7346E-06  2.8116E-02
  1.9000E+01  3.0484E+00  2.0959E+01  6.8885E+00  4.0720E+01  1.9026E+00  1.3501E+03  5.3912E-03  4.4463E-02 -1.0513E-01 -3.2481E-01 -5.2930E-06  4.9153E-02
  1.9000E+01  3.0484E+00  2.0959E+01  6.8885E+00  4.0720E+01  1.9026E+00  1.3501E+03  5.3912E-03  4.4463E-02 -1.0513E-01 -3.2481E-01 -5.2930E-06  4.9153E-02
  1.9000E+01  3.0484E+00  2.0959E+01  6.8885E+00  4.0720E+01  1.9026E+00  1.3501E+03  5.3912E-03  4.4463E-02 -1.0513E-01 -3.2481E-01 -5.2930E-06  4.9153E-02
  1.9000E+01  3.0484E+00  2.0959E+01  6.8885E+00  4.0720E+01  1.9026E+00  1.3501E+03  5.3912E-03  4.4463E-02 -1.0513E-01 -3.2481E-01 -5.2930E-06  4.9153E-02
  1.9000E+01  3.0484E+00  2.0959E+01  6.8885E+00  4.0720E+01  1.9026E+00  1.3501E+03  5.3912E-03  4.4463E-02 -1.0513E-01 -3.2481E-01 -5.2930E-06  4.9153E-02
  1.9000E+01  3.0484E+00  2.0959E+01  6.8885E+00  4.0720E+01  1.9026E+00  1.3501E+03  5.3912E-03  4.4463E-02 -1.0513E-01 -3.2481E-01 -5.2930E-06  4.9153E-02
  1.9000E+01  3.0484E+00  2.0959E+01  6.8885E+00  4.0720E+01  1.9026E+00  1.3501E+03  5.3912E-03  4.4463E-02 -1.0513E-01 -3.2481E-01 -5.2930E-06  4.9153E-02
  1.9000E+01  3.0484E+00  2.0959E+01  6.8885E+00  4.0720E+01  1.9026E+00  1.3501E+03  5.3912E-03  4.4463E-02 -1.0513E-01 -3.2481E-01 -5.2930E-06  4.9153E-02
  1.9000E+01  3.0484E+00  2.0959E+01  6.8885E+00  4.0720E+01  1.9026E+00  1.3501E+03  5.3912E-03  4.4463E-02 -1.0513E-01 -3.2481E-01 -5.2930E-06  4.9153E-02
  1.9000E+01  3.0484E+00  2.0959E+01  6.8885E+00  4.0720E+01  1.9026E+00  1.3501E+03  5.3912E-03  4.4463E-02 -1.0513E-01 -3.2481E-01 -5.2930E-06  4.9153E-02
  1.9000E+01  3.0484E+00  2.0959E+01  6.8885E+00  4.0720E+01  1.9026E+00  1.3501E+03  5.3912E-03  4.4463E-02 -1.0513E-01 -3.2481E-01 -5.2930E-06  4.9153E-02
  1.9000E+01  3.0484E+00  2.0959E+01  6.8885E+00  4.0720E+01  1.9026E+00  1.3501E+03  5.3912E-03  4.4463E-02 -1.0513E-01 -3.2481E-01 -5.2930E-06  4.9153E-02
  2.0000E+01  5.8553E+00  1.8328E+01  6.4090E+00  4.1973E+01  1.9026E+00  1.4273E+03  6.5810E-01 -8.9635E-02 -1.7727E-01 -2.9450E-01 -6.6519E-07  1.0478E-01
  2.0000E+01  5.8553E+00  1.8328E+01  6.4090E+00  4.1973E+01  1.9026E+00  1.4273E+03  6.5810E-01 -8.9635E-02 -1.7727E-01 -2.9450E-01 -6.6519E-07  1.0478E-01
  2.0000E+01  5.8553E+00  1.8328E+01  6.4090E+00  4.1973E+01  1.9026E+00  1.4273E+03  6.5810E-01 -8.9635E-02 -1.7727E-01 -2.9450E-01 -6.6519E-07  1.0478E-01
  2.0000E+01  5.8553E+00  1.8328E+01  6.4090E+00  4.1973E+01  1.9026E+00  1.4273E+03  6.5810E-01 -8.9635E-02 -1.7727E-01 -2.9450E-01 -6.6519E-07  1.0478E-01
  2.0000E+01  5.8553E+00  1.8328E+01  6.4090E+00  4.1973E+01  1.9026E+00  1.4273E+03  6.5810E-01 -8.9635E-02 -1.7727E-01 -2.9450E-01 -6.6519E-07  1.0478E-01
  2.0000E+01  5.8553E+00  1.8328E+01  6.4090E+00  4.1973E+01  1.9026E+00  1.4273E+03  6.5810E-01 -8.9635E-02 -1.7727E-01 -2.9450E-01 -6.6519E-07  1.0478E-01
  2.0000E+01  5.8553E+00  1.8328E+01  6.4090E+00  4.1973E+01  1.9026E+00  1.4273E+03  6.5810E-01 -8.9635E-02 -1.7727E-01 -2.9450E-01 -6.6519E-07  1.0478E-01
  2.0000E+01  5.8553E+00  1.8328E+01  6.4090E+00  4.1973E+01  1.9026E+00  1.4273E+03  6.5810E-01 -8.9635E-02 -1.7727E-01 -2.9450E-01 -6.6519E-07  1.0478E-01
  2.0000E+01  5.8553E+00  1.8328E+01  6.4090E+00  4.1973E+01  1.9026E+00  1.4273E+03  6.5810E-01 -8.9635E-02 -1.7727E-01 -2.9450E-01 -6.6519E-07  1.0478E-01
  2.0000E+01  5.8553E+00  1.8328E+01  6.4090E+00  4.1973E+01  1.9026E+00  1.4273E+03  6.5810E-01 -8.9635E-02 -1.7727E-01 -2.9450E-01 -6.6519E-07  1.0478E-01
  2.0000E+01  5.8553E+00  1.8328E+01  6.4090E+00  4.1973E+01  1.9026E+00  1.4273E+03  6.5810E-01 -8.9635E-02 -1.7727E-01 -2.9450E-01 -6.6519E-07  1.0478E-01
  2.0000E+01  5.8553E+00  1.8328E+01  6.4090E+00  4.1973E+01  1.9026E+00  1.4273E+03  6.5810E-01 -8.9635E-02 -1.7727E-01 -2.9450E-01 -6.6519E-07  1.0478E-01
  2.1000E+01  2.4509E+00  1.7651E+01  5.6664E+00  8.3909E+01  1.9026E+00  1.1743E+03 -2.1280E-01 -1.2727E-01 -3.0043E-01  3.9820E-01  1.6778E-06 -9.0329E-02
  2.1000E+01  2.4509E+00  1.7651E+01  5.6664E+00  8.3909E+01  1.9026E+00  1.1743E+03 -2.1280E-01 -1.2727E-01 -3.0043E-01  3.9820E-01  1.6778E-06 -9.0329E-02
  2.1000E+01  2.4509E+00  1.7651E+01  5.6664E+00  8.3909E+01  1.9026E+00  1.1743E+03 -2.1280E-01 -1.2727E-01 -3.0043E-01  3.9820E-01  1.6778E-06 -9.0329E-02
  2.1000E+01  2.4509E+00  1.7651E+01  5.6664E+00  8.3909E+01  1.9026E+00  1.1743E+03 -2.1280E-01 -1.2727E-01 -3.0043E-01  3.9820E-01  1.6778E-06 -9.0329E-02
  2.1000E+01  2.4509E+00  1.7651E+01  5.6664E+00  8.3909E+01  1.9026E+00  1.1743E+03 -2.1280E-01 -1.2727E-01 -3.0043E-01  3.9820E-01  1.6778E-06 -9.0329E-02
  2.1000E+01  2.4509E+00  1.7651E+01  5.6664E+00  8.3909E+01  1.9026E+00  1.1743E+03 -2.1280E-01 -1.2727E-01 -3.0043E-01  3.9820E-01  1.6778E-06 -9.0329E-02
  2.1000E+01  2.4509E+00  1.7651E+01  5.6664E+00  8.3909E+01  1.9026E+00  1.1743E+03 -2.1280E-01 -1.2727E-01 -3.0043E-01  3.9820E-01  1.6778E-06 -9.0329E-02
  2.1000E+01  2.4509E+00  1.7651E+01  5.6664E+00  8.3909E+01  1.9026E+00  1.1743E+03 -2.1280E-01 -1.2727E-01 -3.0043E-01  3.9820E-01  1.6778E-06 -9.0329E-02
  2.1000E+01  2.4509E+00  1.7651E+01  5.6664E+00  8.3909E+01  1.9026E+00  1.1743E+03 -2.1280E-01 -1.2727E-01 -3.0043E-01  3.9820E-01  1.6778E-06 -9.0329E-02
  2.1000E+01  2.4509E+00  1.7651E+01  5.6664E+00  8.3909E+01  1.9026E+00  1.1743E+03 -2.1280E-01 -1.2727E-01 -3.0043E-01  3.9820E-01  1.6778E-06 -9.0329E-02
  2.1000E+01  2.4509E+00  1.7651E+01  5.6664E+00  8.3909E+01  1.9026E+00  1.1743E+03 -2.1280E-01 -1.2727E-01 -3.0043E-01  3.9820E-01  1.6778E-06 -9.0329E-02
  2.1000E+01  2.4509E+00  1.7651E+01  5.6664E+00  8.3909E+01  1.9026E+00  1.1743E+03 -2.1280E-01 -1.2727E-01 -3.0043E-01  3.9820E-01  1.6778E-06 -9.0329E-02
  2.2000E+01  2.6167E+00  2.4494E+01  7.2725E+00  4.1606E+01  1.9026E+00  1.5685E+03 -1.4733E-01  2.0034E-01 -5.0875E-02 -3.0327E-01 -2.7796E-05  1.9911E-01
  2.2000E+01  2.6167E+00  2.4494E+01  7.2725E+00  4.1606E+01  1.9026E+00  1.5685E+03 -1.4733E-01  2.0034E-01 -5.0875E-02 -3.0327E-01 -2.7796E-05  1.9911E-01
  2.2000E+01  2.6167E+00  2.4494E+01  7.2725E+00  4.1606E+01  1.9026E+00  1.5685E+03 -1.4733E-01  2.0034E-01 -5.0875E-02 -3.0327E-01 -2.7796E-05  1.9911E-01
  2.2000E+01  2.6167E+00  2.4494E+01  7.2725E+00  4.1606E+01  1.9026E+00  1.5685E+03 -1.4733E-01  2.0034E-01 -5.0875E-02 -3.0327E-01 -2.7796E-05  1.9911E-01
  2.2000E+01  2.6167E+00  2.4494E+01  7.2725E+00  4.1606E+01  1.9026E+00  1.5685E+03 -1.4733E-01  2.0034E-01 -5.0875E-02 -3.0327E-01 -2.7796E-05  1.9911E-01
  2.2000E+01  2.6167E+00  2.4494E+01  7.2725E+00  4.1606E+01  1.9026E+00  1.5685E+03 -1.4733E-01  2.0034E-01 -5.0875E-02 -3.0327E-01 -2.7796E-05  1.9911E-01
  2.2000E+01  2.6167E+00  2.4494E+01  7.2725E+00  4.1606E+01  1.9026E+00  1.5685E+03 -1.4733E-01  2.0034E-01 -5.0875E-02 -3.0327E-01 -2.7796E-05  1.9911E-01
  2.2000E+01  2.6167E+00  2.4494E+01  7.2725E+00  4.1606E+01  1.9026E+00  1.5685E+03 -1.4733E-01  2.0034E-01 -5.0875E-02 -3.0327E-01 -2.7796E-05  1.9911E-01
  2.2000E+01  2.6167E+00  2.4494E+01  7.2725E+00  4.1606E+01  1.9026E+00  1.5685E+03 -1.4733E-01  2.0034E-01 -5.0875E-02 -3.0327E-01 -2.7796E-05  1.9911E-01
  2.2000E+01  2.6167E+00  2.4494E+01  7.2725E+00  4.1606E+01  1.9026E+00  1.5685E+03 -1.4733E-01  2.0034E-01 -5.0875E-02 -3.0327E-01 -2.7796E-05  1.9911E-01
  2.2000E+01  2.6167E+00  2.4494E+01  7.2725E+00  4.1606E+01  1.9026E+00  1.5685E+03 -1.4733E-01  2.0034E-01 -5.0875E-02 -3.0327E-01 -2.7796E-05  1.9911E-01
  2.2000E+01  2.6167E+00  2.4494E+01  7.2725E+00  4.1606E+01  1.9026E+00  1.5685E+03 -1.4733E-01  2.0034E-01 -5.0875E-02 -3.0327E-01 -2.7796E-05  1.9911E-01
  2.3000E+01  1.5218E+00  1.6558E+01  6.5679E+00  4.7651E+01  1.9025E+00  1.2366E+03 -6.8935E-01 -1.9124E-01 -1.5279E-01 -1.6762E-01 -4.0096E-05 -3.8661E-02
  2.3000E+01  1.5218E+00  1.6558E+01  6.5679E+00  4.7651E+01  1.9025E+00  1.2366E+03 -6.8935E-01 -1.9124E-01 -1.5279E-01 -1.6762E-01 -4.0096E-05 -3.8661E-02
  2.3000E+01  1.5218E+00  1.6558E+01  6.5679E+00  4.7651E+01  1.9025E+00  1.2366E+03 -6.8935E-01 -1.9124E-01 -1.5279E-01 -1.6762E-01 -4.0096E-05 -3.8661E-02
  2.3000E+01  1.5218E+00  1.6558E+01  6.5679E+00  4.7651E+01  1.9025E+00  1.2366E+03 -6.8935E-01 -1.9124E-01 -1.5279E-01 -1.6762E-01 -4.0096E-05 -3.8661E-02
  2.3000E+01  1.5218E+00  1.6558E+01  6.5679E+00  4.7651E+01  1.9025E+00  1.2366E+03 -6.8935E-01 -1.9124E-01 -1.5279E-01 -1.6762E-01 -4.0096E-05 -3.8661E-02
  2.3000E+01  1.5218E+00  1.6558E+01  6.5679E+00  4.7651E+01  1.9025E+00  1.2366E+03 -6.8935E-01 -1.9124E-01 -1.5279E-01 -1.6762E-01 -4.0096E-05 -3.8661E-02
  2.3000E+01  1.5218E+00  1.6558E+01  6.5679E+00  4.7651E+01  1.9025E+00  1.2366E+03 -6.8935E-01 -1.9124E-01 -1.5279E-01 -1.6762E-01 -4.0096E-05 -3.8661E-02
  2.3000E+01  1.5218E+00  1.6558E+01  6.5679E+00  4.7651E+01  1.9025E+00  1.2366E+03 -6.8935E-01 -1.9124E-01 -1.5279E-01 -1.6762E-01 -4.0096E-05 -3.8661E-02
  2.3000E+01  1.5218E+00  1.6558E+01  6.5679E+00  4.7651E+01  1.9025E+00  1.2366E+03 -6.8935E-01 -1.9124E-01 -1.5279E-01 -1.6762E-01 -4.0096E-05 -3.8661E-02
  2.3000E+01  1.5218E+00  1.6558E+01  6.5679E+00  4.7651E+01  1.9025E+00  1.2366E+03 -6.8935E-01 -1.9124E-01 -1.5279E-01 -1.6762E-01 -4.0096E-05 -3.8661E-02
  2.3000E+01  1.5218E+00  1.6558E+01  6.5679E+00  4.7651E+01  1.9025E+00  1.2366E+03 -6.8935E-01 -1.9124E-01 -1.5279E-01 -1.6762E-01 -4.0096E-05 -3.8661E-02
  2.3000E+01  1.5218E+00  1.6558E+01  6.5679E+00  4.7651E+01  1.9025E+00  1.2366E+03 -6.8935E-01 -1.9124E-01 -1.5279E-01 -1.6762E-01 -4.0096E-05 -3.8661E-02
  2.4000E+01  4.5806E+00  2.1827E+01  6.1681E+00  7.3071E+01  1.9026E+00  1.2806E+03  4.1260E-01  8.5059E-02 -2.1560E-01  2.5991E-01  9.2297E-06 -3.7121E-03
  2.4000E+01  4.5806E+00  2.1827E+01  6.1681E+00  7.3071E+01  1.9026E+00  1.2806E+03  4.1260E-01  8.5059E-02 -2.1560E-01  2.5991E-01  9.2297E-06 -3.7121E-03
  2.4000E+01  4.5806E+00  2.1827E+01  6.1681E+00  7.3071E+01  1.9026E+00  1.2806E+03  4.1260E-01  8.5059E-02 -2.1560E-01  2.5991E-01  9.2297E-06 -3.7121E-03
  2.4000E+01  4.5806E+00  2.1827E+01  6.1681E+00  7.3071E+01  1.9026E+00  1.2806E+03  4.1260E-01  8.5059E-02 -2.1560E-01  2.5991E-01  9.2297E-06 -3.7121E-03
  2.4000E+01  4.5806E+00  2.1827E+01  6.1681E+00  7.3071E+01  1.9026E+00  1.2806E+03  4.1260E-01  8.5059E-02 -2.1560E-01  2.5991E-01  9.2297E-06 -3.7121E-03
  2.4000E+01  4.5806E+00  2.1827E+01  6.1681E+00  7.3071E+01  1.9026E+00  1.2806E+03  4.1260E-01  8.5059E-02 -2.1560E-01  2.5991E-01  9.2297E-06 -3.7121E-03
  2.4000E+01  4.5806E+00  2.1827E+01  6.1681E+00  7.3071E+01  1.9026E+00  1.2806E+03  4.1260E-01  8.5059E-02 -2.1560E-01  2.5991E-01  9.2297E-06 -3.7121E-03
  2.4000E+01  4.5806E+00  2.1827E+01  6.1681E+00  7.3071E+01  1.9026E+00  1.2806E+03  4.1260E-01  8.5059E-02 -2.1560E-01  2.5991E-01  9.2297E-06 -3.7121E-03
  2.4000E+01  4.5806E+00  2.1827E+01  6.1681E+00  7.3071E+01  1.9026E+00  1.2806E+03  4.1260E-01  8.5059E-02 -2.1560E-01  2.5991E-01  9.2297E-06 -3.7121E-03
  2.4000E+01  4.5806E+00  2.1827E+01  6.1681E+00  7.3071E+01  1.9026E+00  1.2806E+03  4.1260E-01  8.5059E-02 -2.1560E-01  2.5991E-01  9.2297E-06 -3.7121E-03
  2.4000E+01  4.5806E+00  2.1827E+01  6.1681E+00  7.3071E+01  1.9026E+00  1.2806E+03  4.1260E-01  8.5059E-02 -2.1560E-01  2.5991E-01  9.2297E-06 -3.7121E-03
  2.4000E+01  4.5806E+00  2.1827E+01  6.1681E+00  7.3071E+01  1.9026E+00  1.2806E+03  4.1260E-01  8.5059E-02 -2.1560E-01  2.5991E-01  9.2297E-06 -3.7121E-03
  2.5000E+01  1.6143E+00  2.0072E+01  4.5072E+00  5.6873E+01  1.9026E+00  1.2151E+03 -6.3035E-01  1.2261E-03 -5.2930E-01  9.2950E-03 -3.1949E-05 -5.6163E-02
  2.5000E+01  1.6143E+00  2.0072E+01  4.5072E+00  5.6873E+01  1.9026E+00  1.2151E+03 -6.3035E-01  1.2261E-03 -5.2930E-01  9.2950E-03 -3.1949E-05 -5.6163E-02
  2.5000E+01  1.6143E+00  2.0072E+01  4.5072E+00  5.6873E+01  1.9026E+00  1.2151E+03 -6.3035E-01  1.2261E-03 -5.2930E-01  9.2950E-03 -3.1949E-05 -5.6163E-02
  2.5000E+01  1.6143E+00  2.0072E+01  4.5072E+00  5.6873E+01  1.9026E+00  1.2151E+03 -6.3035E-01  1.2261E-03 -5.2930E-01  9.2950E-03 -3.1949E-05 -5.6163E-02
  2.5000E+01  1.6143E+00  2.0072E+01  4.5072E+00  5.6873E+01  1.9026E+00  1.2151E+03 -6.3035E-01  1.2261E-03 -5.2930E-01  9.2950E-03 -3.1949E-05 -5.6163E-02
  2.5000E+01  1.6143E+00  2.0072E+01  4.5072E+00  5.6873E+01  1.9026E+00  1.2151E+03 -6.3035E-01  1.2261E-03 -5.2930E-01  9.2950E-03 -3.1949E-05 -5.6163E-02
  2.5000E+01  1.6143E+00  2.0072E+01  4.5072E+00  5.6873E+01  1.9026E+00  1.2151E+03 -6.3035E-01  1.2261E-03 -5.2930E-01  9.2950E-03 -3.1949E-05 -5.6163E-02
  2.5000E+01  1.6143E+00  2.0072E+01  4.5072E+00  5.6873E+01  1.9026E+00  1.2151E+03 -6.3035E-01  1.2261E-03 -5.2930E-01  9.2950E-03 -3.1949E-05 -5.6163E-02
  2.5000E+01  1.6143E+00  2.0072E+01  4.5072E+00  5.6873E+01  1.9026E+00  1.2151E+03 -6.3035E-01  1.2261E-03 -5.2930E-01  9.2950E-03 -3.1949E-05 -5.6163E-02
  2.5000E+01  1.6143E+00  2.0072E+01  4.5072E+00  5.6873E+01  1.9026E+00  1.2151E+03 -6.3035E-01  1.2261E-03 -5.2930E-01  9.2950E-03 -3.1949E-05 -5.6163E-02
  2.5000E+01  1.6143E+00  2.0072E+01  4.5072E+00  5.6873E+01  1.9026E+00  1.2151E+03 -6.3035E-01  1.2261E-03 -5.2930E-01  9.2950E-03 -3.1949E-05 -5.6163E-02
  2.5000E+01  1.6143E+00  2.0072E+01  4.5072E+00  5.6873E+01  1.9026E+00  1.2151E+03 -6.3035E-01  1.2261E-03 -5.2930E-01  9.2950E-03 -3.1949E-05 -5.6163E-02
  2.6000E+01  3.7167E+00  1.5810E+01  1.0546E+01  4.0925E+01  1.9026E+00  1.1996E+03  2.0359E-01 -2.3743E-01  3.2079E-01 -3.1979E-01  1.3220E-05 -6.9031E-02
  2.6000E+01  3.7167E+00  1.5810E+01  1.0546E+01  4.0925E+01  1.9026E+00  1.1996E+03  2.0359E-01 -2.3743E-01  3.2079E-01 -3.1979E-01  1.3220E-05 -6.9031E-02
  2.6000E+01  3.7167E+00  1.5810E+01  1.0546E+01  4.0925E+01  1.9026E+00  1.1996E+03  2.0359E-01 -2.3743E-01  3.2079E-01 -3.1979E-01  1.3220E-05 -6.9031E-02
  2.6000E+01  3.7167E+00  1.5810E+01  1.0546E+01  4.0925E+01  1.9026E+00  1.1996E+03  2.0359E-01 -2.3743E-01  3.2079E-01 -3.1979E-01  1.3220E-05 -6.9031E-02
  2.6000E+01  3.7167E+00  1.5810E+01  1.0546E+01  4.0925E+01  1.9026E+00  1.1996E+03  2.0359E-01 -2.3743E-01  3.2079E-01 -3.1979E-01  1.3220E-05 -6.9031E-02
  2.6000E+01  3.7167E+00  1.5810E+01  1.0546E+01  4.0925E+01  1.9026E+00  1.1996E+03  2.0359E-01 -2.3743E-01  3.2079E-01 -3.1979E-01  1.3220E-05 -6.9031E-02
  2.6000E+01  3.7167E+00  1.5810E+01  1.0546E+01  4.0925E+01  1.9026E+00  1.1996E+03  2.0359E-01 -2.3743E-01  3.2079E-01 -3.1979E-01  1.3220E-05 -6.9031E-02
  2.6000E+01  3.7167E+00  1.5810E+01  1.0546E+01  4.0925E+01  1.9026E+00  1.1996E+03  2.0359E-01 -2.3743E-01  3.2079E-01 -3.1979E-01  1.3220E-05 -6.9031E-02
  2.6000E+01  3.7167E+00  1.5810E+01  1.0546E+01  4.0925E+01  1.9026E+00  1.1996E+03  2.0359E-01 -2.3743E-01  3.2079E-01 -3.1979E-01  1.3220E-05 -6.9031E-02
  2.6000E+01  3.7167E+00  1.5810E+01  1.0546E+01  4.0925E+01  1.9026E+00  1.1996E+03  2.0359E-01 -2.3743E-01  3.2079E-01 -3.1979E-01  1.3220E-05 -6.9031E-02
  2.6000E+01  3.7167E+00  1.5810E+01  1.0546E+01  4.0925E+01  1.9026E+00  1.1996E+03  2.0359E-01 -2.3743E-01  3.2079E-01 -3.1979E-01  1.3220E-05 -6.9031E-02
  2.6000E+01  3.7167E+00  1.5810E+01  1.0546E+01  4.0925E+01  1.9026E+00  1.1996E+03  2.0359E-01 -2.3743E-01  3.2079E-01 -3.1979E-01  1.3220E-05 -6.9031E-02
  2.7000E+01  4.6047E+00  2.8005E+01  4.3238E+00  6.4201E+01  1.9026E+00  1.3343E+03  4.1784E-01  3.3429E-01 -5.7086E-01  1.3049E-01  4.7128E-06  3.7359E-02
  2.7000E+01  4.6047E+00  2.8005E+01  4.3238E+00  6.4201E+01  1.9026E+00  1.3343E+03  4.1784E-01  3.3429E-01 -5.7086E-01  1.3049E-01  4.7128E-06  3.7359E-02
  2.7000E+01  4.6047E+00  2.8005E+01  4.3238E+00  6.4201E+01  1.9026E+00  1.3343E+03  4.1784E-01  3.3429E-01 -5.7086E-01  1.3049E-01  4.7128E-06  3.7359E-02
  2.7000E+01  4.6047E+00  2.8005E+01  4.3238E+00  6.4201E+01  1.9026E+00  1.3343E+03  4.1784E-01  3.3429E-01 -5.7086E-01  1.3049E-01  4.7128E-06  3.7359E-02
  2.7000E+01  4.6047E+00  2.8005E+01  4.3238E+00  6.4201E+01  1.9026E+00  1.3343E+03  4.1784E-01  3.3429E-01 -5.7086E-01  1.3049E-01  4.7128E-06  3.7359E-02
  2.7000E+01  4.6047E+00  2.8005E+01  4.3238E+00  6.4201E+01  1.9026E+00  1.3343E+03  4.1784E-01  3.3429E-01 -5.7086E-01  1.3049E-01  4.7128E-06  3.7359E-02
  2.7000E+01  4.6047E+00  2.8005E+01  4.3238E+00  6.4201E+01  1.9026E+00  1.3343E+03  4.1784E-01  3.3429E-01 -5.7086E-01  1.3049E-01  4.7128E-06  3.7359E-02
  2.7000E+01  4.6047E+00  2.8005E+01  4.3238E+00  6.4201E+01  1.9026E+00  1.3343E+03  4.1784E-01  3.3429E-01 -5.7086E-01  1.3049E-01  4.7128E-06  3.7359E-02
  2.7000E+01  4.6047E+00  2.8005E+01  4.3238E+00  6.4201E+01  1.9026E+00  1.3343E+03  4.1784E-01  3.3429E-01 -5.7086E-01  1.3049E-01  4.7128E-06  3.7359E-02
  2.7000E+01  4.6047E+00  2.8005E+01  4.3238E+00  6.4201E+01  1.9026E+00  1.3343E+03  4.1784E-01  3.3429E-01 -5.7086E-01  1.3049E-01  4.7128E-06  3.7359E-02
  2.7000E+01  4.6047E+00  2.8005E+01  4.3238E+00  6.4201E+01  1.9026E+00  1.3343E+03  4.1784E-01  3.3429E-01 -5.7086E-01  1.3049E-01  4.7128E-06  3.7359E-02
  2.7000E+01  4.6047E+00  2.8005E+01  4.3238E+00  6.4201E+01  1.9026E+00  1.3343E+03  4.1784E-01  3.3429E-01 -5.7086E-01  1.3049E-01  4.7128E-06  3.7359E-02
  2.8000E+01  1.6053E+00  1.3487E+01  5.4314E+00  7.2058E+01  1.9026E+00  1.1799E+03 -6.3590E-01 -3.9637E-01 -3.4278E-01  2.4595E-01 -2.9278E-05 -8.5622E-02
  2.8000E+01  1.6053E+00  1.3487E+01  5.4314E+00  7.2058E+01  1.9026E+00  1.1799E+03 -6.3590E-01 -3.9637E-01 -3.4278E-01  2.4595E-01 -2.9278E-05 -8.5622E-02
  2.8000E+01  1.6053E+00  1.3487E+01  5.4314E+00  7.2058E+01  1.9026E+00  1.1799E+03 -6.3590E-01 -3.9637E-01 -3.4278E-01  2.4595E-01 -2.9278E-05 -8.5622E-02
  2.8000E+01  1.6053E+00  1.3487E+01  5.4314E+00  7.2058E+01  1.9026E+00  1.1799E+03 -6.3590E-01 -3.9637E-01 -3.4278E-01  2.4595E-01 -2.9278E-05 -8.5622E-02
  2.8000E+01  1.6053E+00  1.3487E+01  5.4314E+00  7.2058E+01  1.9026E+00  1.1799E+03 -6.3590E-01 -3.9637E-01 -3.4278E-01  2.4595E-01 -2.9278E-05 -8.5622E-02
  2.8000E+01  1.6053E+00  1.3487E+01  5.4314E+00  7.2058E+01  1.9026E+00  1.1799E+03 -6.3590E-01 -3.9637E-01 -3.4278E-01  2.4595E-01 -2.9278E-05 -8.5622E-02
  2.8000E+01  1.6053E+00  1.3487E+01  5.4314E+00  7.2058E+01  1.9026E+00  1.1799E+03 -6.3590E-01 -3.9637E-01 -3.4278E-01  2.4595E-01 -2.9278E-05 -8.5622E-02
  2.8000E+01  1.6053E+00  1.3487E+01  5.4314E+00  7.2058E+01  1.9026E+00  1.1799E+03 -6.3590E-01 -3.9637E-01 -3.4278E-01  2.4595E-01 -2.9278E-05 -8.5622E-02
  2.8000E+01  1.6053E+00  1.3487E+01  5.4314E+00  7.2058E+01  1.9026E+00  1.1799E+03 -6.3590E-01 -3.9637E-01 -3.4278E-01  2.4595E-01 -2.9278E-05 -8.5622E-02
  2.8000E+01  1.6053E+00  1.3487E+01  5.4314E+00  7.2058E+01  1.9026E+00  1.1799E+03 -6.3590E-01 -3.9637E-01 -3.4278E-01  2.4595E-01 -2.9278E-05 -8.5622E-02
  2.8000E+01  1.6053E+00  1.3487E+01  5.4314E+00  7.2058E+01  1.9026E+00  1.1799E+03 -6.3590E-01 -3.9637E-01 -3.4278E-01  2.4595E-01 -2.9278E-05 -8.5622E-02
  2.8000E+01  1.6053E+00  1.3487E+01  5.4314E+00  7.2058E+01  1.9026E+00  1.1799E+03 -6.3590E-01 -3.9637E-01 -3.4278E-01  2.4595E-01 -2.9278E-05 -8.5622E-02
  2.9000E+01  3.3056E+00  1.8715E+01  7.0083E+00  7.6889E+01  1.9026E+00  1.2309E+03  8.6373E-02 -6.8769E-02 -8.7890E-02  3.1083E-01  7.4075E-06 -4.3308E-02
  2.9000E+01  3.3056E+00  1.8715E+01  7.0083E+00  7.6889E+01  1.9026E+00  1.2309E+03  8.6373E-02 -6.8769E-02 -8.7890E-02  3.1083E-01  7.4075E-06 -4.3308E-02
  2.9000E+01  3.3056E+00  1.8715E+01  7.0083E+00  7.6889E+01  1.9026E+00  1.2309E+03  8.6373E-02 -6.8769E-02 -8.7890E-02  3.1083E-01  7.4075E-06 -4.3308E-02
  2.9000E+01  3.3056E+00  1.8715E+01  7.0083E+00  7.6889E+01  1.9026E+00  1.2309E+03  8.6373E-02 -6.8769E-02 -8.7890E-02  3.1083E-01  7.4075E-06 -4.3308E-02
  2.9000E+01  3.3056E+00  1.8715E+01  7.0083E+00  7.6889E+01  1.9026E+00  1.2309E+03  8.6373E-02 -6.8769E-02 -8.7890E-02  3.1083E-01  7.4075E-06 -4.3308E-02
  2.9000E+01  3.3056E+00  1.8715E+01  7.0083E+00  7.6889E+01  1.9026E+00  1.2309E+03  8.6373E-02 -6.8769E-02 -8.7890E-02  3.1083E-01  7.4075E-06 -4.3308E-02
  2.9000E+01  3.3056E+00  1.8715E+01  7.0083E+00  7.6889E+01  1.9026E+00  1.2309E+03  8.6373E-02 -6.8769E-02 -8.7890E-02  3.1083E-01  7.4075E-06 -4.3308E-02
  2.9000E+01  3.3056E+00  1.8715E+01  7.0083E+00  7.6889E+01  1.9026E+00  1.2309E+03  8.6373E-02 -6.8769E-02 -8.7890E-02  3.1083E-01  7.4075E-06 -4.3308E-02
  2.9000E+01  3.3056E+00  1.8715E+01  7.0083E+00  7.6889E+01  1.9026E+00  1.2309E+03  8.6373E-02 -6.8769E-02 -8.7890E-02  3.1083E-01  7.4075E-06 -4.3308E-02
  2.9000E+01  3.3056E+00  1.8715E+01  7.0083E+00  7.6889E+01  1.9026E+00  1.2309E+03  8.6373E-02 -6.8769E-02 -8.7890E-02  3.1083E-01  7.4075E-06 -4.3308E-02
  2.9000E+01  3.3056E+00  1.8715E+01  7.0083E+00  7.6889E+01  1.9026E+00  1.2309E+03  8.6373E-02 -6.8769E-02 -8.7890E-02  3.1083E-01  7.4075E-06 -4.3308E-02
  2.9000E+01  3.3056E+00  1.8715E+01  7.0083E+00  7.6889E+01  1.9026E+00  1.2309E+03  8.6373E-02 -6.8769E-02 -8.7890E-02  3.1083E-01  7.4075E-06 -4.3308E-02
  3.0000E+01  3.4725E+00  2.0775E+01  8.5185E+00  7.7429E+01  1.9026E+00  1.2163E+03  1.3565E-01  3.5671E-02  1.0726E-01  3.1783E-01  1.0045E-05 -5.5228E-02
  3.0000E+01  3.4725E+00  2.0775E+01  8.5185E+00  7.7429E+01  1.9026E+00  1.2163E+03  1.3565E-01  3.5671E-02  1.0726E-01  3.1783E-01  1.0045E-05 -5.5228E-02
  3.0000E+01  3.4725E+00  2.0775E+01  8.5185E+00  7.7429E+01  1.9026E+00  1.2163E+03  1.3565E-01  3.5671E-02  1.0726E-01  3.1783E-01  1.0045E-05 -5.5228E-02
  3.0000E+01  3.4725E+00  2.0775E+01  8.5185E+00  7.7429E+01  1.9026E+00  1.2163E+03  1.3565E-01  3.5671E-02  1.0726E-01  3.1783E-01  1.0045E-05 -5.5228E-02
  3.0000E+01  3.4725E+00  2.0775E+01  8.5185E+00  7.7429E+01  1.9026E+00  1.2163E+03  1.3565E-01  3.5671E-02  1.0726E-01  3.1783E-01  1.0045E-05 -5.5228E-02
  3.0000E+01  3.4725E+00  2.0775E+01  8.5185E+00  7.7429E+01  1.9026E+00  1.2163E+03  1.3565E-01  3.5671E-02  1.0726E-01  3.1783E-01  1.0045E-05 -5.5228E-02
  3.0000E+01  3.4725E+00  2.0775E+01  8.5185E+00  7.7429E+01  1.9026E+00  1.2163E+03  1.3565E-01  3.5671E-02  1.0726E-01  3.1783E-01  1.0045E-05 -5.5228E-02
  3.0000E+01  3.4725E+00  2.0775E+01  8.5185E+00  7.7429E+01  1.9026E+00  1.2163E+03  1.3565E-01  3.5671E-02  1.0726E-01  3.1783E-01  1.0045E-05 -5.5228E-02
  3.0000E+01  3.4725E+00  2.0775E+01  8.5185E+00  7.7429E+01  1.9026E+00  1.2163E+03  1.3565E-01  3.5671E-02  1.0726E-01  3.1783E-01  1.0045E-05 -5.5228E-02
  3.0000E+01  3.4725E+00  2.0775E+01  8.5185E+00  7.7429E+01  1.9026E+00  1.2163E+03  1.3565E-01  3.5671E-02  1.0726E-01  3.1783E-01  1.0045E-05 -5.5228E-02
  3.0000E+01  3.4725E+00  2.0775E+01  8.5185E+00  7.7429E+01  1.9026E+00  1.2163E+03  1.3565E-01  3.5671E-02  1.0726E-01  3.1783E-01  1.0045E-05 -5.5228E-02
  3.0000E+01  3.4725E+00  2.0775E+01  8.5185E+00  7.7429E+01  1.9026E+00  1.2163E+03  1.3565E-01  3.5671E-02  1.0726E-01  3.1783E-01  1.0045E-05 -5.5228E-02
  3.1000E+01  8.5101E-01  2.1906E+01  1.3035E+01  4.6762E+01  1.9024E+00  1.0615E+03 -1.2706E+00  8.8657E-02  5.3264E-01 -1.8645E-01 -1.2508E-04 -1.9130E-01
  3.1000E+01  8.5101E-01  2.1906E+01  1.3035E+01  4.6762E+01  1.9024E+00  1.0615E+03 -1.2706E+00  8.8657E-02  5.3264E-01 -1.8645E-01 -1.2508E-04 -1.9130E-01
  3.1000E+01  8.5101E-01  2.1906E+01  1.3035E+01  4.6762E+01  1.9024E+00  1.0615E+03 -1.2706E+00  8.8657E-02  5.3264E-01 -1.8645E-01 -1.2508E-04 -1.9130E-01
  3.1000E+01  8.5101E-01  2.1906E+01  1.3035E+01  4.6762E+01  1.9024E+00  1.0615E+03 -1.2706E+00  8.8657E-02  5.3264E-01 -1.8645E-01 -1.2508E-04 -1.9130E-01
  3.1000E+01  8.5101E-01  2.1906E+01  1.3035E+01  4.6762E+01  1.9024E+00  1.0615E+03 -1.2706E+00  8.8657E-02  5.3264E-01 -1.8645E-01 -1.2508E-04 -1.9130E-01
  3.1000E+01  8.5101E-01  2.1906E+01  1.3035E+01  4.6762E+01  1.9024E+00  1.0615E+03 -1.2706E+00  8.8657E-02  5.3264E-01 -1.8645E-01 -1.2508E-04 -1.9130E-01
  3.1000E+01  8.5101E-01  2.1906E+01  1.3035E+01  4.6762E+01  1.9024E+00  1.0615E+03 -1.2706E+00  8.8657E-02  5.3264E-01 -1.8645E-01 -1.2508E-04 -1.9130E-01
  3.1000E+01  8.5101E-01  2.1906E+01  1.3035E+01  4.6762E+01  1.9024E+00  1.0615E+03 -1.2706E+00  8.8657E-02  5.3264E-01 -1.8645E-01 -1.2508E-04 -1.9130E-01
  3.1000E+01  8.5101E-01  2.1906E+01  1.3035E+01  4.6762E+01  1.9024E+00  1.0615E+03 -1.2706E+00  8.8657E-02  5.3264E-01 -1.8645E-01 -1.2508E-04 -1.9130E-01
  3.1000E+01  8.5101E-01  2.1906E+01  1.3035E+01  4.6762E+01  1.9024E+00  1.0615E+03 -1.2706E+00  8.8657E-02  5.3264E-01 -1.8645E-01 -1.2508E-04 -1.9130E-01
  3.1000E+01  8.5101E-01  2.1906E+01  1.3035E+01  4.6762E+01  1.9024E+00  1.0615E+03 -1.2706E+00  8.8657E-02  5.3264E-01 -1.8645E-01 -1.2508E-04 -1.9130E-01
  3.1000E+01  8.5101E-01  2.1906E+01  1.3035E+01  4.6762E+01  1.9024E+00  1.0615E+03 -1.2706E+00  8.8657E-02  5.3264E-01 -1.8645E-01 -1.2508E-04 -1.9130E-01
  3.2000E+01  1.3439E+00  2.1370E+01  6.3830E+00  7.2726E+01  1.9025E+00  1.1004E+03 -8.1365E-01  6.3893E-02 -1.8135E-01  2.5518E-01 -4.1932E-05 -1.5531E-01
  3.2000E+01  1.3439E+00  2.1370E+01  6.3830E+00  7.2726E+01  1.9025E+00  1.1004E+03 -8.1365E-01  6.3893E-02 -1.8135E-01  2.5518E-01 -4.1932E-05 -1.5531E-01
  3.2000E+01  1.3439E+00  2.1370E+01  6.3830E+00  7.2726E+01  1.9025E+00  1.1004E+03 -8.1365E-01  6.3893E-02 -1.8135E-01  2.5518E-01 -4.1932E-05 -1.5531E-01
  3.2000E+01  1.3439E+00  2.1370E+01  6.3830E+00  7.2726E+01  1.9025E+00  1.1004E+03 -8.1365E-01  6.3893E-02 -1.8135E-01  2.5518E-01 -4.1932E-05 -1.5531E-01
  3.2000E+01  1.3439E+00  2.1370E+01  6.3830E+00  7.2726E+01  1.9025E+00  1.1004E+03 -8.1365E-01  6.3893E-02 -1.8135E-01  2.5518E-01 -4.1932E-05 -1.5531E-01
  3.2000E+01  1.3439E+00  2.1370E+01  6.3830E+00  7.2726E+01  1.9025E+00  1.1004E+03 -8.1365E-01  6.3893E-02 -1.8135E-01  2.5518E-01 -4.1932E-05 -1.5531E-01
  3.2000E+01  1.3439E+00  2.1370E+01  6.3830E+00  7.2726E+01  1.9025E+00  1.1004E+03 -8.1365E-01  6.3893E-02 -1.8135E-01  2.5518E-01 -4.1932E-05 -1.5531E-01
  3.2000E+01  1.3439E+00  2.1370E+01  6.3830E+00  7.2726E+01  1.9025E+00  1.1004E+03 -8.1365E-01  6.3893E-02 -1.8135E-01  2.5518E-01 -4.1932E-05 -1.5531E-01
  3.2000E+01  1.3439E+00  2.1370E+01  6.3830E+00  7.2726E+01  1.9025E+00  1.1004E+03 -8.1365E-01  6.3893E-02 -1.8135E-01  2.5518E-01 -4.1932E-05 -1.5531E-01
  3.2000E+01  1.3439E+00  2.1370E+01  6.3830E+00  7.2726E+01  1.9025E+00  1.1004E+03 -8.1365E-01  6.3893E-02 -1.8135E-01  2.5518E-01 -4.1932E-05 -1.5531E-01
  3.2000E+01  1.3439E+00  2.1370E+01  6.3830E+00  7.2726E+01  1.9025E+00  1.1004E+03 -8.1365E-01  6.3893E-02 -1.8135E-01  2.5518E-01 -4.1932E-05 -1.5531E-01
  3.2000E+01  1.3439E+00  2.1370E+01  6.3830E+00  7.2726E+01  1.9025E+00  1.1004E+03 -8.1365E-01  6.3893E-02 -1.8135E-01  2.5518E-01 -4.1932E-05 -1.5531E-01
  3.3000E+01  4.3160E+00  2.7743E+01  4.3938E+00  6.5251E+01  1.9026E+00  1.3004E+03  3.5308E-01  3.2491E-01 -5.5480E-01  1.4671E-01  6.7594E-06  1.1655E-02
  3.3000E+01  4.3160E+00  2.7743E+01  4.3938E+00  6.5251E+01  1.9026E+00  1.3004E+03  3.5308E-01  3.2491E-01 -5.5480E-01  1.4671E-01  6.7594E-06  1.1655E-02
  3.3000E+01  4.3160E+00  2.7743E+01  4.3938E+00  6.5251E+01  1.9026E+00  1.3004E+03  3.5308E-01  3.2491E-01 -5.5480E-01  1.4671E-01  6.7594E-06  1.1655E-02
  3.3000E+01  4.3160E+00  2.7743E+01  4.3938E+00  6.5251E+01  1.9026E+00  1.3004E+03  3.5308E-01  3.2491E-01 -5.5480E-01  1.4671E-01  6.7594E-06  1.1655E-02
  3.3000E+01  4.3160E+00  2.7743E+01  4.3938E+00  6.5251E+01  1.9026E+00  1.3004E+03  3.5308E-01  3.2491E-01 -5.5480E-01  1.4671E-01  6.7594E-06  1.1655E-02
  3.3000E+01  4.3160E+00  2.7743E+01  4.3938E+00  6.5251E+01  1.9026E+00  1.3004E+03  3.5308E-01  3.2491E-01 -5.5480E-01  1.4671E-01  6.7594E-06  1.1655E-02
  3.3000E+01  4.3160E+00  2.7743E+01  4.3938E+00  6.5251E+01  1.9026E+00  1.3004E+03  3.5308E-01  3.2491E-01 -5.5480E-01  1.4671E-01  6.7594E-06  1.1655E-02
  3.3000E+01  4.3160E+00  2.7743E+01  4.3938E+00  6.5251E+01  1.9026E+00  1.3004E+03  3.5308E-01  3.2491E-01 -5.5480E-01  1.4671E-01  6.7594E-06  1.1655E-02
  3.3000E+01  4.3160E+00  2.7743E+01  4.3938E+00  6.5251E+01  1.9026E+00  1.3004E+03  3.5308E-01  3.2491E-01 -5.5480E-01  1.4671E-01  6.7594E-06  1.1655E-02
  3.3000E+01  4.3160E+00  2.7743E+01  4.3938E+00  6.5251E+01  1.9026E+00  1.3004E+03  3.5308E-01  3.2491E-01 -5.5480E-01  1.4671E-01  6.7594E-06  1.1655E-02
  3.3000E+01  4.3160E+00  2.7743E+01  4.3938E+00  6.5251E+01  1.9026E+00  1.3004E+03  3.5308E-01  3.2491E-01 -5.5480E-01  1.4671E-01  6.7594E-06  1.1655E-02
  3.3000E+01  4.3160E+00  2.7743E+01  4.3938E+00  6.5251E+01  1.9026E+00  1.3004E+03  3.5308E-01  3.2491E-01 -5.5480E-01  1.4671E-01  6.7594E-06  1.1655E-02
  3.4000E+01  7.0823E+00  1.7832E+01  6.4916E+00  4.4769E+01  1.9026E+00  1.3451E+03  8.4837E-01 -1.1711E-01 -1.6448E-01 -2.3000E-01  6.7012E-06  4.5422E-02
  3.4000E+01  7.0823E+00  1.7832E+01  6.4916E+00  4.4769E+01  1.9026E+00  1.3451E+03  8.4837E-01 -1.1711E-01 -1.6448E-01 -2.3000E-01  6.7012E-06  4.5422E-02
  3.4000E+01  7.0823E+00  1.7832E+01  6.4916E+00  4.4769E+01  1.9026E+00  1.3451E+03  8.4837E-01 -1.1711E-01 -1.6448E-01 -2.3000E-01  6.7012E-06  4.5422E-02
  3.4000E+01  7.0823E+00  1.7832E+01  6.4916E+00  4.4769E+01  1.9026E+00  1.3451E+03  8.4837E-01 -1.1711E-01 -1.6448E-01 -2.3000E-01  6.7012E-06  4.5422E-02
  3.4000E+01  7.0823E+00  1.7832E+01  6.4916E+00  4.4769E+01  1.9026E+00  1.3451E+03  8.4837E-01 -1.1711E-01 -1.6448E-01 -2.3000E-01  6.7012E-06  4.5422E-02
  3.4000E+01  7.0823E+00  1.7832E+01  6.4916E+00  4.4769E+01  1.9026E+00  1.3451E+03  8.4837E-01 -1.1711E-01 -1.6448E-01 -2.3000E-01  6.7012E-06  4.5422E-02
  3.4000E+01  7.0823E+00  1.7832E+01  6.4916E+00  4.4769E+01  1.9026E+00  1.3451E+03  8.4837E-01 -1.1711E-01 -1.6448E-01 -2.3000E-01  6.7012E-06  4.5422E-02
  3.4000E+01  7.0823E+00  1.7832E+01  6.4916E+00  4.4769E+01  1.9026E+00  1.3451E+03  8.4837E-01 -1.1711E-01 -1.6448E-01 -2.3000E-01  6.7012E-06  4.5422E-02
  3.4000E+01  7.0823E+00  1.7832E+01  6.4916E+00  4.4769E+01  1.9026E+00  1.3451E+03  8.4837E-01 -1.1711E-01 -1.6448E-01 -2.3000E-01  6.7012E-06  4.5422E-02
  3.4000E+01  7.0823E+00  1.7832E+01  6.4916E+00  4.4769E+01  1.9026E+00  1.3451E+03  8.4837E-01 -1.1711E-01 -1.6448E-01 -2.3000E-01  6.7012E-06  4.5422E-02
  3.4000E+01  7.0823E+00  1.7832E+01  6.4916E+00  4.4769E+01  1.9026E+00  1.3451E+03  8.4837E-01 -1.1711E-01 -1.6448E-01 -2.3000E-01  6.7012E-06  4.5422E-02
  3.4000E+01  7.0823E+00  1.7832E+01  6.4916E+00  4.4769E+01  1.9026E+00  1.3451E+03  8.4837E-01 -1.1711E-01 -1.6448E-01 -2.3000E-01  6.7012E-06  4.5422E-02
  3.5000E+01  3.4818E+00  2.0860E+01  1.4774E+01  5.8415E+01  1.9026E+00  1.3987E+03  1.3832E-01  3.9742E-02  6.5791E-01  3.6052E-02 -5.5922E-06  8.4524E-02
  3.5000E+01  3.4818E+00  2.0860E+01  1.4774E+01  5.8415E+01  1.9026E+00  1.3987E+03  1.3832E-01  3.9742E-02  6.5791E-01  3.6052E-02 -5.5922E-06  8.4524E-02
  3.5000E+01  3.4818E+00  2.0860E+01  1.4774E+01  5.8415E+01  1.9026E+00  1.3987E+03  1.3832E-01  3.9742E-02  6.5791E-01  3.6052E-02 -5.5922E-06  8.4524E-02
  3.5000E+01  3.4818E+00  2.0860E+01  1.4774E+01  5.8415E+01  1.9026E+00  1.3987E+03  1.3832E-01  3.9742E-02  6.5791E-01  3.6052E-02 -5.5922E-06  8.4524E-02
  3.5000E+01  3.4818E+00  2.0860E+01  1.4774E+01  5.8415E+01  1.9026E+00  1.3987E+03  1.3832E-01  3.9742E-02  6.5791E-01  3.6052E-02 -5.5922E-06  8.4524E-02
  3.5000E+01  3.4818E+00  2.0860E+01  1.4774E+01  5.8415E+01  1.9026E+00  1.3987E+03  1.3832E-01  3.9742E-02  6.5791E-01  3.6052E-02 -5.5922E-06  8.4524E-02
  3.5000E+01  3.4818E+00  2.0860E+01  1.4774E+01  5.8415E+01  1.9026E+00  1.3987E+03  1.3832E-01  3.9742E-02  6.5791E-01  3.6052E-02 -5.5922E-06  8.4524E-02
  3.5000E+01  3.4818E+00  2.0860E+01  1.4774E+01  5.8415E+01  1.9026E+00  1.3987E+03  1.3832E-01  3.9742E-02  6.5791E-01  3.6052E-02 -5.5922E-06  8.4524E-02
  3.5000E+01  3.4818E+00  2.0860E+01  1.4774E+01  5.8415E+01  1.9026E+00  1.3987E+03  1.3832E-01  3.9742E-02  6.5791E-01  3.6052E-02 -5.5922E-06  8.4524E-02
  3.5000E+01  3.4818E+00  2.0860E+01  1.4774E+01  5.8415E+01  1.9026E+00  1.3987E+03  1.3832E-01  3.9742E-02  6.5791E-01  3.6052E-02 -5.5922E-06  8.4524E-02
  3.5000E+01  3.4818E+00  2.0860E+01  1.4774E+01  5.8415E+01  1.9026E+00  1.3987E+03  1.3832E-01  3.9742E-02  6.5791E-01  3.6052E-02 -5.5922E-06  8.4524E-02
  3.5000E+01  3.4818E+00  2.0860E+01  1.4774E+01  5.8415E+01  1.9026E+00  1.3987E+03  1.3832E-01  3.9742E-02  6.5791E-01  3.6052E-02 -5.5922E-06  8.4524E-02
  3.6000E+01  4.0869E+00  1.8452E+01  1.1771E+01  7.6836E+01  1.9026E+00  1.2514E+03  2.9855E-01 -8.2939E-02  4.3067E-01  3.1014E-01  1.0146E-05 -2.6787E-02
  3.6000E+01  4.0869E+00  1.8452E+01  1.1771E+01  7.6836E+01  1.9026E+00  1.2514E+03  2.9855E-01 -8.2939E-02  4.3067E-01  3.1014E-01  1.0146E-05 -2.6787E-02
  3.6000E+01  4.0869E+00  1.8452E+01  1.1771E+01  7.6836E+01  1.9026E+00  1.2514E+03  2.9855E-01 -8.2939E-02  4.3067E-01  3.1014E-01  1.0146E-05 -2.6787E-02
  3.6000E+01  4.0869E+00  1.8452E+01  1.1771E+01  7.6836E+01  1.9026E+00  1.2514E+03  2.9855E-01 -8.2939E-02  4.3067E-01  3.1014E-01  1.0146E-05 -2.6787E-02
  3.6000E+01  4.0869E+00  1.8452E+01  1.1771E+01  7.6836E+01  1.9026E+00  1.2514E+03  2.9855E-01 -8.2939E-02  4.3067E-01  3.1014E-01  1.0146E-05 -2.6787E-02
  3.6000E+01  4.0869E+00  1.8452E+01  1.1771E+01  7.6836E+01  1.9026E+00  1.2514E+03  2.9855E-01 -8.2939E-02  4.3067E-01  3.1014E-01  1.0146E-05 -2.6787E-02
  3.6000E+01  4.0869E+00  1.8452E+01  1.1771E+01  7.6836E+01  1.9026E+00  1.2514E+03  2.9855E-01 -8.2939E-02  4.3067E-01  3.1014E-01  1.0146E-05 -2.6787E-02
  3.6000E+01  4.0869E+00  1.8452E+01  1.1771E+01  7.6836E+01  1.9026E+00  1.2514E+03  2.9855E-01 -8.2939E-02  4.3067E-01  3.1014E-01  1.0146E-05 -2.6787E-02
  3.6000E+01  4.0869E+00  1.8452E+01  1.1771E+01  7.6836E+01  1.9026E+00  1.2514E+03  2.9855E-01 -8.2939E-02  4.3067E-01  3.1014E-01  1.0146E-05 -2.6787E-02
  3.6000E+01  4.0869E+00  1.8452E+01  1.1771E+01  7.6836E+01  1.9026E+00  1.2514E+03  2.9855E-01 -8.2939E-02  4.3067E-01  3.1014E-01  1.0146E-05 -2.6787E-02
  3.6000E+01  4.0869E+00  1.8452E+01  1.1771E+01  7.6836E+01  1.9026E+00  1.2514E+03  2.9855E-01 -8.2939E-02  4.3067E-01  3.1014E-01  1.0146E-05 -2.6787E-02
  3.6000E+01  4.0869E+00  1.8452E+01  1.1771E+01  7.6836E+01  1.9026E+00  1.2514E+03  2.9855E-01 -8.2939E-02  4.3067E-01  3.1014E-01  1.0146E-05 -2.6787E-02
  3.7000E+01  5.4427E+00  1.3131E+01  6.3691E+00  7.3545E+01  1.9026E+00  1.3272E+03  5.8504E-01 -4.2309E-01 -1.8352E-01  2.6637E-01  6.8800E-06  3.2076E-02
  3.7000E+01  5.4427E+00  1.3131E+01  6.3691E+00  7.3545E+01  1.9026E+00  1.3272E+03  5.8504E-01 -4.2309E-01 -1.8352E-01  2.6637E-01  6.8800E-06  3.2076E-02
  3.7000E+01  5.4427E+00  1.3131E+01  6.3691E+00  7.3545E+01  1.9026E+00  1.3272E+03  5.8504E-01 -4.2309E-01 -1.8352E-01  2.6637E-01  6.8800E-06  3.2076E-02
  3.7000E+01  5.4427E+00  1.3131E+01  6.3691E+00  7.3545E+01  1.9026E+00  1.3272E+03  5.8504E-01 -4.2309E-01 -1.8352E-01  2.6637E-01  6.8800E-06  3.2076E-02
  3.7000E+01  5.4427E+00  1.3131E+01  6.3691E+00  7.3545E+01  1.9026E+00  1.3272E+03  5.8504E-01 -4.2309E-01 -1.8352E-01  2.6637E-01  6.8800E-06  3.2076E-02
  3.7000E+01  5.4427E+00  1.3131E+01  6.3691E+00  7.3545E+01  1.9026E+00  1.3272E+03  5.8504E-01 -4.2309E-01 -1.8352E-01  2.6637E-01  6.8800E-06  3.2076E-02
  3.7000E+01  5.4427E+00  1.3131E+01  6.3691E+00  7.3545E+01  1.9026E+00  1.3272E+03  5.8504E-01 -4.2309E-01 -1.8352E-01  2.6637E-01  6.8800E-06  3.2076E-02
  3.7000E+01  5.4427E+00  1.3131E+01  6.3691E+00  7.3545E+01  1.9026E+00  1.3272E+03  5.8504E-01 -4.2309E-01 -1.8352E-01  2.6637E-01  6.8800E-06  3.2076E-02
  3.7000E+01  5.4427E+00  1.3131E+01  6.3691E+00  7.3545E+01  1.9026E+00  1.3272E+03  5.8504E-01 -4.2309E-01 -1.8352E-01  2.6637E-01  6.8800E-06  3.2076E-02
  3.7000E+01  5.4427E+00  1.3131E+01  6.3691E+00  7.3545E+01  1.9026E+00  1.3272E+03  5.8504E-01 -4.2309E-01 -1.8352E-01  2.6637E-01  6.8800E-06  3.2076E-02
  3.7000E+01  5.4427E+00  1.3131E+01  6.3691E+00  7.3545E+01  1.9026E+00  1.3272E+03  5.8504E-01 -4.2309E-01 -1.8352E-01  2.6637E-01  6.8800E-06  3.2076E-02
  3.7000E+01  5.4427E+00  1.3131E+01  6.3691E+00  7.3545E+01  1.9026E+00  1.3272E+03  5.8504E-01 -4.2309E-01 -1.8352E-01  2.6637E-01  6.8800E-06  3.2076E-02
  3.8000E+01  9.3396E+00  2.2155E+01  9.8230E+00  5.0571E+01  1.9026E+00  1.2607E+03  1.1250E+00  9.9968E-02  2.4975E-01 -1.0815E-01  1.4011E-05 -1.9357E-02
  3.8000E+01  9.3396E+00  2.2155E+01  9.8230E+00  5.0571E+01  1.9026E+00  1.2607E+03  1.1250E+00  9.9968E-02  2.4975E-01 -1.0815E-01  1.4011E-05 -1.9357E-02
  3.8000E+01  9.3396E+00  2.2155E+01  9.8230E+00  5.0571E+01  1.9026E+00  1.2607E+03  1.1250E+00  9.9968E-02  2.4975E-01 -1.0815E-01  1.4011E-05 -1.9357E-02
  3.8000E+01  9.3396E+00  2.2155E+01  9.8230E+00  5.0571E+01  1.9026E+00  1.2607E+03  1.1250E+00  9.9968E-02  2.4975E-01 -1.0815E-01  1.4011E-05 -1.9357E-02
  3.8000E+01  9.3396E+00  2.2155E+01  9.8230E+00  5.0571E+01  1.9026E+00  1.2607E+03  1.1250E+00  9.9968E-02  2.4975E-01 -1.0815E-01  1.4011E-05 -1.9357E-02
  3.8000E+01  9.3396E+00  2.2155E+01  9.8230E+00  5.0571E+01  1.9026E+00  1.2607E+03  1.1250E+00  9.9968E-02  2.4975E-01 -1.0815E-01  1.4011E-05 -1.9357E-02
  3.8000E+01  9.3396E+00  2.2155E+01  9.8230E+00  5.0571E+01  1.9026E+00  1.2607E+03  1.1250E+00  9.9968E-02  2.4975E-01 -1.0815E-01  1.4011E-05 -1.9357E-02
  3.8000E+01  9.3396E+00  2.2155E+01  9.8230E+00  5.0571E+01  1.9026E+00  1.2607E+03  1.1250E+00  9.9968E-02  2.4975E-01 -1.0815E-01  1.4011E-05 -1.9357E-02
  3.8000E+01  9.3396E+00  2.2155E+01  9.8230E+00  5.0571E+01  1.9026E+00  1.2607E+03  1.1250E+00  9.9968E-02  2.4975E-01 -1.0815E-01  1.4011E-05 -1.9357E-02
  3.8000E+01  9.3396E+00  2.2155E+01  9.8230E+00  5.0571E+01  1.9026E+00  1.2607E+03  1.1250E+00  9.9968E-02  2.4975E-01 -1.0815E-01  1.4011E-05 -1.9357E-02
  3.8000E+01  9.3396E+00  2.2155E+01  9.8230E+00  5.0571E+01  1.9026E+00  1.2607E+03  1.1250E+00  9.9968E-02  2.4975E-01 -1.0815E-01  1.4011E-05 -1.9357E-02
  3.8000E+01  9.3396E+00  2.2155E+01  9.8230E+00  5.0571E+01  1.9026E+00  1.2607E+03  1.1250E+00  9.9968E-02  2.4975E-01 -1.0815E-01  1.4011E-05 -1.9357E-02
  3.9000E+01  5.0716E+00  2.2209E+01  1.1110E+01  5.6201E+01  1.9026E+00  1.4112E+03  5.1443E-01  1.0243E-01  3.7285E-01 -2.5874E-03 -5.4058E-07  9.3450E-02
  3.9000E+01  5.0716E+00  2.2209E+01  1.1110E+01  5.6201E+01  1.9026E+00  1.4112E+03  5.1443E-01  1.0243E-01  3.7285E-01 -2.5874E-03 -5.4058E-07  9.3450E-02
  3.9000E+01  5.0716E+00  2.2209E+01  1.1110E+01  5.6201E+01  1.9026E+00  1.4112E+03  5.1443E-01  1.0243E-01  3.7285E-01 -2.5874E-03 -5.4058E-07  9.3450E-02
  3.9000E+01  5.0716E+00  2.2209E+01  1.1110E+01  5.6201E+01  1.9026E+00  1.4112E+03  5.1443E-01  1.0243E-01  3.7285E-01 -2.5874E-03 -5.4058E-07  9.3450E-02
  3.9000E+01  5.0716E+00  2.2209E+01  1.1110E+01  5.6201E+01  1.9026E+00  1.4112E+03  5.1443E-01  1.0243E-01  3.7285E-01 -2.5874E-03 -5.4058E-07  9.3450E-02
  3.9000E+01  5.0716E+00  2.2209E+01  1.1110E+01  5.6201E+01  1.9026E+00  1.4112E+03  5.1443E-01  1.0243E-01  3.7285E-01 -2.5874E-03 -5.4058E-07  9.3450E-02
  3.9000E+01  5.0716E+00  2.2209E+01  1.1110E+01  5.6201E+01  1.9026E+00  1.4112E+03  5.1443E-01  1.0243E-01  3.7285E-01 -2.5874E-03 -5.4058E-07  9.3450E-02
  3.9000E+01  5.0716E+00  2.2209E+01  1.1110E+01  5.6201E+01  1.9026E+00  1.4112E+03  5.1443E-01  1.0243E-01  3.7285E-01 -2.5874E-03 -5.4058E-07  9.3450E-02
  3.9000E+01  5.0716E+00  2.2209E+01  1.1110E+01  5.6201E+01  1.9026E+00  1.4112E+03  5.1443E-01  1.0243E-01  3.7285E-01 -2.5874E-03 -5.4058E-07  9.3450E-02
  3.9000E+01  5.0716E+00  2.2209E+01  1.1110E+01  5.6201E+01  1.9026E+00  1.4112E+03  5.1443E-01  1.0243E-01  3.7285E-01 -2.5874E-03 -5.4058E-07  9.3450E-02
  3.9000E+01  5.0716E+00  2.2209E+01  1.1110E+01  5.6201E+01  1.9026E+00  1.4112E+03  5.1443E-01  1.0243E-01  3.7285E-01 -2.5874E-03 -5.4058E-07  9.3450E-02
  3.9000E+01  5.0716E+00  2.2209E+01  1.1110E+01  5.6201E+01  1.9026E+00  1.4112E+03  5.1443E-01  1.0243E-01  3.7285E-01 -2.5874E-03 -5.4058E-07  9.3450E-02
  4.0000E+01  2.2317E+00  1.4972E+01  6.1316E+00  2.9911E+01  1.9026E+00  1.3396E+03 -3.0649E-01 -2.9193E-01 -2.2153E-01 -6.3332E-01 -1.7963E-05  4.1355E-02
  4.0000E+01  2.2317E+00  1.4972E+01  6.1316E+00  2.9911E+01  1.9026E+00  1.3396E+03 -3.0649E-01 -2.9193E-01 -2.2153E-01 -6.3332E-01 -1.7963E-05  4.1355E-02
  4.0000E+01  2.2317E+00  1.4972E+01  6.1316E+00  2.9911E+01  1.9026E+00  1.3396E+03 -3.0649E-01 -2.9193E-01 -2.2153E-01 -6.3332E-01 -1.7963E-05  4.1355E-02
  4.0000E+01  2.2317E+00  1.4972E+01  6.1316E+00  2.9911E+01  1.9026E+00  1.3396E+03 -3.0649E-01 -2.9193E-01 -2.2153E-01 -6.3332E-01 -1.7963E-05  4.1355E-02
  4.0000E+01  2.2317E+00  1.4972E+01  6.1316E+00  2.9911E+01  1.9026E+00  1.3396E+03 -3.0649E-01 -2.9193E-01 -2.2153E-01 -6.3332E-01 -1.7963E-05  4.1355E-02
  4.0000E+01  2.2317E+00  1.4972E+01  6.1316E+00  2.9911E+01  1.9026E+00  1.3396E+03 -3.0649E-01 -2.9193E-01 -2.2153E-01 -6.3332E-01 -1.7963E-05  4.1355E-02
  4.0000E+01  2.2317E+00  1.4972E+01  6.1316E+00  2.9911E+01  1.9026E+00  1.3396E+03 -3.0649E-01 -2.9193E-01 -2.2153E-01 -6.3332E-01 -1.7963E-05  4.1355E-02
  4.0000E+01  2.2317E+00  1.4972E+01  6.1316E+00  2.9911E+01  1.9026E+00  1.3396E+03 -3.0649E-01 -2.9193E-01 -2.2153E-01 -6.3332E-01 -1.7963E-05  4.1355E-02
  4.0000E+01  2.2317E+00  1.4972E+01  6.1316E+00  2.9911E+01  1.9026E+00  1.3396E+03 -3.0649E-01 -2.9193E-01 -2.2153E-01 -6.3332E-01 -1.7963E-05  4.1355E-02
  4.0000E+01  2.2317E+00  1.4972E+01  6.1316E+00  2.9911E+01  1.9026E+00  1.3396E+03 -3.0649E-01 -2.9193E-01 -2.2153E-01 -6.3332E-01 -1.7963E-05  4.1355E-02
  4.0000E+01  2.2317E+00  1.4972E+01  6.1316E+00  2.9911E+01  1.9026E+00  1.3396E+03 -3.0649E-01 -2.9193E-01 -2.2153E-01 -6.3332E-01 -1.7963E-05  4.1355E-02
  4.0000E+01  2.2317E+00  1.4972E+01  6.1316E+00  2.9911E+01  1.9026E+00  1.3396E+03 -3.0649E-01 -2.9193E-01 -2.2153E-01 -6.3332E-01 -1.7963E-05  4.1355E-02
