TABLE NO.  2
 ID          ALPH        BETA        ETA1
  1.0000E+00  7.6492E-01  8.3959E-02  2.3490E-02
  1.0000E+00  7.6492E-01  8.3959E-02  2.3490E-02
  1.0000E+00  7.6492E-01  8.3959E-02  2.3490E-02
  1.0000E+00  7.6492E-01  8.3959E-02  2.3490E-02
  1.0000E+00  7.6492E-01  8.3959E-02  2.3490E-02
  1.0000E+00  7.6492E-01  8.3959E-02  2.3490E-02
  1.0000E+00  7.6492E-01  8.3959E-02  2.3490E-02
  1.0000E+00  7.6492E-01  8.3959E-02  2.3490E-02
  2.0000E+00  7.8068E-01  8.5689E-02  4.3887E-02
  2.0000E+00  7.8068E-01  8.5689E-02  4.3887E-02
  2.0000E+00  7.8068E-01  8.5689E-02  4.3887E-02
  2.0000E+00  7.8068E-01  8.5689E-02  4.3887E-02
  2.0000E+00  7.8068E-01  8.5689E-02  4.3887E-02
  2.0000E+00  7.8068E-01  8.5689E-02  4.3887E-02
  2.0000E+00  7.8068E-01  8.5689E-02  4.3887E-02
  2.0000E+00  7.8068E-01  8.5689E-02  4.3887E-02
  2.0000E+00  7.8068E-01  8.5689E-02  4.3887E-02
  2.0000E+00  7.8068E-01  8.5689E-02  4.3887E-02
  2.0000E+00  7.8068E-01  8.5689E-02  4.3887E-02
  3.0000E+00  7.8527E-01  8.6193E-02  4.9755E-02
  3.0000E+00  7.8527E-01  8.6193E-02  4.9755E-02
  3.0000E+00  7.8527E-01  8.6193E-02  4.9755E-02
  3.0000E+00  7.8527E-01  8.6193E-02  4.9755E-02
  3.0000E+00  7.8527E-01  8.6193E-02  4.9755E-02
  3.0000E+00  7.8527E-01  8.6193E-02  4.9755E-02
  3.0000E+00  7.8527E-01  8.6193E-02  4.9755E-02
  3.0000E+00  7.8527E-01  8.6193E-02  4.9755E-02
  4.0000E+00  6.2318E-01  6.8401E-02 -1.8144E-01
  4.0000E+00  6.2318E-01  6.8401E-02 -1.8144E-01
  4.0000E+00  6.2318E-01  6.8401E-02 -1.8144E-01
  4.0000E+00  6.2318E-01  6.8401E-02 -1.8144E-01
  4.0000E+00  6.2318E-01  6.8401E-02 -1.8144E-01
  4.0000E+00  6.2318E-01  6.8401E-02 -1.8144E-01
  4.0000E+00  6.2318E-01  6.8401E-02 -1.8144E-01
  4.0000E+00  6.2318E-01  6.8401E-02 -1.8144E-01
  4.0000E+00  6.2318E-01  6.8401E-02 -1.8144E-01
  4.0000E+00  6.2318E-01  6.8401E-02 -1.8144E-01
  4.0000E+00  6.2318E-01  6.8401E-02 -1.8144E-01
  4.0000E+00  6.2318E-01  6.8401E-02 -1.8144E-01
  5.0000E+00  7.3144E-01  8.0284E-02 -2.1265E-02
  5.0000E+00  7.3144E-01  8.0284E-02 -2.1265E-02
  5.0000E+00  7.3144E-01  8.0284E-02 -2.1265E-02
  5.0000E+00  7.3144E-01  8.0284E-02 -2.1265E-02
  5.0000E+00  7.3144E-01  8.0284E-02 -2.1265E-02
  5.0000E+00  7.3144E-01  8.0284E-02 -2.1265E-02
  5.0000E+00  7.3144E-01  8.0284E-02 -2.1265E-02
  5.0000E+00  7.3144E-01  8.0284E-02 -2.1265E-02
  5.0000E+00  7.3144E-01  8.0284E-02 -2.1265E-02
  5.0000E+00  7.3144E-01  8.0284E-02 -2.1265E-02
  5.0000E+00  7.3144E-01  8.0284E-02 -2.1265E-02
  6.0000E+00  8.0409E-01  8.8258E-02  7.3430E-02
  6.0000E+00  8.0409E-01  8.8258E-02  7.3430E-02
  6.0000E+00  8.0409E-01  8.8258E-02  7.3430E-02
  6.0000E+00  8.0409E-01  8.8258E-02  7.3430E-02
  6.0000E+00  8.0409E-01  8.8258E-02  7.3430E-02
  6.0000E+00  8.0409E-01  8.8258E-02  7.3430E-02
  6.0000E+00  8.0409E-01  8.8258E-02  7.3430E-02
  6.0000E+00  8.0409E-01  8.8258E-02  7.3430E-02
  7.0000E+00  8.5835E-01  9.4215E-02  1.3874E-01
  7.0000E+00  8.5835E-01  9.4215E-02  1.3874E-01
  7.0000E+00  8.5835E-01  9.4215E-02  1.3874E-01
  7.0000E+00  8.5835E-01  9.4215E-02  1.3874E-01
  7.0000E+00  8.5835E-01  9.4215E-02  1.3874E-01
  7.0000E+00  8.5835E-01  9.4215E-02  1.3874E-01
  7.0000E+00  8.5835E-01  9.4215E-02  1.3874E-01
  8.0000E+00  7.2158E-01  7.9202E-02 -3.4834E-02
  8.0000E+00  7.2158E-01  7.9202E-02 -3.4834E-02
  8.0000E+00  7.2158E-01  7.9202E-02 -3.4834E-02
  8.0000E+00  7.2158E-01  7.9202E-02 -3.4834E-02
  8.0000E+00  7.2158E-01  7.9202E-02 -3.4834E-02
  8.0000E+00  7.2158E-01  7.9202E-02 -3.4834E-02
  8.0000E+00  7.2158E-01  7.9202E-02 -3.4834E-02
  9.0000E+00  6.7152E-01  7.3708E-02 -1.0673E-01
  9.0000E+00  6.7152E-01  7.3708E-02 -1.0673E-01
  9.0000E+00  6.7152E-01  7.3708E-02 -1.0673E-01
  9.0000E+00  6.7152E-01  7.3708E-02 -1.0673E-01
  9.0000E+00  6.7152E-01  7.3708E-02 -1.0673E-01
  9.0000E+00  6.7152E-01  7.3708E-02 -1.0673E-01
  9.0000E+00  6.7152E-01  7.3708E-02 -1.0673E-01
  9.0000E+00  6.7152E-01  7.3708E-02 -1.0673E-01
  9.0000E+00  6.7152E-01  7.3708E-02 -1.0673E-01
  9.0000E+00  6.7152E-01  7.3708E-02 -1.0673E-01
  1.0000E+01  6.6202E-01  7.2665E-02 -1.2098E-01
  1.0000E+01  6.6202E-01  7.2665E-02 -1.2098E-01
  1.0000E+01  6.6202E-01  7.2665E-02 -1.2098E-01
  1.0000E+01  6.6202E-01  7.2665E-02 -1.2098E-01
  1.0000E+01  6.6202E-01  7.2665E-02 -1.2098E-01
  1.0000E+01  6.6202E-01  7.2665E-02 -1.2098E-01
  1.0000E+01  6.6202E-01  7.2665E-02 -1.2098E-01
  1.0000E+01  6.6202E-01  7.2665E-02 -1.2098E-01
  1.0000E+01  6.6202E-01  7.2665E-02 -1.2098E-01
  1.0000E+01  6.6202E-01  7.2665E-02 -1.2098E-01
  1.1000E+01  6.4246E-01  7.0518E-02 -1.5097E-01
  1.1000E+01  6.4246E-01  7.0518E-02 -1.5097E-01
  1.1000E+01  6.4246E-01  7.0518E-02 -1.5097E-01
  1.1000E+01  6.4246E-01  7.0518E-02 -1.5097E-01
  1.1000E+01  6.4246E-01  7.0518E-02 -1.5097E-01
  1.1000E+01  6.4246E-01  7.0518E-02 -1.5097E-01
  1.1000E+01  6.4246E-01  7.0518E-02 -1.5097E-01
  1.1000E+01  6.4246E-01  7.0518E-02 -1.5097E-01
  1.1000E+01  6.4246E-01  7.0518E-02 -1.5097E-01
  1.2000E+01  6.5449E-01  7.1838E-02 -1.3242E-01
  1.2000E+01  6.5449E-01  7.1838E-02 -1.3242E-01
  1.2000E+01  6.5449E-01  7.1838E-02 -1.3242E-01
  1.2000E+01  6.5449E-01  7.1838E-02 -1.3242E-01
  1.2000E+01  6.5449E-01  7.1838E-02 -1.3242E-01
  1.2000E+01  6.5449E-01  7.1838E-02 -1.3242E-01
  1.2000E+01  6.5449E-01  7.1838E-02 -1.3242E-01
  1.2000E+01  6.5449E-01  7.1838E-02 -1.3242E-01
  1.3000E+01  8.1578E-01  8.9542E-02  8.7867E-02
  1.3000E+01  8.1578E-01  8.9542E-02  8.7867E-02
  1.3000E+01  8.1578E-01  8.9542E-02  8.7867E-02
  1.3000E+01  8.1578E-01  8.9542E-02  8.7867E-02
  1.3000E+01  8.1578E-01  8.9542E-02  8.7867E-02
  1.3000E+01  8.1578E-01  8.9542E-02  8.7867E-02
  1.3000E+01  8.1578E-01  8.9542E-02  8.7867E-02
  1.3000E+01  8.1578E-01  8.9542E-02  8.7867E-02
  1.3000E+01  8.1578E-01  8.9542E-02  8.7867E-02
  1.4000E+01  6.2299E-01  6.8381E-02 -1.8174E-01
  1.4000E+01  6.2299E-01  6.8381E-02 -1.8174E-01
  1.4000E+01  6.2299E-01  6.8381E-02 -1.8174E-01
  1.4000E+01  6.2299E-01  6.8381E-02 -1.8174E-01
  1.4000E+01  6.2299E-01  6.8381E-02 -1.8174E-01
  1.4000E+01  6.2299E-01  6.8381E-02 -1.8174E-01
  1.4000E+01  6.2299E-01  6.8381E-02 -1.8174E-01
  1.5000E+01  9.5962E-01  1.0533E-01  2.5026E-01
  1.5000E+01  9.5962E-01  1.0533E-01  2.5026E-01
  1.5000E+01  9.5962E-01  1.0533E-01  2.5026E-01
  1.5000E+01  9.5962E-01  1.0533E-01  2.5026E-01
  1.5000E+01  9.5962E-01  1.0533E-01  2.5026E-01
  1.5000E+01  9.5962E-01  1.0533E-01  2.5026E-01
  1.6000E+01  8.1338E-01  8.9278E-02  8.4923E-02
  1.6000E+01  8.1338E-01  8.9278E-02  8.4923E-02
  1.6000E+01  8.1338E-01  8.9278E-02  8.4923E-02
  1.6000E+01  8.1338E-01  8.9278E-02  8.4923E-02
  1.6000E+01  8.1338E-01  8.9278E-02  8.4923E-02
  1.6000E+01  8.1338E-01  8.9278E-02  8.4923E-02
  1.6000E+01  8.1338E-01  8.9278E-02  8.4923E-02
  1.6000E+01  8.1338E-01  8.9278E-02  8.4923E-02
  1.6000E+01  8.1338E-01  8.9278E-02  8.4923E-02
  1.7000E+01  8.1793E-01  8.9778E-02  9.0499E-02
  1.7000E+01  8.1793E-01  8.9778E-02  9.0499E-02
  1.7000E+01  8.1793E-01  8.9778E-02  9.0499E-02
  1.7000E+01  8.1793E-01  8.9778E-02  9.0499E-02
  1.7000E+01  8.1793E-01  8.9778E-02  9.0499E-02
  1.7000E+01  8.1793E-01  8.9778E-02  9.0499E-02
  1.7000E+01  8.1793E-01  8.9778E-02  9.0499E-02
  1.8000E+01  7.0314E-01  7.7178E-02 -6.0716E-02
  1.8000E+01  7.0314E-01  7.7178E-02 -6.0716E-02
  1.8000E+01  7.0314E-01  7.7178E-02 -6.0716E-02
  1.8000E+01  7.0314E-01  7.7178E-02 -6.0716E-02
  1.8000E+01  7.0314E-01  7.7178E-02 -6.0716E-02
  1.8000E+01  7.0314E-01  7.7178E-02 -6.0716E-02
  1.8000E+01  7.0314E-01  7.7178E-02 -6.0716E-02
  1.8000E+01  7.0314E-01  7.7178E-02 -6.0716E-02
  1.9000E+01  7.7244E-01  8.4784E-02  3.3274E-02
  1.9000E+01  7.7244E-01  8.4784E-02  3.3274E-02
  1.9000E+01  7.7244E-01  8.4784E-02  3.3274E-02
  1.9000E+01  7.7244E-01  8.4784E-02  3.3274E-02
  1.9000E+01  7.7244E-01  8.4784E-02  3.3274E-02
  1.9000E+01  7.7244E-01  8.4784E-02  3.3274E-02
  1.9000E+01  7.7244E-01  8.4784E-02  3.3274E-02
  1.9000E+01  7.7244E-01  8.4784E-02  3.3274E-02
  2.0000E+01  8.4057E-01  9.2262E-02  1.1780E-01
  2.0000E+01  8.4057E-01  9.2262E-02  1.1780E-01
  2.0000E+01  8.4057E-01  9.2262E-02  1.1780E-01
  2.0000E+01  8.4057E-01  9.2262E-02  1.1780E-01
  2.0000E+01  8.4057E-01  9.2262E-02  1.1780E-01
  2.0000E+01  8.4057E-01  9.2262E-02  1.1780E-01
  2.0000E+01  8.4057E-01  9.2262E-02  1.1780E-01
  2.0000E+01  8.4057E-01  9.2262E-02  1.1780E-01
  2.0000E+01  8.4057E-01  9.2262E-02  1.1780E-01
  2.0000E+01  8.4057E-01  9.2262E-02  1.1780E-01
