TABLE NO.  1
 ID          TIME        DV          MDV         IPRE        IWRE        CWRES       DV          PRED        RES         WRES
  1.0000E+00  7.0000E+00  5.0022E+01  0.0000E+00  5.7328E+01 -1.8639E-01 -1.7416E-01  5.0022E+01  5.3477E+01 -3.4548E+00 -1.7332E-01
  1.0000E+00  1.1000E+01  3.0952E+02  0.0000E+00  2.4292E+02  1.4225E+00  1.4829E+00  3.0952E+02  2.2460E+02  8.4922E+01  1.5126E+00
  1.0000E+00  1.2000E+01  3.2490E+02  0.0000E+00  3.2508E+02 -3.5148E-03  7.8289E-02  3.2490E+02  3.0047E+02  2.4427E+01  8.3492E-02
  1.0000E+00  1.3000E+01  4.5084E+02  0.0000E+00  4.2495E+02  4.3026E-01  5.3656E-01  4.5084E+02  3.9286E+02  5.7978E+01  5.5188E-01
  1.0000E+00  1.4000E+01  5.7245E+02  0.0000E+00  5.4363E+02  4.0854E-01  5.4088E-01  5.7245E+02  5.0294E+02  6.9510E+01  5.5532E-01
  1.0000E+00  1.5000E+01  6.6434E+02  0.0000E+00  6.8181E+02 -2.0938E-01 -5.1206E-02  6.6434E+02  6.3146E+02  3.2877E+01 -4.9542E-02
  1.0000E+00  1.8000E+01  1.1517E+03  0.0000E+00  1.2126E+03 -4.4425E-01 -2.2222E-01  1.1517E+03  1.1286E+03  2.3078E+01 -2.2432E-01
  1.0000E+00  1.9000E+01  1.3384E+03  0.0000E+00  1.4257E+03 -5.4756E-01 -3.1067E-01  1.3384E+03  1.3296E+03  8.7389E+00 -3.1452E-01
  2.0000E+00  5.0000E+00  5.4886E+01  0.0000E+00  2.3923E+01  7.9826E-01  8.1117E-01  5.4886E+01  2.1427E+01  3.3460E+01  8.1355E-01
  2.0000E+00  6.0000E+00  5.9408E+01  0.0000E+00  3.8951E+01  5.2547E-01  5.4861E-01  5.9408E+01  3.4491E+01  2.4917E+01  5.5315E-01
  2.0000E+00  7.0000E+00  8.5662E+01  0.0000E+00  6.0929E+01  6.2995E-01  6.6864E-01  8.5662E+01  5.3477E+01  3.2186E+01  6.7742E-01
  2.0000E+00  1.1000E+01  2.6157E+02  0.0000E+00  2.6006E+02  3.1558E-02  2.0657E-01  2.6157E+02  2.2460E+02  3.6976E+01  2.3679E-01
  2.0000E+00  1.2000E+01  4.1227E+02  0.0000E+00  3.4808E+02  1.1872E+00  1.4135E+00  4.1227E+02  3.0047E+02  1.1180E+02  1.5134E+00
  2.0000E+00  1.3000E+01  4.8845E+02  0.0000E+00  4.5486E+02  5.3572E-01  8.1584E-01  4.8845E+02  3.9286E+02  9.5587E+01  8.9027E-01
  2.0000E+00  1.4000E+01  6.1886E+02  0.0000E+00  5.8148E+02  5.0506E-01  8.3828E-01  6.1886E+02  5.0294E+02  1.1591E+02  9.1683E-01
  2.0000E+00  1.5000E+01  7.9900E+02  0.0000E+00  7.2851E+02  8.0109E-01  1.1838E+00  7.9900E+02  6.3146E+02  1.6754E+02  1.2875E+00
  2.0000E+00  1.8000E+01  1.2187E+03  0.0000E+00  1.2897E+03 -4.8892E-01  5.1630E-03  1.2187E+03  1.1286E+03  9.0108E+01  1.3434E-02
  2.0000E+00  1.9000E+01  1.4155E+03  0.0000E+00  1.5135E+03 -5.8103E-01 -6.3931E-02  1.4155E+03  1.3296E+03  8.5829E+01 -6.2485E-02
  2.0000E+00  2.0000E+01  1.4102E+03  0.0000E+00  1.7529E+03 -1.7664E+00 -1.2330E+00  1.4102E+03  1.5464E+03 -1.3624E+02 -1.3182E+00
  3.0000E+00  6.0000E+00  8.9231E+01  0.0000E+00  3.9597E+01  1.2747E+00  1.2732E+00  8.9231E+01  3.4491E+01  5.4741E+01  1.2764E+00
  3.0000E+00  7.0000E+00  1.5735E+02  0.0000E+00  6.2013E+01  2.4271E+00  2.4248E+00  1.5735E+02  5.3477E+01  1.0388E+02  2.4366E+00
  3.0000E+00  1.1000E+01  2.2170E+02  0.0000E+00  2.6522E+02 -9.0248E-01 -9.0193E-01  2.2170E+02  2.2460E+02 -2.8980E+00 -9.3505E-01
  3.0000E+00  1.2000E+01  3.2749E+02  0.0000E+00  3.5499E+02 -5.0361E-01 -4.9492E-01  3.2749E+02  3.0047E+02  2.7023E+01 -5.1773E-01
  3.0000E+00  1.3000E+01  4.6144E+02  0.0000E+00  4.6383E+02 -3.7750E-02 -1.5499E-02  4.6144E+02  3.9286E+02  6.8574E+01 -1.0123E-02
  3.0000E+00  1.4000E+01  6.4145E+02  0.0000E+00  5.9282E+02  6.4790E-01  6.8904E-01  6.4145E+02  5.0294E+02  1.3850E+02  7.5104E-01
  3.0000E+00  1.5000E+01  7.4687E+02  0.0000E+00  7.4247E+02  4.9178E-02  1.1370E-01  7.4687E+02  6.3146E+02  1.1541E+02  1.2137E-01
  3.0000E+00  1.8000E+01  1.3595E+03  0.0000E+00  1.3126E+03  3.1763E-01  4.6591E-01  1.3595E+03  1.1286E+03  2.3085E+02  4.9131E-01
  4.0000E+00  6.0000E+00  5.5349E+01  0.0000E+00  2.1474E+01  8.7371E-01  8.5563E-01  5.5349E+01  3.4491E+01  2.0858E+01  8.7171E-01
  4.0000E+00  7.0000E+00  5.6176E+01  0.0000E+00  3.2021E+01  6.2163E-01  5.9226E-01  5.6176E+01  5.3477E+01  2.6992E+00  6.2393E-01
  4.0000E+00  1.1000E+01  1.0333E+02  0.0000E+00  1.2365E+02 -4.9604E-01 -6.2973E-01  1.0333E+02  2.2460E+02 -1.2127E+02 -4.0559E-01
  4.0000E+00  1.2000E+01  1.5532E+02  0.0000E+00  1.6423E+02 -2.0920E-01 -3.8826E-01  1.5532E+02  3.0047E+02 -1.4515E+02 -1.5299E-01
  4.0000E+00  1.3000E+01  1.6796E+02  0.0000E+00  2.1408E+02 -1.0219E+00 -1.2546E+00  1.6796E+02  3.9286E+02 -2.2491E+02 -7.9717E-01
  4.0000E+00  1.4000E+01  2.1938E+02  0.0000E+00  2.7421E+02 -1.1234E+00 -1.4171E+00  2.1938E+02  5.0294E+02 -2.8356E+02 -8.6136E-01
  4.0000E+00  1.5000E+01  4.1238E+02  0.0000E+00  3.4553E+02  1.2407E+00  8.7965E-01  4.1238E+02  6.3146E+02 -2.1908E+02  6.7883E-01
  4.0000E+00  1.8000E+01  5.8419E+02  0.0000E+00  6.3328E+02 -6.2255E-01 -1.2085E+00  5.8419E+02  1.1286E+03 -5.4442E+02 -7.6251E-01
  4.0000E+00  1.9000E+01  7.6207E+02  0.0000E+00  7.5503E+02  7.7801E-02 -5.8591E-01  7.6207E+02  1.3296E+03 -5.6757E+02 -4.4728E-01
  4.0000E+00  2.0000E+01  8.8033E+02  0.0000E+00  8.8978E+02 -9.0896E-02 -8.3159E-01  8.8033E+02  1.5464E+03 -6.6606E+02 -6.3600E-01
  4.0000E+00  2.1000E+01  1.0401E+03  0.0000E+00  1.0373E+03  2.3653E-02 -7.9198E-01  1.0401E+03  1.7772E+03 -7.3714E+02 -6.5819E-01
  4.0000E+00  2.2000E+01  1.3351E+03  0.0000E+00  1.1970E+03  1.0198E+00  1.3235E-01  1.3351E+03  2.0202E+03 -6.8510E+02 -1.6132E-01
  5.0000E+00  5.0000E+00  6.8809E+01  0.0000E+00  2.0333E+01  1.2505E+00  1.2514E+00  6.8809E+01  2.1427E+01  4.7382E+01  1.2503E+00
  5.0000E+00  6.0000E+00  5.9853E+01  0.0000E+00  3.2548E+01  7.0262E-01  7.0411E-01  5.9853E+01  3.4491E+01  2.5363E+01  7.0240E-01
  5.0000E+00  7.0000E+00  5.8989E+01  0.0000E+00  5.0244E+01  2.2374E-01  2.2623E-01  5.8989E+01  5.3477E+01  5.5119E+00  2.2380E-01
  5.0000E+00  1.1000E+01  1.7966E+02  0.0000E+00  2.0924E+02 -6.5917E-01 -6.4787E-01  1.7966E+02  2.2460E+02 -4.4932E+01 -6.3934E-01
  5.0000E+00  1.2000E+01  3.0979E+02  0.0000E+00  2.7981E+02  6.0959E-01  6.2413E-01  3.0979E+02  3.0047E+02  9.3193E+00  5.9000E-01
  5.0000E+00  1.3000E+01  4.7057E+02  0.0000E+00  3.6588E+02  1.8886E+00  1.9062E+00  4.7057E+02  3.9286E+02  7.7707E+01  1.7852E+00
  5.0000E+00  1.4000E+01  4.8093E+02  0.0000E+00  4.6863E+02  1.9258E-01  2.1226E-01  4.8093E+02  5.0294E+02 -2.2011E+01  1.8584E-01
  5.0000E+00  1.5000E+01  4.8878E+02  0.0000E+00  5.8888E+02 -1.3403E+00 -1.3200E+00  4.8878E+02  6.3146E+02 -1.4268E+02 -1.2147E+00
  5.0000E+00  1.8000E+01  1.0217E+03  0.0000E+00  1.0569E+03 -2.9051E-01 -2.8019E-01  1.0217E+03  1.1286E+03 -1.0689E+02 -2.6458E-01
  5.0000E+00  1.9000E+01  1.2785E+03  0.0000E+00  1.2473E+03  2.2187E-01  2.2541E-01  1.2785E+03  1.3296E+03 -5.1111E+01  1.8767E-01
  5.0000E+00  2.0000E+01  1.3774E+03  0.0000E+00  1.4534E+03 -4.6807E-01 -4.7242E-01  1.3774E+03  1.5464E+03 -1.6901E+02 -4.3908E-01
  6.0000E+00  6.0000E+00  4.6502E+01  0.0000E+00  4.2336E+01  1.0690E-01  1.3952E-01  4.6502E+01  3.4491E+01  1.2012E+01  1.4371E-01
  6.0000E+00  7.0000E+00  5.5155E+01  0.0000E+00  6.6610E+01 -2.9095E-01 -2.3640E-01  5.5155E+01  5.3477E+01  1.6786E+00 -2.3047E-01
  6.0000E+00  1.1000E+01  2.5122E+02  0.0000E+00  2.8710E+02 -7.2229E-01 -4.8950E-01  2.5122E+02  2.2460E+02  2.6625E+01 -5.0534E-01
  6.0000E+00  1.2000E+01  3.4118E+02  0.0000E+00  3.8427E+02 -7.5765E-01 -4.6476E-01  3.4118E+02  3.0047E+02  4.0706E+01 -4.9522E-01
  6.0000E+00  1.3000E+01  4.3833E+02  0.0000E+00  5.0181E+02 -9.5041E-01 -5.9667E-01  4.3833E+02  3.9286E+02  4.5471E+01 -6.6293E-01
  6.0000E+00  1.4000E+01  8.5995E+02  0.0000E+00  6.4070E+02  2.7563E+00  3.1695E+00  8.5995E+02  5.0294E+02  3.5701E+02  3.6553E+00
  6.0000E+00  1.5000E+01  8.5473E+02  0.0000E+00  8.0132E+02  5.6135E-01  1.0312E+00  8.5473E+02  6.3146E+02  2.2327E+02  1.1936E+00
  6.0000E+00  1.8000E+01  1.1433E+03  0.0000E+00  1.4084E+03 -1.6823E+00 -1.0724E+00  1.1433E+03  1.1286E+03  1.4668E+01 -1.2786E+00
  7.0000E+00  6.0000E+00  9.4728E+01  0.0000E+00  5.1111E+01  1.1156E+00  1.1514E+00  9.4728E+01  3.4491E+01  6.0237E+01  1.1756E+00
  7.0000E+00  7.0000E+00  1.2609E+02  0.0000E+00  8.1405E+01  1.1258E+00  1.1862E+00  1.2609E+02  5.3477E+01  7.2617E+01  1.2374E+00
  7.0000E+00  1.1000E+01  3.3314E+02  0.0000E+00  3.5734E+02 -4.4183E-01 -1.5555E-01  3.3314E+02  2.2460E+02  1.0854E+02 -9.5247E-02
  7.0000E+00  1.2000E+01  5.3868E+02  0.0000E+00  4.7784E+02  9.4056E-01  1.3169E+00  5.3868E+02  3.0047E+02  2.3821E+02  1.7256E+00
  7.0000E+00  1.3000E+01  6.6993E+02  0.0000E+00  6.2250E+02  6.0947E-01  1.0842E+00  6.6993E+02  3.9286E+02  2.7707E+02  1.4505E+00
  7.0000E+00  1.4000E+01  7.6253E+02  0.0000E+00  7.9189E+02 -3.1165E-01  2.6499E-01  7.6253E+02  5.0294E+02  2.5959E+02  3.2112E-01
  7.0000E+00  1.5000E+01  9.2372E+02  0.0000E+00  9.8581E+02 -5.4602E-01  1.3155E-01  9.2372E+02  6.3146E+02  2.9226E+02  8.3856E-02
  8.0000E+00  1.1000E+01  2.0116E+02  0.0000E+00  2.0001E+02  2.6001E-02 -4.0423E-02  2.0116E+02  2.2460E+02 -2.3432E+01 -3.9640E-02
  8.0000E+00  1.2000E+01  3.1638E+02  0.0000E+00  2.6738E+02  1.0133E+00  9.2836E-01  3.1638E+02  3.0047E+02  1.5914E+01  8.7408E-01
  8.0000E+00  1.3000E+01  3.3824E+02  0.0000E+00  3.4962E+02 -2.1004E-01 -3.1399E-01  3.3824E+02  3.9286E+02 -5.4624E+01 -2.9273E-01
  8.0000E+00  1.4000E+01  4.1196E+02  0.0000E+00  4.4792E+02 -5.7892E-01 -7.0172E-01  4.1196E+02  5.0294E+02 -9.0982E+01 -6.3731E-01
  8.0000E+00  1.5000E+01  5.8667E+02  0.0000E+00  5.6313E+02  3.2549E-01  1.8436E-01  5.8667E+02  6.3146E+02 -4.4793E+01  1.5356E-01
  8.0000E+00  1.8000E+01  9.9188E+02  0.0000E+00  1.0132E+03 -1.8264E-01 -3.7498E-01  9.9188E+02  1.1286E+03 -1.3673E+02 -3.4107E-01
  8.0000E+00  1.9000E+01  1.2199E+03  0.0000E+00  1.1970E+03  1.6899E-01 -3.8836E-02  1.2199E+03  1.3296E+03 -1.0974E+02 -5.3125E-02
  9.0000E+00  6.0000E+00  1.8567E+01  0.0000E+00  2.5951E+01 -1.9029E-01 -2.1143E-01  1.8567E+01  3.4491E+01 -1.5923E+01 -2.0093E-01
  9.0000E+00  7.0000E+00  7.3294E+01  0.0000E+00  3.9339E+01  8.7207E-01  8.3737E-01  7.3294E+01  5.3477E+01  1.9817E+01  8.5159E-01
  9.0000E+00  1.1000E+01  1.2682E+02  0.0000E+00  1.5773E+02 -7.3042E-01 -8.8909E-01  1.2682E+02  2.2460E+02 -9.7776E+01 -7.4585E-01
  9.0000E+00  1.2000E+01  2.2266E+02  0.0000E+00  2.1032E+02  2.7467E-01  6.4223E-02  2.2266E+02  3.0047E+02 -7.7808E+01  1.3191E-01
  9.0000E+00  1.3000E+01  2.4473E+02  0.0000E+00  2.7477E+02 -6.1513E-01 -8.8459E-01  2.4473E+02  3.9286E+02 -1.4814E+02 -6.6494E-01
  9.0000E+00  1.4000E+01  3.3363E+02  0.0000E+00  3.5223E+02 -3.4194E-01 -6.7573E-01  3.3363E+02  5.0294E+02 -1.6931E+02 -4.7881E-01
  9.0000E+00  1.5000E+01  3.6748E+02  0.0000E+00  4.4361E+02 -1.2329E+00 -1.6341E+00  3.6748E+02  6.3146E+02 -2.6398E+02 -1.2006E+00
  9.0000E+00  1.8000E+01  8.0578E+02  0.0000E+00  8.0690E+02 -1.1749E-02 -6.1252E-01  8.0578E+02  1.1286E+03 -3.2283E+02 -4.7425E-01
  9.0000E+00  1.9000E+01  1.0300E+03  0.0000E+00  9.5812E+02  6.4837E-01 -1.2869E-02  1.0300E+03  1.3296E+03 -2.9961E+02 -6.9172E-02
  9.0000E+00  2.0000E+01  1.2728E+03  0.0000E+00  1.1239E+03  1.1644E+00  4.4755E-01  1.2728E+03  1.5464E+03 -2.7357E+02  2.3983E-01
  1.0000E+01  6.0000E+00  2.6880E+01  0.0000E+00  2.5015E+01  4.8084E-02  2.9996E-02  2.6880E+01  3.4491E+01 -7.6106E+00  3.9008E-02
  1.0000E+01  1.1000E+01  1.4415E+02  0.0000E+00  1.5052E+02 -1.5174E-01 -2.8652E-01  1.4415E+02  2.2460E+02 -8.0446E+01 -1.8966E-01
  1.0000E+01  1.2000E+01  1.9340E+02  0.0000E+00  2.0059E+02 -1.6179E-01 -3.4036E-01  1.9340E+02  3.0047E+02 -1.0707E+02 -2.1862E-01
  1.0000E+01  1.3000E+01  2.8117E+02  0.0000E+00  2.6197E+02  3.9992E-01  1.7150E-01  2.8117E+02  3.9286E+02 -1.1169E+02  2.0983E-01
  1.0000E+01  1.4000E+01  2.9489E+02  0.0000E+00  3.3580E+02 -7.6976E-01 -1.0526E+00  2.9489E+02  5.0294E+02 -2.0806E+02 -7.5602E-01
  1.0000E+01  1.5000E+01  3.9188E+02  0.0000E+00  4.2300E+02 -5.1843E-01 -8.5848E-01  3.9188E+02  6.3146E+02 -2.3958E+02 -5.9844E-01
  1.0000E+01  1.8000E+01  7.4496E+02  0.0000E+00  7.7076E+02 -2.8007E-01 -7.9509E-01  7.4496E+02  1.1286E+03 -3.8366E+02 -5.9372E-01
  1.0000E+01  1.9000E+01  9.9033E+02  0.0000E+00  9.1600E+02  6.9709E-01  1.2624E-01  9.9033E+02  1.3296E+03 -3.3931E+02  9.4035E-03
  1.0000E+01  2.0000E+01  1.0853E+03  0.0000E+00  1.0755E+03  7.9660E-02 -5.4435E-01  1.0853E+03  1.5464E+03 -4.6108E+02 -4.6841E-01
  1.0000E+01  2.1000E+01  1.3312E+03  0.0000E+00  1.2487E+03  5.8567E-01 -8.8081E-02  1.3312E+03  1.7772E+03 -4.4602E+02 -1.7724E-01
  1.1000E+01  9.0000E+00  1.3992E+01  0.0000E+00  7.2308E+01 -1.4768E+00 -1.5264E+00  1.3992E+01  1.1622E+02 -1.0223E+02 -1.4113E+00
  1.1000E+01  1.0000E+01  2.3745E+01  0.0000E+00  1.0046E+02 -1.9081E+00 -1.9793E+00  2.3745E+01  1.6376E+02 -1.4001E+02 -1.7722E+00
  1.1000E+01  1.1000E+01  4.2285E+01  0.0000E+00  1.3649E+02 -2.2734E+00 -2.3722E+00  4.2285E+01  2.2460E+02 -1.8231E+02 -2.0258E+00
  1.1000E+01  1.4000E+01  3.0702E+02  0.0000E+00  3.0369E+02  6.5657E-02 -1.5452E-01  3.0702E+02  5.0294E+02 -1.9592E+02 -3.7193E-02
  1.1000E+01  1.5000E+01  4.3996E+02  0.0000E+00  3.8265E+02  1.0098E+00  7.3692E-01  4.3996E+02  6.3146E+02 -1.9150E+02  5.4785E-01
  1.1000E+01  1.6000E+01  5.4535E+02  0.0000E+00  4.7463E+02  1.0980E+00  7.6726E-01  5.4535E+02  7.7874E+02 -2.3340E+02  4.9977E-01
  1.1000E+01  1.7000E+01  6.0547E+02  0.0000E+00  5.8013E+02  3.4292E-01 -4.9818E-02  6.0547E+02  9.4465E+02 -3.3918E+02 -8.7506E-02
  1.1000E+01  1.8000E+01  7.4313E+02  0.0000E+00  6.9947E+02  5.1259E-01  5.4669E-02  7.4313E+02  1.1286E+03 -3.8548E+02 -6.7225E-02
  1.1000E+01  2.1000E+01  9.6310E+02  0.0000E+00  1.1397E+03 -1.3631E+00 -2.0235E+00  9.6310E+02  1.7772E+03 -8.1411E+02 -1.4870E+00
  1.2000E+01  1.1000E+01  1.0937E+02  0.0000E+00  1.4500E+02 -8.5289E-01 -9.6265E-01  1.0937E+02  2.2460E+02 -1.1523E+02 -7.9545E-01
  1.2000E+01  1.4000E+01  3.9051E+02  0.0000E+00  3.2317E+02  1.2896E+00  1.0507E+00  3.9051E+02  5.0294E+02 -1.1243E+02  8.5365E-01
  1.2000E+01  1.5000E+01  4.3064E+02  0.0000E+00  4.0715E+02  4.0007E-01  1.0767E-01  4.3064E+02  6.3146E+02 -2.0082E+02  1.1073E-01
  1.2000E+01  1.6000E+01  4.1365E+02  0.0000E+00  5.0480E+02 -1.3594E+00 -1.7087E+00  4.1365E+02  7.7874E+02 -3.6509E+02 -1.1745E+00
  1.2000E+01  1.7000E+01  5.4487E+02  0.0000E+00  6.1661E+02 -9.2848E-01 -1.3369E+00  5.4487E+02  9.4465E+02 -3.9979E+02 -9.2677E-01
  1.2000E+01  1.8000E+01  7.4950E+02  0.0000E+00  7.4282E+02  7.4641E-02 -3.9373E-01  7.4950E+02  1.1286E+03 -3.7912E+02 -3.2117E-01
  1.2000E+01  2.1000E+01  1.3128E+03  0.0000E+00  1.2061E+03  7.8206E-01  1.3999E-01  1.3128E+03  1.7772E+03 -4.6438E+02 -4.6701E-02
  1.2000E+01  2.2000E+01  1.4148E+03  0.0000E+00  1.3870E+03  1.7887E-01 -5.1547E-01  1.4148E+03  2.0202E+03 -6.0548E+02 -5.0225E-01
  1.3000E+01  7.0000E+00  4.9278E+01  0.0000E+00  6.9601E+01 -5.1542E-01 -5.2401E-01  4.9278E+01  5.3477E+01 -4.1986E+00 -5.3882E-01
  1.3000E+01  8.0000E+00  7.6058E+01  0.0000E+00  1.0561E+02 -7.3208E-01 -7.4572E-01  7.6058E+01  8.0100E+01 -4.0416E+00 -7.7320E-01
  1.3000E+01  9.0000E+00  1.4878E+02  0.0000E+00  1.5461E+02 -1.3829E-01 -1.5878E-01  1.4878E+02  1.1622E+02  3.2561E+01 -1.8374E-01
  1.3000E+01  1.0000E+01  1.1859E+02  0.0000E+00  2.1909E+02 -2.2129E+00 -2.2419E+00  1.1859E+02  1.6376E+02 -4.5168E+01 -2.4112E+00
  1.3000E+01  1.1000E+01  2.0243E+02  0.0000E+00  3.0133E+02 -1.9524E+00 -1.9904E+00  2.0243E+02  2.2460E+02 -2.2169E+01 -2.2247E+00
  1.3000E+01  1.4000E+01  5.6855E+02  0.0000E+00  6.7164E+02 -1.2496E+00 -1.2887E+00  5.6855E+02  5.0294E+02  6.5607E+01 -1.6072E+00
  1.3000E+01  1.5000E+01  1.0068E+03  0.0000E+00  8.3923E+02  1.6935E+00  1.6717E+00  1.0068E+03  6.3146E+02  3.7529E+02  1.9349E+00
  1.3000E+01  1.6000E+01  1.0851E+03  0.0000E+00  1.0288E+03  4.7637E-01  4.8122E-01  1.0851E+03  7.7874E+02  3.0635E+02  4.8400E-01
  1.3000E+01  1.7000E+01  1.4921E+03  0.0000E+00  1.2394E+03  1.8057E+00  1.8450E+00  1.4921E+03  9.4465E+02  5.4741E+02  2.1270E+00
  1.4000E+01  1.1000E+01  6.9900E+01  0.0000E+00  1.2353E+02 -1.3095E+00 -1.4914E+00  6.9900E+01  2.2460E+02 -1.5470E+02 -1.1899E+00
  1.4000E+01  1.4000E+01  2.4218E+02  0.0000E+00  2.7394E+02 -6.5088E-01 -1.0499E+00  2.4218E+02  5.0294E+02 -2.6076E+02 -6.4233E-01
  1.4000E+01  1.5000E+01  3.7053E+02  0.0000E+00  3.4519E+02  4.7058E-01 -1.9413E-02  3.7053E+02  6.3146E+02 -2.6093E+02  3.8913E-02
  1.4000E+01  1.6000E+01  4.0819E+02  0.0000E+00  4.2838E+02 -3.3388E-01 -9.2082E-01  4.0819E+02  7.7874E+02 -3.7055E+02 -5.7636E-01
  1.4000E+01  1.7000E+01  5.2224E+02  0.0000E+00  5.2407E+02 -2.6755E-02 -7.1440E-01  5.2224E+02  9.4465E+02 -4.2242E+02 -4.8916E-01
  1.4000E+01  1.8000E+01  6.1625E+02  0.0000E+00  6.3266E+02 -2.0832E-01 -9.9822E-01  6.1625E+02  1.1286E+03 -5.1236E+02 -7.0114E-01
  1.4000E+01  2.1000E+01  1.1427E+03  0.0000E+00  1.0363E+03  8.9488E-01 -1.9140E-01  1.1427E+03  1.7772E+03 -6.3452E+02 -3.6702E-01
  1.5000E+01  4.0000E+00  3.4157E+01  0.0000E+00  2.2929E+01  2.8952E-01  3.4232E-01  3.4157E+01  1.2780E+01  2.1377E+01  3.6567E-01
  1.5000E+01  7.0000E+00  1.5356E+02  0.0000E+00  1.1583E+02  9.2739E-01  1.2644E+00  1.5356E+02  5.3477E+01  1.0009E+02  1.5044E+00
  1.5000E+01  8.0000E+00  2.4071E+02  0.0000E+00  1.7908E+02  1.4233E+00  1.9526E+00  2.4071E+02  8.0100E+01  1.6061E+02  2.4157E+00
  1.5000E+01  9.0000E+00  2.7921E+02  0.0000E+00  2.6507E+02  2.9330E-01  1.0686E+00  2.7921E+02  1.1622E+02  1.6299E+02  1.6255E+00
  1.5000E+01  1.0000E+01  4.2300E+02  0.0000E+00  3.7727E+02  8.1186E-01  1.8767E+00  4.2300E+02  1.6376E+02  2.5924E+02  2.8414E+00
  1.5000E+01  1.1000E+01  4.2466E+02  0.0000E+00  5.1835E+02 -1.3725E+00  7.3907E-03  4.2466E+02  2.2460E+02  2.0006E+02  2.6174E-01
  1.6000E+01  7.0000E+00  6.7362E+01  0.0000E+00  6.8979E+01 -4.1036E-02 -5.6364E-02  6.7362E+01  5.3477E+01  1.3885E+01 -5.8910E-02
  1.6000E+01  8.0000E+00  7.3277E+01  0.0000E+00  1.0462E+02 -7.7713E-01 -8.0068E-01  7.3277E+01  8.0100E+01 -6.8227E+00 -8.1532E-01
  1.6000E+01  9.0000E+00  8.1923E+01  0.0000E+00  1.5313E+02 -1.6907E+00 -1.7241E+00  8.1923E+01  1.1622E+02 -3.4298E+01 -1.7835E+00
  1.6000E+01  1.0000E+01  1.4119E+02  0.0000E+00  2.1695E+02 -1.6726E+00 -1.7157E+00  1.4119E+02  1.6376E+02 -2.2566E+01 -1.8224E+00
  1.6000E+01  1.1000E+01  2.9142E+02  0.0000E+00  2.9837E+02 -1.3790E-01 -1.8745E-01  2.9142E+02  2.2460E+02  6.6819E+01 -2.1053E-01
  1.6000E+01  1.4000E+01  7.1939E+02  0.0000E+00  6.6522E+02  6.6161E-01  6.4188E-01  7.1939E+02  5.0294E+02  2.1645E+02  7.2365E-01
  1.6000E+01  1.5000E+01  8.9126E+02  0.0000E+00  8.3137E+02  6.1028E-01  6.2032E-01  8.9126E+02  6.3146E+02  2.5980E+02  6.8987E-01
  1.6000E+01  1.6000E+01  1.0261E+03  0.0000E+00  1.0194E+03  5.7174E-02  1.0478E-01  1.0261E+03  7.7874E+02  2.4738E+02  5.6307E-02
  1.6000E+01  1.7000E+01  1.3878E+03  0.0000E+00  1.2284E+03  1.1483E+00  1.2388E+00  1.3878E+03  9.4465E+02  4.4312E+02  1.4081E+00
  1.7000E+01  9.0000E+00  9.5995E+01  0.0000E+00  1.5595E+02 -1.4196E+00 -1.3364E+00  9.5995E+01  1.1622E+02 -2.0226E+01 -1.3494E+00
  1.7000E+01  1.0000E+01  2.6843E+02  0.0000E+00  2.2102E+02  1.0413E+00  1.1600E+00  2.6843E+02  1.6376E+02  1.0467E+02  1.2835E+00
  1.7000E+01  1.1000E+01  3.7577E+02  0.0000E+00  3.0400E+02  1.4116E+00  1.5732E+00  3.7577E+02  2.2460E+02  1.5118E+02  1.7887E+00
  1.7000E+01  1.4000E+01  6.3909E+02  0.0000E+00  6.7742E+02 -4.6157E-01 -1.4203E-01  6.3909E+02  5.0294E+02  1.3615E+02 -1.5513E-01
  1.7000E+01  1.5000E+01  9.2436E+02  0.0000E+00  8.4631E+02  7.8341E-01  1.1584E+00  9.2436E+02  6.3146E+02  2.9290E+02  1.4041E+00
  1.7000E+01  1.6000E+01  8.8997E+02  0.0000E+00  1.0373E+03 -1.2380E+00 -8.0946E-01  8.8997E+02  7.7874E+02  1.1123E+02 -1.0149E+00
  1.7000E+01  1.7000E+01  1.2785E+03  0.0000E+00  1.2493E+03  2.0720E-01  6.8601E-01  1.2785E+03  9.4465E+02  3.3389E+02  7.9686E-01
  1.8000E+01  9.0000E+00  7.0744E+01  0.0000E+00  9.5770E+01 -6.2453E-01 -6.9926E-01  7.0744E+01  1.1622E+02 -4.5476E+01 -6.5037E-01
  1.8000E+01  1.0000E+01  9.4620E+01  0.0000E+00  1.3426E+02 -9.5869E-01 -1.0658E+00  9.4620E+01  1.6376E+02 -6.9139E+01 -9.8284E-01
  1.8000E+01  1.1000E+01  1.1829E+02  0.0000E+00  1.8356E+02 -1.4998E+00 -1.6475E+00  1.1829E+02  2.2460E+02 -1.0631E+02 -1.4987E+00
  1.8000E+01  1.4000E+01  3.2642E+02  0.0000E+00  4.1085E+02 -1.4305E+00 -1.7399E+00  3.2642E+02  5.0294E+02 -1.7652E+02 -1.4350E+00
  1.8000E+01  1.5000E+01  4.7725E+02  0.0000E+00  5.1694E+02 -5.8253E-01 -9.5176E-01  4.7725E+02  6.3146E+02 -1.5421E+02 -7.5213E-01
  1.8000E+01  1.6000E+01  6.1731E+02  0.0000E+00  6.3941E+02 -2.7832E-01 -7.0571E-01  6.1731E+02  7.7874E+02 -1.6143E+02 -5.4954E-01
  1.8000E+01  1.7000E+01  8.4731E+02  0.0000E+00  7.7851E+02  7.4065E-01  2.5897E-01  8.4731E+02  9.4465E+02 -9.7338E+01  2.2366E-01
  1.8000E+01  1.8000E+01  1.1687E+03  0.0000E+00  9.3411E+02  2.1623E+00  1.6317E+00  1.1687E+03  1.1286E+03  4.0038E+01  1.3149E+00
  1.9000E+01  9.0000E+00  1.0573E+02  0.0000E+00  1.2940E+02 -5.7503E-01 -5.7256E-01  1.0573E+02  1.1622E+02 -1.0494E+01 -5.7433E-01
  1.9000E+01  1.0000E+01  1.9345E+02  0.0000E+00  1.8276E+02  2.4570E-01  2.5086E-01  1.9345E+02  1.6376E+02  2.9689E+01  2.6132E-01
  1.9000E+01  1.1000E+01  2.4754E+02  0.0000E+00  2.5099E+02 -7.3018E-02 -6.2744E-02  2.4754E+02  2.2460E+02  2.2940E+01 -5.7952E-02
  1.9000E+01  1.4000E+01  6.6064E+02  0.0000E+00  5.6149E+02  1.3741E+00  1.4209E+00  6.6064E+02  5.0294E+02  1.5770E+02  1.4892E+00
  1.9000E+01  1.5000E+01  6.7733E+02  0.0000E+00  7.0386E+02 -3.0993E-01 -2.4486E-01  6.7733E+02  6.3146E+02  4.5870E+01 -2.5280E-01
  1.9000E+01  1.6000E+01  8.4411E+02  0.0000E+00  8.6627E+02 -2.1806E-01 -1.3342E-01  8.4411E+02  7.7874E+02  6.5367E+01 -1.3809E-01
  1.9000E+01  1.7000E+01  1.0202E+03  0.0000E+00  1.0483E+03 -2.3360E-01 -1.2906E-01  1.0202E+03  9.4465E+02  7.5600E+01 -1.3529E-01
  1.9000E+01  1.8000E+01  1.2579E+03  0.0000E+00  1.2491E+03  6.2750E-02  1.8670E-01  1.2579E+03  1.1286E+03  1.2932E+02  1.9245E-01
  2.0000E+01  7.0000E+00  6.8877E+01  0.0000E+00  7.6296E+01 -1.8744E-01 -1.0466E-01  6.8877E+01  5.3477E+01  1.5401E+01 -7.0656E-02
  2.0000E+01  8.0000E+00  1.1392E+02  0.0000E+00  1.1623E+02 -5.6732E-02  7.3266E-02  1.1392E+02  8.0100E+01  3.3818E+01  1.3138E-01
  2.0000E+01  9.0000E+00  1.3339E+02  0.0000E+00  1.7061E+02 -8.6771E-01 -6.7593E-01  1.3339E+02  1.1622E+02  1.7166E+01 -6.3169E-01
  2.0000E+01  1.0000E+01  2.1320E+02  0.0000E+00  2.4211E+02 -6.1804E-01 -3.5142E-01  2.1320E+02  1.6376E+02  4.9442E+01 -2.8355E-01
  2.0000E+01  1.1000E+01  4.5050E+02  0.0000E+00  3.3313E+02  2.2167E+00  2.5673E+00  4.5050E+02  2.2460E+02  2.2590E+02  3.0671E+00
  2.0000E+01  1.4000E+01  8.4285E+02  0.0000E+00  7.4020E+02  1.1516E+00  1.7622E+00  8.4285E+02  5.0294E+02  3.3991E+02  2.3333E+00
  2.0000E+01  1.5000E+01  1.0696E+03  0.0000E+00  9.2296E+02  1.3665E+00  2.0545E+00  1.0696E+03  6.3146E+02  4.3817E+02  2.7188E+00
  2.0000E+01  1.6000E+01  1.0833E+03  0.0000E+00  1.1287E+03 -3.5299E-01  4.0437E-01  1.0833E+03  7.7874E+02  3.0461E+02  5.2863E-01
  2.0000E+01  1.7000E+01  1.1068E+03  0.0000E+00  1.3560E+03 -1.6386E+00 -8.2123E-01  1.1068E+03  9.4465E+02  1.6211E+02 -1.1185E+00
  2.0000E+01  1.8000E+01  1.2896E+03  0.0000E+00  1.6029E+03 -1.7590E+00 -8.9156E-01  1.2896E+03  1.1286E+03  1.6099E+02 -1.2319E+00
