TABLE NO.  2
 ID          CL          V           ETA1        ETA2
  1.0000E+00  6.2875E-03  1.3311E+00 -7.5793E-02 -5.5151E-02
  1.0000E+00  6.2875E-03  1.3311E+00 -7.5793E-02 -5.5151E-02
  1.0000E+00  6.2875E-03  1.3311E+00 -7.5793E-02 -5.5151E-02
  1.0000E+00  6.2875E-03  1.3311E+00 -7.5793E-02 -5.5151E-02
  1.0000E+00  6.2875E-03  1.3311E+00 -7.5793E-02 -5.5151E-02
  1.0000E+00  6.2875E-03  1.3311E+00 -7.5793E-02 -5.5151E-02
  1.0000E+00  6.2875E-03  1.3311E+00 -7.5793E-02 -5.5151E-02
  1.0000E+00  6.2875E-03  1.3311E+00 -7.5793E-02 -5.5151E-02
  1.0000E+00  6.2875E-03  1.3311E+00 -7.5793E-02 -5.5151E-02
  1.0000E+00  6.2875E-03  1.3311E+00 -7.5793E-02 -5.5151E-02
  1.0000E+00  6.2875E-03  1.3311E+00 -7.5793E-02 -5.5151E-02
  1.0000E+00  6.2875E-03  1.3311E+00 -7.5793E-02 -5.5151E-02
  1.0000E+00  6.2875E-03  1.3311E+00 -7.5793E-02 -5.5151E-02
  2.0000E+00  5.4641E-03  1.1929E+00 -2.1616E-01 -1.6475E-01
  2.0000E+00  5.4641E-03  1.1929E+00 -2.1616E-01 -1.6475E-01
  2.0000E+00  5.4641E-03  1.1929E+00 -2.1616E-01 -1.6475E-01
  2.0000E+00  5.4641E-03  1.1929E+00 -2.1616E-01 -1.6475E-01
  2.0000E+00  5.4641E-03  1.1929E+00 -2.1616E-01 -1.6475E-01
  2.0000E+00  5.4641E-03  1.1929E+00 -2.1616E-01 -1.6475E-01
  2.0000E+00  5.4641E-03  1.1929E+00 -2.1616E-01 -1.6475E-01
  2.0000E+00  5.4641E-03  1.1929E+00 -2.1616E-01 -1.6475E-01
  2.0000E+00  5.4641E-03  1.1929E+00 -2.1616E-01 -1.6475E-01
  2.0000E+00  5.4641E-03  1.1929E+00 -2.1616E-01 -1.6475E-01
  2.0000E+00  5.4641E-03  1.1929E+00 -2.1616E-01 -1.6475E-01
  2.0000E+00  5.4641E-03  1.1929E+00 -2.1616E-01 -1.6475E-01
  2.0000E+00  5.4641E-03  1.1929E+00 -2.1616E-01 -1.6475E-01
  2.0000E+00  5.4641E-03  1.1929E+00 -2.1616E-01 -1.6475E-01
  2.0000E+00  5.4641E-03  1.1929E+00 -2.1616E-01 -1.6475E-01
  2.0000E+00  5.4641E-03  1.1929E+00 -2.1616E-01 -1.6475E-01
  3.0000E+00  8.7230E-03  1.7065E+00  2.5160E-01  1.9331E-01
  3.0000E+00  8.7230E-03  1.7065E+00  2.5160E-01  1.9331E-01
  3.0000E+00  8.7230E-03  1.7065E+00  2.5160E-01  1.9331E-01
  3.0000E+00  8.7230E-03  1.7065E+00  2.5160E-01  1.9331E-01
  3.0000E+00  8.7230E-03  1.7065E+00  2.5160E-01  1.9331E-01
  3.0000E+00  8.7230E-03  1.7065E+00  2.5160E-01  1.9331E-01
  3.0000E+00  8.7230E-03  1.7065E+00  2.5160E-01  1.9331E-01
  3.0000E+00  8.7230E-03  1.7065E+00  2.5160E-01  1.9331E-01
  3.0000E+00  8.7230E-03  1.7065E+00  2.5160E-01  1.9331E-01
  3.0000E+00  8.7230E-03  1.7065E+00  2.5160E-01  1.9331E-01
  3.0000E+00  8.7230E-03  1.7065E+00  2.5160E-01  1.9331E-01
  3.0000E+00  8.7230E-03  1.7065E+00  2.5160E-01  1.9331E-01
  3.0000E+00  8.7230E-03  1.7065E+00  2.5160E-01  1.9331E-01
  3.0000E+00  8.7230E-03  1.7065E+00  2.5160E-01  1.9331E-01
  3.0000E+00  8.7230E-03  1.7065E+00  2.5160E-01  1.9331E-01
  3.0000E+00  8.7230E-03  1.7065E+00  2.5160E-01  1.9331E-01
  4.0000E+00  3.9429E-03  9.1910E-01 -5.4244E-01 -4.2551E-01
  4.0000E+00  3.9429E-03  9.1910E-01 -5.4244E-01 -4.2551E-01
  4.0000E+00  3.9429E-03  9.1910E-01 -5.4244E-01 -4.2551E-01
  4.0000E+00  3.9429E-03  9.1910E-01 -5.4244E-01 -4.2551E-01
  4.0000E+00  3.9429E-03  9.1910E-01 -5.4244E-01 -4.2551E-01
  4.0000E+00  3.9429E-03  9.1910E-01 -5.4244E-01 -4.2551E-01
  4.0000E+00  3.9429E-03  9.1910E-01 -5.4244E-01 -4.2551E-01
  4.0000E+00  3.9429E-03  9.1910E-01 -5.4244E-01 -4.2551E-01
  4.0000E+00  3.9429E-03  9.1910E-01 -5.4244E-01 -4.2551E-01
  4.0000E+00  3.9429E-03  9.1910E-01 -5.4244E-01 -4.2551E-01
  4.0000E+00  3.9429E-03  9.1910E-01 -5.4244E-01 -4.2551E-01
  4.0000E+00  3.9429E-03  9.1910E-01 -5.4244E-01 -4.2551E-01
  4.0000E+00  3.9429E-03  9.1910E-01 -5.4244E-01 -4.2551E-01
  4.0000E+00  3.9429E-03  9.1910E-01 -5.4244E-01 -4.2551E-01
  4.0000E+00  3.9429E-03  9.1910E-01 -5.4244E-01 -4.2551E-01
  5.0000E+00  9.4156E-03  1.8185E+00  3.2801E-01  2.5688E-01
  5.0000E+00  9.4156E-03  1.8185E+00  3.2801E-01  2.5688E-01
  5.0000E+00  9.4156E-03  1.8185E+00  3.2801E-01  2.5688E-01
  5.0000E+00  9.4156E-03  1.8185E+00  3.2801E-01  2.5688E-01
  5.0000E+00  9.4156E-03  1.8185E+00  3.2801E-01  2.5688E-01
  5.0000E+00  9.4156E-03  1.8185E+00  3.2801E-01  2.5688E-01
  5.0000E+00  9.4156E-03  1.8185E+00  3.2801E-01  2.5688E-01
  5.0000E+00  9.4156E-03  1.8185E+00  3.2801E-01  2.5688E-01
  5.0000E+00  9.4156E-03  1.8185E+00  3.2801E-01  2.5688E-01
  5.0000E+00  9.4156E-03  1.8185E+00  3.2801E-01  2.5688E-01
  5.0000E+00  9.4156E-03  1.8185E+00  3.2801E-01  2.5688E-01
  5.0000E+00  9.4156E-03  1.8185E+00  3.2801E-01  2.5688E-01
  5.0000E+00  9.4156E-03  1.8185E+00  3.2801E-01  2.5688E-01
  5.0000E+00  9.4156E-03  1.8185E+00  3.2801E-01  2.5688E-01
  5.0000E+00  9.4156E-03  1.8185E+00  3.2801E-01  2.5688E-01
  6.0000E+00  5.9578E-03  1.2817E+00 -1.2967E-01 -9.2986E-02
  6.0000E+00  5.9578E-03  1.2817E+00 -1.2967E-01 -9.2986E-02
  6.0000E+00  5.9578E-03  1.2817E+00 -1.2967E-01 -9.2986E-02
  6.0000E+00  5.9578E-03  1.2817E+00 -1.2967E-01 -9.2986E-02
  6.0000E+00  5.9578E-03  1.2817E+00 -1.2967E-01 -9.2986E-02
  6.0000E+00  5.9578E-03  1.2817E+00 -1.2967E-01 -9.2986E-02
  6.0000E+00  5.9578E-03  1.2817E+00 -1.2967E-01 -9.2986E-02
  6.0000E+00  5.9578E-03  1.2817E+00 -1.2967E-01 -9.2986E-02
  6.0000E+00  5.9578E-03  1.2817E+00 -1.2967E-01 -9.2986E-02
  6.0000E+00  5.9578E-03  1.2817E+00 -1.2967E-01 -9.2986E-02
  6.0000E+00  5.9578E-03  1.2817E+00 -1.2967E-01 -9.2986E-02
  6.0000E+00  5.9578E-03  1.2817E+00 -1.2967E-01 -9.2986E-02
  6.0000E+00  5.9578E-03  1.2817E+00 -1.2967E-01 -9.2986E-02
  6.0000E+00  5.9578E-03  1.2817E+00 -1.2967E-01 -9.2986E-02
  6.0000E+00  5.9578E-03  1.2817E+00 -1.2967E-01 -9.2986E-02
  6.0000E+00  5.9578E-03  1.2817E+00 -1.2967E-01 -9.2986E-02
  7.0000E+00  4.8648E-03  1.0802E+00 -3.3233E-01 -2.6403E-01
  7.0000E+00  4.8648E-03  1.0802E+00 -3.3233E-01 -2.6403E-01
  7.0000E+00  4.8648E-03  1.0802E+00 -3.3233E-01 -2.6403E-01
  7.0000E+00  4.8648E-03  1.0802E+00 -3.3233E-01 -2.6403E-01
  7.0000E+00  4.8648E-03  1.0802E+00 -3.3233E-01 -2.6403E-01
  7.0000E+00  4.8648E-03  1.0802E+00 -3.3233E-01 -2.6403E-01
  7.0000E+00  4.8648E-03  1.0802E+00 -3.3233E-01 -2.6403E-01
  7.0000E+00  4.8648E-03  1.0802E+00 -3.3233E-01 -2.6403E-01
  7.0000E+00  4.8648E-03  1.0802E+00 -3.3233E-01 -2.6403E-01
  7.0000E+00  4.8648E-03  1.0802E+00 -3.3233E-01 -2.6403E-01
  7.0000E+00  4.8648E-03  1.0802E+00 -3.3233E-01 -2.6403E-01
  7.0000E+00  4.8648E-03  1.0802E+00 -3.3233E-01 -2.6403E-01
  7.0000E+00  4.8648E-03  1.0802E+00 -3.3233E-01 -2.6403E-01
  7.0000E+00  4.8648E-03  1.0802E+00 -3.3233E-01 -2.6403E-01
  7.0000E+00  4.8648E-03  1.0802E+00 -3.3233E-01 -2.6403E-01
  7.0000E+00  4.8648E-03  1.0802E+00 -3.3233E-01 -2.6403E-01
  7.0000E+00  4.8648E-03  1.0802E+00 -3.3233E-01 -2.6403E-01
  8.0000E+00  4.5231E-03  1.0125E+00 -4.0516E-01 -3.2876E-01
  8.0000E+00  4.5231E-03  1.0125E+00 -4.0516E-01 -3.2876E-01
  8.0000E+00  4.5231E-03  1.0125E+00 -4.0516E-01 -3.2876E-01
  8.0000E+00  4.5231E-03  1.0125E+00 -4.0516E-01 -3.2876E-01
  8.0000E+00  4.5231E-03  1.0125E+00 -4.0516E-01 -3.2876E-01
  8.0000E+00  4.5231E-03  1.0125E+00 -4.0516E-01 -3.2876E-01
  8.0000E+00  4.5231E-03  1.0125E+00 -4.0516E-01 -3.2876E-01
  8.0000E+00  4.5231E-03  1.0125E+00 -4.0516E-01 -3.2876E-01
  8.0000E+00  4.5231E-03  1.0125E+00 -4.0516E-01 -3.2876E-01
  8.0000E+00  4.5231E-03  1.0125E+00 -4.0516E-01 -3.2876E-01
  8.0000E+00  4.5231E-03  1.0125E+00 -4.0516E-01 -3.2876E-01
  8.0000E+00  4.5231E-03  1.0125E+00 -4.0516E-01 -3.2876E-01
  8.0000E+00  4.5231E-03  1.0125E+00 -4.0516E-01 -3.2876E-01
  8.0000E+00  4.5231E-03  1.0125E+00 -4.0516E-01 -3.2876E-01
  8.0000E+00  4.5231E-03  1.0125E+00 -4.0516E-01 -3.2876E-01
  8.0000E+00  4.5231E-03  1.0125E+00 -4.0516E-01 -3.2876E-01
  8.0000E+00  4.5231E-03  1.0125E+00 -4.0516E-01 -3.2876E-01
  9.0000E+00  5.2207E-03  1.1685E+00 -2.6173E-01 -1.8544E-01
  9.0000E+00  5.2207E-03  1.1685E+00 -2.6173E-01 -1.8544E-01
  9.0000E+00  5.2207E-03  1.1685E+00 -2.6173E-01 -1.8544E-01
  9.0000E+00  5.2207E-03  1.1685E+00 -2.6173E-01 -1.8544E-01
  9.0000E+00  5.2207E-03  1.1685E+00 -2.6173E-01 -1.8544E-01
  9.0000E+00  5.2207E-03  1.1685E+00 -2.6173E-01 -1.8544E-01
  9.0000E+00  5.2207E-03  1.1685E+00 -2.6173E-01 -1.8544E-01
  9.0000E+00  5.2207E-03  1.1685E+00 -2.6173E-01 -1.8544E-01
  9.0000E+00  5.2207E-03  1.1685E+00 -2.6173E-01 -1.8544E-01
  9.0000E+00  5.2207E-03  1.1685E+00 -2.6173E-01 -1.8544E-01
  9.0000E+00  5.2207E-03  1.1685E+00 -2.6173E-01 -1.8544E-01
  9.0000E+00  5.2207E-03  1.1685E+00 -2.6173E-01 -1.8544E-01
  9.0000E+00  5.2207E-03  1.1685E+00 -2.6173E-01 -1.8544E-01
  9.0000E+00  5.2207E-03  1.1685E+00 -2.6173E-01 -1.8544E-01
  9.0000E+00  5.2207E-03  1.1685E+00 -2.6173E-01 -1.8544E-01
  9.0000E+00  5.2207E-03  1.1685E+00 -2.6173E-01 -1.8544E-01
  9.0000E+00  5.2207E-03  1.1685E+00 -2.6173E-01 -1.8544E-01
  9.0000E+00  5.2207E-03  1.1685E+00 -2.6173E-01 -1.8544E-01
  1.0000E+01  6.6464E-03  1.3851E+00 -2.0286E-02 -1.5408E-02
  1.0000E+01  6.6464E-03  1.3851E+00 -2.0286E-02 -1.5408E-02
  1.0000E+01  6.6464E-03  1.3851E+00 -2.0286E-02 -1.5408E-02
  1.0000E+01  6.6464E-03  1.3851E+00 -2.0286E-02 -1.5408E-02
  1.0000E+01  6.6464E-03  1.3851E+00 -2.0286E-02 -1.5408E-02
  1.0000E+01  6.6464E-03  1.3851E+00 -2.0286E-02 -1.5408E-02
  1.0000E+01  6.6464E-03  1.3851E+00 -2.0286E-02 -1.5408E-02
  1.0000E+01  6.6464E-03  1.3851E+00 -2.0286E-02 -1.5408E-02
  1.0000E+01  6.6464E-03  1.3851E+00 -2.0286E-02 -1.5408E-02
  1.0000E+01  6.6464E-03  1.3851E+00 -2.0286E-02 -1.5408E-02
  1.0000E+01  6.6464E-03  1.3851E+00 -2.0286E-02 -1.5408E-02
  1.0000E+01  6.6464E-03  1.3851E+00 -2.0286E-02 -1.5408E-02
  1.0000E+01  6.6464E-03  1.3851E+00 -2.0286E-02 -1.5408E-02
  1.0000E+01  6.6464E-03  1.3851E+00 -2.0286E-02 -1.5408E-02
  1.0000E+01  6.6464E-03  1.3851E+00 -2.0286E-02 -1.5408E-02
  1.0000E+01  6.6464E-03  1.3851E+00 -2.0286E-02 -1.5408E-02
  1.1000E+01  9.3841E-03  1.8147E+00  3.2466E-01  2.5476E-01
  1.1000E+01  9.3841E-03  1.8147E+00  3.2466E-01  2.5476E-01
  1.1000E+01  9.3841E-03  1.8147E+00  3.2466E-01  2.5476E-01
  1.1000E+01  9.3841E-03  1.8147E+00  3.2466E-01  2.5476E-01
  1.1000E+01  9.3841E-03  1.8147E+00  3.2466E-01  2.5476E-01
  1.1000E+01  9.3841E-03  1.8147E+00  3.2466E-01  2.5476E-01
  1.1000E+01  9.3841E-03  1.8147E+00  3.2466E-01  2.5476E-01
  1.2000E+01  6.0310E-03  1.2994E+00 -1.1745E-01 -7.9265E-02
  1.2000E+01  6.0310E-03  1.2994E+00 -1.1745E-01 -7.9265E-02
  1.2000E+01  6.0310E-03  1.2994E+00 -1.1745E-01 -7.9265E-02
  1.2000E+01  6.0310E-03  1.2994E+00 -1.1745E-01 -7.9265E-02
  1.2000E+01  6.0310E-03  1.2994E+00 -1.1745E-01 -7.9265E-02
  1.2000E+01  6.0310E-03  1.2994E+00 -1.1745E-01 -7.9265E-02
  1.2000E+01  6.0310E-03  1.2994E+00 -1.1745E-01 -7.9265E-02
  1.2000E+01  6.0310E-03  1.2994E+00 -1.1745E-01 -7.9265E-02
  1.2000E+01  6.0310E-03  1.2994E+00 -1.1745E-01 -7.9265E-02
  1.2000E+01  6.0310E-03  1.2994E+00 -1.1745E-01 -7.9265E-02
  1.2000E+01  6.0310E-03  1.2994E+00 -1.1745E-01 -7.9265E-02
  1.2000E+01  6.0310E-03  1.2994E+00 -1.1745E-01 -7.9265E-02
  1.2000E+01  6.0310E-03  1.2994E+00 -1.1745E-01 -7.9265E-02
  1.2000E+01  6.0310E-03  1.2994E+00 -1.1745E-01 -7.9265E-02
  1.2000E+01  6.0310E-03  1.2994E+00 -1.1745E-01 -7.9265E-02
  1.2000E+01  6.0310E-03  1.2994E+00 -1.1745E-01 -7.9265E-02
  1.2000E+01  6.0310E-03  1.2994E+00 -1.1745E-01 -7.9265E-02
  1.3000E+01  4.0297E-03  9.3471E-01 -5.2067E-01 -4.0867E-01
  1.3000E+01  4.0297E-03  9.3471E-01 -5.2067E-01 -4.0867E-01
  1.3000E+01  4.0297E-03  9.3471E-01 -5.2067E-01 -4.0867E-01
  1.3000E+01  4.0297E-03  9.3471E-01 -5.2067E-01 -4.0867E-01
  1.3000E+01  4.0297E-03  9.3471E-01 -5.2067E-01 -4.0867E-01
  1.3000E+01  4.0297E-03  9.3471E-01 -5.2067E-01 -4.0867E-01
  1.3000E+01  4.0297E-03  9.3471E-01 -5.2067E-01 -4.0867E-01
  1.3000E+01  4.0297E-03  9.3471E-01 -5.2067E-01 -4.0867E-01
  1.3000E+01  4.0297E-03  9.3471E-01 -5.2067E-01 -4.0867E-01
  1.3000E+01  4.0297E-03  9.3471E-01 -5.2067E-01 -4.0867E-01
  1.3000E+01  4.0297E-03  9.3471E-01 -5.2067E-01 -4.0867E-01
  1.3000E+01  4.0297E-03  9.3471E-01 -5.2067E-01 -4.0867E-01
  1.3000E+01  4.0297E-03  9.3471E-01 -5.2067E-01 -4.0867E-01
  1.3000E+01  4.0297E-03  9.3471E-01 -5.2067E-01 -4.0867E-01
  1.3000E+01  4.0297E-03  9.3471E-01 -5.2067E-01 -4.0867E-01
  1.3000E+01  4.0297E-03  9.3471E-01 -5.2067E-01 -4.0867E-01
  1.3000E+01  4.0297E-03  9.3471E-01 -5.2067E-01 -4.0867E-01
  1.4000E+01  5.1243E-03  1.0917E+00 -2.8037E-01 -2.5338E-01
  1.4000E+01  5.1243E-03  1.0917E+00 -2.8037E-01 -2.5338E-01
  1.4000E+01  5.1243E-03  1.0917E+00 -2.8037E-01 -2.5338E-01
  1.4000E+01  5.1243E-03  1.0917E+00 -2.8037E-01 -2.5338E-01
  1.4000E+01  5.1243E-03  1.0917E+00 -2.8037E-01 -2.5338E-01
  1.4000E+01  5.1243E-03  1.0917E+00 -2.8037E-01 -2.5338E-01
  1.4000E+01  5.1243E-03  1.0917E+00 -2.8037E-01 -2.5338E-01
  1.4000E+01  5.1243E-03  1.0917E+00 -2.8037E-01 -2.5338E-01
  1.4000E+01  5.1243E-03  1.0917E+00 -2.8037E-01 -2.5338E-01
  1.4000E+01  5.1243E-03  1.0917E+00 -2.8037E-01 -2.5338E-01
  1.4000E+01  5.1243E-03  1.0917E+00 -2.8037E-01 -2.5338E-01
  1.4000E+01  5.1243E-03  1.0917E+00 -2.8037E-01 -2.5338E-01
  1.4000E+01  5.1243E-03  1.0917E+00 -2.8037E-01 -2.5338E-01
  1.4000E+01  5.1243E-03  1.0917E+00 -2.8037E-01 -2.5338E-01
  1.4000E+01  5.1243E-03  1.0917E+00 -2.8037E-01 -2.5338E-01
  1.4000E+01  5.1243E-03  1.0917E+00 -2.8037E-01 -2.5338E-01
  1.4000E+01  5.1243E-03  1.0917E+00 -2.8037E-01 -2.5338E-01
  1.4000E+01  5.1243E-03  1.0917E+00 -2.8037E-01 -2.5338E-01
  1.5000E+01  6.5124E-03  1.3635E+00 -4.0652E-02 -3.1093E-02
  1.5000E+01  6.5124E-03  1.3635E+00 -4.0652E-02 -3.1093E-02
  1.5000E+01  6.5124E-03  1.3635E+00 -4.0652E-02 -3.1093E-02
  1.5000E+01  6.5124E-03  1.3635E+00 -4.0652E-02 -3.1093E-02
  1.5000E+01  6.5124E-03  1.3635E+00 -4.0652E-02 -3.1093E-02
  1.5000E+01  6.5124E-03  1.3635E+00 -4.0652E-02 -3.1093E-02
  1.5000E+01  6.5124E-03  1.3635E+00 -4.0652E-02 -3.1093E-02
  1.5000E+01  6.5124E-03  1.3635E+00 -4.0652E-02 -3.1093E-02
  1.5000E+01  6.5124E-03  1.3635E+00 -4.0652E-02 -3.1093E-02
  1.5000E+01  6.5124E-03  1.3635E+00 -4.0652E-02 -3.1093E-02
  1.5000E+01  6.5124E-03  1.3635E+00 -4.0652E-02 -3.1093E-02
  1.5000E+01  6.5124E-03  1.3635E+00 -4.0652E-02 -3.1093E-02
  1.5000E+01  6.5124E-03  1.3635E+00 -4.0652E-02 -3.1093E-02
  1.5000E+01  6.5124E-03  1.3635E+00 -4.0652E-02 -3.1093E-02
  1.5000E+01  6.5124E-03  1.3635E+00 -4.0652E-02 -3.1093E-02
  1.6000E+01  5.1994E-03  1.1533E+00 -2.6581E-01 -1.9848E-01
  1.6000E+01  5.1994E-03  1.1533E+00 -2.6581E-01 -1.9848E-01
  1.6000E+01  5.1994E-03  1.1533E+00 -2.6581E-01 -1.9848E-01
  1.6000E+01  5.1994E-03  1.1533E+00 -2.6581E-01 -1.9848E-01
  1.6000E+01  5.1994E-03  1.1533E+00 -2.6581E-01 -1.9848E-01
  1.6000E+01  5.1994E-03  1.1533E+00 -2.6581E-01 -1.9848E-01
  1.6000E+01  5.1994E-03  1.1533E+00 -2.6581E-01 -1.9848E-01
  1.6000E+01  5.1994E-03  1.1533E+00 -2.6581E-01 -1.9848E-01
  1.6000E+01  5.1994E-03  1.1533E+00 -2.6581E-01 -1.9848E-01
  1.6000E+01  5.1994E-03  1.1533E+00 -2.6581E-01 -1.9848E-01
  1.6000E+01  5.1994E-03  1.1533E+00 -2.6581E-01 -1.9848E-01
  1.6000E+01  5.1994E-03  1.1533E+00 -2.6581E-01 -1.9848E-01
  1.6000E+01  5.1994E-03  1.1533E+00 -2.6581E-01 -1.9848E-01
  1.6000E+01  5.1994E-03  1.1533E+00 -2.6581E-01 -1.9848E-01
  1.6000E+01  5.1994E-03  1.1533E+00 -2.6581E-01 -1.9848E-01
  1.6000E+01  5.1994E-03  1.1533E+00 -2.6581E-01 -1.9848E-01
  1.6000E+01  5.1994E-03  1.1533E+00 -2.6581E-01 -1.9848E-01
  1.6000E+01  5.1994E-03  1.1533E+00 -2.6581E-01 -1.9848E-01
  1.6000E+01  5.1994E-03  1.1533E+00 -2.6581E-01 -1.9848E-01
  1.7000E+01  4.5877E-03  1.0395E+00 -3.9099E-01 -3.0241E-01
  1.7000E+01  4.5877E-03  1.0395E+00 -3.9099E-01 -3.0241E-01
  1.7000E+01  4.5877E-03  1.0395E+00 -3.9099E-01 -3.0241E-01
  1.7000E+01  4.5877E-03  1.0395E+00 -3.9099E-01 -3.0241E-01
  1.7000E+01  4.5877E-03  1.0395E+00 -3.9099E-01 -3.0241E-01
  1.7000E+01  4.5877E-03  1.0395E+00 -3.9099E-01 -3.0241E-01
  1.7000E+01  4.5877E-03  1.0395E+00 -3.9099E-01 -3.0241E-01
  1.7000E+01  4.5877E-03  1.0395E+00 -3.9099E-01 -3.0241E-01
  1.7000E+01  4.5877E-03  1.0395E+00 -3.9099E-01 -3.0241E-01
  1.7000E+01  4.5877E-03  1.0395E+00 -3.9099E-01 -3.0241E-01
  1.7000E+01  4.5877E-03  1.0395E+00 -3.9099E-01 -3.0241E-01
  1.7000E+01  4.5877E-03  1.0395E+00 -3.9099E-01 -3.0241E-01
  1.7000E+01  4.5877E-03  1.0395E+00 -3.9099E-01 -3.0241E-01
  1.7000E+01  4.5877E-03  1.0395E+00 -3.9099E-01 -3.0241E-01
  1.7000E+01  4.5877E-03  1.0395E+00 -3.9099E-01 -3.0241E-01
  1.7000E+01  4.5877E-03  1.0395E+00 -3.9099E-01 -3.0241E-01
  1.7000E+01  4.5877E-03  1.0395E+00 -3.9099E-01 -3.0241E-01
  1.8000E+01  6.4658E-03  1.3101E+00 -4.7835E-02 -7.1079E-02
  1.8000E+01  6.4658E-03  1.3101E+00 -4.7835E-02 -7.1079E-02
  1.8000E+01  6.4658E-03  1.3101E+00 -4.7835E-02 -7.1079E-02
  1.8000E+01  6.4658E-03  1.3101E+00 -4.7835E-02 -7.1079E-02
  1.8000E+01  6.4658E-03  1.3101E+00 -4.7835E-02 -7.1079E-02
  1.8000E+01  6.4658E-03  1.3101E+00 -4.7835E-02 -7.1079E-02
  1.8000E+01  6.4658E-03  1.3101E+00 -4.7835E-02 -7.1079E-02
  1.8000E+01  6.4658E-03  1.3101E+00 -4.7835E-02 -7.1079E-02
  1.8000E+01  6.4658E-03  1.3101E+00 -4.7835E-02 -7.1079E-02
  1.8000E+01  6.4658E-03  1.3101E+00 -4.7835E-02 -7.1079E-02
  1.8000E+01  6.4658E-03  1.3101E+00 -4.7835E-02 -7.1079E-02
  1.8000E+01  6.4658E-03  1.3101E+00 -4.7835E-02 -7.1079E-02
  1.8000E+01  6.4658E-03  1.3101E+00 -4.7835E-02 -7.1079E-02
  1.8000E+01  6.4658E-03  1.3101E+00 -4.7835E-02 -7.1079E-02
  1.8000E+01  6.4658E-03  1.3101E+00 -4.7835E-02 -7.1079E-02
  1.8000E+01  6.4658E-03  1.3101E+00 -4.7835E-02 -7.1079E-02
  1.8000E+01  6.4658E-03  1.3101E+00 -4.7835E-02 -7.1079E-02
  1.9000E+01  5.0142E-03  1.1092E+00 -3.0209E-01 -2.3747E-01
  1.9000E+01  5.0142E-03  1.1092E+00 -3.0209E-01 -2.3747E-01
  1.9000E+01  5.0142E-03  1.1092E+00 -3.0209E-01 -2.3747E-01
  1.9000E+01  5.0142E-03  1.1092E+00 -3.0209E-01 -2.3747E-01
  1.9000E+01  5.0142E-03  1.1092E+00 -3.0209E-01 -2.3747E-01
  1.9000E+01  5.0142E-03  1.1092E+00 -3.0209E-01 -2.3747E-01
  1.9000E+01  5.0142E-03  1.1092E+00 -3.0209E-01 -2.3747E-01
  1.9000E+01  5.0142E-03  1.1092E+00 -3.0209E-01 -2.3747E-01
  1.9000E+01  5.0142E-03  1.1092E+00 -3.0209E-01 -2.3747E-01
  1.9000E+01  5.0142E-03  1.1092E+00 -3.0209E-01 -2.3747E-01
  1.9000E+01  5.0142E-03  1.1092E+00 -3.0209E-01 -2.3747E-01
  1.9000E+01  5.0142E-03  1.1092E+00 -3.0209E-01 -2.3747E-01
  1.9000E+01  5.0142E-03  1.1092E+00 -3.0209E-01 -2.3747E-01
  1.9000E+01  5.0142E-03  1.1092E+00 -3.0209E-01 -2.3747E-01
  1.9000E+01  5.0142E-03  1.1092E+00 -3.0209E-01 -2.3747E-01
  1.9000E+01  5.0142E-03  1.1092E+00 -3.0209E-01 -2.3747E-01
  1.9000E+01  5.0142E-03  1.1092E+00 -3.0209E-01 -2.3747E-01
  1.9000E+01  5.0142E-03  1.1092E+00 -3.0209E-01 -2.3747E-01
  2.0000E+01  5.0709E-03  1.1143E+00 -2.9084E-01 -2.3295E-01
  2.0000E+01  5.0709E-03  1.1143E+00 -2.9084E-01 -2.3295E-01
  2.0000E+01  5.0709E-03  1.1143E+00 -2.9084E-01 -2.3295E-01
  2.0000E+01  5.0709E-03  1.1143E+00 -2.9084E-01 -2.3295E-01
  2.0000E+01  5.0709E-03  1.1143E+00 -2.9084E-01 -2.3295E-01
  2.0000E+01  5.0709E-03  1.1143E+00 -2.9084E-01 -2.3295E-01
  2.0000E+01  5.0709E-03  1.1143E+00 -2.9084E-01 -2.3295E-01
  2.0000E+01  5.0709E-03  1.1143E+00 -2.9084E-01 -2.3295E-01
  2.0000E+01  5.0709E-03  1.1143E+00 -2.9084E-01 -2.3295E-01
  2.0000E+01  5.0709E-03  1.1143E+00 -2.9084E-01 -2.3295E-01
  2.0000E+01  5.0709E-03  1.1143E+00 -2.9084E-01 -2.3295E-01
  2.0000E+01  5.0709E-03  1.1143E+00 -2.9084E-01 -2.3295E-01
  2.0000E+01  5.0709E-03  1.1143E+00 -2.9084E-01 -2.3295E-01
  2.0000E+01  5.0709E-03  1.1143E+00 -2.9084E-01 -2.3295E-01
  2.0000E+01  5.0709E-03  1.1143E+00 -2.9084E-01 -2.3295E-01
  2.0000E+01  5.0709E-03  1.1143E+00 -2.9084E-01 -2.3295E-01
  2.1000E+01  7.9736E-03  1.6048E+00  1.6178E-01  1.3183E-01
  2.1000E+01  7.9736E-03  1.6048E+00  1.6178E-01  1.3183E-01
  2.1000E+01  7.9736E-03  1.6048E+00  1.6178E-01  1.3183E-01
  2.1000E+01  7.9736E-03  1.6048E+00  1.6178E-01  1.3183E-01
  2.1000E+01  7.9736E-03  1.6048E+00  1.6178E-01  1.3183E-01
  2.1000E+01  7.9736E-03  1.6048E+00  1.6178E-01  1.3183E-01
  2.1000E+01  7.9736E-03  1.6048E+00  1.6178E-01  1.3183E-01
  2.1000E+01  7.9736E-03  1.6048E+00  1.6178E-01  1.3183E-01
  2.1000E+01  7.9736E-03  1.6048E+00  1.6178E-01  1.3183E-01
  2.1000E+01  7.9736E-03  1.6048E+00  1.6178E-01  1.3183E-01
  2.1000E+01  7.9736E-03  1.6048E+00  1.6178E-01  1.3183E-01
  2.1000E+01  7.9736E-03  1.6048E+00  1.6178E-01  1.3183E-01
  2.1000E+01  7.9736E-03  1.6048E+00  1.6178E-01  1.3183E-01
  2.1000E+01  7.9736E-03  1.6048E+00  1.6178E-01  1.3183E-01
  2.1000E+01  7.9736E-03  1.6048E+00  1.6178E-01  1.3183E-01
  2.1000E+01  7.9736E-03  1.6048E+00  1.6178E-01  1.3183E-01
  2.1000E+01  7.9736E-03  1.6048E+00  1.6178E-01  1.3183E-01
  2.1000E+01  7.9736E-03  1.6048E+00  1.6178E-01  1.3183E-01
  2.2000E+01  6.5838E-03  1.3734E+00 -2.9746E-02 -2.3888E-02
  2.2000E+01  6.5838E-03  1.3734E+00 -2.9746E-02 -2.3888E-02
  2.2000E+01  6.5838E-03  1.3734E+00 -2.9746E-02 -2.3888E-02
  2.2000E+01  6.5838E-03  1.3734E+00 -2.9746E-02 -2.3888E-02
  2.2000E+01  6.5838E-03  1.3734E+00 -2.9746E-02 -2.3888E-02
  2.2000E+01  6.5838E-03  1.3734E+00 -2.9746E-02 -2.3888E-02
  2.2000E+01  6.5838E-03  1.3734E+00 -2.9746E-02 -2.3888E-02
  2.2000E+01  6.5838E-03  1.3734E+00 -2.9746E-02 -2.3888E-02
  2.3000E+01  1.5926E-02  2.7182E+00  8.5358E-01  6.5882E-01
  2.3000E+01  1.5926E-02  2.7182E+00  8.5358E-01  6.5882E-01
  2.3000E+01  1.5926E-02  2.7182E+00  8.5358E-01  6.5882E-01
  2.3000E+01  1.5926E-02  2.7182E+00  8.5358E-01  6.5882E-01
  2.3000E+01  1.5926E-02  2.7182E+00  8.5358E-01  6.5882E-01
  2.3000E+01  1.5926E-02  2.7182E+00  8.5358E-01  6.5882E-01
  2.3000E+01  1.5926E-02  2.7182E+00  8.5358E-01  6.5882E-01
  2.3000E+01  1.5926E-02  2.7182E+00  8.5358E-01  6.5882E-01
  2.3000E+01  1.5926E-02  2.7182E+00  8.5358E-01  6.5882E-01
  2.3000E+01  1.5926E-02  2.7182E+00  8.5358E-01  6.5882E-01
  2.3000E+01  1.5926E-02  2.7182E+00  8.5358E-01  6.5882E-01
  2.3000E+01  1.5926E-02  2.7182E+00  8.5358E-01  6.5882E-01
  2.3000E+01  1.5926E-02  2.7182E+00  8.5358E-01  6.5882E-01
  2.3000E+01  1.5926E-02  2.7182E+00  8.5358E-01  6.5882E-01
  2.3000E+01  1.5926E-02  2.7182E+00  8.5358E-01  6.5882E-01
  2.3000E+01  1.5926E-02  2.7182E+00  8.5358E-01  6.5882E-01
  2.4000E+01  2.0484E-02  3.3542E+00  1.1053E+00  8.6905E-01
  2.4000E+01  2.0484E-02  3.3542E+00  1.1053E+00  8.6905E-01
  2.4000E+01  2.0484E-02  3.3542E+00  1.1053E+00  8.6905E-01
  2.4000E+01  2.0484E-02  3.3542E+00  1.1053E+00  8.6905E-01
  2.4000E+01  2.0484E-02  3.3542E+00  1.1053E+00  8.6905E-01
  2.4000E+01  2.0484E-02  3.3542E+00  1.1053E+00  8.6905E-01
  2.4000E+01  2.0484E-02  3.3542E+00  1.1053E+00  8.6905E-01
  2.4000E+01  2.0484E-02  3.3542E+00  1.1053E+00  8.6905E-01
  2.4000E+01  2.0484E-02  3.3542E+00  1.1053E+00  8.6905E-01
  2.4000E+01  2.0484E-02  3.3542E+00  1.1053E+00  8.6905E-01
  2.4000E+01  2.0484E-02  3.3542E+00  1.1053E+00  8.6905E-01
  2.4000E+01  2.0484E-02  3.3542E+00  1.1053E+00  8.6905E-01
  2.4000E+01  2.0484E-02  3.3542E+00  1.1053E+00  8.6905E-01
  2.4000E+01  2.0484E-02  3.3542E+00  1.1053E+00  8.6905E-01
  2.4000E+01  2.0484E-02  3.3542E+00  1.1053E+00  8.6905E-01
  2.4000E+01  2.0484E-02  3.3542E+00  1.1053E+00  8.6905E-01
  2.4000E+01  2.0484E-02  3.3542E+00  1.1053E+00  8.6905E-01
  2.4000E+01  2.0484E-02  3.3542E+00  1.1053E+00  8.6905E-01
  2.4000E+01  2.0484E-02  3.3542E+00  1.1053E+00  8.6905E-01
  2.5000E+01  4.4631E-03  1.0269E+00 -4.1853E-01 -3.1456E-01
  2.5000E+01  4.4631E-03  1.0269E+00 -4.1853E-01 -3.1456E-01
  2.5000E+01  4.4631E-03  1.0269E+00 -4.1853E-01 -3.1456E-01
  2.5000E+01  4.4631E-03  1.0269E+00 -4.1853E-01 -3.1456E-01
  2.5000E+01  4.4631E-03  1.0269E+00 -4.1853E-01 -3.1456E-01
  2.5000E+01  4.4631E-03  1.0269E+00 -4.1853E-01 -3.1456E-01
  2.5000E+01  4.4631E-03  1.0269E+00 -4.1853E-01 -3.1456E-01
  2.5000E+01  4.4631E-03  1.0269E+00 -4.1853E-01 -3.1456E-01
  2.5000E+01  4.4631E-03  1.0269E+00 -4.1853E-01 -3.1456E-01
  2.5000E+01  4.4631E-03  1.0269E+00 -4.1853E-01 -3.1456E-01
  2.5000E+01  4.4631E-03  1.0269E+00 -4.1853E-01 -3.1456E-01
  2.5000E+01  4.4631E-03  1.0269E+00 -4.1853E-01 -3.1456E-01
  2.5000E+01  4.4631E-03  1.0269E+00 -4.1853E-01 -3.1456E-01
  2.5000E+01  4.4631E-03  1.0269E+00 -4.1853E-01 -3.1456E-01
  2.5000E+01  4.4631E-03  1.0269E+00 -4.1853E-01 -3.1456E-01
  2.5000E+01  4.4631E-03  1.0269E+00 -4.1853E-01 -3.1456E-01
  2.5000E+01  4.4631E-03  1.0269E+00 -4.1853E-01 -3.1456E-01
  2.5000E+01  4.4631E-03  1.0269E+00 -4.1853E-01 -3.1456E-01
  2.5000E+01  4.4631E-03  1.0269E+00 -4.1853E-01 -3.1456E-01
  2.5000E+01  4.4631E-03  1.0269E+00 -4.1853E-01 -3.1456E-01
  2.5000E+01  4.4631E-03  1.0269E+00 -4.1853E-01 -3.1456E-01
  2.6000E+01  1.6174E-02  2.7805E+00  8.6903E-01  6.8149E-01
  2.6000E+01  1.6174E-02  2.7805E+00  8.6903E-01  6.8149E-01
  2.6000E+01  1.6174E-02  2.7805E+00  8.6903E-01  6.8149E-01
  2.6000E+01  1.6174E-02  2.7805E+00  8.6903E-01  6.8149E-01
  2.6000E+01  1.6174E-02  2.7805E+00  8.6903E-01  6.8149E-01
  2.6000E+01  1.6174E-02  2.7805E+00  8.6903E-01  6.8149E-01
  2.6000E+01  1.6174E-02  2.7805E+00  8.6903E-01  6.8149E-01
  2.6000E+01  1.6174E-02  2.7805E+00  8.6903E-01  6.8149E-01
  2.6000E+01  1.6174E-02  2.7805E+00  8.6903E-01  6.8149E-01
  2.6000E+01  1.6174E-02  2.7805E+00  8.6903E-01  6.8149E-01
  2.6000E+01  1.6174E-02  2.7805E+00  8.6903E-01  6.8149E-01
  2.6000E+01  1.6174E-02  2.7805E+00  8.6903E-01  6.8149E-01
  2.6000E+01  1.6174E-02  2.7805E+00  8.6903E-01  6.8149E-01
  2.7000E+01  6.7555E-03  1.3958E+00 -4.0076E-03 -7.6741E-03
  2.7000E+01  6.7555E-03  1.3958E+00 -4.0076E-03 -7.6741E-03
  2.7000E+01  6.7555E-03  1.3958E+00 -4.0076E-03 -7.6741E-03
  2.7000E+01  6.7555E-03  1.3958E+00 -4.0076E-03 -7.6741E-03
  2.7000E+01  6.7555E-03  1.3958E+00 -4.0076E-03 -7.6741E-03
  2.7000E+01  6.7555E-03  1.3958E+00 -4.0076E-03 -7.6741E-03
  2.7000E+01  6.7555E-03  1.3958E+00 -4.0076E-03 -7.6741E-03
  2.7000E+01  6.7555E-03  1.3958E+00 -4.0076E-03 -7.6741E-03
  2.7000E+01  6.7555E-03  1.3958E+00 -4.0076E-03 -7.6741E-03
  2.7000E+01  6.7555E-03  1.3958E+00 -4.0076E-03 -7.6741E-03
  2.8000E+01  1.8997E-02  3.1689E+00  1.0299E+00  8.1225E-01
  2.8000E+01  1.8997E-02  3.1689E+00  1.0299E+00  8.1225E-01
  2.8000E+01  1.8997E-02  3.1689E+00  1.0299E+00  8.1225E-01
  2.9000E+01  4.5871E-03  1.0344E+00 -3.9112E-01 -3.0730E-01
  2.9000E+01  4.5871E-03  1.0344E+00 -3.9112E-01 -3.0730E-01
  2.9000E+01  4.5871E-03  1.0344E+00 -3.9112E-01 -3.0730E-01
  2.9000E+01  4.5871E-03  1.0344E+00 -3.9112E-01 -3.0730E-01
  2.9000E+01  4.5871E-03  1.0344E+00 -3.9112E-01 -3.0730E-01
  2.9000E+01  4.5871E-03  1.0344E+00 -3.9112E-01 -3.0730E-01
  3.0000E+01  9.4884E-03  1.8409E+00  3.3571E-01  2.6908E-01
  3.0000E+01  9.4884E-03  1.8409E+00  3.3571E-01  2.6908E-01
  3.0000E+01  9.4884E-03  1.8409E+00  3.3571E-01  2.6908E-01
  3.0000E+01  9.4884E-03  1.8409E+00  3.3571E-01  2.6908E-01
  3.0000E+01  9.4884E-03  1.8409E+00  3.3571E-01  2.6908E-01
  3.0000E+01  9.4884E-03  1.8409E+00  3.3571E-01  2.6908E-01
  3.0000E+01  9.4884E-03  1.8409E+00  3.3571E-01  2.6908E-01
  3.0000E+01  9.4884E-03  1.8409E+00  3.3571E-01  2.6908E-01
  3.0000E+01  9.4884E-03  1.8409E+00  3.3571E-01  2.6908E-01
  3.0000E+01  9.4884E-03  1.8409E+00  3.3571E-01  2.6908E-01
  3.0000E+01  9.4884E-03  1.8409E+00  3.3571E-01  2.6908E-01
  3.0000E+01  9.4884E-03  1.8409E+00  3.3571E-01  2.6908E-01
  3.0000E+01  9.4884E-03  1.8409E+00  3.3571E-01  2.6908E-01
  3.0000E+01  9.4884E-03  1.8409E+00  3.3571E-01  2.6908E-01
  3.0000E+01  9.4884E-03  1.8409E+00  3.3571E-01  2.6908E-01
  3.0000E+01  9.4884E-03  1.8409E+00  3.3571E-01  2.6908E-01
  3.1000E+01  5.5461E-03  1.2001E+00 -2.0127E-01 -1.5876E-01
  3.1000E+01  5.5461E-03  1.2001E+00 -2.0127E-01 -1.5876E-01
  3.1000E+01  5.5461E-03  1.2001E+00 -2.0127E-01 -1.5876E-01
  3.2000E+01  3.0081E-02  4.5398E+00  1.4895E+00  1.1717E+00
  3.2000E+01  3.0081E-02  4.5398E+00  1.4895E+00  1.1717E+00
  3.2000E+01  3.0081E-02  4.5398E+00  1.4895E+00  1.1717E+00
  3.2000E+01  3.0081E-02  4.5398E+00  1.4895E+00  1.1717E+00
  3.2000E+01  3.0081E-02  4.5398E+00  1.4895E+00  1.1717E+00
  3.2000E+01  3.0081E-02  4.5398E+00  1.4895E+00  1.1717E+00
  3.2000E+01  3.0081E-02  4.5398E+00  1.4895E+00  1.1717E+00
  3.2000E+01  3.0081E-02  4.5398E+00  1.4895E+00  1.1717E+00
  3.2000E+01  3.0081E-02  4.5398E+00  1.4895E+00  1.1717E+00
  3.2000E+01  3.0081E-02  4.5398E+00  1.4895E+00  1.1717E+00
  3.2000E+01  3.0081E-02  4.5398E+00  1.4895E+00  1.1717E+00
  3.2000E+01  3.0081E-02  4.5398E+00  1.4895E+00  1.1717E+00
  3.3000E+01  7.3631E-03  1.5042E+00  8.2119E-02  6.7102E-02
  3.3000E+01  7.3631E-03  1.5042E+00  8.2119E-02  6.7102E-02
  3.3000E+01  7.3631E-03  1.5042E+00  8.2119E-02  6.7102E-02
  3.3000E+01  7.3631E-03  1.5042E+00  8.2119E-02  6.7102E-02
  3.3000E+01  7.3631E-03  1.5042E+00  8.2119E-02  6.7102E-02
  3.3000E+01  7.3631E-03  1.5042E+00  8.2119E-02  6.7102E-02
  3.3000E+01  7.3631E-03  1.5042E+00  8.2119E-02  6.7102E-02
  3.3000E+01  7.3631E-03  1.5042E+00  8.2119E-02  6.7102E-02
  3.3000E+01  7.3631E-03  1.5042E+00  8.2119E-02  6.7102E-02
  3.4000E+01  7.4276E-03  1.5117E+00  9.0841E-02  7.2059E-02
  3.4000E+01  7.4276E-03  1.5117E+00  9.0841E-02  7.2059E-02
  3.4000E+01  7.4276E-03  1.5117E+00  9.0841E-02  7.2059E-02
  3.4000E+01  7.4276E-03  1.5117E+00  9.0841E-02  7.2059E-02
  3.4000E+01  7.4276E-03  1.5117E+00  9.0841E-02  7.2059E-02
  3.4000E+01  7.4276E-03  1.5117E+00  9.0841E-02  7.2059E-02
  3.4000E+01  7.4276E-03  1.5117E+00  9.0841E-02  7.2059E-02
  3.4000E+01  7.4276E-03  1.5117E+00  9.0841E-02  7.2059E-02
  3.4000E+01  7.4276E-03  1.5117E+00  9.0841E-02  7.2059E-02
  3.4000E+01  7.4276E-03  1.5117E+00  9.0841E-02  7.2059E-02
  3.5000E+01  9.1885E-03  1.8028E+00  3.0360E-01  2.4818E-01
  3.5000E+01  9.1885E-03  1.8028E+00  3.0360E-01  2.4818E-01
  3.5000E+01  9.1885E-03  1.8028E+00  3.0360E-01  2.4818E-01
  3.5000E+01  9.1885E-03  1.8028E+00  3.0360E-01  2.4818E-01
  3.5000E+01  9.1885E-03  1.8028E+00  3.0360E-01  2.4818E-01
  3.5000E+01  9.1885E-03  1.8028E+00  3.0360E-01  2.4818E-01
  3.5000E+01  9.1885E-03  1.8028E+00  3.0360E-01  2.4818E-01
  3.5000E+01  9.1885E-03  1.8028E+00  3.0360E-01  2.4818E-01
  3.5000E+01  9.1885E-03  1.8028E+00  3.0360E-01  2.4818E-01
  3.5000E+01  9.1885E-03  1.8028E+00  3.0360E-01  2.4818E-01
  3.5000E+01  9.1885E-03  1.8028E+00  3.0360E-01  2.4818E-01
  3.5000E+01  9.1885E-03  1.8028E+00  3.0360E-01  2.4818E-01
  3.6000E+01  7.7197E-03  1.5278E+00  1.2942E-01  8.2678E-02
  3.6000E+01  7.7197E-03  1.5278E+00  1.2942E-01  8.2678E-02
  3.6000E+01  7.7197E-03  1.5278E+00  1.2942E-01  8.2678E-02
  3.6000E+01  7.7197E-03  1.5278E+00  1.2942E-01  8.2678E-02
  3.6000E+01  7.7197E-03  1.5278E+00  1.2942E-01  8.2678E-02
  3.6000E+01  7.7197E-03  1.5278E+00  1.2942E-01  8.2678E-02
  3.6000E+01  7.7197E-03  1.5278E+00  1.2942E-01  8.2678E-02
  3.6000E+01  7.7197E-03  1.5278E+00  1.2942E-01  8.2678E-02
  3.6000E+01  7.7197E-03  1.5278E+00  1.2942E-01  8.2678E-02
  3.6000E+01  7.7197E-03  1.5278E+00  1.2942E-01  8.2678E-02
  3.6000E+01  7.7197E-03  1.5278E+00  1.2942E-01  8.2678E-02
  3.6000E+01  7.7197E-03  1.5278E+00  1.2942E-01  8.2678E-02
  3.6000E+01  7.7197E-03  1.5278E+00  1.2942E-01  8.2678E-02
  3.6000E+01  7.7197E-03  1.5278E+00  1.2942E-01  8.2678E-02
  3.6000E+01  7.7197E-03  1.5278E+00  1.2942E-01  8.2678E-02
  3.6000E+01  7.7197E-03  1.5278E+00  1.2942E-01  8.2678E-02
  3.7000E+01  5.5682E-03  1.2068E+00 -1.9729E-01 -1.5320E-01
  3.7000E+01  5.5682E-03  1.2068E+00 -1.9729E-01 -1.5320E-01
  3.7000E+01  5.5682E-03  1.2068E+00 -1.9729E-01 -1.5320E-01
  3.7000E+01  5.5682E-03  1.2068E+00 -1.9729E-01 -1.5320E-01
  3.7000E+01  5.5682E-03  1.2068E+00 -1.9729E-01 -1.5320E-01
  3.7000E+01  5.5682E-03  1.2068E+00 -1.9729E-01 -1.5320E-01
  3.7000E+01  5.5682E-03  1.2068E+00 -1.9729E-01 -1.5320E-01
  3.7000E+01  5.5682E-03  1.2068E+00 -1.9729E-01 -1.5320E-01
  3.7000E+01  5.5682E-03  1.2068E+00 -1.9729E-01 -1.5320E-01
  3.7000E+01  5.5682E-03  1.2068E+00 -1.9729E-01 -1.5320E-01
  3.7000E+01  5.5682E-03  1.2068E+00 -1.9729E-01 -1.5320E-01
  3.7000E+01  5.5682E-03  1.2068E+00 -1.9729E-01 -1.5320E-01
  3.7000E+01  5.5682E-03  1.2068E+00 -1.9729E-01 -1.5320E-01
  3.7000E+01  5.5682E-03  1.2068E+00 -1.9729E-01 -1.5320E-01
  3.7000E+01  5.5682E-03  1.2068E+00 -1.9729E-01 -1.5320E-01
  3.7000E+01  5.5682E-03  1.2068E+00 -1.9729E-01 -1.5320E-01
  3.7000E+01  5.5682E-03  1.2068E+00 -1.9729E-01 -1.5320E-01
  3.8000E+01  6.9425E-03  1.4304E+00  2.3295E-02  1.6795E-02
  3.8000E+01  6.9425E-03  1.4304E+00  2.3295E-02  1.6795E-02
  3.8000E+01  6.9425E-03  1.4304E+00  2.3295E-02  1.6795E-02
  3.8000E+01  6.9425E-03  1.4304E+00  2.3295E-02  1.6795E-02
  3.8000E+01  6.9425E-03  1.4304E+00  2.3295E-02  1.6795E-02
  3.8000E+01  6.9425E-03  1.4304E+00  2.3295E-02  1.6795E-02
  3.8000E+01  6.9425E-03  1.4304E+00  2.3295E-02  1.6795E-02
  3.8000E+01  6.9425E-03  1.4304E+00  2.3295E-02  1.6795E-02
  3.8000E+01  6.9425E-03  1.4304E+00  2.3295E-02  1.6795E-02
  3.8000E+01  6.9425E-03  1.4304E+00  2.3295E-02  1.6795E-02
  3.8000E+01  6.9425E-03  1.4304E+00  2.3295E-02  1.6795E-02
  3.8000E+01  6.9425E-03  1.4304E+00  2.3295E-02  1.6795E-02
  3.8000E+01  6.9425E-03  1.4304E+00  2.3295E-02  1.6795E-02
  3.8000E+01  6.9425E-03  1.4304E+00  2.3295E-02  1.6795E-02
  3.8000E+01  6.9425E-03  1.4304E+00  2.3295E-02  1.6795E-02
  3.8000E+01  6.9425E-03  1.4304E+00  2.3295E-02  1.6795E-02
  3.8000E+01  6.9425E-03  1.4304E+00  2.3295E-02  1.6795E-02
  3.8000E+01  6.9425E-03  1.4304E+00  2.3295E-02  1.6795E-02
  3.8000E+01  6.9425E-03  1.4304E+00  2.3295E-02  1.6795E-02
  3.8000E+01  6.9425E-03  1.4304E+00  2.3295E-02  1.6795E-02
  3.9000E+01  9.5306E-03  1.8266E+00  3.4015E-01  2.6129E-01
  3.9000E+01  9.5306E-03  1.8266E+00  3.4015E-01  2.6129E-01
  3.9000E+01  9.5306E-03  1.8266E+00  3.4015E-01  2.6129E-01
  3.9000E+01  9.5306E-03  1.8266E+00  3.4015E-01  2.6129E-01
  3.9000E+01  9.5306E-03  1.8266E+00  3.4015E-01  2.6129E-01
  3.9000E+01  9.5306E-03  1.8266E+00  3.4015E-01  2.6129E-01
  3.9000E+01  9.5306E-03  1.8266E+00  3.4015E-01  2.6129E-01
  3.9000E+01  9.5306E-03  1.8266E+00  3.4015E-01  2.6129E-01
  3.9000E+01  9.5306E-03  1.8266E+00  3.4015E-01  2.6129E-01
  3.9000E+01  9.5306E-03  1.8266E+00  3.4015E-01  2.6129E-01
  3.9000E+01  9.5306E-03  1.8266E+00  3.4015E-01  2.6129E-01
  3.9000E+01  9.5306E-03  1.8266E+00  3.4015E-01  2.6129E-01
  3.9000E+01  9.5306E-03  1.8266E+00  3.4015E-01  2.6129E-01
  3.9000E+01  9.5306E-03  1.8266E+00  3.4015E-01  2.6129E-01
  3.9000E+01  9.5306E-03  1.8266E+00  3.4015E-01  2.6129E-01
  3.9000E+01  9.5306E-03  1.8266E+00  3.4015E-01  2.6129E-01
  4.0000E+01  6.5128E-03  1.3623E+00 -4.0593E-02 -3.1999E-02
  4.0000E+01  6.5128E-03  1.3623E+00 -4.0593E-02 -3.1999E-02
  4.0000E+01  6.5128E-03  1.3623E+00 -4.0593E-02 -3.1999E-02
  4.0000E+01  6.5128E-03  1.3623E+00 -4.0593E-02 -3.1999E-02
  4.0000E+01  6.5128E-03  1.3623E+00 -4.0593E-02 -3.1999E-02
  4.0000E+01  6.5128E-03  1.3623E+00 -4.0593E-02 -3.1999E-02
  4.1000E+01  9.5633E-03  1.8444E+00  3.4358E-01  2.7101E-01
  4.1000E+01  9.5633E-03  1.8444E+00  3.4358E-01  2.7101E-01
  4.1000E+01  9.5633E-03  1.8444E+00  3.4358E-01  2.7101E-01
  4.1000E+01  9.5633E-03  1.8444E+00  3.4358E-01  2.7101E-01
  4.1000E+01  9.5633E-03  1.8444E+00  3.4358E-01  2.7101E-01
  4.1000E+01  9.5633E-03  1.8444E+00  3.4358E-01  2.7101E-01
  4.1000E+01  9.5633E-03  1.8444E+00  3.4358E-01  2.7101E-01
  4.1000E+01  9.5633E-03  1.8444E+00  3.4358E-01  2.7101E-01
  4.1000E+01  9.5633E-03  1.8444E+00  3.4358E-01  2.7101E-01
  4.1000E+01  9.5633E-03  1.8444E+00  3.4358E-01  2.7101E-01
  4.1000E+01  9.5633E-03  1.8444E+00  3.4358E-01  2.7101E-01
  4.2000E+01  2.5560E-02  3.9712E+00  1.3267E+00  1.0379E+00
  4.2000E+01  2.5560E-02  3.9712E+00  1.3267E+00  1.0379E+00
  4.2000E+01  2.5560E-02  3.9712E+00  1.3267E+00  1.0379E+00
  4.2000E+01  2.5560E-02  3.9712E+00  1.3267E+00  1.0379E+00
  4.2000E+01  2.5560E-02  3.9712E+00  1.3267E+00  1.0379E+00
  4.2000E+01  2.5560E-02  3.9712E+00  1.3267E+00  1.0379E+00
  4.2000E+01  2.5560E-02  3.9712E+00  1.3267E+00  1.0379E+00
  4.2000E+01  2.5560E-02  3.9712E+00  1.3267E+00  1.0379E+00
  4.2000E+01  2.5560E-02  3.9712E+00  1.3267E+00  1.0379E+00
  4.2000E+01  2.5560E-02  3.9712E+00  1.3267E+00  1.0379E+00
  4.2000E+01  2.5560E-02  3.9712E+00  1.3267E+00  1.0379E+00
  4.3000E+01  3.5511E-03  8.4433E-01 -6.4710E-01 -5.1036E-01
  4.3000E+01  3.5511E-03  8.4433E-01 -6.4710E-01 -5.1036E-01
  4.3000E+01  3.5511E-03  8.4433E-01 -6.4710E-01 -5.1036E-01
  4.4000E+01  7.0124E-03  1.4498E+00  3.3323E-02  3.0243E-02
  4.4000E+01  7.0124E-03  1.4498E+00  3.3323E-02  3.0243E-02
  4.4000E+01  7.0124E-03  1.4498E+00  3.3323E-02  3.0243E-02
  4.4000E+01  7.0124E-03  1.4498E+00  3.3323E-02  3.0243E-02
  4.4000E+01  7.0124E-03  1.4498E+00  3.3323E-02  3.0243E-02
  4.4000E+01  7.0124E-03  1.4498E+00  3.3323E-02  3.0243E-02
  4.4000E+01  7.0124E-03  1.4498E+00  3.3323E-02  3.0243E-02
  4.4000E+01  7.0124E-03  1.4498E+00  3.3323E-02  3.0243E-02
  4.4000E+01  7.0124E-03  1.4498E+00  3.3323E-02  3.0243E-02
  4.4000E+01  7.0124E-03  1.4498E+00  3.3323E-02  3.0243E-02
  4.4000E+01  7.0124E-03  1.4498E+00  3.3323E-02  3.0243E-02
  4.4000E+01  7.0124E-03  1.4498E+00  3.3323E-02  3.0243E-02
  4.4000E+01  7.0124E-03  1.4498E+00  3.3323E-02  3.0243E-02
  4.4000E+01  7.0124E-03  1.4498E+00  3.3323E-02  3.0243E-02
  4.4000E+01  7.0124E-03  1.4498E+00  3.3323E-02  3.0243E-02
  4.4000E+01  7.0124E-03  1.4498E+00  3.3323E-02  3.0243E-02
  4.5000E+01  4.0977E-03  9.4697E-01 -5.0393E-01 -3.9564E-01
  4.5000E+01  4.0977E-03  9.4697E-01 -5.0393E-01 -3.9564E-01
  4.5000E+01  4.0977E-03  9.4697E-01 -5.0393E-01 -3.9564E-01
  4.5000E+01  4.0977E-03  9.4697E-01 -5.0393E-01 -3.9564E-01
  4.5000E+01  4.0977E-03  9.4697E-01 -5.0393E-01 -3.9564E-01
  4.5000E+01  4.0977E-03  9.4697E-01 -5.0393E-01 -3.9564E-01
  4.5000E+01  4.0977E-03  9.4697E-01 -5.0393E-01 -3.9564E-01
  4.5000E+01  4.0977E-03  9.4697E-01 -5.0393E-01 -3.9564E-01
  4.5000E+01  4.0977E-03  9.4697E-01 -5.0393E-01 -3.9564E-01
  4.5000E+01  4.0977E-03  9.4697E-01 -5.0393E-01 -3.9564E-01
  4.5000E+01  4.0977E-03  9.4697E-01 -5.0393E-01 -3.9564E-01
  4.5000E+01  4.0977E-03  9.4697E-01 -5.0393E-01 -3.9564E-01
  4.5000E+01  4.0977E-03  9.4697E-01 -5.0393E-01 -3.9564E-01
  4.6000E+01  5.0722E-03  1.1185E+00 -2.9059E-01 -2.2919E-01
  4.6000E+01  5.0722E-03  1.1185E+00 -2.9059E-01 -2.2919E-01
  4.6000E+01  5.0722E-03  1.1185E+00 -2.9059E-01 -2.2919E-01
  4.6000E+01  5.0722E-03  1.1185E+00 -2.9059E-01 -2.2919E-01
  4.7000E+01  1.2103E-02  2.2175E+00  5.7906E-01  4.5525E-01
  4.7000E+01  1.2103E-02  2.2175E+00  5.7906E-01  4.5525E-01
  4.7000E+01  1.2103E-02  2.2175E+00  5.7906E-01  4.5525E-01
  4.7000E+01  1.2103E-02  2.2175E+00  5.7906E-01  4.5525E-01
  4.7000E+01  1.2103E-02  2.2175E+00  5.7906E-01  4.5525E-01
  4.7000E+01  1.2103E-02  2.2175E+00  5.7906E-01  4.5525E-01
  4.7000E+01  1.2103E-02  2.2175E+00  5.7906E-01  4.5525E-01
  4.8000E+01  2.6067E-03  6.8109E-01 -9.5628E-01 -7.2521E-01
  4.8000E+01  2.6067E-03  6.8109E-01 -9.5628E-01 -7.2521E-01
  4.8000E+01  2.6067E-03  6.8109E-01 -9.5628E-01 -7.2521E-01
  4.8000E+01  2.6067E-03  6.8109E-01 -9.5628E-01 -7.2521E-01
  4.8000E+01  2.6067E-03  6.8109E-01 -9.5628E-01 -7.2521E-01
  4.8000E+01  2.6067E-03  6.8109E-01 -9.5628E-01 -7.2521E-01
  4.8000E+01  2.6067E-03  6.8109E-01 -9.5628E-01 -7.2521E-01
  4.8000E+01  2.6067E-03  6.8109E-01 -9.5628E-01 -7.2521E-01
  4.8000E+01  2.6067E-03  6.8109E-01 -9.5628E-01 -7.2521E-01
  4.8000E+01  2.6067E-03  6.8109E-01 -9.5628E-01 -7.2521E-01
  4.8000E+01  2.6067E-03  6.8109E-01 -9.5628E-01 -7.2521E-01
  4.8000E+01  2.6067E-03  6.8109E-01 -9.5628E-01 -7.2521E-01
  4.8000E+01  2.6067E-03  6.8109E-01 -9.5628E-01 -7.2521E-01
  4.8000E+01  2.6067E-03  6.8109E-01 -9.5628E-01 -7.2521E-01
  4.9000E+01  6.5875E-03  1.3824E+00 -2.9185E-02 -1.7339E-02
  4.9000E+01  6.5875E-03  1.3824E+00 -2.9185E-02 -1.7339E-02
  4.9000E+01  6.5875E-03  1.3824E+00 -2.9185E-02 -1.7339E-02
  4.9000E+01  6.5875E-03  1.3824E+00 -2.9185E-02 -1.7339E-02
  4.9000E+01  6.5875E-03  1.3824E+00 -2.9185E-02 -1.7339E-02
  4.9000E+01  6.5875E-03  1.3824E+00 -2.9185E-02 -1.7339E-02
  4.9000E+01  6.5875E-03  1.3824E+00 -2.9185E-02 -1.7339E-02
  4.9000E+01  6.5875E-03  1.3824E+00 -2.9185E-02 -1.7339E-02
  4.9000E+01  6.5875E-03  1.3824E+00 -2.9185E-02 -1.7339E-02
  4.9000E+01  6.5875E-03  1.3824E+00 -2.9185E-02 -1.7339E-02
  4.9000E+01  6.5875E-03  1.3824E+00 -2.9185E-02 -1.7339E-02
  4.9000E+01  6.5875E-03  1.3824E+00 -2.9185E-02 -1.7339E-02
  4.9000E+01  6.5875E-03  1.3824E+00 -2.9185E-02 -1.7339E-02
  4.9000E+01  6.5875E-03  1.3824E+00 -2.9185E-02 -1.7339E-02
  4.9000E+01  6.5875E-03  1.3824E+00 -2.9185E-02 -1.7339E-02
  4.9000E+01  6.5875E-03  1.3824E+00 -2.9185E-02 -1.7339E-02
  4.9000E+01  6.5875E-03  1.3824E+00 -2.9185E-02 -1.7339E-02
  5.0000E+01  3.9988E-03  9.1769E-01 -5.2837E-01 -4.2705E-01
  5.0000E+01  3.9988E-03  9.1769E-01 -5.2837E-01 -4.2705E-01
  5.0000E+01  3.9988E-03  9.1769E-01 -5.2837E-01 -4.2705E-01
  5.0000E+01  3.9988E-03  9.1769E-01 -5.2837E-01 -4.2705E-01
  5.0000E+01  3.9988E-03  9.1769E-01 -5.2837E-01 -4.2705E-01
  5.0000E+01  3.9988E-03  9.1769E-01 -5.2837E-01 -4.2705E-01
  5.0000E+01  3.9988E-03  9.1769E-01 -5.2837E-01 -4.2705E-01
  5.0000E+01  3.9988E-03  9.1769E-01 -5.2837E-01 -4.2705E-01
  5.0000E+01  3.9988E-03  9.1769E-01 -5.2837E-01 -4.2705E-01
  5.0000E+01  3.9988E-03  9.1769E-01 -5.2837E-01 -4.2705E-01
  5.0000E+01  3.9988E-03  9.1769E-01 -5.2837E-01 -4.2705E-01
  5.0000E+01  3.9988E-03  9.1769E-01 -5.2837E-01 -4.2705E-01
  5.0000E+01  3.9988E-03  9.1769E-01 -5.2837E-01 -4.2705E-01
  5.0000E+01  3.9988E-03  9.1769E-01 -5.2837E-01 -4.2705E-01
  5.0000E+01  3.9988E-03  9.1769E-01 -5.2837E-01 -4.2705E-01
  5.0000E+01  3.9988E-03  9.1769E-01 -5.2837E-01 -4.2705E-01
  5.0000E+01  3.9988E-03  9.1769E-01 -5.2837E-01 -4.2705E-01
  5.0000E+01  3.9988E-03  9.1769E-01 -5.2837E-01 -4.2705E-01
  5.0000E+01  3.9988E-03  9.1769E-01 -5.2837E-01 -4.2705E-01
  5.0000E+01  3.9988E-03  9.1769E-01 -5.2837E-01 -4.2705E-01
  5.1000E+01  4.8268E-03  1.0825E+00 -3.4018E-01 -2.6187E-01
  5.1000E+01  4.8268E-03  1.0825E+00 -3.4018E-01 -2.6187E-01
  5.1000E+01  4.8268E-03  1.0825E+00 -3.4018E-01 -2.6187E-01
  5.1000E+01  4.8268E-03  1.0825E+00 -3.4018E-01 -2.6187E-01
  5.1000E+01  4.8268E-03  1.0825E+00 -3.4018E-01 -2.6187E-01
  5.1000E+01  4.8268E-03  1.0825E+00 -3.4018E-01 -2.6187E-01
  5.1000E+01  4.8268E-03  1.0825E+00 -3.4018E-01 -2.6187E-01
  5.1000E+01  4.8268E-03  1.0825E+00 -3.4018E-01 -2.6187E-01
  5.1000E+01  4.8268E-03  1.0825E+00 -3.4018E-01 -2.6187E-01
  5.1000E+01  4.8268E-03  1.0825E+00 -3.4018E-01 -2.6187E-01
  5.1000E+01  4.8268E-03  1.0825E+00 -3.4018E-01 -2.6187E-01
  5.1000E+01  4.8268E-03  1.0825E+00 -3.4018E-01 -2.6187E-01
  5.1000E+01  4.8268E-03  1.0825E+00 -3.4018E-01 -2.6187E-01
  5.1000E+01  4.8268E-03  1.0825E+00 -3.4018E-01 -2.6187E-01
  5.1000E+01  4.8268E-03  1.0825E+00 -3.4018E-01 -2.6187E-01
  5.1000E+01  4.8268E-03  1.0825E+00 -3.4018E-01 -2.6187E-01
  5.2000E+01  3.8107E-03  8.7899E-01 -5.7656E-01 -4.7014E-01
  5.2000E+01  3.8107E-03  8.7899E-01 -5.7656E-01 -4.7014E-01
  5.2000E+01  3.8107E-03  8.7899E-01 -5.7656E-01 -4.7014E-01
  5.2000E+01  3.8107E-03  8.7899E-01 -5.7656E-01 -4.7014E-01
  5.2000E+01  3.8107E-03  8.7899E-01 -5.7656E-01 -4.7014E-01
  5.2000E+01  3.8107E-03  8.7899E-01 -5.7656E-01 -4.7014E-01
  5.2000E+01  3.8107E-03  8.7899E-01 -5.7656E-01 -4.7014E-01
  5.2000E+01  3.8107E-03  8.7899E-01 -5.7656E-01 -4.7014E-01
  5.2000E+01  3.8107E-03  8.7899E-01 -5.7656E-01 -4.7014E-01
  5.2000E+01  3.8107E-03  8.7899E-01 -5.7656E-01 -4.7014E-01
  5.2000E+01  3.8107E-03  8.7899E-01 -5.7656E-01 -4.7014E-01
  5.2000E+01  3.8107E-03  8.7899E-01 -5.7656E-01 -4.7014E-01
  5.2000E+01  3.8107E-03  8.7899E-01 -5.7656E-01 -4.7014E-01
  5.2000E+01  3.8107E-03  8.7899E-01 -5.7656E-01 -4.7014E-01
  5.2000E+01  3.8107E-03  8.7899E-01 -5.7656E-01 -4.7014E-01
  5.2000E+01  3.8107E-03  8.7899E-01 -5.7656E-01 -4.7014E-01
  5.2000E+01  3.8107E-03  8.7899E-01 -5.7656E-01 -4.7014E-01
  5.3000E+01  7.2120E-03  1.4839E+00  6.1389E-02  5.3526E-02
  5.3000E+01  7.2120E-03  1.4839E+00  6.1389E-02  5.3526E-02
  5.3000E+01  7.2120E-03  1.4839E+00  6.1389E-02  5.3526E-02
  5.3000E+01  7.2120E-03  1.4839E+00  6.1389E-02  5.3526E-02
  5.3000E+01  7.2120E-03  1.4839E+00  6.1389E-02  5.3526E-02
  5.3000E+01  7.2120E-03  1.4839E+00  6.1389E-02  5.3526E-02
  5.3000E+01  7.2120E-03  1.4839E+00  6.1389E-02  5.3526E-02
  5.3000E+01  7.2120E-03  1.4839E+00  6.1389E-02  5.3526E-02
  5.3000E+01  7.2120E-03  1.4839E+00  6.1389E-02  5.3526E-02
  5.4000E+01  6.4710E-03  1.3599E+00 -4.7029E-02 -3.3723E-02
  5.4000E+01  6.4710E-03  1.3599E+00 -4.7029E-02 -3.3723E-02
  5.4000E+01  6.4710E-03  1.3599E+00 -4.7029E-02 -3.3723E-02
  5.4000E+01  6.4710E-03  1.3599E+00 -4.7029E-02 -3.3723E-02
  5.4000E+01  6.4710E-03  1.3599E+00 -4.7029E-02 -3.3723E-02
  5.4000E+01  6.4710E-03  1.3599E+00 -4.7029E-02 -3.3723E-02
  5.4000E+01  6.4710E-03  1.3599E+00 -4.7029E-02 -3.3723E-02
  5.4000E+01  6.4710E-03  1.3599E+00 -4.7029E-02 -3.3723E-02
  5.4000E+01  6.4710E-03  1.3599E+00 -4.7029E-02 -3.3723E-02
  5.4000E+01  6.4710E-03  1.3599E+00 -4.7029E-02 -3.3723E-02
  5.4000E+01  6.4710E-03  1.3599E+00 -4.7029E-02 -3.3723E-02
  5.4000E+01  6.4710E-03  1.3599E+00 -4.7029E-02 -3.3723E-02
  5.4000E+01  6.4710E-03  1.3599E+00 -4.7029E-02 -3.3723E-02
  5.4000E+01  6.4710E-03  1.3599E+00 -4.7029E-02 -3.3723E-02
  5.4000E+01  6.4710E-03  1.3599E+00 -4.7029E-02 -3.3723E-02
  5.5000E+01  7.7698E-03  1.5647E+00  1.3589E-01  1.0657E-01
  5.5000E+01  7.7698E-03  1.5647E+00  1.3589E-01  1.0657E-01
  5.5000E+01  7.7698E-03  1.5647E+00  1.3589E-01  1.0657E-01
  5.5000E+01  7.7698E-03  1.5647E+00  1.3589E-01  1.0657E-01
  5.5000E+01  7.7698E-03  1.5647E+00  1.3589E-01  1.0657E-01
  5.5000E+01  7.7698E-03  1.5647E+00  1.3589E-01  1.0657E-01
  5.5000E+01  7.7698E-03  1.5647E+00  1.3589E-01  1.0657E-01
  5.5000E+01  7.7698E-03  1.5647E+00  1.3589E-01  1.0657E-01
  5.5000E+01  7.7698E-03  1.5647E+00  1.3589E-01  1.0657E-01
  5.6000E+01  2.9381E-03  7.2785E-01 -8.3658E-01 -6.5880E-01
  5.6000E+01  2.9381E-03  7.2785E-01 -8.3658E-01 -6.5880E-01
  5.6000E+01  2.9381E-03  7.2785E-01 -8.3658E-01 -6.5880E-01
  5.6000E+01  2.9381E-03  7.2785E-01 -8.3658E-01 -6.5880E-01
  5.7000E+01  1.0393E-02  1.9647E+00  4.2673E-01  3.3419E-01
  5.7000E+01  1.0393E-02  1.9647E+00  4.2673E-01  3.3419E-01
  5.7000E+01  1.0393E-02  1.9647E+00  4.2673E-01  3.3419E-01
  5.7000E+01  1.0393E-02  1.9647E+00  4.2673E-01  3.3419E-01
  5.7000E+01  1.0393E-02  1.9647E+00  4.2673E-01  3.3419E-01
  5.7000E+01  1.0393E-02  1.9647E+00  4.2673E-01  3.3419E-01
  5.7000E+01  1.0393E-02  1.9647E+00  4.2673E-01  3.3419E-01
  5.7000E+01  1.0393E-02  1.9647E+00  4.2673E-01  3.3419E-01
  5.7000E+01  1.0393E-02  1.9647E+00  4.2673E-01  3.3419E-01
  5.7000E+01  1.0393E-02  1.9647E+00  4.2673E-01  3.3419E-01
  5.7000E+01  1.0393E-02  1.9647E+00  4.2673E-01  3.3419E-01
  5.7000E+01  1.0393E-02  1.9647E+00  4.2673E-01  3.3419E-01
  5.7000E+01  1.0393E-02  1.9647E+00  4.2673E-01  3.3419E-01
  5.8000E+01  5.8253E-03  1.2398E+00 -1.5214E-01 -1.2623E-01
  5.8000E+01  5.8253E-03  1.2398E+00 -1.5214E-01 -1.2623E-01
  5.8000E+01  5.8253E-03  1.2398E+00 -1.5214E-01 -1.2623E-01
  5.8000E+01  5.8253E-03  1.2398E+00 -1.5214E-01 -1.2623E-01
  5.8000E+01  5.8253E-03  1.2398E+00 -1.5214E-01 -1.2623E-01
  5.8000E+01  5.8253E-03  1.2398E+00 -1.5214E-01 -1.2623E-01
  5.8000E+01  5.8253E-03  1.2398E+00 -1.5214E-01 -1.2623E-01
  5.8000E+01  5.8253E-03  1.2398E+00 -1.5214E-01 -1.2623E-01
  5.8000E+01  5.8253E-03  1.2398E+00 -1.5214E-01 -1.2623E-01
  5.8000E+01  5.8253E-03  1.2398E+00 -1.5214E-01 -1.2623E-01
  5.8000E+01  5.8253E-03  1.2398E+00 -1.5214E-01 -1.2623E-01
  5.8000E+01  5.8253E-03  1.2398E+00 -1.5214E-01 -1.2623E-01
  5.8000E+01  5.8253E-03  1.2398E+00 -1.5214E-01 -1.2623E-01
  5.8000E+01  5.8253E-03  1.2398E+00 -1.5214E-01 -1.2623E-01
  5.8000E+01  5.8253E-03  1.2398E+00 -1.5214E-01 -1.2623E-01
  5.8000E+01  5.8253E-03  1.2398E+00 -1.5214E-01 -1.2623E-01
  5.9000E+01  4.2637E-03  9.7846E-01 -4.6422E-01 -3.6293E-01
  5.9000E+01  4.2637E-03  9.7846E-01 -4.6422E-01 -3.6293E-01
  5.9000E+01  4.2637E-03  9.7846E-01 -4.6422E-01 -3.6293E-01
  5.9000E+01  4.2637E-03  9.7846E-01 -4.6422E-01 -3.6293E-01
  5.9000E+01  4.2637E-03  9.7846E-01 -4.6422E-01 -3.6293E-01
  5.9000E+01  4.2637E-03  9.7846E-01 -4.6422E-01 -3.6293E-01
  5.9000E+01  4.2637E-03  9.7846E-01 -4.6422E-01 -3.6293E-01
  5.9000E+01  4.2637E-03  9.7846E-01 -4.6422E-01 -3.6293E-01
  5.9000E+01  4.2637E-03  9.7846E-01 -4.6422E-01 -3.6293E-01
  5.9000E+01  4.2637E-03  9.7846E-01 -4.6422E-01 -3.6293E-01
  5.9000E+01  4.2637E-03  9.7846E-01 -4.6422E-01 -3.6293E-01
  5.9000E+01  4.2637E-03  9.7846E-01 -4.6422E-01 -3.6293E-01
  5.9000E+01  4.2637E-03  9.7846E-01 -4.6422E-01 -3.6293E-01
  5.9000E+01  4.2637E-03  9.7846E-01 -4.6422E-01 -3.6293E-01
  5.9000E+01  4.2637E-03  9.7846E-01 -4.6422E-01 -3.6293E-01
  5.9000E+01  4.2637E-03  9.7846E-01 -4.6422E-01 -3.6293E-01
  5.9000E+01  4.2637E-03  9.7846E-01 -4.6422E-01 -3.6293E-01
